Time	T° 600	A1	A2	A3	A4	A5	A6	A7	A8	A9	A10	A11	A12	B1	B2	B3	B4	B5	B6	B7	B8	B9	B10	B11	B12	C1	C2	C3	C4	C5	C6	C7	C8	C9	C10	C11	C12	D1	D2	D3	D4	D5	D6	D7	D8	D9	D10	D11	D12	E1	E2	E3	E4	E5	E6	E7	E8	E9	E10	E11	E12	F1	F2	F3	F4	F5	F6	F7	F8	F9	F10	F11	F12	G1	G2	G3	G4	G5	G6	G7	G8	G9	G10	G11	G12	H1	H2	H3	H4	H5	H6	H7	H8	H9	H10	H11	H12
0:00:06	22.8	0.051	0.050	0.056	0.051	0.053	0.052	0.050	0.053	0.052	0.052	0.053	0.052	0.052	0.050	0.050	0.053	0.048	0.050	0.051	0.053	0.050	0.049	0.054	0.053	0.433	0.056	0.052	0.048	0.052	0.050	0.050	0.051	0.053	0.049	0.056	0.052	0.050	0.052	0.050	0.050	0.052	0.052	0.050	0.054	0.055	0.051	0.053	0.058	0.049	0.052	0.054	0.053	0.057	0.066	0.050	0.051	0.051	0.051	0.059	0.051	0.055	0.056	0.054	0.050	0.052	0.054	0.053	0.050	0.049	0.048	0.050	0.051	0.057	0.052	0.058	0.051	0.053	0.049	0.051	0.053	0.054	0.048	0.058	0.050	0.055	0.054	0.051	0.049	0.050	0.051	0.054	0.054	0.055	0.052	0.050	0.050
1:00:04	22.7	0.058	0.057	0.062	0.058	0.059	0.059	0.056	0.057	0.057	0.058	0.059	0.056	0.058	0.055	0.053	0.058	0.051	0.055	0.056	0.057	0.054	0.055	0.059	0.057	0.439	0.060	0.057	0.054	0.057	0.056	0.054	0.056	0.058	0.056	0.063	0.057	0.055	0.056	0.056	0.060	0.056	0.056	0.055	0.058	0.060	0.057	0.061	0.061	0.054	0.057	0.059	0.058	0.062	0.069	0.056	0.056	0.055	0.055	0.061	0.055	0.060	0.060	0.060	0.055	0.058	0.059	0.058	0.056	0.054	0.054	0.054	0.055	0.062	0.058	0.062	0.056	0.058	0.055	0.057	0.058	0.059	0.053	0.069	0.056	0.059	0.059	0.055	0.054	0.055	0.056	0.058	0.059	0.063	0.059	0.057	0.056
2:00:05	22.7	0.074	0.071	0.076	0.071	0.074	0.074	0.071	0.066	0.071	0.073	0.071	0.067	0.073	0.067	0.063	0.070	0.053	0.065	0.069	0.069	0.066	0.069	0.072	0.066	0.450	0.073	0.068	0.068	0.071	0.068	0.063	0.070	0.071	0.070	0.075	0.066	0.070	0.067	0.069	0.073	0.067	0.067	0.069	0.071	0.074	0.072	0.075	0.069	0.067	0.071	0.073	0.070	0.075	0.077	0.067	0.069	0.067	0.061	0.069	0.065	0.071	0.073	0.073	0.067	0.071	0.066	0.069	0.068	0.067	0.066	0.064	0.063	0.074	0.071	0.074	0.069	0.069	0.067	0.068	0.072	0.072	0.065	0.084	0.067	0.068	0.072	0.065	0.066	0.070	0.070	0.070	0.070	0.077	0.071	0.069	0.065
3:00:05	22.7	0.103	0.093	0.102	0.093	0.100	0.099	0.100	0.087	0.098	0.104	0.101	0.092	0.104	0.090	0.087	0.094	0.057	0.088	0.097	0.097	0.094	0.094	0.097	0.094	0.479	0.099	0.091	0.092	0.097	0.094	0.085	0.097	0.099	0.097	0.098	0.094	0.104	0.093	0.095	0.097	0.089	0.090	0.093	0.097	0.100	0.098	0.102	0.095	0.096	0.102	0.104	0.094	0.103	0.099	0.090	0.096	0.095	0.070	0.087	0.090	0.102	0.101	0.099	0.089	0.096	0.084	0.093	0.098	0.095	0.096	0.089	0.087	0.100	0.098	0.105	0.094	0.095	0.093	0.094	0.105	0.102	0.096	0.114	0.098	0.097	0.103	0.094	0.099	0.099	0.102	0.104	0.099	0.111	0.108	0.100	0.088
4:00:07	22.7	0.135	0.126	0.138	0.123	0.136	0.132	0.139	0.119	0.136	0.143	0.140	0.140	0.141	0.123	0.122	0.125	0.064	0.122	0.132	0.133	0.130	0.131	0.132	0.140	0.522	0.132	0.125	0.127	0.126	0.127	0.117	0.132	0.133	0.132	0.131	0.144	0.141	0.130	0.127	0.127	0.121	0.119	0.125	0.129	0.133	0.133	0.138	0.142	0.133	0.140	0.142	0.124	0.136	0.130	0.120	0.130	0.128	0.088	0.123	0.136	0.142	0.137	0.133	0.117	0.128	0.118	0.125	0.133	0.129	0.131	0.132	0.136	0.138	0.133	0.142	0.128	0.129	0.127	0.126	0.143	0.137	0.135	0.148	0.144	0.141	0.141	0.138	0.141	0.138	0.142	0.150	0.136	0.153	0.158	0.142	0.137
5:00:07	22.5	0.185	0.171	0.190	0.164	0.188	0.177	0.193	0.171	0.190	0.202	0.199	0.191	0.193	0.165	0.171	0.168	0.072	0.173	0.177	0.182	0.180	0.178	0.181	0.202	0.573	0.173	0.172	0.172	0.168	0.172	0.166	0.175	0.178	0.180	0.175	0.208	0.195	0.180	0.171	0.167	0.167	0.165	0.166	0.172	0.178	0.181	0.186	0.209	0.185	0.187	0.194	0.162	0.180	0.176	0.157	0.176	0.174	0.110	0.176	0.186	0.198	0.183	0.178	0.158	0.171	0.175	0.168	0.182	0.180	0.181	0.191	0.187	0.195	0.183	0.194	0.171	0.174	0.171	0.171	0.193	0.188	0.194	0.194	0.198	0.200	0.192	0.203	0.202	0.187	0.198	0.219	0.192	0.217	0.231	0.205	0.184
6:00:08	22.2	0.250	0.229	0.254	0.215	0.255	0.239	0.260	0.245	0.263	0.273	0.274	0.240	0.259	0.221	0.228	0.224	0.081	0.235	0.242	0.245	0.241	0.236	0.243	0.261	0.622	0.228	0.231	0.228	0.222	0.229	0.230	0.223	0.236	0.239	0.230	0.269	0.261	0.245	0.232	0.218	0.224	0.222	0.219	0.227	0.235	0.242	0.254	0.281	0.248	0.246	0.259	0.213	0.236	0.233	0.210	0.235	0.236	0.139	0.245	0.233	0.270	0.246	0.236	0.211	0.228	0.250	0.226	0.249	0.243	0.250	0.255	0.230	0.258	0.240	0.261	0.229	0.236	0.228	0.231	0.266	0.260	0.274	0.246	0.252	0.259	0.261	0.286	0.278	0.252	0.272	0.309	0.274	0.295	0.314	0.287	0.228
7:00:08	22.0	0.313	0.295	0.331	0.276	0.322	0.307	0.331	0.317	0.326	0.347	0.347	0.290	0.327	0.276	0.294	0.281	0.090	0.305	0.306	0.298	0.294	0.296	0.297	0.316	0.659	0.274	0.285	0.287	0.282	0.291	0.293	0.247	0.291	0.296	0.285	0.329	0.330	0.312	0.286	0.271	0.282	0.280	0.271	0.284	0.289	0.300	0.325	0.341	0.315	0.310	0.338	0.264	0.296	0.292	0.263	0.302	0.314	0.177	0.330	0.281	0.345	0.324	0.295	0.274	0.288	0.327	0.290	0.313	0.310	0.319	0.321	0.276	0.328	0.313	0.330	0.295	0.298	0.286	0.309	0.342	0.342	0.354	0.307	0.306	0.323	0.337	0.364	0.346	0.324	0.348	0.391	0.358	0.382	0.398	0.381	0.275
8:00:10	21.9	0.375	0.369	0.400	0.338	0.385	0.372	0.406	0.383	0.398	0.421	0.416	0.338	0.407	0.341	0.359	0.344	0.099	0.379	0.371	0.370	0.364	0.355	0.366	0.366	0.722	0.338	0.356	0.346	0.346	0.351	0.364	0.283	0.363	0.368	0.347	0.386	0.402	0.379	0.350	0.326	0.354	0.347	0.330	0.350	0.358	0.366	0.400	0.408	0.383	0.373	0.407	0.323	0.359	0.357	0.324	0.372	0.394	0.234	0.411	0.329	0.420	0.389	0.362	0.336	0.352	0.419	0.350	0.390	0.392	0.402	0.391	0.323	0.406	0.388	0.406	0.362	0.371	0.353	0.383	0.424	0.425	0.454	0.363	0.356	0.393	0.420	0.462	0.437	0.405	0.450	0.493	0.454	0.483	0.487	0.483	0.321
9:00:11	21.7	0.459	0.455	0.492	0.421	0.475	0.460	0.505	0.472	0.496	0.519	0.517	0.388	0.501	0.433	0.454	0.428	0.109	0.467	0.455	0.456	0.450	0.437	0.449	0.435	0.794	0.421	0.443	0.437	0.426	0.436	0.459	0.337	0.444	0.450	0.427	0.456	0.505	0.473	0.441	0.406	0.441	0.438	0.408	0.432	0.444	0.448	0.492	0.497	0.477	0.467	0.508	0.403	0.446	0.446	0.406	0.465	0.487	0.307	0.506	0.399	0.513	0.477	0.453	0.409	0.433	0.519	0.436	0.490	0.486	0.495	0.481	0.385	0.496	0.472	0.503	0.451	0.461	0.433	0.467	0.516	0.515	0.570	0.432	0.417	0.466	0.518	0.563	0.552	0.490	0.554	0.599	0.547	0.587	0.588	0.590	0.383
10:00:12	21.5	0.546	0.550	0.592	0.503	0.580	0.548	0.609	0.579	0.597	0.634	0.617	0.453	0.609	0.523	0.556	0.519	0.117	0.569	0.549	0.549	0.539	0.520	0.545	0.506	0.871	0.517	0.543	0.524	0.515	0.528	0.552	0.403	0.533	0.541	0.510	0.532	0.612	0.574	0.532	0.491	0.536	0.531	0.491	0.525	0.531	0.533	0.584	0.585	0.584	0.564	0.614	0.487	0.543	0.538	0.493	0.558	0.597	0.379	0.614	0.475	0.623	0.577	0.548	0.496	0.528	0.630	0.521	0.586	0.577	0.596	0.579	0.456	0.596	0.567	0.610	0.546	0.558	0.524	0.569	0.617	0.620	0.684	0.503	0.489	0.544	0.629	0.686	0.665	0.585	0.665	0.716	0.653	0.705	0.695	0.708	0.455
11:00:13	21.4	0.631	0.651	0.700	0.601	0.692	0.655	0.723	0.685	0.710	0.742	0.724	0.520	0.707	0.628	0.653	0.601	0.126	0.678	0.645	0.653	0.642	0.616	0.642	0.591	0.949	0.616	0.644	0.615	0.609	0.626	0.650	0.482	0.627	0.635	0.600	0.604	0.733	0.677	0.618	0.562	0.641	0.622	0.572	0.617	0.616	0.629	0.680	0.686	0.693	0.657	0.715	0.575	0.630	0.634	0.582	0.654	0.700	0.454	0.721	0.556	0.737	0.673	0.635	0.579	0.614	0.741	0.605	0.687	0.674	0.695	0.681	0.532	0.703	0.666	0.713	0.637	0.657	0.623	0.665	0.716	0.726	0.793	0.575	0.564	0.620	0.744	0.803	0.783	0.685	0.778	0.842	0.776	0.830	0.806	0.826	0.527
12:00:13	21.6	0.723	0.743	0.783	0.685	0.781	0.750	0.802	0.774	0.800	0.835	0.822	0.584	0.805	0.712	0.737	0.674	0.134	0.758	0.716	0.736	0.720	0.695	0.720	0.658	1.031	0.702	0.719	0.693	0.681	0.707	0.732	0.547	0.697	0.716	0.683	0.686	0.826	0.770	0.694	0.635	0.721	0.697	0.649	0.695	0.691	0.706	0.762	0.757	0.797	0.742	0.798	0.649	0.705	0.710	0.655	0.731	0.779	0.514	0.816	0.625	0.835	0.761	0.714	0.650	0.687	0.838	0.671	0.769	0.751	0.771	0.776	0.604	0.811	0.755	0.797	0.716	0.734	0.694	0.735	0.804	0.808	0.881	0.641	0.633	0.699	0.851	0.913	0.884	0.776	0.883	0.950	0.870	0.935	0.904	0.929	0.591
13:00:15	21.8	0.781	0.826	0.862	0.757	0.863	0.819	0.884	0.832	0.867	0.900	0.900	0.643	0.877	0.780	0.824	0.727	0.143	0.823	0.772	0.801	0.777	0.756	0.776	0.723	1.097	0.774	0.783	0.753	0.742	0.759	0.789	0.596	0.753	0.775	0.738	0.759	0.887	0.843	0.755	0.687	0.776	0.751	0.701	0.753	0.749	0.763	0.828	0.821	0.867	0.809	0.854	0.707	0.762	0.772	0.714	0.789	0.842	0.561	0.882	0.687	0.913	0.826	0.772	0.710	0.749	0.912	0.729	0.827	0.807	0.827	0.853	0.669	0.890	0.827	0.862	0.774	0.793	0.755	0.790	0.865	0.867	0.944	0.696	0.692	0.740	0.927	0.981	0.961	0.848	0.949	1.033	0.943	1.001	0.980	1.009	0.648
14:00:15	22.1	0.830	0.890	0.896	0.813	0.920	0.890	0.944	0.891	0.930	0.958	0.955	0.707	0.936	0.843	0.888	0.781	0.152	0.888	0.832	0.863	0.840	0.814	0.834	0.803	1.166	0.833	0.837	0.805	0.799	0.820	0.842	0.642	0.809	0.831	0.792	0.825	0.955	0.911	0.807	0.739	0.837	0.805	0.754	0.807	0.800	0.820	0.878	0.893	0.931	0.879	0.925	0.761	0.818	0.825	0.766	0.847	0.899	0.604	0.939	0.765	0.982	0.890	0.825	0.761	0.796	0.986	0.777	0.883	0.862	0.884	0.922	0.760	0.947	0.898	0.925	0.828	0.846	0.805	0.846	0.927	0.929	0.995	0.758	0.768	0.799	0.988	1.042	1.026	0.914	1.025	1.104	0.993	1.064	1.046	1.069	0.715
15:00:16	22.2	0.872	0.942	0.985	0.886	0.983	0.957	1.004	0.951	0.982	1.000	0.973	0.773	0.973	0.901	0.949	0.841	0.162	0.959	0.911	0.931	0.910	0.876	0.904	0.867	1.224	0.900	0.903	0.867	0.860	0.883	0.902	0.691	0.873	0.894	0.849	0.902	0.972	0.970	0.872	0.790	0.899	0.869	0.808	0.871	0.861	0.883	0.951	0.945	0.990	0.941	0.988	0.817	0.878	0.882	0.823	0.917	0.967	0.645	1.007	0.837	1.038	0.958	0.890	0.817	0.853	1.054	0.835	0.953	0.932	0.953	0.967	0.833	1.003	0.965	0.993	0.894	0.913	0.866	0.913	0.994	1.009	1.064	0.813	0.832	0.849	1.046	1.105	1.108	0.990	1.078	1.164	1.083	1.128	1.113	1.130	0.777
16:00:16	22.2	0.913	1.000	1.045	0.955	1.025	1.034	1.072	1.017	1.054	1.057	1.014	0.840	1.021	0.964	1.008	0.913	0.175	1.042	0.988	1.007	0.990	0.949	0.983	0.926	1.267	0.963	0.983	0.936	0.933	0.957	0.981	0.739	0.949	0.973	0.919	0.963	1.037	1.040	0.950	0.852	0.973	0.937	0.874	0.940	0.933	0.957	1.027	1.001	1.044	1.010	1.063	0.883	0.954	0.954	0.888	0.991	1.043	0.691	1.076	0.917	1.112	1.026	0.962	0.882	0.923	1.109	0.905	1.034	1.004	1.034	1.028	0.907	1.054	1.039	1.067	0.967	0.988	0.937	0.987	1.069	1.085	1.140	0.870	0.900	0.911	1.116	1.172	1.179	1.076	1.139	1.227	1.157	1.197	1.173	1.192	0.833
17:00:18	22.2	0.940	1.043	1.073	1.030	1.073	1.069	1.100	1.043	1.087	1.052	1.066	0.896	1.048	1.007	1.050	0.967	0.190	1.085	1.051	1.034	1.049	1.013	1.050	0.975	1.310	1.010	1.038	0.994	0.993	1.018	1.033	0.784	1.008	1.033	0.977	1.006	1.079	1.087	1.007	0.903	1.038	0.995	0.925	0.999	0.990	1.016	1.088	1.039	1.083	1.062	1.116	0.941	1.012	1.014	0.945	1.049	1.095	0.724	1.127	0.967	1.148	1.083	1.021	0.941	0.982	1.154	0.961	1.094	1.064	1.093	1.068	0.969	1.090	1.093	1.123	1.026	1.048	0.998	1.046	1.121	1.140	1.182	0.924	0.952	0.955	1.169	1.220	1.228	1.134	1.181	1.273	1.196	1.242	1.204	1.244	0.884
18:00:18	21.9	1.026	1.089	1.114	1.067	1.112	1.129	1.127	1.093	1.115	1.107	1.093	0.949	1.077	1.025	1.099	1.015	0.208	1.115	1.092	1.083	1.086	1.069	1.095	1.017	1.349	1.049	1.089	1.042	1.047	1.067	1.083	0.825	1.055	1.078	1.028	1.055	1.121	1.107	1.051	0.946	1.085	1.040	0.969	1.045	1.037	1.063	1.134	1.078	1.125	1.121	1.117	0.985	1.056	1.061	0.990	1.093	1.136	0.754	1.173	1.020	1.181	1.116	1.069	0.984	1.028	1.190	1.008	1.140	1.117	1.139	1.103	1.034	1.134	1.137	1.148	1.070	1.095	1.050	1.093	1.172	1.183	1.220	0.966	0.987	0.989	1.212	1.236	1.253	1.179	1.198	1.284	1.235	1.275	1.241	1.281	0.930
19:00:20	21.8	1.021	1.104	1.140	1.127	1.140	1.142	1.140	1.077	1.109	1.110	1.090	0.974	1.079	1.071	1.108	1.059	0.227	1.129	1.124	1.100	1.118	1.109	1.142	1.037	1.365	1.083	1.121	1.083	1.086	1.112	1.110	0.845	1.096	1.119	1.071	1.069	1.135	1.119	1.094	0.983	1.126	1.082	1.006	1.084	1.077	1.106	1.171	1.087	1.128	1.135	1.136	1.026	1.103	1.104	1.031	1.125	1.173	0.780	1.209	1.044	1.204	1.156	1.106	1.025	1.073	1.206	1.047	1.182	1.160	1.168	1.123	1.064	1.163	1.166	1.172	1.105	1.132	1.090	1.133	1.207	1.206	1.242	1.003	0.996	1.014	1.240	1.269	1.276	1.228	1.206	1.314	1.254	1.307	1.248	1.301	0.935
20:00:21	22.1	1.027	1.097	1.160	1.141	1.131	1.141	1.119	1.061	1.091	1.106	1.093	0.991	1.085	1.097	1.108	1.089	0.243	1.132	1.139	1.093	1.112	1.143	1.171	1.060	1.381	1.098	1.159	1.112	1.116	1.136	1.151	0.878	1.128	1.143	1.107	1.080	1.152	1.148	1.128	1.014	1.160	1.114	1.040	1.116	1.111	1.139	1.174	1.100	1.133	1.150	1.177	1.063	1.138	1.137	1.065	1.154	1.199	0.803	1.226	1.060	1.219	1.184	1.138	1.058	1.105	1.224	1.081	1.212	1.194	1.201	1.128	1.084	1.187	1.201	1.188	1.142	1.164	1.125	1.171	1.232	1.226	1.253	1.018	1.006	1.043	1.240	1.282	1.307	1.248	1.212	1.333	1.277	1.324	1.273	1.309	0.948
21:00:22	22.3	1.082	1.103	1.167	1.124	1.138	1.183	1.115	1.070	1.104	1.116	1.113	1.015	1.101	1.123	1.127	1.111	0.260	1.129	1.133	1.143	1.133	1.175	1.168	1.077	1.388	1.117	1.174	1.144	1.150	1.170	1.171	0.893	1.160	1.186	1.140	1.092	1.168	1.173	1.163	1.045	1.188	1.144	1.072	1.145	1.140	1.176	1.197	1.122	1.149	1.184	1.205	1.096	1.171	1.166	1.102	1.174	1.216	0.825	1.236	1.081	1.226	1.204	1.169	1.094	1.136	1.240	1.115	1.231	1.203	1.223	1.146	1.108	1.203	1.224	1.213	1.163	1.197	1.162	1.201	1.257	1.246	1.272	1.042	1.007	1.063	1.259	1.287	1.308	1.272	1.223	1.331	1.303	1.331	1.268	1.336	0.953
22:00:23	22.4	1.070	1.114	1.169	1.139	1.139	1.171	1.124	1.090	1.101	1.130	1.127	0.998	1.111	1.142	1.138	1.139	0.275	1.135	1.153	1.161	1.152	1.174	1.162	1.103	1.406	1.125	1.185	1.154	1.164	1.175	1.163	0.905	1.176	1.195	1.153	1.110	1.190	1.188	1.180	1.074	1.198	1.164	1.101	1.155	1.162	1.187	1.193	1.138	1.161	1.204	1.206	1.117	1.196	1.179	1.125	1.184	1.224	0.842	1.226	1.108	1.255	1.222	1.185	1.116	1.161	1.245	1.138	1.224	1.235	1.239	1.173	1.116	1.210	1.240	1.239	1.185	1.216	1.180	1.226	1.256	1.265	1.286	1.043	1.013	1.074	1.282	1.304	1.339	1.286	1.233	1.352	1.310	1.345	1.317	1.351	0.957
23:00:24	22.6	1.047	1.124	1.181	1.133	1.146	1.179	1.132	1.086	1.118	1.181	1.133	0.974	1.134	1.151	1.141	1.141	0.294	1.137	1.151	1.173	1.176	1.193	1.164	1.129	1.434	1.145	1.187	1.177	1.166	1.200	1.163	0.897	1.176	1.212	1.172	1.133	1.210	1.192	1.192	1.095	1.194	1.186	1.118	1.179	1.175	1.206	1.189	1.166	1.185	1.217	1.226	1.138	1.210	1.186	1.144	1.206	1.220	0.851	1.238	1.116	1.282	1.242	1.200	1.140	1.174	1.258	1.144	1.212	1.226	1.262	1.196	1.147	1.219	1.261	1.250	1.199	1.225	1.210	1.238	1.277	1.267	1.301	1.060	1.026	1.094	1.305	1.346	1.347	1.304	1.250	1.373	1.330	1.372	1.343	1.375	0.970
24:00:24	22.6	1.032	1.104	1.181	1.101	1.145	1.193	1.144	1.097	1.105	1.191	1.145	0.974	1.137	1.176	1.148	1.159	0.311	1.120	1.160	1.175	1.188	1.190	1.195	1.125	1.458	1.163	1.182	1.179	1.165	1.186	1.171	0.899	1.195	1.198	1.182	1.131	1.224	1.196	1.190	1.111	1.193	1.179	1.126	1.198	1.198	1.222	1.187	1.176	1.200	1.223	1.227	1.146	1.221	1.220	1.154	1.203	1.238	0.862	1.259	1.121	1.283	1.250	1.207	1.150	1.201	1.257	1.171	1.232	1.233	1.252	1.201	1.149	1.240	1.276	1.248	1.205	1.225	1.225	1.243	1.287	1.269	1.324	1.058	1.030	1.125	1.308	1.362	1.356	1.319	1.268	1.382	1.337	1.383	1.364	1.386	0.984
25:00:24	22.7	1.012	1.099	1.179	1.172	1.155	1.195	1.160	1.091	1.096	1.208	1.141	0.966	1.142	1.186	1.152	1.155	0.331	1.148	1.158	1.202	1.176	1.185	1.142	1.137	1.475	1.154	1.183	1.164	1.158	1.186	1.170	0.863	1.194	1.171	1.186	1.147	1.224	1.192	1.178	1.118	1.165	1.181	1.130	1.196	1.211	1.178	1.165	1.202	1.199	1.223	1.206	1.161	1.227	1.208	1.158	1.227	1.249	0.870	1.249	1.127	1.293	1.246	1.225	1.165	1.208	1.270	1.180	1.218	1.235	1.224	1.217	1.167	1.244	1.275	1.247	1.222	1.230	1.220	1.230	1.300	1.264	1.323	1.046	1.037	1.132	1.326	1.373	1.361	1.329	1.256	1.398	1.338	1.391	1.369	1.417	0.991
26:00:26	22.7	0.983	1.098	1.149	1.143	1.154	1.187	1.146	1.055	1.094	1.191	1.140	0.968	1.143	1.158	1.146	1.098	0.347	1.140	1.141	1.165	1.137	1.154	1.160	1.144	1.482	1.178	1.146	1.110	1.139	1.158	1.143	0.808	1.182	1.128	1.171	1.161	1.235	1.195	1.172	1.123	1.142	1.182	1.145	1.143	1.166	1.209	1.149	1.203	1.162	1.230	1.216	1.152	1.228	1.200	1.154	1.226	1.234	0.872	1.243	1.120	1.312	1.243	1.216	1.144	1.174	1.269	1.196	1.210	1.255	1.216	1.218	1.184	1.240	1.269	1.245	1.216	1.227	1.221	1.223	1.287	1.270	1.325	1.001	1.045	1.159	1.339	1.379	1.364	1.334	1.252	1.401	1.355	1.385	1.370	1.427	1.003
27:00:26	22.7	0.957	1.107	1.140	1.122	1.153	1.116	1.145	1.060	1.131	1.192	1.163	0.982	1.130	1.184	1.159	1.089	0.363	1.133	1.127	1.160	1.165	1.115	1.196	1.143	1.473	1.154	1.115	1.105	1.144	1.114	1.121	0.786	1.150	1.150	1.142	1.180	1.216	1.197	1.144	1.093	1.124	1.131	1.103	1.178	1.151	1.199	1.118	1.187	1.166	1.218	1.216	1.161	1.214	1.181	1.149	1.210	1.211	0.868	1.237	1.141	1.289	1.228	1.192	1.154	1.181	1.262	1.183	1.188	1.204	1.220	1.232	1.224	1.234	1.260	1.233	1.198	1.231	1.208	1.223	1.273	1.262	1.292	0.986	1.054	1.154	1.368	1.392	1.338	1.331	1.256	1.378	1.352	1.391	1.374	1.430	1.023
28:00:27	22.6	0.937	1.122	1.159	1.141	1.158	1.158	1.147	1.060	1.128	1.159	1.165	0.983	1.115	1.155	1.123	1.069	0.383	1.114	1.135	1.147	1.139	1.072	1.152	1.142	1.464	1.165	1.098	1.069	1.101	1.136	1.113	0.723	1.129	1.101	1.128	1.186	1.228	1.202	1.104	1.087	1.105	1.083	1.099	1.141	1.133	1.132	1.117	1.205	1.160	1.212	1.222	1.115	1.163	1.151	1.136	1.180	1.190	0.859	1.242	1.174	1.290	1.198	1.213	1.133	1.140	1.250	1.137	1.191	1.192	1.231	1.226	1.236	1.235	1.254	1.228	1.198	1.210	1.204	1.186	1.250	1.252	1.306	0.885	1.055	1.187	1.338	1.375	1.340	1.339	1.244	1.373	1.346	1.395	1.367	1.444	1.038
29:00:29	22.6	0.933	1.123	1.143	1.107	1.124	1.134	1.166	1.065	1.134	1.135	1.175	0.990	1.146	1.148	1.141	1.016	0.400	1.077	1.040	1.139	1.113	1.069	1.055	1.151	1.470	1.129	1.040	1.059	1.074	1.078	1.076	0.662	1.093	1.102	1.094	1.188	1.230	1.178	1.076	1.017	1.043	1.072	1.066	1.111	1.078	1.089	1.093	1.245	1.178	1.206	1.204	1.080	1.161	1.126	1.095	1.158	1.183	0.842	1.214	1.160	1.309	1.203	1.193	1.084	1.124	1.228	1.102	1.134	1.209	1.210	1.242	1.213	1.227	1.237	1.220	1.185	1.190	1.150	1.185	1.264	1.239	1.272	0.819	1.060	1.226	1.336	1.378	1.323	1.333	1.244	1.361	1.319	1.380	1.389	1.481	1.062
30:00:30	22.6	0.933	1.102	1.135	1.099	1.112	1.139	1.157	1.085	1.161	1.121	1.166	1.005	1.120	1.119	1.123	0.986	0.415	1.016	1.086	1.130	1.070	1.065	1.116	1.137	1.466	1.116	0.998	1.028	1.033	1.058	0.993	0.649	1.087	1.005	1.008	1.186	1.224	1.144	1.046	0.997	0.955	1.016	1.013	1.073	1.027	1.071	1.054	1.246	1.163	1.198	1.187	1.085	1.109	1.080	1.037	1.145	1.157	0.822	1.209	1.200	1.304	1.185	1.140	1.075	1.084	1.227	1.053	1.026	1.160	1.143	1.230	1.227	1.205	1.224	1.216	1.171	1.157	1.125	1.128	1.224	1.224	1.249	0.774	1.062	1.213	1.344	1.371	1.332	1.347	1.252	1.369	1.323	1.355	1.375	1.470	1.087
31:00:31	22.5	0.946	1.117	1.133	1.053	1.012	1.151	1.126	1.064	1.159	1.087	1.140	1.012	1.127	1.087	1.119	0.955	0.436	0.944	1.038	1.095	1.064	1.037	1.044	1.137	1.451	1.075	0.954	0.986	1.017	1.015	0.898	0.672	1.008	0.942	0.914	1.201	1.205	1.140	0.977	0.947	0.866	0.958	0.950	0.985	0.968	1.004	0.957	1.263	1.144	1.186	1.132	1.049	1.029	1.009	1.004	1.071	1.119	0.793	1.141	1.214	1.303	1.113	1.124	1.037	1.033	1.210	1.027	0.917	1.116	1.112	1.224	1.254	1.195	1.205	1.161	1.127	1.090	1.076	1.072	1.177	1.187	1.227	0.737	1.059	1.229	1.360	1.385	1.304	1.346	1.241	1.301	1.310	1.332	1.368	1.462	1.112
32:00:32	22.3	0.953	1.077	1.135	0.997	0.941	1.121	1.075	1.043	1.153	1.083	1.123	1.017	1.136	1.048	1.087	0.869	0.452	0.851	1.020	1.028	1.011	0.981	1.018	1.126	1.480	1.048	0.874	0.871	0.938	0.913	0.809	0.693	0.948	0.855	0.830	1.196	1.166	1.094	0.919	0.850	0.800	0.893	0.880	0.901	0.895	0.918	0.844	1.266	1.167	1.161	1.034	0.993	0.964	0.906	0.920	0.972	0.992	0.751	1.150	1.199	1.324	1.056	1.046	0.957	0.929	1.161	0.910	0.815	0.962	0.939	1.198	1.256	1.182	1.158	1.117	1.057	1.022	1.005	0.946	1.060	1.089	1.176	0.708	1.062	1.234	1.367	1.388	1.258	1.327	1.265	1.274	1.313	1.326	1.378	1.465	1.123
33:00:33	22.0	0.902	1.069	1.007	0.928	0.967	1.119	1.112	0.945	1.072	1.060	1.103	0.991	1.102	1.037	0.998	0.816	0.471	0.783	0.948	0.997	0.931	0.877	0.976	1.118	1.529	0.969	0.816	0.849	0.875	0.815	0.820	0.676	0.859	0.806	0.837	1.266	1.176	1.099	0.786	0.790	0.821	0.811	0.772	0.813	0.799	0.814	0.800	1.297	1.091	1.091	0.874	0.911	0.843	0.860	0.829	0.903	0.916	0.693	1.087	1.193	1.323	0.924	0.976	0.864	0.847	1.131	0.857	0.777	0.853	0.876	1.164	1.227	1.199	1.093	1.010	0.908	0.902	0.899	0.849	0.969	0.961	1.075	0.690	1.065	1.378	1.367	1.370	1.298	1.289	1.312	1.242	1.275	1.283	1.290	1.419	1.139
34:00:33	21.7	0.965	1.053	1.114	0.898	0.825	1.076	1.033	1.022	1.128	1.062	1.107	1.034	1.089	0.969	0.886	0.804	0.486	0.727	0.810	0.886	0.870	0.830	0.900	1.110	1.487	0.899	0.845	0.783	0.817	0.799	0.813	0.675	0.809	0.819	0.813	1.205	1.173	1.024	0.799	0.726	0.803	0.781	0.719	0.796	0.795	0.770	0.756	1.269	1.242	0.995	0.816	0.805	0.818	0.811	0.778	0.833	0.855	0.648	1.005	1.220	1.308	0.840	0.822	0.785	0.814	1.114	0.789	0.785	0.819	0.833	1.157	1.307	1.156	0.989	0.867	0.841	0.835	0.821	0.825	0.882	0.898	1.027	0.692	1.052	1.306	1.367	1.375	1.260	1.269	1.252	1.180	1.265	1.248	1.313	1.426	1.141
35:00:34	21.4	0.970	0.992	1.038	0.831	0.786	1.004	0.976	1.014	1.119	1.014	1.107	1.037	1.066	0.895	0.811	0.830	0.509	0.692	0.810	0.841	0.828	0.848	0.870	1.119	1.463	0.867	0.816	0.785	0.816	0.795	0.756	0.671	0.829	0.833	0.818	1.224	1.136	0.925	0.786	0.727	0.776	0.812	0.735	0.826	0.782	0.819	0.689	1.331	1.241	0.926	0.710	0.788	0.814	0.811	0.772	0.816	0.841	0.619	0.947	1.245	1.310	0.830	0.806	0.763	0.799	1.090	0.805	0.769	0.859	0.837	1.157	1.275	1.144	0.932	0.826	0.844	0.843	0.795	0.847	0.824	0.875	0.932	0.709	1.067	1.309	1.392	1.378	1.240	1.277	1.291	1.129	1.223	1.180	1.308	1.442	1.183
36:00:34	21.3	0.998	0.930	1.007	0.789	0.723	0.960	0.968	1.045	1.056	1.020	1.106	1.023	1.049	0.800	0.726	0.820	0.518	0.668	0.772	0.756	0.762	0.779	0.788	1.110	1.436	0.754	0.801	0.817	0.811	0.746	0.719	0.645	0.835	0.788	0.847	1.179	1.138	0.852	0.777	0.781	0.742	0.832	0.787	0.843	0.847	0.859	0.661	1.225	1.208	0.835	0.681	0.794	0.860	0.860	0.803	0.831	0.837	0.607	0.901	1.263	1.235	0.762	0.824	0.760	0.813	1.093	0.816	0.762	0.806	0.797	1.131	1.324	1.149	0.859	0.693	0.794	0.802	0.832	0.834	0.800	0.808	0.898	0.732	1.059	1.249	1.379	1.357	1.260	1.238	1.251	1.111	1.207	1.130	1.284	1.379	1.184
37:00:35	21.2	0.998	0.920	1.011	0.737	0.699	0.916	0.948	1.037	1.063	0.994	1.101	1.029	1.045	0.723	0.676	0.794	0.528	0.684	0.681	0.668	0.681	0.705	0.694	1.099	1.454	0.688	0.727	0.798	0.798	0.710	0.712	0.650	0.823	0.747	0.838	1.187	1.159	0.828	0.736	0.799	0.763	0.837	0.812	0.834	0.855	0.820	0.684	1.248	1.164	0.777	0.679	0.831	0.805	0.846	0.813	0.761	0.782	0.597	0.851	1.270	1.219	0.740	0.768	0.811	0.810	1.057	0.778	0.752	0.763	0.744	1.119	1.331	1.151	0.780	0.679	0.754	0.769	0.803	0.832	0.774	0.780	0.844	0.748	1.060	1.247	1.351	1.321	1.222	1.227	1.227	1.067	1.161	1.113	1.281	1.342	1.182
38:00:37	21.2	1.013	0.867	0.926	0.823	0.682	0.835	0.917	0.984	1.030	0.967	1.091	1.007	1.009	0.691	0.663	0.776	0.534	0.684	0.655	0.669	0.675	0.663	0.714	1.099	1.438	0.691	0.707	0.776	0.754	0.691	0.722	0.637	0.818	0.715	0.838	1.155	1.107	0.848	0.698	0.806	0.790	0.844	0.825	0.834	0.863	0.801	0.698	1.236	1.096	0.693	0.674	0.831	0.788	0.842	0.801	0.738	0.759	0.584	0.819	1.271	1.151	0.759	0.726	0.829	0.784	0.983	0.796	0.756	0.744	0.740	1.114	1.337	1.175	0.744	0.674	0.741	0.752	0.748	0.809	0.757	0.806	0.824	0.782	1.067	1.212	1.348	1.309	1.205	1.215	1.263	1.086	1.093	1.001	1.297	1.336	1.175
39:00:38	21.1	1.005	0.862	0.876	0.804	0.688	0.823	0.909	0.980	1.032	0.963	1.080	0.993	0.996	0.708	0.657	0.775	0.538	0.705	0.664	0.692	0.689	0.651	0.716	1.083	1.453	0.713	0.705	0.758	0.745	0.676	0.727	0.628	0.820	0.715	0.848	1.173	1.154	0.795	0.689	0.803	0.819	0.841	0.810	0.837	0.863	0.795	0.724	1.253	1.048	0.698	0.658	0.842	0.781	0.844	0.795	0.748	0.756	0.572	0.797	1.272	1.121	0.758	0.717	0.835	0.781	0.939	0.817	0.748	0.735	0.736	1.108	1.374	1.192	0.736	0.712	0.735	0.756	0.744	0.801	0.758	0.797	0.799	0.811	1.077	1.167	1.305	1.284	1.162	1.198	1.222	1.097	0.982	0.978	1.309	1.308	1.172
40:00:39	21.0	0.992	0.822	0.787	0.726	0.701	0.768	0.891	0.951	1.016	0.951	1.058	1.003	0.950	0.700	0.655	0.764	0.545	0.703	0.688	0.704	0.676	0.657	0.737	1.100	1.452	0.727	0.726	0.766	0.742	0.672	0.738	0.627	0.817	0.721	0.851	1.153	1.144	0.773	0.698	0.792	0.819	0.844	0.796	0.828	0.862	0.795	0.725	1.287	1.081	0.679	0.637	0.846	0.791	0.845	0.808	0.757	0.762	0.558	0.792	1.315	1.076	0.763	0.719	0.832	0.787	0.917	0.822	0.763	0.744	0.739	1.113	1.371	1.240	0.758	0.727	0.739	0.753	0.753	0.802	0.758	0.791	0.797	0.838	1.088	1.123	1.270	1.296	1.121	1.231	1.218	1.057	0.970	0.970	1.252	1.342	1.162
41:00:40	21.1	0.979	0.803	0.741	0.762	0.708	0.748	0.881	0.945	1.010	0.938	1.057	0.982	0.937	0.700	0.672	0.744	0.539	0.712	0.696	0.704	0.677	0.652	0.752	1.090	1.501	0.738	0.733	0.748	0.740	0.656	0.742	0.618	0.788	0.728	0.843	1.141	1.161	0.761	0.685	0.785	0.831	0.839	0.813	0.819	0.857	0.776	0.751	1.269	1.063	0.684	0.651	0.839	0.785	0.839	0.802	0.752	0.753	0.550	0.789	1.325	1.072	0.773	0.711	0.821	0.777	0.879	0.817	0.753	0.747	0.737	1.107	1.388	1.232	0.745	0.657	0.742	0.749	0.743	0.805	0.746	0.783	0.772	0.852	1.085	1.061	1.239	1.284	1.086	1.196	1.187	1.006	0.965	0.952	1.244	1.314	1.149
42:00:41	21.2	0.962	0.790	0.732	0.767	0.738	0.741	0.881	0.930	1.004	0.935	1.065	0.969	0.940	0.689	0.689	0.711	0.541	0.721	0.700	0.711	0.679	0.655	0.782	1.079	1.440	0.741	0.737	0.714	0.710	0.646	0.743	0.596	0.784	0.738	0.826	1.166	1.139	0.736	0.666	0.788	0.839	0.832	0.814	0.806	0.851	0.741	0.761	1.242	1.023	0.700	0.665	0.825	0.781	0.823	0.799	0.749	0.747	0.541	0.796	1.310	1.028	0.767	0.695	0.813	0.756	0.839	0.823	0.744	0.736	0.738	1.099	1.359	1.265	0.751	0.685	0.738	0.755	0.734	0.809	0.718	0.776	0.770	0.855	1.087	1.046	1.197	1.228	1.066	1.148	1.080	0.992	0.956	0.931	1.234	1.290	1.121
43:00:41	21.4	0.958	0.782	0.714	0.725	0.761	0.736	0.874	0.936	0.980	0.937	1.052	0.971	0.925	0.690	0.693	0.676	0.539	0.714	0.681	0.718	0.684	0.659	0.802	1.071	1.496	0.732	0.734	0.674	0.684	0.657	0.750	0.570	0.733	0.749	0.817	1.196	1.141	0.733	0.659	0.788	0.832	0.821	0.810	0.803	0.840	0.720	0.779	1.256	0.984	0.717	0.668	0.809	0.785	0.804	0.809	0.755	0.758	0.531	0.814	1.301	1.000	0.752	0.699	0.800	0.740	0.834	0.815	0.755	0.739	0.737	1.083	1.330	1.262	0.741	0.684	0.739	0.768	0.737	0.814	0.738	0.800	0.783	0.867	1.085	1.059	1.171	1.176	1.060	1.160	1.040	0.991	0.919	0.891	1.202	1.231	1.132
44:00:42	21.6	0.938	0.784	0.718	0.716	0.775	0.764	0.876	0.922	0.974	0.937	1.046	0.963	0.926	0.700	0.704	0.658	0.535	0.728	0.668	0.718	0.684	0.665	0.806	1.079	1.527	0.720	0.736	0.657	0.663	0.677	0.822	0.559	0.719	0.744	0.801	1.187	1.106	0.735	0.664	0.784	0.814	0.812	0.805	0.797	0.828	0.713	0.788	1.238	0.975	0.715	0.672	0.791	0.782	0.801	0.798	0.748	0.772	0.525	0.833	1.307	0.981	0.748	0.707	0.786	0.740	0.824	0.804	0.755	0.742	0.741	1.079	1.334	1.324	0.730	0.686	0.748	0.771	0.748	0.815	0.740	0.826	0.808	0.864	1.097	1.005	1.155	1.122	1.081	1.144	0.985	1.029	0.915	0.907	1.179	1.205	1.135
45:00:43	21.8	0.926	0.787	0.752	0.708	0.837	0.796	0.890	0.899	0.934	0.945	1.025	0.972	0.900	0.700	0.712	0.636	0.553	0.744	0.658	0.717	0.698	0.657	0.803	1.073	1.491	0.718	0.732	0.642	0.633	0.693	0.826	0.528	0.707	0.736	0.792	1.193	1.112	0.732	0.673	0.784	0.810	0.810	0.803	0.783	0.819	0.698	0.799	1.228	0.997	0.725	0.659	0.779	0.785	0.794	0.784	0.756	0.757	0.517	0.854	1.320	0.963	0.766	0.725	0.777	0.737	0.837	0.794	0.776	0.749	0.751	1.083	1.264	1.368	0.718	0.684	0.759	0.773	0.738	0.796	0.756	0.836	0.837	0.867	1.118	0.925	1.136	1.088	1.141	1.170	0.905	1.037	0.900	0.856	1.199	1.271	1.116
46:00:44	21.9	0.921	0.803	0.763	0.717	0.850	0.824	0.894	0.859	0.930	0.950	1.054	0.968	0.880	0.699	0.696	0.631	0.568	0.760	0.655	0.715	0.708	0.678	0.794	1.075	1.418	0.737	0.713	0.640	0.618	0.700	0.803	0.514	0.701	0.731	0.784	1.196	1.038	0.730	0.682	0.778	0.805	0.804	0.793	0.779	0.812	0.690	0.812	1.227	0.969	0.711	0.673	0.759	0.790	0.789	0.769	0.764	0.769	0.511	0.872	1.322	0.932	0.765	0.731	0.773	0.742	0.846	0.785	0.805	0.763	0.757	1.079	1.248	1.401	0.739	0.665	0.776	0.771	0.742	0.775	0.765	0.809	0.867	0.880	1.136	0.891	1.066	1.069	1.200	1.180	0.885	1.010	0.993	0.876	1.256	1.226	1.128
47:00:45	22.1	0.901	0.813	0.786	0.736	0.832	0.831	0.894	0.839	0.907	0.940	1.001	0.968	0.876	0.701	0.719	0.620	0.575	0.739	0.672	0.724	0.677	0.676	0.795	1.077	1.376	0.724	0.695	0.646	0.619	0.728	0.790	0.509	0.711	0.713	0.790	1.153	1.017	0.736	0.688	0.776	0.815	0.799	0.788	0.784	0.802	0.699	0.827	1.183	0.961	0.682	0.673	0.745	0.834	0.788	0.765	0.784	0.739	0.504	0.876	1.284	0.930	0.731	0.749	0.764	0.748	0.837	0.783	0.783	0.805	0.756	1.059	1.240	1.416	0.766	0.662	0.799	0.778	0.746	0.758	0.745	0.818	0.885	0.873	1.141	0.888	1.090	0.986	1.131	1.121	0.889	1.010	0.994	0.932	1.244	1.210	1.106
48:00:46	22.3	0.888	0.810	0.778	0.756	0.852	0.829	0.873	0.813	0.923	0.938	1.009	0.961	0.864	0.707	0.707	0.642	0.587	0.732	0.668	0.713	0.726	0.705	0.857	1.085	1.369	0.731	0.684	0.683	0.645	0.702	0.781	0.514	0.701	0.707	0.780	1.166	0.875	0.745	0.704	0.768	0.776	0.792	0.782	0.774	0.801	0.697	0.812	1.200	0.928	0.674	0.684	0.759	0.796	0.790	0.765	0.780	0.765	0.497	0.896	1.290	0.945	0.721	0.753	0.761	0.754	0.860	0.775	0.804	0.788	0.769	1.063	1.238	1.435	0.785	0.681	0.783	0.776	0.728	0.799	0.755	0.801	0.916	0.875	1.188	0.927	0.997	0.985	1.202	1.167	0.910	0.958	0.983	0.909	1.342	1.165	1.022
49:00:47	22.4	0.879	0.822	0.802	0.776	0.847	0.837	0.886	0.818	0.900	0.960	0.984	0.956	0.852	0.714	0.708	0.660	0.583	0.719	0.679	0.711	0.697	0.712	0.893	1.139	1.350	0.731	0.678	0.703	0.652	0.712	0.779	0.491	0.684	0.710	0.774	1.160	0.871	0.754	0.708	0.763	0.777	0.784	0.773	0.770	0.790	0.686	0.821	1.191	0.900	0.672	0.680	0.739	0.817	0.785	0.759	0.793	0.782	0.490	0.907	1.252	0.937	0.709	0.760	0.753	0.750	0.874	0.765	0.813	0.781	0.775	1.051	1.233	1.420	0.801	0.677	0.799	0.769	0.731	0.744	0.741	0.799	0.917	0.867	1.198	0.899	0.960	0.943	1.157	1.116	0.890	0.975	0.971	0.923	1.233	1.168	0.983
50:00:48	22.5	0.891	0.814	0.819	0.803	0.868	0.822	0.881	0.800	0.908	0.952	1.000	0.952	0.848	0.723	0.721	0.655	0.590	0.724	0.691	0.706	0.719	0.722	0.897	1.117	1.386	0.780	0.672	0.709	0.673	0.712	0.755	0.497	0.691	0.698	0.757	1.155	0.911	0.771	0.718	0.756	0.771	0.785	0.770	0.767	0.789	0.672	0.810	1.180	0.927	0.706	0.697	0.747	0.836	0.791	0.752	0.794	0.762	0.486	0.914	1.262	0.997	0.700	0.767	0.748	0.749	0.878	0.769	0.832	0.796	0.792	1.044	1.222	1.432	0.804	0.677	0.795	0.759	0.721	0.781	0.744	0.803	0.924	0.865	1.224	0.897	0.933	0.925	1.169	1.103	0.902	0.937	0.991	0.909	1.340	1.135	0.978
51:00:49	22.5	0.878	0.805	0.800	0.796	0.854	0.816	0.893	0.800	0.894	0.978	0.977	0.966	0.849	0.719	0.726	0.669	0.589	0.720	0.688	0.691	0.685	0.758	0.901	1.087	1.339	0.748	0.680	0.702	0.672	0.718	0.776	0.493	0.684	0.709	0.758	1.121	0.895	0.755	0.714	0.748	0.753	0.778	0.762	0.760	0.779	0.680	0.808	1.155	0.915	0.718	0.694	0.729	0.851	0.795	0.742	0.796	0.790	0.481	0.922	1.269	1.001	0.694	0.762	0.740	0.742	0.890	0.759	0.828	0.794	0.801	1.038	1.229	1.369	0.812	0.684	0.792	0.751	0.732	0.730	0.738	0.799	0.927	0.862	1.226	0.914	0.974	0.927	1.130	1.097	0.868	0.952	0.974	0.921	1.233	1.143	0.969
52:00:49	22.5	0.866	0.870	0.811	0.793	0.816	0.799	0.898	0.802	0.882	0.950	0.998	0.969	0.839	0.690	0.734	0.718	0.592	0.724	0.744	0.708	0.659	0.810	0.859	1.145	1.371	0.707	0.695	0.738	0.682	0.732	0.764	0.474	0.697	0.756	0.772	1.077	0.864	0.803	0.711	0.744	0.749	0.801	0.756	0.758	0.798	0.705	0.839	1.122	0.935	0.696	0.684	0.730	0.837	0.824	0.735	0.821	0.761	0.480	0.899	1.286	1.051	0.704	0.778	0.739	0.743	0.892	0.755	0.841	0.768	0.812	1.023	1.205	1.373	0.864	0.680	0.770	0.744	0.785	0.700	0.719	0.767	0.899	0.858	1.205	0.881	0.950	0.926	1.122	1.043	0.847	0.942	0.968	0.936	1.205	1.137	0.955
53:00:50	22.5	0.999	0.800	0.801	0.802	0.846	0.819	0.902	0.786	0.892	0.936	0.983	0.953	0.839	0.736	0.731	0.686	0.592	0.743	0.721	0.699	0.689	0.735	0.917	1.088	1.417	0.741	0.680	0.717	0.705	0.729	0.726	0.484	0.722	0.732	0.734	1.121	0.911	0.766	0.715	0.737	0.709	0.774	0.755	0.758	0.782	0.674	0.802	1.154	0.953	0.714	0.682	0.742	0.830	0.778	0.736	0.798	0.759	0.475	0.935	1.275	1.027	0.713	0.765	0.730	0.729	0.899	0.764	0.825	0.793	0.807	1.037	1.204	1.361	0.844	0.696	0.768	0.727	0.725	0.753	0.722	0.832	0.950	0.861	1.212	0.874	0.992	0.912	1.139	1.078	0.886	0.942	0.979	0.915	1.262	1.099	0.959
54:00:51	22.4	1.010	0.799	0.774	0.780	0.832	0.826	0.889	0.789	0.893	0.916	0.985	0.953	0.845	0.720	0.736	0.725	0.600	0.736	0.756	0.707	0.681	0.772	0.908	1.120	1.379	0.707	0.673	0.715	0.706	0.711	0.733	0.480	0.735	0.754	0.751	1.078	0.880	0.760	0.707	0.732	0.693	0.767	0.747	0.752	0.775	0.709	0.827	1.128	0.905	0.710	0.690	0.731	0.839	0.792	0.730	0.798	0.774	0.473	0.921	1.259	1.022	0.714	0.764	0.728	0.726	0.916	0.754	0.839	0.789	0.823	1.023	1.191	1.362	0.868	0.691	0.735	0.739	0.744	0.682	0.709	0.843	0.919	0.855	1.200	0.864	1.006	0.912	1.131	1.085	0.836	0.950	0.984	0.928	1.188	1.103	0.952
55:00:52	22.4	1.045	0.812	0.809	0.750	0.852	0.850	0.896	0.798	0.889	0.900	0.988	0.960	0.832	0.707	0.747	0.676	0.602	0.752	0.755	0.706	0.688	0.761	0.920	1.079	1.309	0.727	0.675	0.707	0.711	0.716	0.712	0.479	0.748	0.763	0.734	1.060	0.875	0.764	0.714	0.731	0.677	0.767	0.747	0.749	0.772	0.691	0.826	1.135	0.905	0.705	0.690	0.733	0.842	0.778	0.730	0.780	0.791	0.471	0.921	1.279	1.023	0.719	0.751	0.725	0.709	0.915	0.757	0.833	0.782	0.834	1.022	1.194	1.383	0.880	0.707	0.736	0.739	0.727	0.698	0.688	0.868	0.951	0.858	1.183	0.846	0.999	0.913	1.111	1.059	0.845	0.931	0.965	0.945	1.174	1.118	0.942
56:00:53	22.3	1.109	0.809	0.803	0.753	0.823	0.851	0.893	0.794	0.887	0.903	1.017	0.949	0.830	0.732	0.756	0.684	0.607	0.761	0.781	0.716	0.687	0.771	0.922	1.090	1.297	0.722	0.668	0.692	0.712	0.713	0.696	0.497	0.769	0.784	0.748	1.054	0.866	0.764	0.716	0.728	0.666	0.768	0.738	0.746	0.765	0.713	0.836	1.117	0.883	0.724	0.702	0.727	0.831	0.778	0.725	0.766	0.771	0.471	0.936	1.254	1.018	0.745	0.750	0.723	0.689	0.932	0.756	0.835	0.761	0.821	1.029	1.197	1.389	0.863	0.728	0.710	0.731	0.732	0.668	0.698	0.881	0.945	0.861	1.171	0.836	1.000	0.908	1.085	1.127	0.847	0.935	0.954	0.932	1.144	1.121	0.931
57:00:54	22.2	1.083	0.816	0.804	0.745	0.827	0.852	0.906	0.793	0.894	0.911	1.022	0.970	0.830	0.732	0.762	0.672	0.631	0.774	0.752	0.723	0.700	0.784	0.927	1.124	1.284	0.731	0.675	0.691	0.712	0.709	0.685	0.488	0.778	0.787	0.737	1.075	0.877	0.777	0.722	0.725	0.660	0.771	0.742	0.748	0.761	0.725	0.844	1.093	0.963	0.738	0.719	0.729	0.829	0.764	0.727	0.760	0.792	0.469	0.954	1.227	1.043	0.747	0.748	0.721	0.683	0.950	0.759	0.835	0.768	0.835	1.018	1.164	1.371	0.832	0.740	0.693	0.731	0.733	0.676	0.728	0.934	0.961	0.851	1.150	0.835	1.009	0.935	1.102	1.112	0.840	0.931	0.953	0.936	1.152	1.105	0.928
58:00:54	22.0	1.093	0.845	0.851	0.754	0.855	0.892	0.896	0.800	0.910	0.907	1.045	0.970	0.819	0.736	0.789	0.668	0.643	0.789	0.745	0.728	0.720	0.772	0.950	1.144	1.242	0.740	0.675	0.692	0.710	0.705	0.669	0.493	0.774	0.781	0.729	1.044	0.876	0.769	0.731	0.729	0.662	0.772	0.745	0.746	0.764	0.723	0.838	1.107	0.948	0.755	0.739	0.742	0.818	0.755	0.731	0.753	0.803	0.471	0.969	1.229	1.036	0.767	0.746	0.710	0.672	0.952	0.761	0.826	0.760	0.841	1.024	1.186	1.342	0.817	0.763	0.687	0.764	0.737	0.662	0.732	0.953	0.970	0.855	1.156	0.818	0.992	0.965	1.092	1.085	0.855	0.951	0.936	0.918	1.155	1.080	0.916
59:00:56	21.8	1.064	0.860	0.800	0.753	0.811	0.891	0.905	0.814	0.918	0.904	0.971	0.980	0.825	0.733	0.764	0.669	0.648	0.803	0.741	0.736	0.730	0.817	0.943	1.131	1.183	0.745	0.673	0.700	0.702	0.700	0.659	0.510	0.775	0.810	0.752	1.127	0.874	0.791	0.733	0.727	0.663	0.769	0.740	0.739	0.755	0.729	0.868	1.057	0.919	0.755	0.753	0.726	0.805	0.766	0.724	0.763	0.799	0.471	0.965	1.243	1.019	0.767	0.750	0.699	0.670	0.981	0.751	0.823	0.731	0.847	1.028	1.174	1.286	0.833	0.775	0.683	0.763	0.733	0.679	0.753	0.907	0.983	0.860	1.181	0.818	0.944	0.938	1.074	1.099	0.866	0.945	0.950	0.914	1.140	1.076	0.912
60:00:57	21.6	1.045	0.858	0.837	0.775	0.864	0.925	0.884	0.814	0.914	0.901	1.054	0.942	0.808	0.751	0.774	0.672	0.667	0.812	0.740	0.738	0.745	0.778	0.980	1.065	1.163	0.768	0.676	0.708	0.698	0.689	0.652	0.495	0.785	0.810	0.758	1.050	0.864	0.782	0.766	0.730	0.684	0.771	0.746	0.742	0.752	0.725	0.858	1.087	0.960	0.771	0.750	0.735	0.811	0.754	0.730	0.754	0.825	0.474	0.989	1.240	1.061	0.801	0.762	0.692	0.684	0.973	0.756	0.801	0.710	0.871	1.031	1.163	1.220	0.856	0.789	0.714	0.787	0.737	0.704	0.765	0.895	1.008	0.866	1.158	0.802	0.945	0.976	1.057	1.083	0.880	0.941	0.934	0.891	1.151	1.043	0.898
61:00:58	21.4	1.008	0.874	0.853	0.769	0.881	0.932	0.873	0.833	0.914	0.896	1.043	0.947	0.804	0.747	0.777	0.677	0.674	0.825	0.734	0.747	0.757	0.818	0.991	1.053	1.173	0.778	0.686	0.698	0.691	0.690	0.665	0.506	0.770	0.820	0.761	1.097	0.874	0.789	0.776	0.732	0.706	0.762	0.748	0.731	0.740	0.731	0.875	1.036	0.913	0.783	0.747	0.720	0.794	0.726	0.729	0.757	0.838	0.477	1.006	1.233	1.021	0.812	0.766	0.687	0.690	0.982	0.738	0.812	0.716	0.886	1.047	1.169	1.134	0.864	0.825	0.723	0.808	0.742	0.719	0.764	0.880	1.034	0.869	1.154	0.793	0.900	0.975	1.067	1.089	0.888	0.934	0.937	0.893	1.155	1.028	0.892
62:00:58	21.4	1.021	0.866	0.857	0.760	0.883	0.923	0.883	0.838	0.910	0.885	1.044	0.956	0.792	0.770	0.779	0.686	0.685	0.820	0.744	0.755	0.769	0.850	0.962	1.031	1.172	0.781	0.690	0.704	0.685	0.692	0.685	0.514	0.765	0.833	0.775	1.121	0.858	0.787	0.782	0.733	0.739	0.742	0.750	0.724	0.733	0.739	0.883	1.052	0.879	0.773	0.763	0.705	0.775	0.717	0.723	0.744	0.850	0.479	1.015	1.232	1.026	0.832	0.743	0.682	0.698	0.985	0.716	0.812	0.730	0.920	1.049	1.167	1.106	0.868	0.832	0.728	0.833	0.711	0.751	0.783	0.864	1.044	0.872	1.136	0.778	0.862	0.980	1.049	1.084	0.895	0.926	0.934	0.888	1.148	1.011	0.888
63:00:59	21.3	0.989	0.854	0.861	0.774	0.915	0.910	0.871	0.837	0.901	0.880	1.057	0.929	0.783	0.793	0.837	0.705	0.693	0.816	0.751	0.765	0.787	0.865	0.973	1.020	1.183	0.790	0.682	0.704	0.664	0.697	0.697	0.509	0.767	0.845	0.776	1.076	0.874	0.783	0.796	0.734	0.759	0.717	0.753	0.702	0.720	0.748	0.882	1.019	0.896	0.772	0.759	0.698	0.742	0.729	0.711	0.729	0.854	0.483	1.025	1.227	1.003	0.856	0.734	0.678	0.705	0.961	0.703	0.821	0.758	0.952	1.055	1.159	1.104	0.854	0.788	0.741	0.859	0.698	0.777	0.795	0.841	1.037	0.882	1.121	0.764	0.874	0.986	1.038	1.056	0.897	0.919	0.916	0.884	1.107	0.987	0.884
64:01:00	21.2	0.906	0.848	0.866	0.790	0.927	0.898	0.880	0.838	0.893	0.880	1.027	0.921	0.776	0.801	0.852	0.716	0.698	0.822	0.775	0.776	0.802	0.871	0.976	1.025	1.140	0.811	0.690	0.709	0.658	0.717	0.692	0.515	0.788	0.859	0.799	1.055	0.875	0.794	0.821	0.736	0.774	0.713	0.754	0.666	0.714	0.771	0.890	1.087	0.878	0.808	0.759	0.721	0.727	0.741	0.689	0.708	0.888	0.485	1.027	1.237	0.989	0.889	0.732	0.694	0.726	0.958	0.718	0.850	0.781	0.971	1.058	1.156	1.059	0.837	0.778	0.758	0.852	0.713	0.812	0.793	0.841	1.056	0.882	1.110	0.753	0.854	0.974	1.041	1.029	0.896	0.907	0.926	0.883	1.105	0.975	0.874
65:01:01	21.4	0.868	0.843	0.869	0.821	0.949	0.886	0.844	0.829	0.873	0.902	1.071	0.904	0.779	0.813	0.813	0.723	0.712	0.817	0.783	0.793	0.815	0.867	0.977	1.037	1.135	0.809	0.708	0.710	0.667	0.740	0.696	0.514	0.816	0.860	0.817	1.082	0.946	0.793	0.831	0.738	0.796	0.723	0.750	0.665	0.717	0.804	0.885	1.033	0.906	0.830	0.768	0.734	0.756	0.746	0.667	0.718	0.891	0.488	1.030	1.236	0.987	0.890	0.747	0.706	0.739	0.951	0.731	0.843	0.797	0.986	1.057	1.198	1.014	0.822	0.750	0.761	0.836	0.707	0.833	0.808	0.841	1.009	0.886	1.080	0.743	0.859	0.934	1.020	1.007	0.881	0.903	0.901	0.884	1.081	0.994	0.868
66:01:01	21.6	0.822	0.830	0.865	0.827	0.946	0.866	0.827	0.823	0.863	0.919	1.038	0.902	0.798	0.796	0.824	0.741	0.714	0.812	0.790	0.790	0.811	0.859	0.977	1.039	1.136	0.806	0.719	0.723	0.698	0.756	0.700	0.522	0.845	0.856	0.812	1.073	0.978	0.799	0.853	0.740	0.793	0.744	0.743	0.690	0.739	0.831	0.883	1.026	0.891	0.820	0.772	0.734	0.760	0.767	0.675	0.725	0.890	0.490	1.026	1.214	0.975	0.872	0.751	0.725	0.751	0.944	0.739	0.857	0.816	0.997	1.062	1.156	0.988	0.794	0.768	0.781	0.813	0.709	0.823	0.871	0.832	1.003	0.892	1.048	0.734	0.844	0.955	1.005	0.986	0.885	0.901	0.895	0.879	1.061	0.989	0.864
67:01:03	21.8	0.833	0.824	0.874	0.840	0.965	0.853	0.827	0.828	0.857	0.916	1.054	0.897	0.823	0.794	0.835	0.752	0.717	0.812	0.806	0.782	0.818	0.864	0.984	1.016	1.131	0.768	0.725	0.744	0.727	0.766	0.708	0.533	0.853	0.858	0.822	1.061	0.974	0.797	0.863	0.737	0.792	0.785	0.710	0.700	0.766	0.849	0.887	1.078	0.864	0.796	0.746	0.721	0.765	0.763	0.687	0.741	0.901	0.494	1.031	1.200	0.940	0.869	0.757	0.733	0.769	0.946	0.740	0.872	0.842	1.017	1.067	1.172	0.989	0.790	0.778	0.799	0.806	0.714	0.814	0.909	0.836	0.993	0.906	1.015	0.721	0.815	0.955	0.989	0.949	0.889	0.889	0.887	0.872	1.050	0.975	0.861
68:01:04	22.1	0.829	0.822	0.860	0.844	0.955	0.839	0.799	0.816	0.838	0.844	1.049	0.892	0.825	0.804	0.844	0.758	0.731	0.798	0.811	0.773	0.797	0.858	0.972	1.007	1.131	0.749	0.721	0.768	0.737	0.781	0.709	0.537	0.855	0.859	0.810	1.040	1.046	0.802	0.875	0.721	0.791	0.764	0.706	0.721	0.724	0.850	0.872	1.050	0.900	0.798	0.726	0.680	0.784	0.760	0.699	0.751	0.900	0.497	1.023	1.189	0.941	0.821	0.760	0.723	0.766	0.958	0.715	0.865	0.846	1.019	1.062	1.156	0.968	0.800	0.779	0.888	0.818	0.712	0.824	0.907	0.835	0.982	0.905	0.985	0.718	0.802	0.937	0.991	0.946	0.876	0.882	0.881	0.861	1.005	0.953	0.849
69:01:05	22.3	0.782	0.822	0.849	0.847	0.941	0.815	0.816	0.814	0.825	0.808	1.142	0.881	0.909	0.799	0.833	0.738	0.731	0.792	0.813	0.769	0.789	0.855	0.929	1.089	1.129	0.729	0.736	0.795	0.746	0.786	0.718	0.551	0.838	0.860	0.806	1.000	1.025	0.815	0.848	0.711	0.782	0.734	0.696	0.714	0.707	0.826	0.866	1.018	0.938	0.794	0.727	0.677	0.813	0.761	0.685	0.752	0.882	0.499	1.019	1.220	0.983	0.862	0.762	0.724	0.758	0.955	0.774	0.855	0.846	1.006	1.063	1.183	0.948	0.816	0.865	0.940	0.816	0.731	0.819	0.893	0.837	0.929	0.902	0.983	0.711	0.809	0.922	0.971	0.953	0.873	0.902	0.875	0.856	1.046	0.941	0.844
70:01:05	22.6	0.786	0.815	0.836	0.845	0.939	0.806	0.829	0.811	0.821	0.805	1.115	0.872	0.913	0.789	0.823	0.735	0.727	0.784	0.814	0.788	0.799	0.855	0.899	1.071	1.113	0.739	0.751	0.825	0.757	0.792	0.729	0.554	0.824	0.872	0.823	1.051	1.111	0.809	0.870	0.709	0.778	0.704	0.711	0.713	0.729	0.833	0.861	1.035	0.892	0.803	0.757	0.696	0.828	0.741	0.710	0.766	0.886	0.503	1.013	1.231	0.960	0.863	0.772	0.719	0.752	0.952	0.760	0.861	0.850	1.015	1.063	1.158	0.930	0.842	0.858	0.980	0.818	0.750	0.808	0.934	0.828	0.903	0.893	0.978	0.707	0.791	0.866	0.957	0.953	0.858	0.882	0.866	0.851	1.029	0.929	0.840
71:01:07	22.7	0.789	0.837	0.830	0.857	0.939	0.802	0.886	0.818	0.816	0.814	0.984	0.867	0.883	0.777	0.816	0.756	0.737	0.780	0.801	0.794	0.796	0.852	0.897	0.985	1.110	0.757	0.759	0.837	0.775	0.800	0.738	0.556	0.819	0.864	0.832	1.012	0.999	0.810	0.863	0.707	0.783	0.696	0.719	0.718	0.764	0.836	0.873	1.018	0.874	0.810	0.750	0.693	0.837	0.738	0.716	0.777	0.907	0.507	1.010	1.184	0.939	0.856	0.784	0.727	0.750	0.988	0.750	0.864	0.863	1.018	1.046	1.152	0.937	0.802	0.838	0.983	0.832	0.766	0.806	0.919	0.831	0.895	0.888	0.961	0.701	0.769	0.898	0.901	0.971	0.873	0.873	0.868	0.847	0.974	0.918	0.830
72:01:07	22.8	0.784	0.820	0.817	0.849	0.898	0.792	0.871	0.812	0.802	0.792	1.011	0.854	0.896	0.797	0.827	0.747	0.732	0.776	0.793	0.792	0.801	0.844	0.880	1.016	1.100	0.740	0.767	0.845	0.783	0.809	0.738	0.560	0.814	0.854	0.837	0.983	1.082	0.818	0.865	0.684	0.780	0.710	0.729	0.713	0.764	0.830	0.861	0.997	0.918	0.798	0.844	0.701	0.840	0.745	0.707	0.784	0.902	0.510	1.006	1.142	0.922	0.844	0.815	0.725	0.741	1.003	0.760	0.863	0.867	1.024	1.050	1.139	0.916	0.781	0.874	0.999	0.834	0.820	0.799	0.915	0.822	0.862	0.895	0.959	0.690	0.771	0.815	0.898	0.958	0.832	0.864	0.871	0.843	0.978	0.911	0.820

