Time	T° 600	A1	A2	A3	A4	A5	A6	A7	A8	A9	A10	A11	A12	B1	B2	B3	B4	B5	B6	B7	B8	B9	B10	B11	B12	C1	C2	C3	C4	C5	C6	C7	C8	C9	C10	C11	C12	D1	D2	D3	D4	D5	D6	D7	D8	D9	D10	D11	D12	E1	E2	E3	E4	E5	E6	E7	E8	E9	E10	E11	E12	F1	F2	F3	F4	F5	F6	F7	F8	F9	F10	F11	F12	G1	G2	G3	G4	G5	G6	G7	G8	G9	G10	G11	G12	H1	H2	H3	H4	H5	H6	H7	H8	H9	H10	H11	H12
0:00:06	22.8	0.067	0.048	0.050	0.053	0.051	0.051	0.046	0.047	0.050	0.050	0.050	0.047	0.050	0.050	0.049	0.050	0.057	0.045	0.048	0.049	0.048	0.052	0.052	0.050	0.049	0.047	0.049	0.047	0.053	0.051	0.052	0.047	0.048	0.047	0.050	0.050	0.047	0.046	0.048	0.049	0.052	0.052	0.049	0.047	0.049	0.046	0.049	0.048	0.051	0.051	0.262	0.051	0.049	0.045	0.047	0.045	0.045	0.044	0.047	0.046	0.052	0.058	0.047	0.050	0.047	0.045	0.045	0.045	0.046	0.046	0.047	0.047	0.055	0.049	0.049	0.046	0.050	0.046	0.047	0.050	0.050	0.046	0.049	0.053	0.047	0.052	0.049	0.048	0.046	0.046	0.050	0.050	0.049	0.050	0.045	0.047
1:00:04	22.8	0.071	0.051	0.052	0.056	0.054	0.053	0.049	0.050	0.053	0.052	0.052	0.054	0.051	0.053	0.051	0.052	0.058	0.048	0.051	0.051	0.050	0.053	0.054	0.052	0.050	0.049	0.051	0.049	0.054	0.053	0.055	0.048	0.050	0.049	0.052	0.052	0.049	0.048	0.049	0.051	0.054	0.054	0.050	0.049	0.050	0.049	0.052	0.050	0.053	0.052	0.262	0.053	0.050	0.047	0.050	0.047	0.047	0.045	0.050	0.049	0.055	0.059	0.049	0.052	0.049	0.047	0.046	0.047	0.048	0.049	0.049	0.050	0.055	0.051	0.051	0.048	0.051	0.048	0.050	0.052	0.052	0.048	0.052	0.054	0.050	0.054	0.050	0.050	0.048	0.048	0.052	0.053	0.051	0.053	0.048	0.050
2:00:05	22.7	0.071	0.054	0.056	0.059	0.056	0.057	0.052	0.053	0.056	0.058	0.057	0.060	0.055	0.056	0.054	0.055	0.061	0.051	0.053	0.052	0.053	0.057	0.058	0.055	0.055	0.052	0.054	0.052	0.057	0.056	0.057	0.051	0.054	0.053	0.055	0.057	0.052	0.051	0.052	0.053	0.057	0.056	0.051	0.052	0.054	0.053	0.055	0.054	0.057	0.056	0.265	0.055	0.052	0.050	0.052	0.049	0.050	0.046	0.054	0.054	0.058	0.063	0.052	0.055	0.051	0.050	0.049	0.050	0.051	0.053	0.053	0.055	0.059	0.054	0.054	0.051	0.055	0.051	0.053	0.056	0.059	0.053	0.056	0.054	0.056	0.057	0.054	0.054	0.051	0.052	0.056	0.058	0.059	0.058	0.052	0.056
3:00:06	22.8	0.074	0.061	0.065	0.066	0.062	0.064	0.060	0.061	0.065	0.069	0.067	0.068	0.064	0.064	0.060	0.061	0.067	0.057	0.058	0.056	0.059	0.065	0.066	0.064	0.064	0.058	0.061	0.059	0.065	0.061	0.064	0.058	0.062	0.062	0.064	0.066	0.061	0.056	0.059	0.058	0.063	0.062	0.054	0.058	0.062	0.059	0.061	0.064	0.064	0.062	0.270	0.060	0.058	0.056	0.058	0.054	0.056	0.048	0.062	0.065	0.067	0.069	0.060	0.061	0.058	0.057	0.056	0.056	0.058	0.061	0.061	0.066	0.065	0.061	0.060	0.057	0.065	0.058	0.060	0.063	0.063	0.062	0.067	0.057	0.065	0.064	0.062	0.063	0.059	0.059	0.063	0.067	0.067	0.068	0.061	0.067
4:00:07	22.8	0.078	0.071	0.079	0.078	0.073	0.076	0.072	0.075	0.078	0.082	0.080	0.082	0.077	0.077	0.073	0.073	0.079	0.068	0.068	0.064	0.070	0.079	0.081	0.077	0.079	0.068	0.072	0.070	0.078	0.070	0.075	0.068	0.075	0.076	0.078	0.077	0.074	0.064	0.070	0.067	0.073	0.072	0.057	0.068	0.076	0.072	0.074	0.080	0.077	0.073	0.280	0.069	0.069	0.069	0.068	0.064	0.068	0.049	0.076	0.077	0.077	0.080	0.074	0.071	0.069	0.069	0.067	0.067	0.071	0.073	0.075	0.078	0.073	0.073	0.071	0.067	0.078	0.070	0.072	0.076	0.073	0.075	0.078	0.062	0.073	0.071	0.075	0.074	0.070	0.070	0.076	0.075	0.077	0.081	0.071	0.075
5:00:07	22.5	0.084	0.087	0.094	0.091	0.085	0.088	0.087	0.091	0.095	0.098	0.088	0.094	0.092	0.093	0.090	0.089	0.096	0.084	0.084	0.073	0.088	0.093	0.101	0.089	0.097	0.081	0.084	0.086	0.096	0.081	0.092	0.084	0.088	0.088	0.098	0.086	0.086	0.076	0.087	0.080	0.087	0.087	0.060	0.085	0.090	0.092	0.094	0.099	0.091	0.089	0.293	0.083	0.086	0.088	0.082	0.080	0.083	0.050	0.096	0.087	0.083	0.094	0.088	0.088	0.085	0.084	0.080	0.083	0.085	0.085	0.091	0.086	0.080	0.087	0.088	0.081	0.091	0.085	0.089	0.095	0.087	0.087	0.087	0.069	0.077	0.077	0.089	0.084	0.081	0.082	0.093	0.081	0.087	0.094	0.080	0.081
6:00:08	22.2	0.090	0.105	0.109	0.107	0.095	0.099	0.093	0.105	0.111	0.106	0.093	0.095	0.106	0.109	0.110	0.110	0.117	0.104	0.103	0.082	0.108	0.102	0.117	0.098	0.112	0.092	0.093	0.105	0.116	0.094	0.116	0.104	0.095	0.097	0.118	0.091	0.091	0.091	0.107	0.099	0.107	0.108	0.063	0.105	0.100	0.117	0.117	0.110	0.103	0.106	0.311	0.101	0.110	0.111	0.101	0.102	0.101	0.051	0.115	0.094	0.088	0.112	0.099	0.110	0.102	0.100	0.091	0.101	0.098	0.093	0.105	0.093	0.085	0.098	0.109	0.101	0.104	0.099	0.109	0.117	0.098	0.097	0.095	0.079	0.080	0.081	0.102	0.093	0.090	0.095	0.106	0.087	0.096	0.103	0.087	0.085
7:00:09	22.0	0.094	0.121	0.125	0.121	0.104	0.105	0.101	0.116	0.123	0.115	0.096	0.101	0.118	0.125	0.130	0.131	0.141	0.124	0.122	0.089	0.126	0.110	0.129	0.102	0.122	0.104	0.101	0.125	0.137	0.105	0.140	0.126	0.102	0.104	0.135	0.096	0.098	0.105	0.128	0.122	0.130	0.132	0.064	0.124	0.110	0.143	0.143	0.123	0.116	0.124	0.328	0.122	0.136	0.135	0.123	0.125	0.119	0.051	0.132	0.099	0.094	0.133	0.107	0.135	0.117	0.113	0.103	0.119	0.109	0.100	0.115	0.097	0.088	0.110	0.129	0.121	0.116	0.115	0.130	0.142	0.107	0.107	0.103	0.089	0.084	0.085	0.115	0.101	0.098	0.108	0.116	0.093	0.104	0.108	0.092	0.090
8:00:10	21.9	0.098	0.141	0.143	0.133	0.111	0.108	0.100	0.126	0.131	0.119	0.100	0.107	0.130	0.145	0.150	0.152	0.168	0.145	0.141	0.094	0.145	0.116	0.133	0.107	0.132	0.115	0.107	0.144	0.157	0.115	0.164	0.147	0.109	0.109	0.157	0.102	0.102	0.119	0.146	0.145	0.153	0.156	0.065	0.143	0.120	0.169	0.165	0.125	0.124	0.140	0.344	0.140	0.162	0.161	0.144	0.149	0.137	0.050	0.145	0.105	0.099	0.154	0.115	0.160	0.133	0.123	0.109	0.139	0.122	0.107	0.123	0.102	0.089	0.120	0.148	0.140	0.124	0.129	0.148	0.166	0.117	0.116	0.112	0.101	0.088	0.089	0.132	0.107	0.106	0.121	0.124	0.099	0.113	0.113	0.098	0.095
9:00:11	21.7	0.102	0.158	0.164	0.153	0.118	0.108	0.103	0.137	0.134	0.117	0.102	0.117	0.146	0.169	0.169	0.174	0.197	0.168	0.165	0.099	0.166	0.123	0.139	0.111	0.134	0.126	0.113	0.168	0.180	0.123	0.188	0.171	0.115	0.118	0.178	0.107	0.108	0.133	0.170	0.173	0.178	0.181	0.066	0.161	0.125	0.197	0.195	0.129	0.131	0.160	0.366	0.162	0.191	0.186	0.169	0.176	0.156	0.050	0.160	0.111	0.105	0.177	0.121	0.186	0.149	0.132	0.116	0.159	0.135	0.114	0.134	0.107	0.093	0.136	0.171	0.162	0.129	0.141	0.171	0.193	0.123	0.125	0.119	0.116	0.093	0.091	0.143	0.114	0.110	0.136	0.129	0.106	0.121	0.118	0.104	0.099
10:00:12	21.5	0.105	0.167	0.179	0.175	0.125	0.110	0.104	0.141	0.141	0.122	0.107	0.120	0.162	0.190	0.189	0.196	0.225	0.191	0.188	0.102	0.187	0.131	0.149	0.115	0.142	0.136	0.122	0.191	0.199	0.135	0.208	0.193	0.122	0.124	0.201	0.112	0.115	0.146	0.192	0.200	0.201	0.204	0.066	0.180	0.134	0.216	0.213	0.136	0.137	0.183	0.389	0.182	0.211	0.212	0.192	0.202	0.173	0.049	0.173	0.116	0.109	0.198	0.128	0.207	0.169	0.144	0.125	0.183	0.150	0.122	0.143	0.112	0.096	0.153	0.194	0.182	0.133	0.161	0.197	0.222	0.137	0.139	0.127	0.133	0.097	0.096	0.157	0.115	0.118	0.149	0.135	0.112	0.132	0.126	0.111	0.104
11:00:13	21.5	0.106	0.168	0.196	0.187	0.129	0.110	0.108	0.137	0.148	0.121	0.110	0.124	0.177	0.210	0.209	0.215	0.247	0.210	0.210	0.103	0.207	0.137	0.150	0.118	0.139	0.143	0.128	0.208	0.215	0.140	0.226	0.210	0.129	0.131	0.221	0.114	0.117	0.160	0.209	0.222	0.219	0.223	0.066	0.193	0.141	0.236	0.235	0.143	0.139	0.203	0.408	0.200	0.231	0.234	0.210	0.220	0.192	0.049	0.192	0.121	0.114	0.219	0.138	0.229	0.192	0.156	0.133	0.209	0.174	0.129	0.153	0.117	0.098	0.168	0.216	0.200	0.141	0.180	0.224	0.244	0.143	0.147	0.134	0.149	0.100	0.100	0.178	0.118	0.123	0.163	0.138	0.122	0.135	0.133	0.118	0.107
12:00:14	21.7	0.108	0.168	0.214	0.208	0.129	0.110	0.112	0.140	0.152	0.120	0.114	0.125	0.199	0.233	0.229	0.233	0.261	0.230	0.229	0.103	0.220	0.150	0.159	0.118	0.136	0.165	0.133	0.226	0.236	0.148	0.240	0.230	0.132	0.131	0.236	0.118	0.121	0.174	0.228	0.241	0.236	0.242	0.065	0.202	0.148	0.250	0.256	0.143	0.134	0.222	0.423	0.219	0.249	0.252	0.229	0.243	0.208	0.048	0.212	0.123	0.119	0.242	0.143	0.247	0.213	0.177	0.141	0.227	0.206	0.135	0.167	0.117	0.103	0.191	0.239	0.218	0.147	0.202	0.250	0.267	0.147	0.161	0.139	0.165	0.103	0.104	0.189	0.121	0.127	0.176	0.141	0.124	0.146	0.137	0.123	0.111
13:00:15	21.9	0.105	0.176	0.243	0.225	0.125	0.111	0.118	0.150	0.149	0.128	0.121	0.128	0.225	0.253	0.252	0.246	0.287	0.240	0.246	0.102	0.247	0.172	0.165	0.124	0.136	0.195	0.138	0.239	0.247	0.168	0.253	0.239	0.136	0.132	0.259	0.124	0.124	0.185	0.242	0.255	0.247	0.257	0.064	0.227	0.156	0.265	0.271	0.145	0.138	0.247	0.439	0.233	0.262	0.276	0.245	0.262	0.228	0.048	0.233	0.126	0.127	0.260	0.156	0.257	0.235	0.200	0.144	0.254	0.227	0.138	0.188	0.119	0.107	0.217	0.260	0.236	0.159	0.222	0.272	0.287	0.158	0.173	0.152	0.179	0.107	0.108	0.188	0.124	0.127	0.192	0.143	0.131	0.141	0.144	0.132	0.114
14:00:16	22.2	0.107	0.200	0.263	0.247	0.123	0.116	0.117	0.240	0.152	0.128	0.126	0.134	0.275	0.279	0.266	0.259	0.306	0.262	0.257	0.100	0.272	0.200	0.185	0.135	0.146	0.212	0.153	0.252	0.261	0.191	0.276	0.261	0.149	0.137	0.276	0.135	0.145	0.205	0.257	0.274	0.262	0.268	0.064	0.227	0.168	0.280	0.288	0.148	0.146	0.261	0.457	0.247	0.281	0.291	0.262	0.282	0.239	0.047	0.252	0.134	0.134	0.287	0.176	0.273	0.263	0.214	0.149	0.269	0.268	0.143	0.197	0.127	0.111	0.240	0.277	0.255	0.170	0.238	0.285	0.310	0.165	0.194	0.153	0.195	0.112	0.114	0.178	0.129	0.133	0.200	0.150	0.150	0.157	0.148	0.135	0.125
15:00:16	22.3	0.108	0.254	0.290	0.262	0.125	0.124	0.123	0.205	0.151	0.143	0.142	0.138	0.274	0.314	0.287	0.274	0.340	0.277	0.272	0.095	0.292	0.232	0.197	0.142	0.165	0.227	0.177	0.264	0.282	0.205	0.286	0.281	0.164	0.149	0.290	0.148	0.135	0.219	0.278	0.287	0.275	0.283	0.063	0.201	0.185	0.304	0.305	0.165	0.193	0.284	0.472	0.262	0.300	0.307	0.285	0.303	0.238	0.047	0.269	0.137	0.144	0.301	0.232	0.296	0.288	0.238	0.157	0.290	0.284	0.150	0.203	0.138	0.115	0.253	0.300	0.276	0.171	0.262	0.310	0.331	0.169	0.182	0.165	0.210	0.118	0.116	0.176	0.135	0.137	0.203	0.156	0.155	0.163	0.158	0.136	0.132
16:00:17	22.3	0.110	0.241	0.326	0.287	0.137	0.146	0.129	0.218	0.162	0.157	0.163	0.139	0.272	0.324	0.280	0.288	0.324	0.283	0.291	0.093	0.319	0.246	0.231	0.145	0.188	0.244	0.191	0.283	0.301	0.227	0.307	0.292	0.184	0.158	0.313	0.154	0.147	0.234	0.296	0.295	0.294	0.298	0.063	0.212	0.214	0.317	0.319	0.170	0.227	0.290	0.491	0.279	0.317	0.328	0.301	0.327	0.231	0.047	0.278	0.148	0.147	0.320	0.269	0.307	0.311	0.258	0.176	0.309	0.305	0.150	0.208	0.147	0.124	0.274	0.306	0.286	0.181	0.302	0.323	0.346	0.183	0.177	0.172	0.224	0.129	0.123	0.177	0.145	0.147	0.210	0.162	0.169	0.163	0.170	0.145	0.143
17:00:18	22.2	0.114	0.272	0.370	0.288	0.163	0.160	0.149	0.184	0.175	0.154	0.187	0.150	0.274	0.352	0.300	0.315	0.346	0.297	0.308	0.091	0.324	0.295	0.228	0.151	0.177	0.260	0.233	0.301	0.305	0.228	0.328	0.314	0.189	0.171	0.326	0.161	0.151	0.249	0.312	0.310	0.312	0.318	0.062	0.188	0.226	0.342	0.342	0.187	0.233	0.304	0.510	0.298	0.339	0.339	0.314	0.320	0.217	0.046	0.280	0.158	0.163	0.333	0.329	0.320	0.321	0.295	0.200	0.312	0.333	0.164	0.207	0.156	0.128	0.284	0.344	0.312	0.196	0.259	0.323	0.358	0.201	0.191	0.178	0.240	0.143	0.129	0.178	0.162	0.162	0.205	0.190	0.182	0.172	0.184	0.163	0.157
18:00:19	21.8	0.117	0.229	0.242	0.256	0.175	0.184	0.163	0.192	0.189	0.168	0.184	0.160	0.269	0.311	0.276	0.305	0.347	0.300	0.315	0.087	0.256	0.237	0.301	0.159	0.196	0.230	0.249	0.310	0.318	0.239	0.300	0.285	0.204	0.220	0.288	0.172	0.149	0.262	0.335	0.291	0.316	0.319	0.062	0.212	0.243	0.327	0.318	0.180	0.251	0.323	0.530	0.311	0.342	0.329	0.317	0.271	0.202	0.046	0.230	0.171	0.173	0.352	0.299	0.358	0.291	0.273	0.210	0.310	0.236	0.189	0.217	0.164	0.135	0.287	0.315	0.330	0.204	0.231	0.269	0.385	0.223	0.231	0.195	0.257	0.157	0.135	0.194	0.166	0.180	0.213	0.193	0.197	0.189	0.204	0.167	0.178
19:00:20	21.9	0.116	0.211	0.245	0.262	0.184	0.194	0.176	0.189	0.197	0.177	0.194	0.166	0.217	0.322	0.289	0.349	0.385	0.306	0.340	0.086	0.263	0.245	0.277	0.164	0.204	0.238	0.280	0.314	0.338	0.270	0.344	0.317	0.224	0.210	0.278	0.188	0.161	0.274	0.322	0.337	0.319	0.330	0.062	0.241	0.249	0.328	0.287	0.198	0.239	0.293	0.540	0.296	0.356	0.328	0.332	0.294	0.218	0.046	0.275	0.191	0.179	0.361	0.272	0.331	0.299	0.255	0.251	0.289	0.224	0.186	0.234	0.183	0.148	0.272	0.348	0.338	0.224	0.237	0.267	0.352	0.228	0.276	0.197	0.265	0.170	0.147	0.193	0.189	0.191	0.208	0.209	0.214	0.218	0.220	0.184	0.193
20:00:22	22.2	0.116	0.323	0.249	0.259	0.183	0.192	0.182	0.208	0.202	0.189	0.217	0.180	0.218	0.325	0.280	0.357	0.310	0.294	0.385	0.084	0.253	0.256	0.273	0.177	0.215	0.236	0.311	0.357	0.365	0.297	0.329	0.322	0.226	0.234	0.279	0.205	0.167	0.287	0.385	0.357	0.369	0.343	0.061	0.234	0.285	0.348	0.341	0.218	0.250	0.260	0.545	0.335	0.374	0.393	0.360	0.313	0.210	0.046	0.253	0.207	0.186	0.391	0.304	0.375	0.296	0.266	0.250	0.291	0.230	0.207	0.255	0.196	0.161	0.284	0.343	0.354	0.238	0.246	0.338	0.309	0.250	0.252	0.212	0.263	0.187	0.166	0.210	0.203	0.198	0.242	0.236	0.242	0.233	0.234	0.205	0.210
21:00:22	22.4	0.115	0.237	0.260	0.273	0.192	0.208	0.194	0.206	0.213	0.193	0.207	0.196	0.234	0.382	0.289	0.411	0.321	0.329	0.408	0.084	0.267	0.254	0.242	0.179	0.211	0.229	0.307	0.389	0.322	0.283	0.349	0.358	0.252	0.228	0.295	0.212	0.174	0.306	0.387	0.400	0.417	0.374	0.061	0.249	0.271	0.380	0.354	0.225	0.238	0.296	0.582	0.365	0.369	0.412	0.390	0.320	0.226	0.046	0.281	0.222	0.201	0.350	0.269	0.377	0.374	0.277	0.261	0.269	0.248	0.209	0.262	0.210	0.179	0.274	0.360	0.370	0.249	0.241	0.335	0.322	0.265	0.260	0.227	0.307	0.201	0.171	0.216	0.212	0.218	0.244	0.235	0.238	0.255	0.254	0.220	0.220
22:00:23	22.5	0.113	0.236	0.273	0.269	0.219	0.220	0.204	0.220	0.233	0.217	0.225	0.214	0.226	0.371	0.311	0.412	0.303	0.367	0.426	0.082	0.256	0.282	0.235	0.193	0.218	0.260	0.332	0.423	0.341	0.301	0.405	0.416	0.256	0.269	0.278	0.237	0.182	0.305	0.429	0.417	0.442	0.439	0.060	0.257	0.305	0.436	0.385	0.237	0.259	0.272	0.614	0.401	0.343	0.407	0.443	0.368	0.240	0.046	0.282	0.246	0.211	0.368	0.292	0.448	0.349	0.275	0.295	0.265	0.300	0.228	0.270	0.231	0.193	0.306	0.373	0.393	0.265	0.250	0.333	0.309	0.297	0.274	0.247	0.315	0.224	0.185	0.238	0.228	0.242	0.254	0.273	0.248	0.261	0.279	0.238	0.244
23:00:25	22.7	0.116	0.252	0.263	0.265	0.216	0.233	0.216	0.226	0.232	0.230	0.251	0.215	0.237	0.414	0.317	0.458	0.287	0.406	0.444	0.080	0.273	0.278	0.262	0.206	0.231	0.270	0.364	0.449	0.302	0.324	0.412	0.417	0.277	0.282	0.279	0.252	0.192	0.255	0.425	0.456	0.458	0.468	0.059	0.272	0.318	0.448	0.385	0.246	0.245	0.289	0.638	0.435	0.382	0.405	0.471	0.393	0.249	0.045	0.285	0.280	0.228	0.380	0.265	0.467	0.343	0.283	0.278	0.280	0.310	0.254	0.275	0.255	0.211	0.294	0.444	0.464	0.266	0.313	0.349	0.290	0.322	0.307	0.266	0.336	0.247	0.200	0.248	0.238	0.254	0.266	0.294	0.276	0.287	0.300	0.250	0.275
24:00:24	22.7	0.117	0.215	0.262	0.274	0.234	0.244	0.226	0.251	0.254	0.263	0.257	0.231	0.248	0.388	0.345	0.482	0.280	0.360	0.475	0.080	0.281	0.284	0.254	0.230	0.231	0.307	0.386	0.468	0.308	0.335	0.389	0.442	0.291	0.300	0.296	0.275	0.202	0.273	0.451	0.476	0.473	0.471	0.059	0.281	0.331	0.481	0.414	0.250	0.259	0.278	0.683	0.454	0.363	0.443	0.489	0.361	0.255	0.045	0.292	0.292	0.239	0.377	0.287	0.494	0.326	0.301	0.278	0.333	0.308	0.248	0.293	0.278	0.230	0.355	0.500	0.488	0.277	0.266	0.334	0.309	0.302	0.336	0.274	0.358	0.278	0.215	0.259	0.265	0.283	0.277	0.314	0.276	0.310	0.305	0.268	0.291
25:00:25	22.8	0.119	0.228	0.270	0.286	0.240	0.258	0.241	0.275	0.274	0.258	0.294	0.260	0.259	0.355	0.297	0.488	0.290	0.416	0.508	0.079	0.282	0.326	0.263	0.241	0.245	0.300	0.427	0.493	0.314	0.359	0.383	0.445	0.304	0.304	0.308	0.283	0.213	0.253	0.490	0.497	0.483	0.496	0.059	0.296	0.351	0.498	0.400	0.267	0.285	0.297	0.681	0.507	0.425	0.485	0.505	0.363	0.268	0.045	0.313	0.322	0.249	0.421	0.341	0.523	0.307	0.318	0.300	0.315	0.415	0.267	0.316	0.294	0.240	0.371	0.489	0.501	0.301	0.279	0.387	0.300	0.342	0.310	0.302	0.348	0.279	0.228	0.280	0.296	0.286	0.304	0.306	0.286	0.321	0.318	0.279	0.300
26:00:26	22.8	0.121	0.239	0.300	0.294	0.261	0.269	0.256	0.279	0.281	0.297	0.299	0.252	0.280	0.387	0.316	0.503	0.295	0.346	0.538	0.079	0.317	0.324	0.263	0.252	0.278	0.310	0.450	0.515	0.346	0.364	0.358	0.457	0.327	0.322	0.319	0.296	0.235	0.261	0.503	0.521	0.512	0.540	0.059	0.308	0.331	0.511	0.370	0.315	0.300	0.306	0.701	0.523	0.412	0.483	0.535	0.397	0.271	0.045	0.320	0.294	0.264	0.397	0.377	0.544	0.317	0.320	0.317	0.323	0.379	0.302	0.323	0.305	0.268	0.404	0.538	0.539	0.316	0.349	0.404	0.319	0.339	0.319	0.319	0.372	0.299	0.242	0.276	0.301	0.310	0.323	0.325	0.296	0.338	0.336	0.293	0.289
27:00:27	22.7	0.122	0.261	0.326	0.315	0.280	0.297	0.275	0.314	0.295	0.345	0.301	0.274	0.294	0.423	0.322	0.515	0.299	0.422	0.540	0.078	0.300	0.326	0.269	0.266	0.284	0.309	0.431	0.539	0.343	0.370	0.357	0.486	0.346	0.358	0.328	0.315	0.248	0.278	0.531	0.542	0.532	0.543	0.058	0.322	0.363	0.523	0.355	0.324	0.309	0.313	0.714	0.529	0.440	0.537	0.546	0.398	0.286	0.045	0.334	0.325	0.283	0.398	0.430	0.583	0.324	0.371	0.334	0.346	0.461	0.315	0.348	0.315	0.283	0.429	0.537	0.548	0.326	0.344	0.416	0.335	0.345	0.410	0.327	0.398	0.362	0.257	0.314	0.309	0.320	0.350	0.349	0.323	0.355	0.343	0.326	0.306
28:00:28	22.7	0.124	0.337	0.334	0.333	0.315	0.308	0.301	0.310	0.312	0.314	0.314	0.286	0.297	0.479	0.351	0.537	0.307	0.465	0.556	0.078	0.343	0.342	0.275	0.272	0.308	0.312	0.458	0.554	0.375	0.387	0.380	0.470	0.359	0.372	0.356	0.329	0.269	0.275	0.529	0.569	0.555	0.549	0.058	0.340	0.375	0.535	0.387	0.301	0.349	0.335	0.750	0.564	0.460	0.546	0.567	0.399	0.303	0.045	0.415	0.345	0.293	0.383	0.485	0.594	0.453	0.367	0.349	0.369	0.411	0.355	0.379	0.312	0.309	0.422	0.527	0.570	0.344	0.407	0.418	0.335	0.371	0.410	0.354	0.426	0.315	0.276	0.328	0.334	0.370	0.348	0.366	0.366	0.375	0.365	0.337	0.328
29:00:30	22.6	0.122	0.306	0.348	0.358	0.325	0.336	0.306	0.331	0.317	0.337	0.319	0.344	0.356	0.462	0.351	0.545	0.318	0.417	0.598	0.076	0.364	0.402	0.282	0.285	0.333	0.338	0.453	0.551	0.348	0.430	0.408	0.472	0.384	0.366	0.377	0.344	0.290	0.282	0.539	0.596	0.585	0.563	0.057	0.350	0.383	0.571	0.385	0.346	0.370	0.356	0.764	0.571	0.429	0.520	0.579	0.419	0.311	0.045	0.413	0.372	0.313	0.432	0.395	0.597	0.435	0.418	0.355	0.381	0.480	0.368	0.383	0.342	0.307	0.417	0.576	0.562	0.370	0.350	0.390	0.346	0.406	0.447	0.394	0.449	0.405	0.293	0.322	0.369	0.387	0.421	0.371	0.376	0.390	0.382	0.368	0.332
30:00:30	22.6	0.121	0.304	0.377	0.397	0.327	0.338	0.348	0.359	0.343	0.356	0.322	0.321	0.364	0.461	0.371	0.556	0.340	0.413	0.602	0.077	0.427	0.411	0.295	0.303	0.335	0.370	0.453	0.567	0.340	0.436	0.425	0.432	0.419	0.359	0.394	0.364	0.311	0.291	0.551	0.598	0.595	0.578	0.057	0.361	0.392	0.572	0.426	0.360	0.395	0.371	0.780	0.588	0.463	0.571	0.583	0.432	0.319	0.045	0.420	0.350	0.328	0.352	0.436	0.599	0.437	0.415	0.347	0.410	0.451	0.391	0.404	0.358	0.330	0.460	0.477	0.520	0.372	0.368	0.390	0.353	0.425	0.472	0.358	0.454	0.350	0.305	0.354	0.413	0.391	0.467	0.382	0.336	0.401	0.390	0.374	0.343
31:00:31	22.6	0.123	0.341	0.440	0.413	0.366	0.372	0.365	0.406	0.366	0.390	0.333	0.354	0.392	0.454	0.447	0.485	0.373	0.396	0.499	0.076	0.386	0.344	0.310	0.321	0.392	0.420	0.467	0.541	0.406	0.458	0.447	0.387	0.434	0.366	0.446	0.386	0.346	0.324	0.520	0.620	0.550	0.526	0.057	0.394	0.424	0.434	0.480	0.376	0.360	0.395	0.798	0.605	0.420	0.537	0.548	0.444	0.335	0.045	0.453	0.385	0.341	0.367	0.545	0.573	0.516	0.456	0.359	0.440	0.477	0.423	0.435	0.380	0.345	0.393	0.477	0.483	0.415	0.431	0.432	0.399	0.442	0.471	0.371	0.486	0.361	0.329	0.373	0.422	0.382	0.426	0.393	0.399	0.392	0.423	0.384	0.348
32:00:32	22.3	0.123	0.389	0.462	0.438	0.388	0.400	0.385	0.446	0.398	0.412	0.363	0.387	0.455	0.451	0.424	0.495	0.411	0.436	0.494	0.075	0.423	0.402	0.336	0.338	0.414	0.414	0.489	0.512	0.380	0.472	0.466	0.459	0.468	0.409	0.448	0.400	0.381	0.302	0.526	0.572	0.535	0.543	0.057	0.422	0.437	0.520	0.491	0.416	0.377	0.410	0.789	0.568	0.492	0.471	0.503	0.478	0.348	0.044	0.418	0.398	0.365	0.390	0.446	0.549	0.469	0.426	0.358	0.461	0.575	0.461	0.425	0.412	0.370	0.456	0.511	0.531	0.447	0.486	0.488	0.391	0.465	0.494	0.369	0.528	0.403	0.344	0.396	0.402	0.434	0.479	0.417	0.432	0.454	0.440	0.388	0.373
33:00:33	22.0	0.123	0.379	0.498	0.468	0.411	0.426	0.406	0.476	0.426	0.457	0.388	0.432	0.447	0.508	0.448	0.505	0.405	0.451	0.529	0.075	0.451	0.427	0.339	0.347	0.449	0.459	0.470	0.544	0.417	0.490	0.491	0.479	0.510	0.463	0.482	0.405	0.398	0.313	0.523	0.597	0.556	0.497	0.057	0.460	0.442	0.538	0.530	0.466	0.418	0.449	0.771	0.565	0.478	0.494	0.555	0.500	0.370	0.044	0.499	0.425	0.389	0.450	0.498	0.527	0.510	0.495	0.391	0.492	0.587	0.484	0.495	0.441	0.407	0.488	0.523	0.555	0.471	0.544	0.539	0.452	0.537	0.511	0.399	0.608	0.413	0.348	0.509	0.450	0.466	0.499	0.458	0.448	0.532	0.449	0.423	0.405
34:00:34	21.7	0.121	0.407	0.530	0.491	0.434	0.454	0.426	0.494	0.448	0.488	0.412	0.443	0.461	0.540	0.500	0.560	0.438	0.487	0.530	0.075	0.471	0.445	0.360	0.374	0.463	0.501	0.492	0.569	0.441	0.509	0.536	0.521	0.528	0.483	0.523	0.433	0.432	0.313	0.528	0.629	0.571	0.521	0.056	0.486	0.524	0.552	0.544	0.490	0.436	0.444	0.785	0.574	0.502	0.539	0.573	0.536	0.398	0.045	0.531	0.461	0.412	0.474	0.507	0.572	0.510	0.545	0.383	0.510	0.603	0.505	0.529	0.469	0.435	0.502	0.543	0.580	0.507	0.564	0.539	0.520	0.542	0.572	0.436	0.628	0.434	0.375	0.495	0.464	0.476	0.521	0.511	0.464	0.558	0.484	0.453	0.419
35:00:34	21.4	0.121	0.434	0.535	0.520	0.455	0.477	0.443	0.506	0.458	0.501	0.430	0.455	0.486	0.544	0.528	0.594	0.467	0.509	0.540	0.074	0.500	0.476	0.389	0.398	0.481	0.565	0.500	0.583	0.471	0.562	0.564	0.542	0.556	0.511	0.547	0.479	0.464	0.306	0.564	0.637	0.565	0.554	0.056	0.505	0.601	0.570	0.572	0.510	0.456	0.490	0.811	0.587	0.536	0.560	0.590	0.546	0.411	0.044	0.565	0.490	0.422	0.501	0.537	0.569	0.554	0.558	0.386	0.535	0.626	0.528	0.557	0.490	0.457	0.530	0.553	0.585	0.527	0.561	0.577	0.532	0.605	0.560	0.490	0.667	0.440	0.412	0.506	0.480	0.494	0.536	0.507	0.470	0.574	0.500	0.470	0.433
36:00:35	21.4	0.121	0.451	0.555	0.550	0.473	0.510	0.454	0.521	0.477	0.525	0.441	0.465	0.504	0.575	0.538	0.565	0.493	0.524	0.576	0.073	0.513	0.488	0.407	0.424	0.496	0.562	0.532	0.595	0.495	0.579	0.604	0.559	0.590	0.542	0.567	0.494	0.465	0.321	0.579	0.630	0.577	0.569	0.056	0.536	0.580	0.590	0.589	0.530	0.473	0.510	0.820	0.608	0.535	0.607	0.622	0.572	0.408	0.044	0.572	0.499	0.439	0.511	0.557	0.580	0.559	0.571	0.390	0.534	0.611	0.559	0.581	0.503	0.483	0.548	0.573	0.628	0.545	0.600	0.607	0.556	0.597	0.649	0.487	0.657	0.459	0.437	0.516	0.501	0.511	0.550	0.542	0.477	0.543	0.529	0.485	0.445
37:00:36	21.2	0.121	0.486	0.568	0.558	0.488	0.522	0.468	0.545	0.495	0.548	0.443	0.478	0.522	0.582	0.553	0.586	0.506	0.547	0.596	0.073	0.529	0.504	0.420	0.437	0.506	0.581	0.555	0.602	0.522	0.609	0.627	0.569	0.594	0.565	0.582	0.499	0.479	0.326	0.590	0.629	0.588	0.596	0.055	0.560	0.568	0.603	0.602	0.548	0.490	0.528	0.824	0.593	0.535	0.626	0.613	0.613	0.449	0.044	0.595	0.513	0.463	0.546	0.568	0.588	0.592	0.578	0.395	0.547	0.623	0.571	0.633	0.515	0.496	0.583	0.594	0.625	0.570	0.594	0.631	0.563	0.669	0.681	0.512	0.695	0.463	0.454	0.529	0.513	0.523	0.559	0.553	0.482	0.582	0.531	0.496	0.449
38:00:38	21.2	0.124	0.497	0.580	0.571	0.499	0.519	0.466	0.557	0.497	0.537	0.459	0.487	0.532	0.583	0.569	0.614	0.529	0.563	0.621	0.072	0.522	0.549	0.447	0.437	0.534	0.594	0.554	0.601	0.550	0.601	0.640	0.566	0.612	0.570	0.606	0.500	0.485	0.330	0.619	0.619	0.596	0.597	0.055	0.583	0.617	0.615	0.620	0.558	0.508	0.552	0.814	0.604	0.544	0.671	0.657	0.636	0.455	0.045	0.625	0.520	0.484	0.565	0.588	0.624	0.606	0.604	0.367	0.646	0.702	0.617	0.656	0.517	0.509	0.568	0.602	0.652	0.593	0.603	0.663	0.578	0.637	0.672	0.537	0.726	0.468	0.475	0.544	0.522	0.545	0.577	0.596	0.491	0.588	0.536	0.505	0.470
39:00:38	21.1	0.120	0.487	0.602	0.583	0.510	0.564	0.491	0.566	0.521	0.558	0.463	0.478	0.545	0.623	0.585	0.624	0.547	0.587	0.624	0.072	0.562	0.518	0.443	0.451	0.522	0.622	0.588	0.668	0.560	0.623	0.676	0.624	0.635	0.598	0.614	0.518	0.506	0.365	0.638	0.645	0.628	0.630	0.055	0.603	0.615	0.619	0.644	0.570	0.502	0.570	0.807	0.652	0.555	0.627	0.677	0.638	0.514	0.044	0.619	0.525	0.494	0.571	0.619	0.634	0.624	0.608	0.377	0.574	0.660	0.594	0.658	0.543	0.520	0.594	0.611	0.684	0.590	0.628	0.672	0.599	0.693	0.698	0.546	0.705	0.478	0.485	0.547	0.537	0.548	0.591	0.583	0.500	0.667	0.542	0.511	0.462
40:00:40	21.1	0.120	0.512	0.604	0.605	0.521	0.581	0.496	0.588	0.521	0.552	0.465	0.507	0.561	0.633	0.587	0.624	0.557	0.598	0.632	0.071	0.574	0.550	0.456	0.471	0.554	0.604	0.624	0.671	0.574	0.646	0.664	0.641	0.635	0.676	0.628	0.554	0.509	0.358	0.666	0.653	0.615	0.649	0.055	0.625	0.606	0.632	0.646	0.578	0.511	0.587	0.820	0.658	0.550	0.671	0.663	0.649	0.518	0.044	0.658	0.536	0.513	0.587	0.621	0.627	0.635	0.630	0.404	0.607	0.659	0.601	0.661	0.553	0.528	0.591	0.625	0.710	0.618	0.654	0.686	0.600	0.713	0.706	0.561	0.707	0.463	0.492	0.571	0.547	0.555	0.587	0.608	0.507	0.645	0.561	0.524	0.473
41:00:40	21.2	0.122	0.541	0.601	0.615	0.529	0.592	0.513	0.590	0.539	0.557	0.463	0.494	0.587	0.642	0.596	0.647	0.571	0.629	0.627	0.071	0.590	0.558	0.474	0.472	0.619	0.583	0.628	0.716	0.587	0.690	0.652	0.646	0.694	0.663	0.653	0.547	0.502	0.367	0.677	0.674	0.646	0.690	0.055	0.635	0.619	0.641	0.660	0.579	0.510	0.600	0.825	0.670	0.562	0.695	0.673	0.661	0.542	0.044	0.648	0.544	0.519	0.613	0.632	0.666	0.648	0.691	0.423	0.674	0.673	0.643	0.667	0.570	0.542	0.641	0.658	0.713	0.632	0.661	0.705	0.615	0.688	0.750	0.572	0.732	0.449	0.499	0.567	0.565	0.565	0.581	0.595	0.520	0.620	0.567	0.534	0.483
42:00:41	21.4	0.123	0.539	0.631	0.636	0.542	0.603	0.517	0.592	0.553	0.563	0.457	0.516	0.586	0.651	0.623	0.640	0.586	0.637	0.642	0.071	0.602	0.574	0.486	0.489	0.568	0.609	0.670	0.681	0.606	0.671	0.688	0.673	0.730	0.665	0.648	0.561	0.509	0.383	0.694	0.689	0.645	0.687	0.055	0.668	0.645	0.666	0.683	0.593	0.530	0.607	0.823	0.685	0.560	0.741	0.698	0.686	0.577	0.044	0.673	0.552	0.539	0.619	0.647	0.684	0.645	0.648	0.382	0.691	0.696	0.641	0.692	0.574	0.559	0.659	0.659	0.734	0.638	0.663	0.704	0.627	0.720	0.776	0.581	0.692	0.467	0.511	0.586	0.590	0.577	0.612	0.650	0.523	0.619	0.589	0.547	0.490
43:00:41	21.5	0.122	0.566	0.641	0.637	0.549	0.605	0.527	0.599	0.573	0.565	0.458	0.528	0.607	0.655	0.622	0.660	0.605	0.651	0.651	0.071	0.616	0.575	0.499	0.502	0.584	0.657	0.648	0.712	0.618	0.710	0.689	0.690	0.705	0.721	0.666	0.569	0.525	0.401	0.705	0.712	0.656	0.687	0.055	0.677	0.647	0.664	0.692	0.611	0.540	0.629	0.835	0.660	0.579	0.732	0.697	0.690	0.576	0.044	0.693	0.560	0.567	0.637	0.663	0.715	0.671	0.666	0.385	0.677	0.718	0.669	0.701	0.583	0.566	0.667	0.678	0.768	0.685	0.699	0.706	0.637	0.748	0.807	0.588	0.719	0.464	0.521	0.588	0.587	0.597	0.624	0.609	0.529	0.634	0.594	0.551	0.500
44:00:43	21.7	0.118	0.550	0.657	0.654	0.561	0.609	0.536	0.618	0.571	0.589	0.456	0.528	0.589	0.662	0.636	0.671	0.605	0.660	0.666	0.070	0.617	0.584	0.519	0.507	0.571	0.723	0.660	0.719	0.621	0.731	0.716	0.687	0.744	0.704	0.674	0.575	0.528	0.406	0.720	0.720	0.671	0.702	0.055	0.693	0.704	0.678	0.702	0.615	0.539	0.632	0.830	0.681	0.585	0.697	0.726	0.695	0.606	0.044	0.705	0.574	0.566	0.656	0.668	0.724	0.701	0.680	0.384	0.723	0.738	0.661	0.721	0.590	0.578	0.666	0.689	0.751	0.692	0.694	0.753	0.649	0.770	0.783	0.605	0.745	0.459	0.536	0.601	0.608	0.611	0.644	0.657	0.529	0.606	0.596	0.563	0.504
45:00:44	21.9	0.116	0.565	0.675	0.663	0.574	0.630	0.540	0.621	0.575	0.575	0.465	0.582	0.597	0.694	0.644	0.675	0.632	0.655	0.678	0.069	0.629	0.585	0.539	0.523	0.586	0.757	0.706	0.736	0.636	0.750	0.723	0.706	0.729	0.748	0.683	0.584	0.544	0.420	0.681	0.701	0.658	0.730	0.054	0.691	0.679	0.693	0.719	0.611	0.552	0.648	0.829	0.705	0.596	0.760	0.689	0.717	0.615	0.044	0.711	0.577	0.571	0.645	0.681	0.728	0.702	0.720	0.417	0.701	0.737	0.686	0.736	0.601	0.584	0.675	0.670	0.750	0.731	0.680	0.714	0.663	0.792	0.779	0.607	0.773	0.469	0.556	0.626	0.612	0.619	0.635	0.663	0.538	0.624	0.622	0.566	0.514
46:00:45	22.0	0.115	0.557	0.672	0.668	0.572	0.635	0.552	0.637	0.597	0.619	0.518	0.573	0.613	0.691	0.642	0.684	0.642	0.689	0.685	0.069	0.644	0.606	0.544	0.536	0.585	0.757	0.670	0.712	0.655	0.762	0.726	0.706	0.707	0.799	0.690	0.609	0.535	0.439	0.726	0.729	0.678	0.739	0.054	0.714	0.701	0.698	0.728	0.622	0.557	0.663	0.869	0.708	0.601	0.759	0.727	0.729	0.660	0.044	0.715	0.584	0.576	0.658	0.698	0.751	0.730	0.785	0.412	0.733	0.730	0.688	0.764	0.606	0.603	0.716	0.712	0.769	0.686	0.697	0.847	0.667	0.779	0.797	0.631	0.779	0.500	0.570	0.603	0.625	0.627	0.594	0.663	0.548	0.601	0.624	0.577	0.521
47:00:46	22.2	0.110	0.608	0.682	0.672	0.586	0.640	0.564	0.634	0.595	0.629	0.510	0.579	0.619	0.713	0.671	0.685	0.667	0.695	0.696	0.068	0.659	0.614	0.563	0.546	0.603	0.769	0.687	0.741	0.676	0.769	0.754	0.701	0.760	0.778	0.703	0.624	0.548	0.452	0.753	0.730	0.690	0.760	0.054	0.730	0.708	0.708	0.742	0.631	0.560	0.677	0.868	0.718	0.628	0.783	0.801	0.750	0.653	0.044	0.766	0.586	0.589	0.685	0.695	0.750	0.716	0.751	0.429	0.755	0.781	0.704	0.748	0.608	0.602	0.783	0.736	0.782	0.691	0.738	0.776	0.697	0.797	0.842	0.639	0.778	0.500	0.570	0.635	0.624	0.633	0.645	0.690	0.556	0.620	0.632	0.582	0.530
48:00:46	22.4	0.109	0.588	0.692	0.682	0.598	0.655	0.573	0.639	0.606	0.622	0.539	0.565	0.632	0.746	0.672	0.704	0.656	0.697	0.705	0.068	0.666	0.614	0.586	0.541	0.605	0.801	0.725	0.754	0.677	0.787	0.752	0.743	0.767	0.803	0.702	0.632	0.562	0.458	0.745	0.736	0.697	0.764	0.054	0.726	0.716	0.712	0.748	0.633	0.564	0.697	0.893	0.759	0.627	0.805	0.760	0.731	0.663	0.044	0.762	0.603	0.594	0.676	0.715	0.778	0.743	0.744	0.436	0.725	0.759	0.707	0.787	0.612	0.615	0.751	0.719	0.772	0.715	0.713	0.810	0.685	0.824	0.811	0.641	0.774	0.517	0.586	0.645	0.644	0.654	0.619	0.685	0.561	0.619	0.633	0.591	0.539
49:00:48	22.5	0.109	0.591	0.701	0.710	0.606	0.665	0.578	0.646	0.615	0.641	0.552	0.577	0.634	0.747	0.679	0.710	0.684	0.704	0.719	0.068	0.689	0.626	0.584	0.559	0.624	0.825	0.726	0.760	0.692	0.804	0.748	0.736	0.775	0.804	0.709	0.635	0.566	0.467	0.758	0.757	0.703	0.771	0.054	0.741	0.715	0.724	0.758	0.624	0.587	0.703	0.896	0.773	0.669	0.785	0.843	0.750	0.669	0.044	0.760	0.609	0.615	0.676	0.708	0.789	0.729	0.742	0.457	0.729	0.774	0.727	0.782	0.619	0.615	0.771	0.758	0.812	0.741	0.735	0.817	0.720	0.810	0.835	0.646	0.817	0.531	0.603	0.654	0.649	0.656	0.624	0.690	0.573	0.633	0.650	0.602	0.544
50:00:49	22.6	0.106	0.605	0.717	0.717	0.614	0.672	0.592	0.666	0.630	0.634	0.579	0.556	0.648	0.746	0.694	0.719	0.679	0.721	0.732	0.067	0.703	0.648	0.605	0.571	0.641	0.850	0.715	0.772	0.701	0.853	0.791	0.751	0.807	0.761	0.725	0.649	0.588	0.479	0.762	0.748	0.746	0.780	0.054	0.743	0.750	0.735	0.767	0.632	0.596	0.713	0.925	0.780	0.656	0.779	0.812	0.760	0.709	0.044	0.783	0.617	0.616	0.720	0.727	0.781	0.757	0.782	0.437	0.757	0.812	0.788	0.792	0.630	0.629	0.726	0.736	0.859	0.753	0.783	0.820	0.693	0.861	0.858	0.660	0.851	0.543	0.606	0.645	0.653	0.662	0.638	0.678	0.582	0.645	0.664	0.616	0.558
51:00:50	22.6	0.103	0.607	0.703	0.715	0.634	0.681	0.597	0.675	0.628	0.631	0.568	0.563	0.651	0.749	0.690	0.730	0.717	0.737	0.740	0.067	0.707	0.666	0.622	0.592	0.641	0.803	0.760	0.763	0.713	0.843	0.791	0.761	0.864	0.810	0.723	0.650	0.619	0.484	0.765	0.770	0.772	0.790	0.054	0.776	0.842	0.752	0.779	0.642	0.604	0.712	0.945	0.786	0.676	0.790	0.771	0.789	0.727	0.044	0.792	0.632	0.633	0.710	0.726	0.785	0.767	0.797	0.439	0.778	0.822	0.755	0.805	0.638	0.626	0.739	0.753	0.843	0.758	0.738	0.862	0.727	0.828	0.804	0.662	0.843	0.540	0.627	0.641	0.665	0.670	0.641	0.696	0.588	0.653	0.664	0.622	0.560
52:00:50	22.5	0.101	0.626	0.719	0.732	0.628	0.691	0.603	0.682	0.646	0.669	0.624	0.554	0.652	0.772	0.729	0.752	0.729	0.741	0.746	0.066	0.721	0.673	0.627	0.597	0.658	0.840	0.815	0.772	0.723	0.880	0.802	0.782	0.843	0.798	0.740	0.664	0.613	0.490	0.779	0.790	0.772	0.812	0.054	0.786	0.770	0.754	0.780	0.642	0.602	0.738	0.959	0.775	0.691	0.830	0.813	0.778	0.721	0.044	0.809	0.649	0.635	0.733	0.731	0.796	0.775	0.784	0.408	0.786	0.800	0.773	0.811	0.653	0.616	0.724	0.745	0.867	0.753	0.760	0.856	0.751	0.817	0.901	0.668	0.879	0.563	0.632	0.680	0.675	0.670	0.635	0.679	0.600	0.663	0.676	0.638	0.561
53:00:50	22.5	0.098	0.631	0.741	0.733	0.649	0.696	0.608	0.699	0.664	0.659	0.633	0.591	0.681	0.775	0.755	0.754	0.732	0.751	0.762	0.066	0.728	0.679	0.649	0.608	0.667	0.804	0.807	0.785	0.744	0.834	0.809	0.783	0.827	0.800	0.760	0.670	0.620	0.500	0.801	0.793	0.775	0.826	0.053	0.784	0.789	0.773	0.799	0.650	0.615	0.741	0.964	0.794	0.704	0.818	0.836	0.804	0.738	0.044	0.810	0.664	0.646	0.730	0.748	0.816	0.769	0.785	0.609	0.807	0.833	0.786	0.798	0.662	0.624	0.718	0.754	0.860	0.762	0.760	0.865	0.732	0.797	0.864	0.676	0.894	0.563	0.649	0.683	0.680	0.686	0.649	0.717	0.606	0.674	0.684	0.646	0.570
54:00:52	22.5	0.098	0.640	0.745	0.750	0.651	0.701	0.606	0.698	0.686	0.689	0.666	0.574	0.687	0.822	0.751	0.774	0.743	0.761	0.764	0.065	0.736	0.690	0.658	0.610	0.679	0.787	0.794	0.787	0.747	0.865	0.817	0.800	0.822	0.790	0.767	0.676	0.618	0.504	0.820	0.814	0.763	0.813	0.053	0.798	0.778	0.783	0.802	0.671	0.623	0.747	0.984	0.805	0.695	0.820	0.818	0.800	0.758	0.043	0.817	0.672	0.650	0.745	0.748	0.797	0.774	0.785	0.643	0.823	0.840	0.793	0.819	0.672	0.609	0.716	0.755	0.857	0.761	0.768	0.802	0.735	0.858	0.810	0.696	0.896	0.571	0.640	0.711	0.693	0.684	0.645	0.684	0.618	0.676	0.702	0.659	0.579
55:00:52	22.4	0.095	0.638	0.758	0.760	0.663	0.705	0.615	0.712	0.685	0.701	0.671	0.585	0.696	0.833	0.780	0.782	0.755	0.766	0.775	0.064	0.750	0.702	0.671	0.624	0.695	0.809	0.779	0.795	0.763	0.849	0.814	0.810	0.827	0.778	0.780	0.684	0.622	0.507	0.809	0.826	0.758	0.812	0.053	0.805	0.792	0.784	0.812	0.673	0.630	0.751	0.998	0.807	0.707	0.783	0.826	0.830	0.748	0.044	0.808	0.682	0.656	0.753	0.761	0.820	0.786	0.802	0.497	0.806	0.861	0.805	0.815	0.679	0.606	0.713	0.776	0.835	0.762	0.769	0.842	0.738	0.862	0.797	0.715	0.902	0.572	0.644	0.697	0.695	0.698	0.661	0.687	0.633	0.683	0.715	0.665	0.588
56:00:54	22.4	0.092	0.647	0.760	0.786	0.669	0.698	0.617	0.718	0.684	0.705	0.683	0.585	0.704	0.834	0.774	0.793	0.767	0.778	0.787	0.064	0.764	0.716	0.690	0.634	0.703	0.799	0.812	0.818	0.771	0.855	0.828	0.824	0.837	0.814	0.784	0.700	0.644	0.519	0.834	0.846	0.783	0.834	0.053	0.812	0.802	0.797	0.816	0.681	0.628	0.759	1.004	0.822	0.726	0.848	0.806	0.827	0.758	0.044	0.805	0.680	0.650	0.762	0.768	0.852	0.799	0.814	0.545	0.793	0.871	0.806	0.816	0.688	0.606	0.719	0.780	0.859	0.776	0.775	0.814	0.763	0.880	0.783	0.720	0.892	0.585	0.650	0.721	0.701	0.714	0.669	0.704	0.644	0.695	0.725	0.684	0.591
57:00:55	22.1	0.090	0.656	0.773	0.798	0.673	0.707	0.634	0.721	0.692	0.696	0.674	0.599	0.703	0.857	0.780	0.792	0.780	0.789	0.797	0.064	0.776	0.732	0.694	0.640	0.702	0.781	0.787	0.824	0.785	0.880	0.842	0.836	0.835	0.809	0.790	0.705	0.643	0.524	0.836	0.867	0.789	0.833	0.053	0.825	0.800	0.808	0.823	0.697	0.630	0.763	1.016	0.835	0.735	0.841	0.793	0.826	0.766	0.043	0.813	0.699	0.649	0.760	0.776	0.841	0.808	0.811	0.507	0.805	0.855	0.810	0.825	0.695	0.616	0.725	0.787	0.838	0.778	0.796	0.815	0.770	0.872	0.831	0.727	0.935	0.602	0.646	0.717	0.706	0.729	0.678	0.703	0.651	0.703	0.730	0.689	0.602
58:00:55	22.0	0.091	0.658	0.776	0.815	0.670	0.727	0.644	0.708	0.700	0.690	0.685	0.595	0.709	0.874	0.782	0.803	0.787	0.800	0.806	0.064	0.793	0.743	0.711	0.647	0.711	0.790	0.793	0.827	0.790	0.878	0.843	0.844	0.831	0.824	0.800	0.715	0.645	0.535	0.848	0.874	0.802	0.842	0.053	0.834	0.823	0.815	0.823	0.715	0.635	0.770	1.017	0.858	0.746	0.879	0.811	0.835	0.778	0.044	0.821	0.704	0.636	0.776	0.795	0.831	0.826	0.826	0.530	0.803	0.888	0.824	0.823	0.711	0.639	0.732	0.800	0.849	0.794	0.801	0.791	0.781	0.890	0.755	0.739	0.938	0.613	0.652	0.709	0.715	0.733	0.694	0.707	0.661	0.718	0.742	0.699	0.616
59:00:57	21.8	0.090	0.657	0.782	0.811	0.682	0.735	0.663	0.712	0.721	0.706	0.695	0.605	0.719	0.881	0.793	0.808	0.796	0.812	0.810	0.064	0.805	0.754	0.721	0.651	0.720	0.802	0.809	0.835	0.803	0.885	0.850	0.850	0.868	0.826	0.804	0.722	0.644	0.540	0.856	0.899	0.820	0.840	0.053	0.840	0.822	0.824	0.827	0.727	0.644	0.777	1.029	0.858	0.750	0.883	0.819	0.849	0.789	0.044	0.831	0.711	0.644	0.785	0.807	0.848	0.833	0.841	0.501	0.814	0.880	0.837	0.831	0.717	0.655	0.746	0.814	0.874	0.806	0.808	0.805	0.786	0.902	0.768	0.742	0.958	0.629	0.662	0.714	0.727	0.737	0.709	0.716	0.667	0.733	0.753	0.707	0.627
60:00:58	21.6	0.090	0.682	0.789	0.847	0.689	0.746	0.721	0.719	0.738	0.715	0.690	0.623	0.717	0.895	0.802	0.818	0.803	0.823	0.821	0.063	0.813	0.773	0.727	0.658	0.722	0.812	0.817	0.842	0.810	0.857	0.861	0.860	0.846	0.837	0.810	0.726	0.658	0.545	0.838	0.896	0.829	0.852	0.052	0.852	0.837	0.837	0.841	0.728	0.659	0.785	1.046	0.873	0.770	0.851	0.827	0.859	0.807	0.043	0.838	0.721	0.646	0.801	0.813	0.840	0.850	0.852	0.500	0.825	0.904	0.838	0.836	0.723	0.661	0.760	0.815	0.861	0.820	0.815	0.810	0.798	0.890	0.779	0.752	0.970	0.636	0.672	0.722	0.740	0.732	0.716	0.725	0.667	0.751	0.762	0.714	0.639
61:00:58	21.5	0.086	0.755	0.789	0.831	0.700	0.748	0.754	0.731	0.725	0.704	0.693	0.638	0.728	0.908	0.816	0.825	0.805	0.829	0.824	0.063	0.820	0.778	0.726	0.650	0.722	0.820	0.828	0.851	0.823	0.867	0.869	0.875	0.857	0.835	0.820	0.727	0.681	0.548	0.840	0.907	0.832	0.862	0.053	0.861	0.846	0.842	0.842	0.740	0.661	0.791	1.059	0.884	0.782	0.841	0.822	0.863	0.803	0.044	0.849	0.730	0.654	0.813	0.826	0.856	0.866	0.857	0.542	0.824	0.927	0.848	0.844	0.729	0.674	0.766	0.824	0.872	0.835	0.825	0.826	0.801	0.894	0.783	0.752	0.947	0.643	0.684	0.732	0.753	0.740	0.728	0.732	0.676	0.747	0.769	0.721	0.645
62:00:59	21.4	0.084	0.750	0.794	0.822	0.703	0.755	0.733	0.744	0.734	0.698	0.713	0.652	0.737	0.929	0.826	0.835	0.814	0.841	0.842	0.062	0.836	0.792	0.738	0.665	0.726	0.824	0.834	0.860	0.837	0.877	0.883	0.882	0.870	0.847	0.822	0.731	0.689	0.553	0.856	0.916	0.843	0.869	0.053	0.871	0.862	0.855	0.854	0.744	0.661	0.806	1.040	0.884	0.787	0.852	0.836	0.880	0.826	0.044	0.858	0.730	0.667	0.820	0.835	0.848	0.873	0.870	0.536	0.845	0.917	0.864	0.855	0.727	0.685	0.779	0.835	0.882	0.841	0.841	0.836	0.807	0.956	0.814	0.770	0.923	0.644	0.701	0.741	0.756	0.738	0.736	0.740	0.689	0.750	0.777	0.729	0.651
63:00:59	21.3	0.084	0.744	0.781	0.852	0.716	0.768	0.708	0.782	0.721	0.709	0.724	0.663	0.741	0.939	0.833	0.847	0.820	0.845	0.854	0.062	0.842	0.806	0.738	0.657	0.736	0.823	0.852	0.867	0.848	0.885	0.889	0.891	0.884	0.853	0.829	0.730	0.700	0.562	0.857	0.903	0.850	0.880	0.052	0.878	0.866	0.861	0.854	0.752	0.674	0.816	1.066	0.893	0.794	0.856	0.838	0.885	0.822	0.044	0.869	0.736	0.692	0.828	0.847	0.864	0.886	0.879	0.611	0.854	0.905	0.866	0.862	0.733	0.693	0.784	0.841	0.889	0.848	0.849	0.842	0.820	0.905	0.822	0.774	0.960	0.643	0.710	0.756	0.771	0.735	0.742	0.756	0.703	0.770	0.781	0.739	0.660
64:01:01	21.3	0.083	0.737	0.753	0.806	0.721	0.773	0.690	0.767	0.700	0.721	0.757	0.677	0.764	0.942	0.842	0.856	0.829	0.858	0.863	0.062	0.847	0.811	0.750	0.683	0.728	0.824	0.860	0.877	0.858	0.893	0.901	0.899	0.889	0.856	0.837	0.745	0.718	0.565	0.862	0.921	0.854	0.889	0.052	0.888	0.874	0.872	0.865	0.765	0.678	0.829	1.080	0.893	0.805	0.874	0.834	0.892	0.828	0.044	0.877	0.731	0.703	0.832	0.857	0.879	0.890	0.891	0.548	0.864	0.920	0.874	0.872	0.744	0.706	0.792	0.852	0.893	0.858	0.862	0.860	0.827	0.916	0.844	0.783	0.946	0.645	0.722	0.753	0.766	0.746	0.752	0.763	0.707	0.788	0.794	0.746	0.666
65:01:01	21.5	0.082	0.740	0.780	0.797	0.727	0.783	0.697	0.776	0.710	0.735	0.761	0.686	0.783	0.938	0.850	0.871	0.835	0.868	0.864	0.062	0.855	0.823	0.762	0.683	0.742	0.831	0.875	0.891	0.872	0.910	0.911	0.913	0.895	0.861	0.850	0.754	0.724	0.571	0.872	0.904	0.865	0.898	0.052	0.899	0.885	0.875	0.869	0.768	0.690	0.844	1.080	0.900	0.815	0.879	0.835	0.901	0.835	0.043	0.885	0.730	0.722	0.843	0.873	0.890	0.901	0.898	0.530	0.877	0.927	0.886	0.878	0.756	0.721	0.802	0.862	0.897	0.868	0.882	0.867	0.835	0.897	0.844	0.780	0.928	0.649	0.730	0.754	0.769	0.756	0.769	0.775	0.721	0.798	0.802	0.758	0.674
66:01:02	21.7	0.080	0.751	0.792	0.800	0.731	0.791	0.723	0.776	0.717	0.741	0.757	0.696	0.788	0.907	0.857	0.886	0.842	0.875	0.879	0.061	0.863	0.830	0.770	0.693	0.746	0.838	0.884	0.897	0.880	0.917	0.922	0.919	0.895	0.868	0.865	0.760	0.729	0.579	0.877	0.893	0.875	0.908	0.052	0.906	0.895	0.885	0.871	0.783	0.701	0.853	1.080	0.904	0.818	0.889	0.843	0.903	0.842	0.044	0.896	0.736	0.732	0.851	0.878	0.888	0.910	0.906	0.544	0.886	0.933	0.891	0.887	0.768	0.729	0.813	0.873	0.907	0.872	0.887	0.878	0.842	0.886	0.855	0.798	0.903	0.653	0.743	0.755	0.786	0.760	0.781	0.788	0.736	0.806	0.812	0.769	0.679
67:01:04	21.9	0.080	0.770	0.813	0.812	0.739	0.793	0.721	0.794	0.724	0.754	0.764	0.703	0.792	0.907	0.863	0.893	0.855	0.886	0.884	0.061	0.872	0.848	0.781	0.706	0.765	0.849	0.894	0.909	0.892	0.927	0.935	0.930	0.899	0.880	0.876	0.768	0.741	0.586	0.884	0.885	0.881	0.923	0.052	0.910	0.903	0.892	0.880	0.794	0.728	0.864	1.082	0.912	0.824	0.894	0.865	0.915	0.854	0.044	0.904	0.754	0.741	0.855	0.873	0.889	0.916	0.919	0.573	0.879	0.938	0.892	0.894	0.774	0.744	0.824	0.887	0.910	0.878	0.895	0.884	0.851	0.878	0.857	0.812	0.849	0.658	0.746	0.770	0.799	0.766	0.802	0.804	0.752	0.815	0.822	0.778	0.686
68:01:05	22.2	0.079	0.783	0.833	0.824	0.736	0.796	0.689	0.785	0.737	0.754	0.764	0.716	0.792	0.924	0.867	0.902	0.866	0.895	0.894	0.061	0.876	0.860	0.791	0.710	0.784	0.853	0.900	0.909	0.908	0.934	0.947	0.938	0.900	0.889	0.887	0.779	0.755	0.594	0.893	0.898	0.888	0.931	0.052	0.915	0.911	0.902	0.885	0.802	0.746	0.873	1.089	0.919	0.826	0.895	0.870	0.923	0.861	0.043	0.913	0.763	0.754	0.862	0.887	0.898	0.922	0.923	0.549	0.876	0.944	0.872	0.903	0.774	0.757	0.842	0.904	0.917	0.889	0.899	0.892	0.853	0.879	0.853	0.823	0.806	0.661	0.750	0.790	0.810	0.772	0.810	0.816	0.764	0.815	0.848	0.784	0.691
69:01:06	22.4	0.078	0.805	0.836	0.841	0.753	0.807	0.679	0.789	0.748	0.774	0.771	0.738	0.796	0.923	0.873	0.914	0.878	0.910	0.904	0.061	0.878	0.873	0.802	0.716	0.790	0.863	0.911	0.922	0.912	0.946	0.958	0.945	0.924	0.890	0.891	0.791	0.754	0.604	0.905	0.898	0.895	0.941	0.052	0.921	0.917	0.913	0.898	0.805	0.757	0.879	1.101	0.914	0.832	0.901	0.883	0.934	0.874	0.043	0.922	0.773	0.766	0.870	0.898	0.903	0.931	0.929	0.548	0.869	0.955	0.884	0.908	0.780	0.757	0.850	0.917	0.916	0.900	0.907	0.899	0.853	0.880	0.876	0.832	0.798	0.662	0.754	0.804	0.816	0.784	0.822	0.821	0.774	0.836	0.840	0.792	0.694
70:01:06	22.6	0.077	0.787	0.845	0.850	0.752	0.810	0.695	0.783	0.749	0.773	0.775	0.743	0.803	0.924	0.879	0.921	0.887	0.915	0.907	0.060	0.884	0.887	0.817	0.730	0.792	0.872	0.918	0.935	0.921	0.953	0.964	0.955	0.933	0.901	0.895	0.794	0.761	0.609	0.908	0.904	0.911	0.950	0.052	0.924	0.926	0.917	0.903	0.810	0.752	0.888	1.102	0.921	0.838	0.914	0.896	0.935	0.874	0.043	0.930	0.782	0.774	0.876	0.917	0.912	0.939	0.942	0.563	0.874	0.946	0.892	0.918	0.780	0.767	0.861	0.918	0.914	0.896	0.917	0.903	0.864	0.891	0.881	0.847	0.717	0.661	0.758	0.817	0.833	0.796	0.829	0.831	0.786	0.842	0.851	0.798	0.693
71:01:08	22.8	0.076	0.770	0.855	0.858	0.742	0.798	0.730	0.787	0.759	0.783	0.770	0.742	0.809	0.932	0.887	0.924	0.899	0.923	0.914	0.059	0.879	0.887	0.822	0.730	0.781	0.876	0.928	0.942	0.922	0.963	0.970	0.955	0.940	0.901	0.902	0.794	0.762	0.618	0.916	0.915	0.926	0.956	0.052	0.934	0.938	0.924	0.910	0.806	0.764	0.894	1.083	0.930	0.841	0.926	0.904	0.947	0.877	0.043	0.934	0.795	0.778	0.887	0.924	0.917	0.945	0.944	0.566	0.884	0.934	0.904	0.921	0.788	0.771	0.869	0.927	0.933	0.894	0.929	0.910	0.874	0.888	0.890	0.856	0.671	0.666	0.766	0.835	0.844	0.806	0.839	0.834	0.789	0.847	0.859	0.812	0.693
72:01:08	22.8	0.082	0.744	0.804	0.868	0.753	0.779	0.750	0.798	0.764	0.791	0.765	0.743	0.808	0.948	0.896	0.932	0.905	0.931	0.922	0.059	0.877	0.893	0.829	0.740	0.763	0.879	0.941	0.951	0.928	0.964	0.979	0.952	0.941	0.899	0.910	0.803	0.781	0.626	0.923	0.920	0.935	0.963	0.052	0.941	0.943	0.929	0.915	0.808	0.769	0.903	1.087	0.929	0.846	0.930	0.908	0.952	0.879	0.043	0.942	0.799	0.780	0.895	0.931	0.926	0.957	0.954	0.593	0.894	0.942	0.905	0.920	0.795	0.774	0.875	0.933	0.943	0.899	0.927	0.914	0.878	0.899	0.884	0.862	0.650	0.660	0.771	0.835	0.846	0.815	0.834	0.838	0.800	0.853	0.862	0.811	0.691

