Time	T° 600	A1	A2	A3	A4	A5	A6	A7	A8	A9	A10	A11	A12	B1	B2	B3	B4	B5	B6	B7	B8	B9	B10	B11	B12	C1	C2	C3	C4	C5	C6	C7	C8	C9	C10	C11	C12	D1	D2	D3	D4	D5	D6	D7	D8	D9	D10	D11	D12	E1	E2	E3	E4	E5	E6	E7	E8	E9	E10	E11	E12	F1	F2	F3	F4	F5	F6	F7	F8	F9	F10	F11	F12	G1	G2	G3	G4	G5	G6	G7	G8	G9	G10	G11	G12	H1	H2	H3	H4	H5	H6	H7	H8	H9	H10	H11	H12
0:00:06	22.9	0.047	0.046	0.051	0.052	0.048	0.049	0.047	0.046	0.046	0.048	0.050	0.049	0.047	0.046	0.048	0.051	0.047	0.046	0.046	0.050	0.046	0.051	0.050	0.051	0.049	0.047	0.047	0.046	0.046	0.049	0.047	0.046	0.047	0.047	0.049	0.048	0.047	0.046	0.047	0.047	0.046	0.054	0.048	0.047	0.050	0.046	0.049	0.048	0.047	0.049	0.046	0.322	0.050	0.046	0.048	0.046	0.046	0.046	0.046	0.052	0.048	0.050	0.046	0.050	0.048	0.046	0.047	0.050	0.047	0.045	0.047	0.048	0.053	0.048	0.049	0.048	0.051	0.048	0.049	0.046	0.050	0.045	0.052	0.052	0.048	0.055	0.048	0.046	0.047	0.046	0.050	0.050	0.048	0.053	0.047	0.050
1:00:05	22.8	0.050	0.049	0.054	0.054	0.051	0.052	0.049	0.048	0.049	0.050	0.052	0.051	0.049	0.049	0.050	0.053	0.049	0.048	0.048	0.051	0.048	0.053	0.052	0.053	0.051	0.049	0.049	0.048	0.047	0.051	0.050	0.048	0.048	0.049	0.051	0.051	0.050	0.049	0.048	0.049	0.048	0.055	0.050	0.049	0.051	0.049	0.052	0.051	0.049	0.050	0.049	0.313	0.051	0.048	0.050	0.048	0.049	0.049	0.049	0.054	0.051	0.052	0.048	0.052	0.050	0.046	0.049	0.053	0.050	0.048	0.049	0.051	0.055	0.051	0.052	0.050	0.052	0.050	0.053	0.046	0.052	0.048	0.056	0.054	0.050	0.057	0.049	0.046	0.048	0.049	0.052	0.052	0.051	0.056	0.050	0.051
2:00:05	22.8	0.057	0.053	0.060	0.060	0.056	0.057	0.054	0.052	0.055	0.056	0.065	0.056	0.054	0.054	0.055	0.057	0.054	0.052	0.052	0.056	0.053	0.059	0.057	0.060	0.055	0.053	0.052	0.053	0.050	0.055	0.054	0.052	0.051	0.053	0.056	0.057	0.053	0.053	0.048	0.053	0.052	0.060	0.054	0.054	0.056	0.053	0.057	0.057	0.055	0.054	0.052	0.317	0.056	0.052	0.054	0.052	0.055	0.054	0.055	0.061	0.057	0.057	0.053	0.056	0.055	0.047	0.053	0.059	0.055	0.052	0.054	0.058	0.068	0.057	0.057	0.054	0.057	0.055	0.057	0.047	0.057	0.053	0.062	0.059	0.058	0.064	0.055	0.047	0.052	0.055	0.058	0.058	0.058	0.063	0.057	0.056
3:00:07	22.8	0.069	0.062	0.071	0.071	0.065	0.065	0.062	0.058	0.061	0.066	0.074	0.066	0.065	0.063	0.064	0.065	0.062	0.060	0.060	0.061	0.062	0.070	0.066	0.072	0.066	0.061	0.059	0.062	0.054	0.063	0.062	0.059	0.058	0.062	0.065	0.068	0.063	0.061	0.049	0.063	0.059	0.070	0.061	0.063	0.066	0.062	0.066	0.068	0.066	0.062	0.059	0.327	0.063	0.060	0.061	0.061	0.067	0.065	0.066	0.072	0.069	0.065	0.061	0.064	0.064	0.050	0.062	0.069	0.066	0.060	0.065	0.070	0.079	0.067	0.067	0.061	0.067	0.065	0.065	0.047	0.065	0.064	0.073	0.067	0.067	0.076	0.066	0.048	0.058	0.065	0.069	0.070	0.068	0.074	0.069	0.061
4:00:08	22.8	0.080	0.077	0.088	0.088	0.079	0.080	0.076	0.069	0.067	0.084	0.088	0.080	0.079	0.078	0.079	0.080	0.076	0.073	0.072	0.064	0.078	0.087	0.083	0.087	0.078	0.076	0.072	0.076	0.061	0.077	0.076	0.072	0.070	0.080	0.082	0.084	0.078	0.075	0.050	0.080	0.073	0.087	0.075	0.071	0.084	0.078	0.083	0.081	0.075	0.074	0.070	0.340	0.077	0.075	0.073	0.077	0.083	0.080	0.079	0.086	0.081	0.081	0.077	0.076	0.081	0.052	0.077	0.087	0.081	0.072	0.083	0.081	0.090	0.082	0.083	0.074	0.082	0.081	0.080	0.048	0.080	0.078	0.090	0.073	0.074	0.088	0.078	0.048	0.067	0.081	0.085	0.085	0.079	0.083	0.082	0.066
5:00:08	22.5	0.088	0.094	0.108	0.106	0.096	0.096	0.094	0.085	0.073	0.102	0.102	0.088	0.089	0.100	0.101	0.101	0.098	0.090	0.093	0.068	0.102	0.105	0.105	0.098	0.088	0.097	0.092	0.091	0.071	0.096	0.096	0.092	0.086	0.104	0.105	0.096	0.089	0.096	0.051	0.106	0.094	0.110	0.098	0.078	0.109	0.102	0.108	0.090	0.081	0.092	0.086	0.358	0.097	0.096	0.091	0.098	0.096	0.094	0.090	0.099	0.088	0.102	0.101	0.098	0.103	0.054	0.099	0.111	0.095	0.091	0.107	0.092	0.100	0.097	0.102	0.092	0.099	0.100	0.096	0.049	0.100	0.091	0.111	0.080	0.080	0.097	0.088	0.048	0.074	0.100	0.103	0.097	0.088	0.093	0.094	0.070
6:00:09	22.2	0.094	0.107	0.121	0.123	0.113	0.112	0.112	0.104	0.078	0.120	0.126	0.092	0.096	0.124	0.122	0.126	0.126	0.110	0.120	0.071	0.125	0.123	0.130	0.107	0.095	0.118	0.115	0.103	0.083	0.117	0.120	0.117	0.103	0.126	0.125	0.106	0.096	0.118	0.051	0.134	0.119	0.136	0.124	0.083	0.134	0.131	0.138	0.097	0.086	0.112	0.101	0.378	0.120	0.118	0.109	0.116	0.108	0.104	0.100	0.113	0.094	0.125	0.128	0.122	0.129	0.054	0.125	0.138	0.106	0.112	0.130	0.100	0.106	0.112	0.118	0.113	0.117	0.120	0.109	0.049	0.119	0.101	0.132	0.085	0.085	0.103	0.097	0.047	0.077	0.113	0.116	0.110	0.097	0.101	0.101	0.074
7:00:09	22.0	0.100	0.122	0.136	0.138	0.130	0.129	0.132	0.123	0.080	0.128	0.153	0.095	0.101	0.148	0.145	0.153	0.155	0.132	0.147	0.074	0.145	0.129	0.159	0.113	0.099	0.143	0.139	0.115	0.096	0.137	0.145	0.144	0.119	0.151	0.148	0.114	0.103	0.144	0.051	0.164	0.145	0.164	0.152	0.087	0.161	0.159	0.170	0.103	0.091	0.134	0.119	0.404	0.144	0.141	0.128	0.131	0.120	0.115	0.111	0.125	0.099	0.150	0.156	0.151	0.157	0.054	0.152	0.167	0.117	0.134	0.153	0.105	0.111	0.122	0.137	0.138	0.139	0.136	0.119	0.048	0.139	0.108	0.149	0.088	0.090	0.109	0.105	0.047	0.081	0.124	0.126	0.120	0.105	0.108	0.108	0.077
8:00:11	21.9	0.108	0.141	0.151	0.158	0.152	0.147	0.150	0.152	0.086	0.139	0.177	0.098	0.106	0.174	0.172	0.182	0.185	0.154	0.176	0.078	0.161	0.138	0.190	0.120	0.106	0.167	0.162	0.129	0.111	0.159	0.173	0.172	0.135	0.175	0.173	0.122	0.113	0.170	0.052	0.195	0.172	0.193	0.180	0.091	0.189	0.192	0.201	0.108	0.096	0.155	0.138	0.430	0.167	0.167	0.147	0.146	0.134	0.123	0.120	0.136	0.103	0.175	0.183	0.179	0.185	0.054	0.178	0.200	0.132	0.161	0.175	0.111	0.118	0.131	0.155	0.161	0.157	0.151	0.127	0.048	0.160	0.117	0.159	0.093	0.096	0.118	0.113	0.046	0.083	0.137	0.136	0.129	0.114	0.115	0.115	0.081
9:00:12	21.7	0.116	0.161	0.164	0.171	0.171	0.163	0.169	0.171	0.089	0.148	0.201	0.104	0.115	0.202	0.199	0.207	0.211	0.179	0.204	0.081	0.182	0.149	0.222	0.129	0.114	0.190	0.187	0.144	0.128	0.184	0.202	0.203	0.153	0.202	0.201	0.133	0.121	0.197	0.053	0.222	0.196	0.223	0.207	0.096	0.219	0.223	0.231	0.117	0.103	0.178	0.165	0.460	0.191	0.196	0.167	0.159	0.147	0.133	0.128	0.150	0.108	0.204	0.211	0.208	0.213	0.053	0.207	0.228	0.146	0.188	0.200	0.118	0.127	0.141	0.177	0.186	0.179	0.170	0.138	0.047	0.184	0.125	0.174	0.098	0.103	0.126	0.121	0.046	0.085	0.145	0.144	0.145	0.123	0.120	0.123	0.085
10:00:13	21.5	0.123	0.173	0.167	0.172	0.188	0.180	0.190	0.200	0.092	0.146	0.225	0.109	0.120	0.225	0.223	0.234	0.235	0.204	0.229	0.085	0.200	0.152	0.247	0.138	0.121	0.213	0.207	0.162	0.145	0.207	0.225	0.229	0.168	0.226	0.226	0.140	0.130	0.222	0.053	0.243	0.219	0.243	0.230	0.100	0.247	0.248	0.253	0.125	0.109	0.199	0.189	0.490	0.214	0.222	0.188	0.172	0.163	0.143	0.136	0.159	0.113	0.231	0.229	0.233	0.235	0.053	0.232	0.253	0.161	0.215	0.224	0.121	0.135	0.150	0.204	0.208	0.203	0.184	0.143	0.048	0.210	0.133	0.183	0.104	0.108	0.138	0.126	0.046	0.085	0.150	0.148	0.158	0.131	0.140	0.129	0.089
11:00:14	21.5	0.127	0.192	0.162	0.167	0.205	0.196	0.209	0.217	0.095	0.143	0.236	0.113	0.125	0.245	0.245	0.254	0.253	0.225	0.245	0.087	0.218	0.158	0.263	0.146	0.125	0.233	0.228	0.185	0.166	0.227	0.247	0.249	0.185	0.247	0.249	0.150	0.137	0.244	0.053	0.269	0.237	0.263	0.253	0.104	0.271	0.269	0.274	0.131	0.114	0.219	0.215	0.514	0.234	0.251	0.209	0.188	0.173	0.150	0.142	0.169	0.118	0.255	0.258	0.255	0.262	0.052	0.254	0.278	0.179	0.239	0.245	0.126	0.142	0.150	0.226	0.232	0.225	0.194	0.147	0.047	0.240	0.143	0.189	0.109	0.113	0.145	0.130	0.046	0.085	0.157	0.154	0.168	0.139	0.143	0.136	0.092
12:00:14	21.7	0.131	0.204	0.160	0.152	0.215	0.205	0.217	0.209	0.099	0.151	0.222	0.114	0.129	0.273	0.271	0.274	0.271	0.245	0.270	0.092	0.227	0.182	0.291	0.152	0.128	0.257	0.250	0.201	0.188	0.249	0.275	0.271	0.200	0.275	0.269	0.153	0.144	0.269	0.055	0.290	0.256	0.285	0.282	0.107	0.293	0.292	0.295	0.135	0.120	0.245	0.241	0.537	0.255	0.275	0.228	0.199	0.179	0.156	0.146	0.169	0.125	0.282	0.288	0.274	0.281	0.052	0.279	0.301	0.190	0.262	0.254	0.129	0.151	0.157	0.244	0.255	0.239	0.186	0.155	0.046	0.256	0.148	0.181	0.114	0.118	0.152	0.142	0.045	0.083	0.159	0.155	0.171	0.148	0.155	0.139	0.097
13:00:16	22.0	0.134	0.217	0.160	0.162	0.228	0.240	0.228	0.206	0.105	0.168	0.212	0.117	0.131	0.294	0.289	0.283	0.282	0.267	0.281	0.095	0.246	0.187	0.304	0.154	0.132	0.275	0.266	0.227	0.208	0.263	0.290	0.283	0.209	0.285	0.280	0.154	0.145	0.280	0.055	0.304	0.274	0.310	0.294	0.111	0.315	0.300	0.309	0.136	0.126	0.269	0.256	0.550	0.267	0.296	0.233	0.210	0.182	0.159	0.149	0.172	0.137	0.306	0.300	0.292	0.301	0.051	0.304	0.324	0.208	0.281	0.255	0.138	0.161	0.172	0.250	0.271	0.251	0.182	0.164	0.046	0.272	0.148	0.183	0.121	0.126	0.154	0.149	0.045	0.083	0.164	0.157	0.186	0.157	0.156	0.145	0.100
14:00:16	22.2	0.148	0.220	0.169	0.175	0.221	0.241	0.236	0.232	0.110	0.157	0.209	0.120	0.140	0.310	0.302	0.300	0.303	0.275	0.300	0.100	0.238	0.172	0.322	0.163	0.135	0.301	0.277	0.235	0.223	0.275	0.303	0.298	0.224	0.291	0.302	0.157	0.152	0.302	0.055	0.328	0.291	0.318	0.308	0.114	0.335	0.326	0.322	0.138	0.130	0.285	0.286	0.581	0.278	0.309	0.243	0.199	0.192	0.166	0.161	0.178	0.148	0.333	0.317	0.310	0.325	0.050	0.307	0.345	0.219	0.295	0.259	0.150	0.164	0.188	0.260	0.294	0.259	0.188	0.182	0.046	0.276	0.148	0.186	0.130	0.137	0.158	0.157	0.045	0.081	0.172	0.165	0.180	0.160	0.163	0.157	0.106
15:00:17	22.3	0.153	0.303	0.185	0.175	0.211	0.246	0.219	0.251	0.116	0.168	0.186	0.124	0.149	0.325	0.317	0.316	0.328	0.295	0.318	0.105	0.252	0.185	0.349	0.174	0.145	0.315	0.298	0.240	0.235	0.284	0.325	0.318	0.231	0.307	0.323	0.167	0.157	0.320	0.056	0.342	0.304	0.340	0.323	0.117	0.357	0.345	0.349	0.147	0.144	0.302	0.294	0.610	0.291	0.322	0.248	0.197	0.203	0.170	0.168	0.185	0.156	0.341	0.337	0.330	0.334	0.050	0.318	0.356	0.233	0.316	0.246	0.158	0.171	0.206	0.247	0.304	0.265	0.202	0.194	0.046	0.271	0.152	0.188	0.141	0.147	0.164	0.164	0.045	0.082	0.183	0.170	0.207	0.175	0.170	0.168	0.113
16:00:17	22.3	0.160	0.279	0.209	0.198	0.225	0.244	0.214	0.241	0.125	0.175	0.187	0.125	0.169	0.354	0.310	0.333	0.347	0.310	0.328	0.109	0.247	0.198	0.374	0.186	0.172	0.325	0.315	0.245	0.252	0.278	0.339	0.338	0.246	0.314	0.329	0.179	0.162	0.332	0.057	0.351	0.325	0.348	0.324	0.121	0.349	0.362	0.370	0.161	0.159	0.314	0.307	0.587	0.297	0.338	0.249	0.206	0.219	0.172	0.177	0.189	0.164	0.356	0.360	0.344	0.341	0.050	0.328	0.356	0.219	0.325	0.263	0.173	0.184	0.209	0.265	0.305	0.281	0.225	0.221	0.045	0.258	0.163	0.194	0.152	0.157	0.174	0.172	0.045	0.082	0.202	0.192	0.222	0.181	0.175	0.181	0.120
17:00:19	22.3	0.188	0.279	0.230	0.212	0.277	0.250	0.215	0.253	0.132	0.189	0.204	0.126	0.173	0.354	0.301	0.367	0.375	0.315	0.353	0.111	0.243	0.213	0.371	0.197	0.178	0.343	0.338	0.234	0.271	0.266	0.358	0.348	0.260	0.304	0.318	0.195	0.172	0.352	0.057	0.380	0.343	0.364	0.332	0.132	0.319	0.356	0.354	0.171	0.177	0.332	0.334	0.595	0.310	0.305	0.257	0.224	0.240	0.181	0.184	0.203	0.174	0.339	0.367	0.374	0.334	0.049	0.334	0.380	0.222	0.332	0.285	0.186	0.200	0.240	0.267	0.327	0.266	0.233	0.225	0.045	0.244	0.183	0.205	0.160	0.170	0.185	0.178	0.045	0.082	0.203	0.203	0.229	0.184	0.189	0.193	0.127
18:00:19	21.9	0.191	0.221	0.260	0.212	0.311	0.257	0.215	0.271	0.138	0.196	0.216	0.125	0.187	0.316	0.306	0.359	0.350	0.261	0.366	0.115	0.254	0.230	0.351	0.207	0.213	0.340	0.323	0.246	0.257	0.267	0.374	0.351	0.224	0.289	0.300	0.204	0.196	0.369	0.059	0.378	0.349	0.391	0.362	0.145	0.298	0.348	0.370	0.183	0.179	0.348	0.334	0.582	0.327	0.291	0.255	0.245	0.236	0.183	0.203	0.205	0.189	0.333	0.384	0.407	0.335	0.049	0.313	0.387	0.218	0.316	0.310	0.201	0.212	0.246	0.243	0.315	0.234	0.269	0.234	0.045	0.250	0.208	0.242	0.173	0.179	0.201	0.196	0.045	0.082	0.226	0.226	0.248	0.205	0.193	0.211	0.138
19:00:21	21.9	0.203	0.234	0.257	0.233	0.280	0.241	0.276	0.286	0.149	0.201	0.227	0.127	0.197	0.350	0.282	0.372	0.369	0.311	0.366	0.117	0.255	0.243	0.333	0.221	0.231	0.355	0.348	0.270	0.257	0.275	0.368	0.378	0.227	0.302	0.312	0.218	0.237	0.382	0.060	0.409	0.359	0.387	0.358	0.165	0.313	0.337	0.349	0.197	0.196	0.349	0.356	0.729	0.330	0.285	0.247	0.262	0.253	0.207	0.219	0.224	0.206	0.337	0.408	0.427	0.347	0.049	0.350	0.401	0.227	0.322	0.318	0.211	0.228	0.253	0.264	0.332	0.248	0.286	0.244	0.045	0.246	0.231	0.258	0.187	0.189	0.213	0.212	0.045	0.083	0.235	0.225	0.262	0.215	0.207	0.226	0.148
20:00:22	22.2	0.218	0.240	0.265	0.247	0.238	0.247	0.268	0.311	0.160	0.202	0.231	0.126	0.216	0.376	0.293	0.410	0.395	0.314	0.408	0.120	0.280	0.253	0.332	0.227	0.222	0.393	0.366	0.261	0.262	0.269	0.402	0.421	0.242	0.306	0.334	0.231	0.252	0.430	0.064	0.422	0.382	0.316	0.354	0.186	0.327	0.367	0.412	0.208	0.203	0.370	0.410	0.715	0.330	0.352	0.265	0.277	0.266	0.228	0.232	0.232	0.214	0.390	0.435	0.454	0.381	0.048	0.347	0.415	0.242	0.371	0.323	0.225	0.234	0.251	0.303	0.296	0.272	0.300	0.250	0.045	0.261	0.289	0.261	0.197	0.204	0.229	0.221	0.044	0.082	0.247	0.246	0.275	0.232	0.223	0.237	0.160
21:00:23	22.5	0.241	0.246	0.264	0.258	0.246	0.251	0.278	0.302	0.162	0.207	0.241	0.129	0.219	0.430	0.306	0.428	0.412	0.354	0.447	0.123	0.273	0.266	0.335	0.239	0.236	0.426	0.381	0.258	0.245	0.342	0.432	0.431	0.236	0.353	0.315	0.235	0.258	0.462	0.066	0.467	0.405	0.340	0.382	0.232	0.354	0.403	0.442	0.222	0.215	0.393	0.401	0.674	0.353	0.390	0.270	0.281	0.276	0.224	0.245	0.247	0.227	0.397	0.469	0.478	0.412	0.049	0.363	0.375	0.255	0.384	0.313	0.239	0.250	0.263	0.303	0.338	0.295	0.308	0.268	0.045	0.265	0.242	0.278	0.214	0.222	0.251	0.234	0.045	0.082	0.256	0.260	0.300	0.251	0.236	0.244	0.172
22:00:24	22.5	0.292	0.264	0.287	0.271	0.263	0.252	0.281	0.321	0.181	0.228	0.250	0.167	0.234	0.518	0.304	0.475	0.469	0.351	0.487	0.127	0.311	0.284	0.343	0.262	0.256	0.473	0.425	0.258	0.268	0.391	0.452	0.480	0.230	0.354	0.315	0.248	0.268	0.460	0.069	0.495	0.437	0.340	0.376	0.266	0.340	0.438	0.466	0.236	0.230	0.432	0.447	0.698	0.349	0.396	0.301	0.293	0.308	0.234	0.259	0.272	0.240	0.495	0.491	0.492	0.426	0.048	0.361	0.433	0.282	0.340	0.311	0.249	0.264	0.265	0.338	0.340	0.343	0.346	0.296	0.045	0.261	0.256	0.280	0.230	0.229	0.268	0.250	0.044	0.082	0.274	0.262	0.308	0.268	0.270	0.258	0.187
23:00:25	22.7	0.353	0.260	0.290	0.290	0.252	0.268	0.295	0.341	0.199	0.262	0.267	0.175	0.255	0.486	0.313	0.489	0.487	0.329	0.480	0.129	0.335	0.293	0.320	0.284	0.272	0.490	0.448	0.303	0.283	0.332	0.474	0.511	0.231	0.353	0.350	0.270	0.268	0.509	0.073	0.516	0.439	0.360	0.375	0.282	0.346	0.415	0.461	0.258	0.250	0.433	0.463	0.756	0.360	0.407	0.289	0.306	0.322	0.256	0.281	0.277	0.256	0.487	0.514	0.509	0.453	0.048	0.388	0.457	0.285	0.382	0.321	0.279	0.289	0.279	0.315	0.383	0.315	0.344	0.300	0.044	0.283	0.284	0.299	0.243	0.245	0.281	0.267	0.044	0.082	0.312	0.298	0.332	0.292	0.272	0.271	0.201
24:00:25	22.7	0.437	0.288	0.318	0.318	0.255	0.270	0.297	0.359	0.211	0.275	0.283	0.203	0.254	0.503	0.334	0.498	0.507	0.358	0.481	0.132	0.356	0.313	0.301	0.295	0.295	0.516	0.459	0.301	0.279	0.324	0.488	0.535	0.240	0.402	0.332	0.277	0.271	0.520	0.078	0.505	0.424	0.342	0.370	0.317	0.352	0.440	0.498	0.279	0.275	0.425	0.475	0.749	0.386	0.445	0.316	0.321	0.323	0.280	0.296	0.284	0.273	0.485	0.541	0.523	0.477	0.048	0.418	0.409	0.327	0.374	0.346	0.272	0.301	0.294	0.375	0.406	0.338	0.352	0.311	0.045	0.299	0.293	0.319	0.261	0.259	0.310	0.278	0.044	0.083	0.304	0.306	0.356	0.323	0.283	0.291	0.219
25:00:26	22.8	0.368	0.289	0.336	0.319	0.257	0.298	0.296	0.363	0.236	0.286	0.295	0.220	0.261	0.497	0.330	0.533	0.474	0.442	0.509	0.136	0.328	0.332	0.295	0.309	0.347	0.507	0.438	0.299	0.290	0.362	0.509	0.541	0.255	0.377	0.351	0.312	0.288	0.543	0.084	0.548	0.413	0.336	0.371	0.339	0.387	0.404	0.526	0.314	0.309	0.480	0.503	0.786	0.408	0.503	0.324	0.331	0.365	0.287	0.315	0.298	0.282	0.471	0.569	0.556	0.509	0.048	0.453	0.368	0.333	0.370	0.356	0.296	0.321	0.312	0.375	0.384	0.397	0.360	0.315	0.044	0.317	0.312	0.330	0.279	0.271	0.305	0.290	0.044	0.083	0.322	0.311	0.361	0.377	0.296	0.318	0.229
26:00:27	22.8	0.364	0.316	0.330	0.339	0.277	0.302	0.297	0.375	0.252	0.302	0.297	0.207	0.275	0.524	0.339	0.564	0.483	0.353	0.509	0.140	0.385	0.344	0.331	0.319	0.332	0.480	0.451	0.341	0.303	0.354	0.499	0.542	0.265	0.377	0.341	0.319	0.313	0.561	0.092	0.566	0.422	0.349	0.365	0.365	0.387	0.372	0.459	0.338	0.359	0.507	0.486	0.816	0.331	0.485	0.327	0.344	0.374	0.302	0.326	0.318	0.301	0.474	0.569	0.549	0.548	0.048	0.481	0.372	0.353	0.350	0.349	0.316	0.336	0.330	0.354	0.424	0.396	0.357	0.331	0.044	0.351	0.347	0.341	0.279	0.287	0.336	0.303	0.044	0.083	0.321	0.369	0.377	0.433	0.312	0.329	0.245
27:00:28	22.7	0.415	0.310	0.372	0.343	0.294	0.308	0.306	0.380	0.293	0.330	0.308	0.240	0.302	0.500	0.360	0.554	0.463	0.336	0.525	0.140	0.382	0.356	0.332	0.336	0.388	0.526	0.471	0.410	0.325	0.359	0.523	0.547	0.283	0.383	0.339	0.327	0.315	0.583	0.098	0.592	0.430	0.351	0.411	0.374	0.392	0.369	0.468	0.311	0.341	0.495	0.501	0.841	0.371	0.545	0.380	0.361	0.392	0.302	0.335	0.326	0.318	0.467	0.596	0.597	0.541	0.047	0.476	0.378	0.386	0.385	0.360	0.335	0.358	0.345	0.367	0.435	0.455	0.371	0.346	0.044	0.365	0.320	0.360	0.291	0.305	0.371	0.324	0.044	0.084	0.349	0.375	0.393	0.548	0.324	0.329	0.265
28:00:29	22.7	0.623	0.353	0.407	0.353	0.300	0.337	0.315	0.401	0.346	0.328	0.324	0.231	0.340	0.456	0.373	0.599	0.468	0.385	0.547	0.143	0.370	0.366	0.353	0.352	0.370	0.500	0.430	0.494	0.341	0.376	0.530	0.537	0.302	0.407	0.372	0.374	0.337	0.566	0.105	0.569	0.439	0.375	0.404	0.378	0.411	0.381	0.451	0.341	0.349	0.514	0.505	0.864	0.361	0.441	0.379	0.373	0.417	0.319	0.351	0.345	0.332	0.453	0.634	0.604	0.501	0.047	0.493	0.381	0.389	0.411	0.368	0.341	0.352	0.363	0.413	0.463	0.400	0.388	0.365	0.044	0.402	0.383	0.376	0.292	0.322	0.377	0.337	0.044	0.084	0.390	0.365	0.407	0.555	0.346	0.354	0.275
29:00:31	22.6	0.536	0.320	0.387	0.361	0.300	0.358	0.342	0.411	0.338	0.336	0.332	0.241	0.364	0.439	0.402	0.633	0.451	0.410	0.544	0.144	0.357	0.377	0.367	0.414	0.372	0.529	0.439	0.501	0.363	0.420	0.533	0.580	0.329	0.405	0.387	0.391	0.364	0.607	0.116	0.611	0.442	0.381	0.382	0.400	0.428	0.388	0.403	0.337	0.332	0.485	0.484	0.904	0.347	0.443	0.381	0.394	0.441	0.336	0.360	0.347	0.348	0.491	0.625	0.658	0.464	0.047	0.429	0.372	0.503	0.419	0.396	0.375	0.395	0.380	0.393	0.450	0.442	0.403	0.386	0.045	0.392	0.401	0.401	0.311	0.334	0.373	0.365	0.044	0.084	0.386	0.382	0.416	0.591	0.366	0.351	0.299
30:00:31	22.6	0.511	0.373	0.400	0.398	0.309	0.360	0.368	0.427	0.458	0.417	0.355	0.266	0.383	0.441	0.415	0.608	0.481	0.441	0.467	0.146	0.383	0.392	0.400	0.391	0.385	0.507	0.439	0.419	0.383	0.439	0.546	0.541	0.351	0.421	0.410	0.416	0.371	0.596	0.143	0.630	0.453	0.391	0.372	0.426	0.420	0.438	0.445	0.382	0.390	0.417	0.440	0.930	0.403	0.468	0.407	0.410	0.419	0.358	0.375	0.365	0.380	0.425	0.680	0.649	0.519	0.047	0.499	0.379	0.389	0.465	0.416	0.386	0.486	0.405	0.426	0.403	0.431	0.413	0.400	0.044	0.384	0.350	0.416	0.341	0.368	0.416	0.376	0.044	0.084	0.400	0.385	0.434	0.613	0.374	0.389	0.316
31:00:32	22.6	0.498	0.404	0.424	0.414	0.319	0.393	0.382	0.443	0.527	0.373	0.390	0.324	0.349	0.468	0.438	0.636	0.471	0.391	0.483	0.147	0.425	0.411	0.413	0.475	0.395	0.534	0.439	0.407	0.409	0.442	0.611	0.569	0.381	0.456	0.455	0.518	0.381	0.620	0.169	0.531	0.470	0.408	0.370	0.424	0.441	0.447	0.436	0.377	0.390	0.424	0.444	0.921	0.440	0.531	0.429	0.439	0.457	0.359	0.395	0.374	0.398	0.457	0.626	0.667	0.533	0.047	0.559	0.393	0.413	0.446	0.438	0.454	0.611	0.406	0.445	0.449	0.471	0.429	0.433	0.044	0.394	0.427	0.442	0.351	0.439	0.444	0.389	0.044	0.084	0.415	0.421	0.449	0.615	0.396	0.400	0.349
32:00:33	22.3	0.418	0.428	0.424	0.431	0.329	0.411	0.406	0.449	0.564	0.416	0.412	0.287	0.398	0.464	0.471	0.566	0.469	0.378	0.429	0.149	0.397	0.420	0.448	0.602	0.389	0.471	0.439	0.454	0.446	0.468	0.553	0.523	0.406	0.484	0.445	0.712	0.380	0.583	0.190	0.513	0.501	0.411	0.340	0.436	0.473	0.490	0.487	0.413	0.405	0.441	0.462	0.923	0.436	0.548	0.467	0.456	0.448	0.367	0.402	0.391	0.431	0.484	0.508	0.667	0.528	0.047	0.508	0.397	0.424	0.495	0.456	0.457	0.634	0.446	0.453	0.501	0.436	0.451	0.445	0.044	0.399	0.415	0.471	0.373	0.395	0.452	0.420	0.044	0.084	0.478	0.429	0.451	0.629	0.406	0.404	0.364
33:00:34	22.0	0.454	0.460	0.463	0.465	0.349	0.435	0.422	0.486	0.545	0.440	0.427	0.275	0.399	0.482	0.512	0.618	0.473	0.436	0.441	0.150	0.445	0.444	0.472	0.484	0.398	0.507	0.455	0.454	0.464	0.475	0.534	0.551	0.436	0.463	0.489	0.465	0.378	0.571	0.207	0.548	0.542	0.437	0.369	0.445	0.467	0.484	0.519	0.466	0.404	0.474	0.524	0.872	0.432	0.516	0.471	0.479	0.495	0.387	0.420	0.400	0.458	0.541	0.563	0.641	0.522	0.047	0.503	0.410	0.487	0.468	0.479	0.482	0.803	0.461	0.494	0.499	0.461	0.472	0.532	0.044	0.411	0.431	0.499	0.401	0.409	0.436	0.452	0.044	0.084	0.433	0.433	0.508	0.649	0.416	0.425	0.373
34:00:34	21.7	0.479	0.496	0.464	0.529	0.353	0.451	0.438	0.502	0.618	0.460	0.482	0.296	0.428	0.546	0.525	0.681	0.475	0.458	0.477	0.154	0.451	0.473	0.501	0.476	0.420	0.556	0.514	0.462	0.493	0.541	0.593	0.573	0.464	0.503	0.514	0.515	0.396	0.655	0.229	0.604	0.544	0.463	0.375	0.486	0.515	0.521	0.536	0.490	0.426	0.532	0.560	0.844	0.462	0.560	0.493	0.513	0.515	0.430	0.451	0.422	0.471	0.513	0.576	0.681	0.546	0.047	0.535	0.456	0.582	0.510	0.474	0.498	0.496	0.489	0.489	0.571	0.496	0.502	0.511	0.044	0.411	0.466	0.504	0.432	0.411	0.495	0.444	0.044	0.084	0.461	0.466	0.512	0.661	0.445	0.455	0.403
35:00:35	21.5	0.462	0.514	0.480	0.548	0.339	0.467	0.450	0.550	0.661	0.493	0.511	0.275	0.442	0.553	0.552	0.724	0.517	0.496	0.518	0.157	0.466	0.466	0.530	0.514	0.455	0.621	0.552	0.494	0.518	0.550	0.603	0.578	0.491	0.532	0.545	0.549	0.426	0.645	0.247	0.596	0.557	0.480	0.390	0.458	0.540	0.521	0.577	0.522	0.446	0.539	0.557	0.865	0.496	0.595	0.536	0.508	0.528	0.482	0.447	0.483	0.472	0.567	0.609	0.739	0.586	0.047	0.586	0.431	0.564	0.524	0.510	0.521	0.515	0.517	0.514	0.588	0.530	0.514	0.532	0.044	0.423	0.464	0.539	0.455	0.407	0.474	0.463	0.044	0.083	0.486	0.489	0.534	0.672	0.439	0.474	0.424
36:00:36	21.4	0.459	0.540	0.496	0.599	0.347	0.485	0.459	0.535	0.712	0.516	0.529	0.315	0.499	0.588	0.585	0.658	0.551	0.497	0.555	0.161	0.496	0.492	0.560	0.521	0.453	0.635	0.532	0.544	0.547	0.601	0.619	0.586	0.517	0.544	0.556	0.532	0.452	0.630	0.267	0.630	0.582	0.502	0.403	0.466	0.562	0.555	0.595	0.532	0.461	0.549	0.585	0.865	0.512	0.662	0.553	0.535	0.449	0.512	0.474	0.502	0.504	0.577	0.642	0.694	0.657	0.047	0.596	0.474	0.576	0.569	0.598	0.537	0.499	0.516	0.544	0.573	0.589	0.541	0.559	0.044	0.421	0.465	0.538	0.475	0.424	0.511	0.498	0.044	0.083	0.554	0.507	0.514	0.683	0.472	0.481	0.440
37:00:37	21.3	0.469	0.542	0.501	0.630	0.355	0.501	0.467	0.575	0.753	0.537	0.531	0.333	0.519	0.582	0.604	0.629	0.556	0.528	0.595	0.166	0.507	0.526	0.568	0.539	0.484	0.653	0.534	0.568	0.573	0.617	0.649	0.609	0.549	0.592	0.578	0.555	0.457	0.611	0.290	0.642	0.607	0.507	0.500	0.475	0.607	0.579	0.590	0.556	0.466	0.560	0.619	0.890	0.496	0.702	0.572	0.579	0.514	0.468	0.507	0.473	0.525	0.597	0.676	0.725	0.635	0.046	0.658	0.500	0.605	0.571	0.585	0.551	0.513	0.543	0.555	0.624	0.638	0.558	0.569	0.044	0.430	0.518	0.572	0.495	0.416	0.562	0.505	0.044	0.084	0.533	0.526	0.553	0.685	0.484	0.497	0.454
38:00:39	21.3	0.457	0.576	0.519	0.635	0.388	0.520	0.471	0.610	0.761	0.538	0.554	0.380	0.513	0.603	0.611	0.652	0.634	0.530	0.589	0.167	0.540	0.537	0.584	0.556	0.487	0.687	0.553	0.581	0.600	0.626	0.665	0.627	0.577	0.602	0.585	0.557	0.487	0.652	0.311	0.627	0.639	0.533	0.525	0.441	0.634	0.598	0.614	0.564	0.484	0.577	0.640	0.897	0.511	0.706	0.592	0.607	0.544	0.415	0.511	0.451	0.540	0.598	0.660	0.704	0.664	0.046	0.664	0.515	0.617	0.612	0.592	0.562	0.529	0.552	0.579	0.590	0.636	0.580	0.593	0.044	0.440	0.556	0.578	0.504	0.416	0.557	0.518	0.044	0.084	0.573	0.548	0.674	0.689	0.484	0.508	0.467
39:00:40	21.2	0.515	0.575	0.515	0.641	0.392	0.550	0.485	0.616	0.736	0.542	0.571	0.388	0.496	0.635	0.613	0.689	0.583	0.547	0.627	0.167	0.549	0.558	0.590	0.574	0.496	0.643	0.576	0.589	0.626	0.621	0.675	0.654	0.605	0.646	0.596	0.577	0.485	0.661	0.333	0.634	0.671	0.538	0.483	0.479	0.638	0.622	0.624	0.586	0.496	0.635	0.673	0.874	0.409	0.758	0.613	0.639	0.571	0.414	0.572	0.456	0.557	0.611	0.673	0.692	0.692	0.046	0.639	0.533	0.624	0.625	0.605	0.579	0.542	0.560	0.601	0.633	0.688	0.606	0.611	0.044	0.466	0.582	0.595	0.518	0.418	0.546	0.536	0.044	0.083	0.586	0.532	0.587	0.699	0.489	0.516	0.479
40:00:41	21.1	0.511	0.595	0.521	0.645	0.407	0.569	0.487	0.633	0.793	0.548	0.585	0.393	0.602	0.672	0.622	0.703	0.594	0.556	0.635	0.167	0.541	0.572	0.595	0.578	0.564	0.649	0.576	0.604	0.646	0.635	0.676	0.635	0.626	0.697	0.620	0.610	0.511	0.656	0.351	0.714	0.701	0.553	0.413	0.445	0.673	0.630	0.642	0.599	0.505	0.641	0.644	0.876	0.491	0.741	0.633	0.649	0.606	0.436	0.554	0.469	0.566	0.640	0.690	0.711	0.702	0.047	0.692	0.548	0.677	0.633	0.608	0.591	0.581	0.590	0.613	0.689	0.695	0.634	0.625	0.044	0.497	0.590	0.607	0.529	0.425	0.565	0.552	0.044	0.085	0.536	0.548	0.628	0.703	0.500	0.526	0.490
41:00:41	21.3	0.555	0.611	0.544	0.665	0.420	0.585	0.507	0.654	0.753	0.562	0.572	0.417	0.519	0.655	0.650	0.740	0.653	0.572	0.623	0.166	0.545	0.612	0.618	0.594	0.553	0.667	0.637	0.586	0.665	0.695	0.700	0.641	0.648	0.643	0.632	0.651	0.521	0.676	0.374	0.764	0.716	0.572	0.425	0.523	0.659	0.647	0.649	0.614	0.519	0.668	0.736	0.906	0.413	0.755	0.652	0.668	0.648	0.496	0.605	0.476	0.587	0.642	0.680	0.758	0.724	0.046	0.709	0.586	0.712	0.661	0.633	0.594	0.565	0.600	0.640	0.645	0.744	0.685	0.625	0.044	0.765	0.609	0.628	0.540	0.443	0.575	0.565	0.044	0.085	0.535	0.565	0.767	0.710	0.517	0.534	0.500
42:00:42	21.4	0.595	0.624	0.551	0.636	0.430	0.604	0.512	0.657	0.756	0.557	0.600	0.420	0.614	0.687	0.679	0.740	0.684	0.599	0.655	0.164	0.580	0.625	0.644	0.601	0.571	0.709	0.626	0.663	0.689	0.656	0.699	0.667	0.677	0.670	0.652	0.608	0.509	0.654	0.403	0.750	0.737	0.569	0.516	0.545	0.672	0.662	0.671	0.631	0.529	0.659	0.751	0.918	0.455	0.778	0.659	0.689	0.610	0.492	0.588	0.490	0.592	0.652	0.748	0.704	0.719	0.046	0.690	0.577	0.699	0.651	0.665	0.609	0.591	0.602	0.664	0.679	0.785	0.685	0.680	0.044	0.583	0.633	0.643	0.554	0.438	0.560	0.591	0.044	0.085	0.601	0.568	0.659	0.713	0.514	0.540	0.508
43:00:42	21.6	0.569	0.627	0.578	0.668	0.440	0.606	0.529	0.667	0.872	0.555	0.598	0.451	0.547	0.740	0.674	0.707	0.699	0.610	0.693	0.164	0.586	0.616	0.652	0.607	0.577	0.730	0.665	0.658	0.706	0.747	0.710	0.668	0.695	0.704	0.668	0.624	0.518	0.676	0.430	0.692	0.745	0.593	0.406	0.554	0.685	0.679	0.673	0.652	0.551	0.694	0.741	0.920	0.478	0.736	0.672	0.728	0.660	0.511	0.616	0.496	0.616	0.671	0.735	0.755	0.750	0.046	0.723	0.612	0.690	0.708	0.648	0.619	0.619	0.619	0.688	0.682	0.771	0.688	0.681	0.044	0.513	0.639	0.663	0.565	0.463	0.615	0.596	0.044	0.084	0.655	0.584	0.615	0.725	0.539	0.551	0.520
44:00:44	21.8	0.578	0.636	0.565	0.654	0.447	0.609	0.535	0.673	0.831	0.570	0.622	0.453	0.601	0.705	0.668	0.675	0.696	0.625	0.694	0.162	0.579	0.652	0.656	0.626	0.606	0.743	0.678	0.685	0.725	0.745	0.702	0.659	0.713	0.706	0.678	0.636	0.580	0.744	0.455	0.714	0.755	0.609	0.421	0.494	0.690	0.691	0.686	0.649	0.566	0.702	0.752	0.933	0.490	0.775	0.696	0.720	0.654	0.513	0.612	0.519	0.627	0.690	0.775	0.737	0.753	0.046	0.753	0.610	0.749	0.723	0.678	0.637	0.598	0.656	0.723	0.722	0.774	0.694	0.788	0.044	0.515	0.661	0.677	0.576	0.474	0.573	0.602	0.044	0.083	0.566	0.596	0.649	0.732	0.529	0.559	0.531
45:00:45	21.9	0.599	0.635	0.589	0.640	0.451	0.632	0.543	0.686	1.096	0.593	0.598	0.463	0.630	0.728	0.676	0.697	0.727	0.612	0.701	0.158	0.627	0.659	0.674	0.603	0.557	0.790	0.684	0.676	0.739	0.778	0.744	0.673	0.729	0.674	0.690	0.649	0.526	0.797	0.469	0.727	0.787	0.614	0.433	0.449	0.774	0.688	0.719	0.655	0.570	0.726	0.785	0.941	0.502	0.828	0.695	0.732	0.657	0.549	0.622	0.523	0.650	0.703	0.776	0.747	0.760	0.046	0.753	0.635	0.706	0.724	0.677	0.640	0.626	0.669	0.725	0.742	0.812	0.762	0.699	0.044	0.639	0.690	0.681	0.584	0.486	0.587	0.607	0.044	0.083	0.562	0.600	0.618	0.736	0.536	0.570	0.538
46:00:46	22.1	0.591	0.637	0.588	0.674	0.460	0.648	0.545	0.685	1.031	0.593	0.650	0.469	0.568	0.751	0.700	0.790	0.734	0.611	0.691	0.155	0.639	0.675	0.675	0.620	0.595	0.730	0.679	0.704	0.756	0.772	0.716	0.686	0.744	0.749	0.698	0.659	0.535	0.733	0.488	0.764	0.792	0.632	0.455	0.486	0.727	0.722	0.718	0.659	0.565	0.762	0.777	0.956	0.542	0.826	0.716	0.784	0.689	0.558	0.689	0.538	0.645	0.718	0.788	0.787	0.785	0.046	0.779	0.679	0.795	0.730	0.693	0.645	0.625	0.674	0.759	0.775	0.812	0.767	0.747	0.044	0.609	0.698	0.699	0.591	0.507	0.610	0.624	0.044	0.083	0.586	0.605	0.624	0.745	0.543	0.565	0.548
47:00:47	22.2	0.600	0.674	0.609	0.657	0.468	0.652	0.557	0.691	0.825	0.609	0.633	0.470	0.553	0.717	0.711	0.773	0.718	0.645	0.710	0.152	0.688	0.680	0.744	0.633	0.665	0.796	0.686	0.721	0.769	0.803	0.789	0.703	0.762	0.724	0.707	0.678	0.534	0.803	0.506	0.731	0.801	0.649	0.464	0.486	0.722	0.734	0.733	0.676	0.582	0.838	0.825	0.968	0.528	0.840	0.734	0.772	0.732	0.611	0.651	0.537	0.652	0.729	0.794	0.784	0.845	0.046	0.810	0.680	0.774	0.749	0.724	0.657	0.616	0.657	0.772	0.778	0.866	0.746	0.783	0.044	0.864	0.689	0.691	0.601	0.515	0.616	0.638	0.044	0.083	0.585	0.611	0.638	0.759	0.547	0.571	0.558
48:00:47	22.4	0.631	0.645	0.591	0.667	0.489	0.647	0.555	0.715	0.849	0.605	0.642	0.501	0.589	0.780	0.725	0.733	0.679	0.637	0.722	0.147	0.617	0.691	0.716	0.629	0.597	0.797	0.692	0.749	0.783	0.807	0.769	0.698	0.775	0.753	0.717	0.706	0.523	0.749	0.527	0.778	0.824	0.675	0.489	0.525	0.736	0.759	0.737	0.674	0.573	0.813	0.811	0.980	0.541	0.788	0.760	0.792	0.728	0.583	0.658	0.542	0.664	0.724	0.794	0.782	0.843	0.046	0.824	0.694	0.809	0.749	0.725	0.661	0.640	0.684	0.772	0.810	0.762	0.751	0.800	0.044	0.822	0.739	0.721	0.606	0.532	0.596	0.637	0.044	0.082	0.588	0.614	0.637	0.770	0.568	0.571	0.575
49:00:49	22.5	0.657	0.646	0.630	0.669	0.488	0.660	0.591	0.718	0.786	0.630	0.661	0.496	0.605	0.749	0.728	0.735	0.749	0.661	0.710	0.142	0.670	0.698	0.725	0.654	0.613	0.771	0.714	0.753	0.793	0.837	0.806	0.725	0.789	0.769	0.724	0.690	0.552	0.767	0.546	0.776	0.816	0.706	0.514	0.395	0.758	0.751	0.769	0.682	0.602	0.831	0.855	0.998	0.573	0.903	0.760	0.840	0.692	0.647	0.677	0.536	0.671	0.742	0.809	0.845	0.852	0.046	0.842	0.707	0.787	0.803	0.723	0.670	0.642	0.683	0.802	0.793	0.889	0.817	0.777	0.044	0.803	0.727	0.719	0.619	0.545	0.628	0.656	0.044	0.081	0.587	0.612	0.648	0.778	0.569	0.581	0.579
50:00:50	22.6	0.663	0.647	0.616	0.670	0.494	0.673	0.582	0.735	0.632	0.632	0.662	0.486	0.581	0.767	0.746	0.751	0.770	0.677	0.757	0.144	0.651	0.686	0.739	0.662	0.620	0.783	0.723	0.745	0.806	0.840	0.795	0.734	0.800	0.799	0.738	0.702	0.550	0.744	0.568	0.813	0.827	0.712	0.609	0.512	0.770	0.769	0.764	0.692	0.632	0.861	0.802	1.014	0.587	0.856	0.760	0.845	0.765	0.629	0.684	0.555	0.696	0.740	0.759	0.821	0.854	0.045	0.832	0.741	0.822	0.795	0.736	0.675	0.665	0.706	0.774	0.790	0.863	0.832	0.824	0.044	0.913	0.748	0.738	0.633	0.553	0.638	0.644	0.044	0.081	0.602	0.617	0.640	0.785	0.581	0.580	0.596
51:00:51	22.6	0.657	0.674	0.645	0.674	0.491	0.690	0.632	0.729	0.553	0.650	0.712	0.501	0.592	0.751	0.755	0.748	0.760	0.699	0.751	0.142	0.666	0.732	0.762	0.661	0.635	0.812	0.715	0.797	0.814	0.834	0.785	0.749	0.828	0.796	0.752	0.728	0.569	0.757	0.589	0.834	0.839	0.717	0.532	0.510	0.784	0.788	0.771	0.706	0.632	0.843	0.813	1.025	0.581	0.929	0.806	0.804	0.743	0.642	0.694	0.555	0.685	0.776	0.809	0.850	0.836	0.046	0.792	0.735	0.812	0.800	0.743	0.680	0.672	0.700	0.806	0.790	0.850	0.803	0.748	0.044	0.924	0.726	0.728	0.638	0.564	0.645	0.674	0.044	0.080	0.592	0.645	0.665	0.797	0.587	0.591	0.604
52:00:51	22.5	0.669	0.688	0.661	0.696	0.506	0.723	0.630	0.760	0.323	0.686	0.695	0.505	0.612	0.786	0.766	0.777	0.796	0.687	0.799	0.140	0.681	0.717	0.777	0.677	0.649	0.797	0.720	0.755	0.828	0.838	0.804	0.778	0.838	0.784	0.762	0.722	0.596	0.761	0.614	0.801	0.856	0.723	0.669	0.510	0.780	0.799	0.785	0.715	0.641	0.895	0.841	1.032	0.607	0.867	0.801	0.842	0.696	0.748	0.703	0.556	0.700	0.771	0.774	0.866	0.881	0.046	0.911	0.754	0.818	0.795	0.758	0.687	0.674	0.728	0.764	0.808	0.891	0.863	0.881	0.044	0.898	0.720	0.739	0.652	0.571	0.655	0.670	0.044	0.080	0.607	0.646	0.670	0.802	0.598	0.607	0.613
53:00:52	22.5	0.677	0.692	0.664	0.701	0.497	0.721	0.648	0.769	0.679	0.665	0.697	0.499	0.625	0.766	0.783	0.787	0.752	0.715	0.768	0.139	0.677	0.732	0.779	0.691	0.650	0.812	0.765	0.727	0.835	0.829	0.820	0.778	0.851	0.780	0.778	0.736	0.608	0.855	0.633	0.865	0.860	0.726	0.603	0.398	0.791	0.798	0.803	0.717	0.635	0.888	0.837	1.049	0.599	0.873	0.814	0.864	0.731	0.690	0.729	0.575	0.689	0.785	0.854	0.801	0.898	0.045	0.900	0.735	0.788	0.811	0.776	0.699	0.693	0.724	0.757	0.802	0.870	0.889	0.805	0.043	0.992	0.748	0.739	0.667	0.577	0.661	0.699	0.044	0.080	0.602	0.652	0.666	0.807	0.604	0.612	0.623
54:00:53	22.5	0.677	0.711	0.675	0.699	0.529	0.721	0.662	0.775	0.567	0.690	0.707	0.504	0.643	0.804	0.798	0.797	0.770	0.737	0.777	0.137	0.687	0.730	0.809	0.714	0.643	0.848	0.766	0.771	0.845	0.850	0.822	0.779	0.866	0.814	0.780	0.740	0.629	0.842	0.660	0.897	0.874	0.722	0.597	0.453	0.828	0.807	0.815	0.726	0.650	0.896	0.815	1.068	0.644	0.894	0.822	0.837	0.797	0.713	0.727	0.580	0.702	0.783	0.810	0.835	0.872	0.045	0.875	0.733	0.805	0.807	0.774	0.701	0.693	0.746	0.760	0.811	0.833	0.813	0.786	0.043	0.814	0.728	0.742	0.678	0.576	0.664	0.682	0.044	0.079	0.622	0.655	0.683	0.815	0.620	0.624	0.634
55:00:53	22.5	0.680	0.725	0.701	0.715	0.523	0.726	0.682	0.784	0.662	0.697	0.717	0.515	0.642	0.787	0.813	0.779	0.792	0.749	0.795	0.135	0.704	0.760	0.816	0.723	0.661	0.794	0.785	0.761	0.853	0.846	0.845	0.788	0.879	0.811	0.783	0.744	0.625	0.832	0.674	0.900	0.886	0.739	0.735	0.354	0.839	0.832	0.811	0.731	0.637	0.873	0.868	1.074	0.669	0.865	0.809	0.832	0.786	0.647	0.751	0.600	0.690	0.789	0.799	0.879	0.889	0.045	0.889	0.775	0.805	0.817	0.778	0.704	0.696	0.735	0.756	0.795	0.858	0.865	0.819	0.044	1.010	0.732	0.758	0.680	0.580	0.677	0.701	0.043	0.079	0.641	0.674	0.703	0.821	0.634	0.637	0.646
56:00:54	22.4	0.695	0.730	0.707	0.710	0.539	0.729	0.702	0.781	1.003	0.721	0.721	0.530	0.668	0.800	0.806	0.784	0.775	0.772	0.808	0.133	0.735	0.750	0.820	0.736	0.673	0.806	0.813	0.774	0.866	0.824	0.843	0.795	0.894	0.811	0.795	0.761	0.655	0.833	0.694	0.882	0.903	0.735	0.599	0.493	0.842	0.824	0.821	0.733	0.628	0.803	0.903	1.078	0.682	0.863	0.832	0.846	0.825	0.732	0.763	0.602	0.697	0.800	0.831	0.890	0.848	0.045	0.852	0.782	0.827	0.823	0.788	0.708	0.677	0.753	0.761	0.806	0.845	0.830	0.786	0.044	0.853	0.738	0.766	0.686	0.580	0.664	0.697	0.044	0.078	0.645	0.689	0.731	0.830	0.656	0.640	0.652
57:00:56	22.2	0.725	0.735	0.708	0.725	0.533	0.733	0.700	0.796	0.685	0.712	0.727	0.531	0.676	0.793	0.821	0.806	0.789	0.777	0.810	0.131	0.730	0.748	0.828	0.733	0.670	0.790	0.772	0.798	0.877	0.846	0.845	0.805	0.898	0.847	0.804	0.762	0.645	0.821	0.706	0.922	0.905	0.754	0.736	0.326	0.851	0.834	0.826	0.727	0.636	0.776	0.901	1.087	0.664	0.907	0.838	0.853	0.793	0.665	0.769	0.599	0.702	0.804	0.782	0.875	0.876	0.045	0.868	0.773	0.848	0.829	0.805	0.713	0.679	0.759	0.767	0.814	0.844	0.806	0.798	0.044	0.754	0.749	0.769	0.691	0.593	0.678	0.713	0.044	0.078	0.643	0.687	0.726	0.839	0.661	0.649	0.662
58:00:56	22.0	0.716	0.759	0.725	0.734	0.539	0.742	0.719	0.792	0.407	0.727	0.725	0.525	0.675	0.800	0.836	0.804	0.796	0.818	0.816	0.131	0.747	0.768	0.836	0.737	0.687	0.798	0.833	0.825	0.888	0.864	0.856	0.816	0.910	0.838	0.807	0.766	0.668	0.825	0.718	0.897	0.920	0.757	0.657	0.470	0.852	0.847	0.835	0.731	0.642	0.805	0.908	1.095	0.660	0.920	0.835	0.853	0.862	0.745	0.781	0.619	0.681	0.815	0.826	0.927	0.908	0.045	0.872	0.762	0.841	0.838	0.802	0.718	0.655	0.771	0.774	0.780	0.829	0.811	0.809	0.044	0.718	0.757	0.777	0.699	0.598	0.702	0.705	0.044	0.077	0.675	0.706	0.736	0.850	0.690	0.651	0.664
59:00:58	21.8	0.696	0.759	0.729	0.748	0.553	0.758	0.734	0.798	0.729	0.738	0.739	0.533	0.698	0.809	0.845	0.816	0.812	0.798	0.826	0.130	0.762	0.771	0.839	0.738	0.700	0.818	0.795	0.827	0.895	0.870	0.880	0.825	0.914	0.845	0.812	0.775	0.675	0.850	0.726	0.884	0.925	0.763	0.754	0.330	0.863	0.844	0.841	0.737	0.652	0.823	0.878	1.097	0.675	0.921	0.855	0.869	0.797	0.690	0.782	0.634	0.686	0.828	0.808	0.917	0.974	0.046	0.882	0.767	0.844	0.841	0.815	0.724	0.666	0.782	0.791	0.787	0.856	0.812	0.828	0.044	0.835	0.766	0.778	0.705	0.607	0.693	0.697	0.044	0.077	0.664	0.721	0.744	0.855	0.695	0.657	0.663
60:00:59	21.6	0.698	0.758	0.743	0.751	0.535	0.756	0.756	0.806	0.662	0.753	0.742	0.533	0.719	0.828	0.851	0.822	0.824	0.815	0.844	0.129	0.784	0.780	0.850	0.742	0.689	0.855	0.890	0.822	0.906	0.886	0.878	0.846	0.925	0.854	0.818	0.780	0.705	0.829	0.739	0.906	0.934	0.781	0.684	0.243	0.875	0.865	0.847	0.744	0.650	0.835	0.879	1.107	0.727	0.911	0.857	0.879	0.819	0.691	0.791	0.639	0.689	0.840	0.820	0.902	0.904	0.045	0.875	0.774	0.851	0.859	0.832	0.731	0.649	0.781	0.799	0.797	0.797	0.849	0.821	0.044	0.730	0.766	0.787	0.707	0.618	0.693	0.690	0.043	0.077	0.679	0.721	0.748	0.867	0.704	0.658	0.666
61:00:59	21.5	0.659	0.778	0.758	0.768	0.548	0.775	0.773	0.812	0.901	0.775	0.743	0.539	0.718	0.834	0.868	0.838	0.826	0.813	0.843	0.128	0.788	0.784	0.861	0.750	0.708	0.832	0.924	0.806	0.914	0.890	0.885	0.854	0.924	0.861	0.826	0.780	0.684	0.845	0.746	0.905	0.944	0.784	0.711	0.225	0.882	0.866	0.854	0.752	0.658	0.877	0.889	1.111	0.690	0.911	0.864	0.885	0.812	0.715	0.796	0.642	0.692	0.847	0.834	0.887	0.885	0.046	0.886	0.796	0.853	0.863	0.831	0.739	0.658	0.790	0.811	0.806	0.773	0.848	0.832	0.044	0.606	0.784	0.802	0.723	0.630	0.703	0.700	0.044	0.078	0.685	0.724	0.750	0.870	0.710	0.670	0.675
62:01:00	21.4	0.640	0.795	0.768	0.771	0.553	0.781	0.770	0.816	0.289	0.774	0.757	0.568	0.723	0.841	0.876	0.847	0.841	0.823	0.856	0.127	0.790	0.794	0.872	0.753	0.707	0.845	0.893	0.818	0.922	0.893	0.896	0.867	0.929	0.875	0.835	0.785	0.712	0.846	0.750	0.908	0.948	0.795	0.745	0.198	0.894	0.877	0.857	0.759	0.666	0.828	0.863	1.115	0.731	0.915	0.879	0.893	0.812	0.699	0.803	0.654	0.700	0.858	0.838	0.905	0.873	0.045	0.877	0.781	0.863	0.869	0.845	0.747	0.658	0.795	0.822	0.808	0.827	0.825	0.836	0.043	0.625	0.793	0.812	0.733	0.626	0.715	0.707	0.044	0.077	0.688	0.729	0.750	0.876	0.716	0.676	0.678
63:01:00	21.4	0.619	0.808	0.785	0.784	0.568	0.797	0.779	0.824	0.234	0.770	0.774	0.566	0.732	0.848	0.885	0.844	0.854	0.835	0.866	0.127	0.801	0.806	0.883	0.771	0.719	0.853	0.908	0.818	0.932	0.905	0.902	0.880	0.934	0.884	0.843	0.791	0.708	0.849	0.758	0.912	0.956	0.806	0.729	0.191	0.901	0.884	0.863	0.769	0.672	0.816	0.877	1.127	0.697	0.888	0.883	0.904	0.815	0.688	0.811	0.656	0.701	0.869	0.849	0.926	0.899	0.045	0.882	0.791	0.872	0.883	0.859	0.751	0.660	0.796	0.836	0.825	0.801	0.846	0.843	0.044	0.715	0.799	0.822	0.740	0.628	0.713	0.708	0.044	0.077	0.706	0.738	0.755	0.879	0.726	0.683	0.685
64:01:02	21.3	0.622	0.801	0.793	0.795	0.566	0.801	0.796	0.840	0.576	0.782	0.793	0.552	0.733	0.858	0.893	0.857	0.870	0.844	0.873	0.126	0.810	0.816	0.887	0.779	0.740	0.869	0.894	0.825	0.940	0.916	0.904	0.890	0.941	0.896	0.852	0.792	0.731	0.854	0.761	0.918	0.962	0.815	0.773	0.173	0.907	0.892	0.871	0.776	0.686	0.814	0.877	1.133	0.743	0.932	0.886	0.907	0.839	0.715	0.820	0.669	0.711	0.879	0.861	0.925	0.878	0.045	0.893	0.817	0.876	0.888	0.869	0.761	0.668	0.805	0.846	0.835	0.796	0.854	0.849	0.044	0.665	0.805	0.827	0.745	0.629	0.718	0.709	0.044	0.077	0.717	0.748	0.767	0.902	0.730	0.691	0.692
65:01:02	21.5	0.628	0.798	0.810	0.808	0.563	0.819	0.807	0.861	0.273	0.791	0.785	0.569	0.730	0.871	0.903	0.866	0.886	0.848	0.881	0.125	0.811	0.829	0.888	0.778	0.732	0.883	0.891	0.829	0.950	0.928	0.919	0.897	0.946	0.914	0.865	0.790	0.733	0.862	0.764	0.924	0.966	0.823	0.707	0.188	0.919	0.890	0.880	0.777	0.689	0.827	0.885	1.134	0.764	0.910	0.895	0.913	0.850	0.725	0.832	0.674	0.730	0.887	0.864	0.908	0.890	0.046	0.909	0.811	0.883	0.896	0.886	0.770	0.686	0.815	0.861	0.852	0.799	0.868	0.855	0.044	0.683	0.813	0.834	0.746	0.632	0.734	0.722	0.044	0.077	0.723	0.755	0.779	0.912	0.740	0.696	0.701
66:01:03	21.7	0.625	0.788	0.816	0.827	0.569	0.829	0.822	0.866	0.364	0.798	0.785	0.594	0.743	0.876	0.917	0.872	0.898	0.865	0.894	0.124	0.821	0.834	0.906	0.786	0.749	0.883	0.886	0.840	0.952	0.931	0.920	0.906	0.951	0.918	0.869	0.799	0.739	0.868	0.771	0.949	0.976	0.836	0.724	0.267	0.925	0.891	0.888	0.788	0.692	0.833	0.891	1.149	0.763	0.908	0.900	0.919	0.854	0.725	0.845	0.682	0.740	0.892	0.872	0.918	0.889	0.045	0.914	0.811	0.894	0.904	0.896	0.794	0.713	0.820	0.867	0.858	0.802	0.863	0.862	0.044	0.634	0.819	0.846	0.758	0.636	0.740	0.720	0.044	0.077	0.724	0.760	0.788	0.911	0.747	0.701	0.704
67:01:05	22.0	0.668	0.789	0.822	0.874	0.589	0.847	0.831	0.867	0.208	0.784	0.768	0.619	0.735	0.887	0.926	0.883	0.904	0.874	0.907	0.124	0.831	0.846	0.915	0.790	0.756	0.896	0.894	0.848	0.958	0.937	0.930	0.914	0.955	0.928	0.875	0.800	0.748	0.876	0.775	0.950	0.985	0.842	0.736	0.179	0.934	0.888	0.895	0.799	0.703	0.843	0.906	1.168	0.802	0.905	0.907	0.926	0.863	0.734	0.852	0.690	0.755	0.900	0.882	0.929	0.904	0.045	0.916	0.822	0.898	0.910	0.900	0.802	0.727	0.825	0.876	0.871	0.809	0.878	0.876	0.044	0.656	0.819	0.856	0.775	0.641	0.756	0.730	0.044	0.077	0.735	0.771	0.796	0.911	0.751	0.713	0.711
68:01:06	22.2	0.668	0.800	0.830	0.872	0.574	0.851	0.831	0.867	0.532	0.785	0.779	0.620	0.754	0.899	0.939	0.893	0.917	0.880	0.923	0.122	0.843	0.854	0.922	0.790	0.763	0.913	0.909	0.858	0.968	0.949	0.936	0.921	0.961	0.943	0.885	0.804	0.743	0.890	0.780	0.955	0.990	0.856	0.747	0.180	0.938	0.893	0.904	0.807	0.716	0.856	0.905	1.174	0.805	0.918	0.910	0.937	0.871	0.755	0.855	0.703	0.772	0.913	0.889	0.918	0.912	0.045	0.924	0.844	0.905	0.919	0.901	0.803	0.744	0.834	0.884	0.882	0.824	0.889	0.891	0.043	0.654	0.833	0.866	0.786	0.643	0.766	0.743	0.043	0.078	0.754	0.778	0.804	0.921	0.753	0.729	0.718
69:01:07	22.4	0.684	0.793	0.833	0.861	0.588	0.864	0.832	0.858	0.127	0.779	0.776	0.617	0.730	0.911	0.943	0.899	0.928	0.895	0.932	0.122	0.847	0.858	0.925	0.794	0.773	0.923	0.916	0.873	0.974	0.960	0.941	0.930	0.968	0.949	0.896	0.807	0.754	0.895	0.790	0.979	1.000	0.868	0.750	0.170	0.945	0.895	0.914	0.816	0.733	0.872	0.913	1.182	0.831	0.921	0.915	0.942	0.879	0.776	0.862	0.713	0.790	0.923	0.898	0.937	0.919	0.045	0.933	0.852	0.915	0.929	0.909	0.809	0.751	0.846	0.892	0.889	0.839	0.895	0.898	0.043	0.657	0.845	0.873	0.789	0.646	0.780	0.752	0.043	0.081	0.764	0.784	0.809	0.922	0.751	0.732	0.719
70:01:07	22.6	0.658	0.805	0.833	0.849	0.579	0.862	0.837	0.860	0.121	0.765	0.771	0.621	0.742	0.920	0.951	0.910	0.936	0.902	0.946	0.121	0.858	0.863	0.927	0.805	0.775	0.935	0.925	0.881	0.983	0.969	0.955	0.947	0.975	0.957	0.904	0.812	0.754	0.894	0.795	0.976	1.009	0.871	0.757	0.157	0.951	0.905	0.919	0.837	0.754	0.888	0.921	1.182	0.839	0.932	0.923	0.949	0.884	0.783	0.869	0.721	0.798	0.932	0.914	0.945	0.929	0.045	0.940	0.863	0.921	0.936	0.917	0.817	0.758	0.850	0.903	0.898	0.850	0.914	0.907	0.043	0.674	0.851	0.880	0.791	0.642	0.788	0.760	0.043	0.089	0.773	0.790	0.821	0.927	0.765	0.732	0.720
71:01:09	22.8	0.630	0.794	0.829	0.851	0.608	0.850	0.827	0.863	0.121	0.767	0.772	0.623	0.766	0.924	0.961	0.920	0.942	0.903	0.952	0.122	0.871	0.876	0.930	0.815	0.778	0.938	0.939	0.892	0.993	0.976	0.976	0.955	0.978	0.965	0.900	0.825	0.764	0.899	0.800	0.968	1.015	0.882	0.746	0.158	0.955	0.919	0.933	0.845	0.769	0.900	0.930	1.194	0.825	0.939	0.941	0.957	0.889	0.805	0.878	0.727	0.803	0.935	0.924	0.948	0.940	0.045	0.948	0.876	0.928	0.943	0.924	0.825	0.770	0.857	0.910	0.902	0.859	0.920	0.923	0.043	0.680	0.861	0.885	0.791	0.637	0.806	0.766	0.043	0.104	0.776	0.800	0.822	0.932	0.778	0.736	0.721
72:01:09	22.8	0.710	0.799	0.831	0.858	0.619	0.813	0.847	0.835	0.137	0.781	0.799	0.605	0.777	0.925	0.962	0.924	0.948	0.909	0.957	0.120	0.881	0.880	0.933	0.789	0.783	0.947	0.943	0.899	0.996	0.975	0.983	0.958	0.984	0.969	0.913	0.834	0.769	0.903	0.797	1.011	1.023	0.888	0.777	0.155	0.963	0.930	0.935	0.828	0.781	0.905	0.929	1.200	0.838	0.953	0.947	0.960	0.895	0.806	0.885	0.719	0.808	0.940	0.932	0.955	0.946	0.045	0.953	0.882	0.933	0.953	0.934	0.834	0.777	0.871	0.918	0.910	0.872	0.932	0.926	0.043	0.695	0.875	0.890	0.795	0.626	0.811	0.776	0.043	0.122	0.778	0.807	0.828	0.928	0.781	0.737	0.719

