Time	T° 600	A1	A2	A3	A4	A5	A6	A7	A8	A9	A10	A11	A12	B1	B2	B3	B4	B5	B6	B7	B8	B9	B10	B11	B12	C1	C2	C3	C4	C5	C6	C7	C8	C9	C10	C11	C12	D1	D2	D3	D4	D5	D6	D7	D8	D9	D10	D11	D12	E1	E2	E3	E4	E5	E6	E7	E8	E9	E10	E11	E12	F1	F2	F3	F4	F5	F6	F7	F8	F9	F10	F11	F12	G1	G2	G3	G4	G5	G6	G7	G8	G9	G10	G11	G12	H1	H2	H3	H4	H5	H6	H7	H8	H9	H10	H11	H12
0:00:06	22.9	0.046	0.046	0.049	0.051	0.048	0.049	0.046	0.046	0.047	0.047	0.049	0.048	0.047	0.047	0.048	0.053	0.049	0.048	0.046	0.049	0.047	0.051	0.048	0.051	0.393	0.050	0.050	0.046	0.047	0.052	0.046	0.046	0.046	0.048	0.053	0.047	0.047	0.046	0.055	0.046	0.046	0.048	0.072	0.061	0.050	0.046	0.050	0.054	0.047	0.048	0.047	0.046	0.048	0.052	0.213	0.118	0.048	0.052	0.051	0.046	0.051	0.049	0.048	0.050	0.047	0.111	0.047	0.045	0.049	0.045	0.046	0.047	0.053	0.050	0.052	0.046	0.051	0.046	0.049	0.046	0.049	0.047	0.054	0.047	0.047	0.051	0.048	0.047	0.046	0.045	0.050	0.050	0.052	0.050	0.045	0.046
1:00:04	22.8	0.049	0.049	0.051	0.053	0.051	0.052	0.049	0.048	0.050	0.050	0.051	0.050	0.049	0.049	0.050	0.055	0.050	0.049	0.049	0.051	0.049	0.053	0.051	0.052	0.389	0.052	0.051	0.047	0.047	0.055	0.047	0.047	0.048	0.050	0.055	0.049	0.049	0.048	0.057	0.048	0.047	0.050	0.049	0.050	0.052	0.048	0.051	0.058	0.049	0.050	0.048	0.048	0.054	0.055	0.049	0.048	0.050	0.052	0.052	0.048	0.052	0.051	0.050	0.051	0.049	0.049	0.049	0.047	0.051	0.047	0.049	0.050	0.055	0.052	0.054	0.048	0.052	0.048	0.050	0.049	0.051	0.050	0.055	0.050	0.050	0.053	0.053	0.050	0.048	0.047	0.052	0.053	0.055	0.053	0.048	0.049
2:00:05	22.7	0.053	0.053	0.055	0.056	0.054	0.056	0.052	0.051	0.052	0.052	0.054	0.055	0.053	0.051	0.053	0.057	0.052	0.053	0.052	0.054	0.051	0.056	0.054	0.055	0.393	0.055	0.054	0.050	0.051	0.058	0.050	0.047	0.051	0.053	0.058	0.054	0.053	0.051	0.060	0.051	0.049	0.053	0.051	0.053	0.055	0.051	0.054	0.059	0.052	0.053	0.051	0.051	0.057	0.058	0.052	0.050	0.053	0.054	0.055	0.052	0.055	0.054	0.052	0.054	0.052	0.054	0.052	0.050	0.055	0.051	0.052	0.054	0.059	0.054	0.057	0.051	0.056	0.052	0.054	0.052	0.054	0.055	0.057	0.055	0.055	0.057	0.057	0.053	0.052	0.049	0.056	0.057	0.060	0.058	0.052	0.055
3:00:06	22.8	0.061	0.060	0.066	0.062	0.062	0.063	0.058	0.058	0.059	0.058	0.060	0.064	0.062	0.057	0.059	0.063	0.054	0.058	0.058	0.059	0.056	0.063	0.059	0.062	0.402	0.060	0.061	0.057	0.056	0.065	0.055	0.048	0.057	0.060	0.065	0.064	0.060	0.057	0.066	0.058	0.053	0.058	0.057	0.059	0.061	0.057	0.061	0.067	0.060	0.059	0.057	0.056	0.063	0.063	0.058	0.056	0.058	0.056	0.061	0.061	0.062	0.060	0.058	0.060	0.057	0.062	0.057	0.056	0.062	0.057	0.061	0.063	0.066	0.060	0.064	0.057	0.063	0.058	0.061	0.058	0.061	0.065	0.063	0.066	0.061	0.066	0.066	0.060	0.060	0.052	0.063	0.066	0.069	0.068	0.061	0.064
4:00:07	22.8	0.072	0.073	0.076	0.069	0.076	0.075	0.070	0.069	0.070	0.068	0.071	0.080	0.075	0.067	0.069	0.073	0.056	0.068	0.069	0.070	0.067	0.074	0.069	0.073	0.413	0.070	0.073	0.068	0.066	0.077	0.064	0.050	0.068	0.071	0.079	0.077	0.074	0.068	0.075	0.068	0.061	0.068	0.066	0.070	0.071	0.068	0.073	0.081	0.072	0.069	0.066	0.065	0.073	0.073	0.068	0.066	0.068	0.060	0.073	0.076	0.075	0.071	0.067	0.070	0.067	0.069	0.066	0.068	0.076	0.070	0.077	0.072	0.076	0.070	0.075	0.068	0.076	0.069	0.073	0.069	0.074	0.074	0.070	0.081	0.068	0.075	0.074	0.073	0.072	0.057	0.074	0.079	0.081	0.079	0.072	0.076
5:00:07	22.5	0.084	0.088	0.092	0.080	0.094	0.089	0.087	0.085	0.086	0.082	0.088	0.094	0.089	0.081	0.084	0.091	0.058	0.083	0.087	0.086	0.083	0.092	0.084	0.079	0.428	0.082	0.090	0.084	0.081	0.093	0.079	0.050	0.085	0.089	0.098	0.087	0.090	0.083	0.090	0.084	0.073	0.083	0.080	0.087	0.087	0.085	0.086	0.098	0.084	0.083	0.081	0.079	0.089	0.089	0.083	0.082	0.085	0.067	0.086	0.091	0.089	0.086	0.081	0.084	0.083	0.075	0.081	0.086	0.096	0.090	0.099	0.079	0.084	0.083	0.089	0.084	0.092	0.086	0.086	0.086	0.090	0.082	0.082	0.091	0.073	0.083	0.084	0.090	0.086	0.061	0.085	0.090	0.090	0.087	0.081	0.083
6:00:08	22.2	0.093	0.099	0.108	0.092	0.112	0.102	0.105	0.101	0.104	0.098	0.107	0.099	0.098	0.095	0.100	0.114	0.059	0.099	0.112	0.108	0.105	0.115	0.101	0.082	0.441	0.094	0.109	0.103	0.098	0.108	0.096	0.052	0.108	0.111	0.122	0.093	0.105	0.100	0.108	0.104	0.087	0.101	0.100	0.108	0.107	0.108	0.099	0.115	0.090	0.100	0.098	0.096	0.110	0.110	0.101	0.103	0.107	0.074	0.099	0.100	0.101	0.105	0.098	0.103	0.103	0.081	0.100	0.106	0.120	0.110	0.125	0.083	0.089	0.096	0.104	0.100	0.106	0.103	0.098	0.106	0.105	0.088	0.090	0.101	0.076	0.087	0.092	0.105	0.096	0.062	0.093	0.098	0.098	0.094	0.086	0.086
7:00:09	22.0	0.102	0.110	0.124	0.106	0.127	0.113	0.123	0.110	0.120	0.108	0.131	0.107	0.105	0.112	0.117	0.136	0.061	0.115	0.140	0.131	0.130	0.137	0.117	0.084	0.457	0.107	0.129	0.124	0.117	0.122	0.113	0.051	0.135	0.135	0.145	0.096	0.121	0.116	0.128	0.126	0.102	0.123	0.123	0.130	0.129	0.132	0.106	0.129	0.097	0.117	0.117	0.115	0.133	0.136	0.121	0.126	0.132	0.083	0.111	0.108	0.114	0.124	0.118	0.124	0.128	0.087	0.122	0.125	0.145	0.130	0.152	0.088	0.094	0.109	0.120	0.117	0.120	0.124	0.108	0.127	0.119	0.093	0.101	0.107	0.079	0.092	0.102	0.119	0.105	0.061	0.100	0.106	0.104	0.099	0.091	0.090
8:00:10	21.9	0.112	0.122	0.141	0.122	0.142	0.125	0.142	0.116	0.134	0.114	0.152	0.114	0.112	0.129	0.136	0.156	0.061	0.132	0.167	0.155	0.154	0.160	0.134	0.086	0.474	0.120	0.149	0.144	0.136	0.132	0.128	0.051	0.162	0.159	0.168	0.100	0.140	0.134	0.148	0.149	0.118	0.144	0.146	0.155	0.153	0.155	0.112	0.136	0.103	0.137	0.136	0.136	0.155	0.160	0.141	0.149	0.159	0.093	0.115	0.114	0.124	0.142	0.140	0.145	0.150	0.095	0.144	0.145	0.169	0.150	0.177	0.092	0.100	0.123	0.133	0.133	0.133	0.144	0.120	0.148	0.132	0.099	0.107	0.112	0.081	0.099	0.111	0.129	0.113	0.061	0.109	0.113	0.109	0.103	0.094	0.095
9:00:12	21.7	0.121	0.128	0.158	0.137	0.150	0.140	0.163	0.120	0.151	0.120	0.174	0.121	0.116	0.149	0.158	0.178	0.062	0.149	0.192	0.180	0.180	0.187	0.155	0.088	0.502	0.133	0.171	0.164	0.159	0.146	0.147	0.051	0.191	0.186	0.192	0.105	0.164	0.153	0.173	0.175	0.136	0.167	0.172	0.179	0.177	0.181	0.120	0.144	0.109	0.158	0.158	0.159	0.179	0.188	0.164	0.177	0.185	0.106	0.120	0.119	0.135	0.163	0.164	0.171	0.177	0.104	0.172	0.171	0.195	0.174	0.205	0.097	0.106	0.137	0.146	0.153	0.147	0.165	0.129	0.172	0.147	0.106	0.113	0.117	0.085	0.106	0.121	0.141	0.120	0.061	0.118	0.119	0.117	0.107	0.100	0.098
10:00:12	21.5	0.128	0.134	0.169	0.149	0.156	0.157	0.185	0.124	0.169	0.122	0.189	0.126	0.120	0.167	0.179	0.195	0.062	0.162	0.212	0.204	0.205	0.211	0.171	0.092	0.527	0.144	0.188	0.184	0.180	0.152	0.164	0.050	0.213	0.208	0.215	0.111	0.184	0.171	0.195	0.198	0.153	0.189	0.195	0.197	0.201	0.204	0.124	0.150	0.114	0.174	0.176	0.182	0.202	0.209	0.183	0.198	0.208	0.119	0.126	0.124	0.144	0.183	0.183	0.192	0.197	0.113	0.195	0.196	0.221	0.198	0.231	0.101	0.111	0.152	0.155	0.167	0.159	0.188	0.144	0.194	0.171	0.112	0.121	0.123	0.087	0.115	0.129	0.152	0.126	0.060	0.129	0.122	0.123	0.115	0.105	0.102
11:00:13	21.4	0.130	0.134	0.179	0.170	0.166	0.175	0.205	0.120	0.181	0.123	0.213	0.126	0.122	0.187	0.200	0.215	0.062	0.174	0.232	0.227	0.223	0.232	0.186	0.097	0.555	0.159	0.205	0.203	0.201	0.163	0.180	0.050	0.232	0.232	0.234	0.120	0.207	0.190	0.216	0.218	0.174	0.208	0.216	0.216	0.222	0.226	0.127	0.152	0.114	0.192	0.197	0.203	0.221	0.229	0.205	0.218	0.230	0.133	0.129	0.125	0.156	0.202	0.204	0.210	0.220	0.121	0.216	0.214	0.242	0.222	0.259	0.104	0.116	0.172	0.168	0.183	0.171	0.212	0.157	0.215	0.192	0.119	0.127	0.123	0.091	0.119	0.138	0.158	0.131	0.059	0.135	0.127	0.131	0.119	0.108	0.108
12:00:14	21.7	0.139	0.148	0.192	0.178	0.171	0.195	0.225	0.116	0.190	0.128	0.217	0.124	0.121	0.202	0.221	0.232	0.061	0.188	0.247	0.239	0.241	0.246	0.201	0.101	0.586	0.171	0.227	0.220	0.216	0.177	0.196	0.053	0.245	0.241	0.249	0.127	0.238	0.211	0.235	0.235	0.194	0.226	0.233	0.234	0.241	0.242	0.130	0.157	0.121	0.214	0.220	0.226	0.236	0.247	0.224	0.237	0.250	0.148	0.132	0.125	0.156	0.229	0.221	0.228	0.238	0.128	0.235	0.239	0.261	0.238	0.279	0.107	0.121	0.192	0.179	0.200	0.183	0.236	0.172	0.235	0.214	0.127	0.134	0.125	0.096	0.121	0.141	0.159	0.140	0.058	0.141	0.132	0.136	0.124	0.111	0.112
13:00:15	21.9	0.152	0.187	0.217	0.196	0.190	0.222	0.256	0.122	0.227	0.142	0.226	0.126	0.123	0.223	0.233	0.249	0.060	0.208	0.266	0.253	0.258	0.263	0.218	0.109	0.605	0.190	0.243	0.237	0.228	0.198	0.212	0.053	0.257	0.255	0.272	0.131	0.264	0.226	0.252	0.250	0.214	0.237	0.245	0.255	0.255	0.255	0.133	0.159	0.122	0.235	0.239	0.244	0.258	0.261	0.246	0.256	0.266	0.163	0.142	0.128	0.152	0.261	0.240	0.245	0.258	0.133	0.250	0.255	0.282	0.259	0.296	0.112	0.128	0.207	0.190	0.219	0.199	0.252	0.188	0.248	0.234	0.129	0.144	0.129	0.100	0.125	0.144	0.165	0.149	0.058	0.141	0.139	0.140	0.128	0.116	0.116
14:00:16	22.2	0.144	0.168	0.260	0.216	0.233	0.239	0.262	0.127	0.226	0.148	0.224	0.135	0.126	0.244	0.249	0.264	0.059	0.215	0.280	0.268	0.269	0.276	0.232	0.116	0.624	0.196	0.270	0.250	0.249	0.219	0.230	0.051	0.280	0.285	0.291	0.133	0.289	0.249	0.268	0.264	0.233	0.252	0.264	0.272	0.275	0.274	0.136	0.162	0.127	0.259	0.264	0.262	0.281	0.275	0.260	0.275	0.299	0.179	0.144	0.134	0.153	0.284	0.260	0.263	0.277	0.143	0.268	0.275	0.290	0.283	0.315	0.124	0.135	0.224	0.198	0.243	0.210	0.266	0.184	0.271	0.251	0.136	0.157	0.139	0.106	0.130	0.144	0.171	0.162	0.058	0.151	0.149	0.152	0.133	0.121	0.118
15:00:16	22.3	0.146	0.191	0.229	0.250	0.278	0.281	0.270	0.138	0.245	0.155	0.207	0.138	0.144	0.262	0.266	0.276	0.059	0.192	0.295	0.279	0.288	0.300	0.247	0.126	0.638	0.218	0.280	0.275	0.263	0.239	0.234	0.051	0.299	0.295	0.311	0.135	0.302	0.272	0.280	0.282	0.250	0.266	0.271	0.289	0.296	0.292	0.143	0.164	0.133	0.278	0.281	0.287	0.294	0.292	0.278	0.293	0.311	0.195	0.152	0.145	0.167	0.298	0.277	0.272	0.289	0.153	0.287	0.295	0.313	0.295	0.331	0.136	0.141	0.226	0.198	0.248	0.212	0.293	0.179	0.288	0.253	0.144	0.166	0.157	0.112	0.138	0.141	0.186	0.166	0.058	0.159	0.157	0.159	0.146	0.131	0.127
16:00:17	22.2	0.179	0.248	0.278	0.324	0.256	0.284	0.259	0.148	0.192	0.173	0.188	0.142	0.148	0.287	0.285	0.292	0.059	0.185	0.317	0.300	0.301	0.327	0.249	0.135	0.669	0.237	0.310	0.294	0.284	0.295	0.216	0.050	0.324	0.275	0.315	0.135	0.328	0.295	0.294	0.300	0.256	0.278	0.289	0.307	0.321	0.313	0.153	0.167	0.139	0.289	0.290	0.293	0.307	0.307	0.307	0.305	0.334	0.209	0.163	0.158	0.170	0.315	0.291	0.292	0.308	0.162	0.309	0.306	0.318	0.319	0.335	0.148	0.152	0.221	0.215	0.261	0.219	0.303	0.190	0.316	0.265	0.159	0.169	0.174	0.118	0.155	0.145	0.186	0.183	0.058	0.161	0.160	0.172	0.152	0.143	0.132
17:00:18	22.2	0.181	0.222	0.308	0.267	0.203	0.280	0.268	0.162	0.188	0.179	0.196	0.151	0.157	0.306	0.307	0.314	0.059	0.206	0.336	0.301	0.317	0.342	0.214	0.143	0.675	0.231	0.315	0.322	0.298	0.268	0.228	0.049	0.306	0.251	0.339	0.143	0.349	0.302	0.318	0.310	0.270	0.299	0.303	0.307	0.330	0.334	0.166	0.166	0.160	0.309	0.305	0.312	0.326	0.318	0.333	0.325	0.341	0.223	0.172	0.164	0.171	0.327	0.312	0.307	0.324	0.174	0.331	0.252	0.332	0.342	0.336	0.157	0.161	0.210	0.228	0.273	0.203	0.317	0.239	0.337	0.262	0.169	0.173	0.178	0.125	0.159	0.150	0.201	0.198	0.058	0.170	0.198	0.181	0.162	0.154	0.144
18:00:19	21.8	0.193	0.191	0.306	0.221	0.219	0.251	0.214	0.195	0.202	0.189	0.200	0.162	0.185	0.338	0.342	0.339	0.059	0.195	0.313	0.302	0.295	0.308	0.195	0.142	0.663	0.225	0.324	0.319	0.305	0.250	0.237	0.049	0.301	0.275	0.287	0.153	0.274	0.343	0.325	0.323	0.259	0.277	0.312	0.291	0.311	0.294	0.172	0.173	0.183	0.322	0.309	0.328	0.338	0.332	0.320	0.316	0.339	0.237	0.200	0.174	0.189	0.323	0.337	0.315	0.326	0.188	0.295	0.223	0.316	0.290	0.298	0.171	0.180	0.205	0.209	0.252	0.191	0.273	0.218	0.307	0.247	0.178	0.176	0.191	0.136	0.173	0.170	0.224	0.208	0.058	0.187	0.210	0.188	0.172	0.177	0.158
19:00:20	21.9	0.213	0.234	0.336	0.219	0.233	0.226	0.228	0.212	0.212	0.195	0.208	0.170	0.210	0.287	0.322	0.320	0.059	0.204	0.335	0.301	0.330	0.295	0.218	0.146	0.634	0.214	0.346	0.301	0.288	0.270	0.236	0.049	0.325	0.252	0.269	0.161	0.264	0.349	0.354	0.345	0.281	0.286	0.364	0.296	0.329	0.310	0.180	0.177	0.211	0.319	0.312	0.317	0.346	0.356	0.320	0.305	0.328	0.236	0.210	0.174	0.199	0.306	0.329	0.359	0.349	0.199	0.343	0.258	0.322	0.265	0.296	0.185	0.188	0.221	0.205	0.236	0.203	0.289	0.237	0.301	0.233	0.192	0.174	0.209	0.148	0.196	0.180	0.224	0.212	0.058	0.213	0.237	0.198	0.178	0.194	0.175
20:00:22	22.2	0.281	0.283	0.434	0.223	0.244	0.220	0.227	0.229	0.226	0.201	0.227	0.185	0.193	0.344	0.352	0.394	0.058	0.217	0.356	0.341	0.308	0.329	0.217	0.154	0.671	0.238	0.368	0.303	0.366	0.282	0.227	0.048	0.360	0.293	0.279	0.176	0.275	0.321	0.393	0.359	0.292	0.271	0.362	0.335	0.338	0.323	0.186	0.190	0.217	0.331	0.309	0.318	0.353	0.368	0.393	0.329	0.336	0.226	0.213	0.183	0.218	0.353	0.336	0.346	0.362	0.224	0.365	0.254	0.342	0.276	0.306	0.194	0.203	0.216	0.245	0.244	0.209	0.298	0.247	0.319	0.259	0.213	0.179	0.223	0.159	0.208	0.190	0.238	0.221	0.058	0.221	0.238	0.213	0.186	0.207	0.187
21:00:22	22.4	0.323	0.266	0.328	0.241	0.272	0.232	0.236	0.235	0.233	0.213	0.213	0.199	0.210	0.380	0.374	0.399	0.057	0.232	0.395	0.352	0.353	0.294	0.211	0.161	0.677	0.251	0.315	0.346	0.360	0.280	0.223	0.048	0.369	0.281	0.286	0.189	0.249	0.359	0.423	0.389	0.363	0.277	0.396	0.330	0.349	0.333	0.189	0.199	0.230	0.354	0.333	0.392	0.398	0.367	0.358	0.362	0.312	0.296	0.235	0.217	0.229	0.333	0.374	0.362	0.371	0.227	0.365	0.262	0.332	0.317	0.276	0.208	0.215	0.228	0.243	0.253	0.228	0.309	0.260	0.341	0.270	0.223	0.179	0.240	0.172	0.216	0.199	0.264	0.231	0.058	0.236	0.260	0.230	0.203	0.221	0.208
22:00:23	22.5	0.345	0.235	0.322	0.244	0.268	0.239	0.236	0.246	0.237	0.227	0.232	0.209	0.216	0.420	0.435	0.443	0.057	0.256	0.430	0.405	0.409	0.304	0.212	0.167	0.632	0.269	0.345	0.361	0.385	0.278	0.229	0.048	0.426	0.293	0.278	0.198	0.295	0.400	0.404	0.424	0.390	0.295	0.411	0.350	0.383	0.359	0.196	0.216	0.249	0.416	0.375	0.430	0.403	0.391	0.417	0.372	0.291	0.315	0.237	0.225	0.240	0.354	0.429	0.411	0.413	0.244	0.433	0.274	0.399	0.285	0.287	0.227	0.238	0.245	0.231	0.264	0.238	0.324	0.334	0.374	0.273	0.235	0.187	0.267	0.187	0.242	0.212	0.274	0.247	0.058	0.272	0.274	0.264	0.212	0.246	0.227
23:00:25	22.7	0.303	0.257	0.322	0.254	0.268	0.234	0.239	0.260	0.252	0.241	0.236	0.216	0.226	0.430	0.461	0.464	0.057	0.259	0.445	0.436	0.418	0.371	0.223	0.172	0.630	0.269	0.374	0.394	0.411	0.330	0.248	0.047	0.448	0.290	0.278	0.211	0.265	0.419	0.444	0.443	0.385	0.318	0.424	0.386	0.394	0.434	0.202	0.224	0.273	0.427	0.412	0.450	0.428	0.416	0.427	0.412	0.284	0.298	0.256	0.235	0.235	0.373	0.459	0.456	0.451	0.262	0.452	0.291	0.353	0.306	0.305	0.248	0.266	0.261	0.237	0.265	0.251	0.326	0.304	0.440	0.266	0.262	0.215	0.284	0.209	0.257	0.220	0.270	0.266	0.057	0.279	0.281	0.260	0.228	0.277	0.243
24:00:24	22.7	0.340	0.297	0.245	0.278	0.320	0.262	0.271	0.281	0.265	0.259	0.249	0.237	0.236	0.395	0.486	0.459	0.057	0.269	0.481	0.451	0.469	0.379	0.237	0.184	0.619	0.322	0.313	0.388	0.450	0.308	0.261	0.047	0.484	0.298	0.290	0.228	0.315	0.441	0.483	0.479	0.345	0.324	0.467	0.377	0.442	0.467	0.217	0.238	0.288	0.423	0.430	0.488	0.472	0.453	0.450	0.445	0.329	0.340	0.272	0.258	0.241	0.418	0.492	0.482	0.487	0.265	0.480	0.301	0.343	0.326	0.304	0.254	0.280	0.276	0.257	0.257	0.256	0.339	0.336	0.449	0.286	0.267	0.229	0.303	0.223	0.283	0.227	0.303	0.283	0.057	0.300	0.306	0.259	0.239	0.278	0.270
25:00:25	22.8	0.374	0.297	0.219	0.288	0.300	0.266	0.276	0.270	0.267	0.264	0.272	0.243	0.245	0.423	0.512	0.462	0.057	0.297	0.503	0.481	0.487	0.381	0.247	0.187	0.618	0.349	0.355	0.422	0.455	0.326	0.280	0.047	0.494	0.308	0.326	0.234	0.275	0.463	0.530	0.499	0.331	0.327	0.491	0.402	0.491	0.469	0.230	0.244	0.296	0.475	0.429	0.510	0.505	0.455	0.465	0.469	0.317	0.353	0.287	0.280	0.259	0.416	0.532	0.505	0.520	0.291	0.486	0.317	0.357	0.334	0.344	0.276	0.302	0.291	0.268	0.298	0.259	0.362	0.343	0.446	0.299	0.303	0.247	0.329	0.231	0.308	0.245	0.321	0.298	0.057	0.306	0.340	0.274	0.255	0.297	0.299
26:00:26	22.8	0.380	0.295	0.232	0.303	0.312	0.279	0.282	0.297	0.281	0.285	0.280	0.248	0.254	0.365	0.526	0.471	0.056	0.302	0.434	0.498	0.470	0.398	0.255	0.196	0.660	0.313	0.330	0.418	0.454	0.357	0.301	0.047	0.467	0.317	0.346	0.270	0.312	0.467	0.535	0.518	0.337	0.328	0.516	0.398	0.507	0.463	0.240	0.259	0.313	0.475	0.466	0.530	0.484	0.488	0.460	0.482	0.308	0.361	0.302	0.286	0.280	0.425	0.536	0.527	0.546	0.307	0.524	0.336	0.352	0.337	0.332	0.288	0.304	0.314	0.285	0.303	0.275	0.366	0.353	0.477	0.336	0.343	0.242	0.304	0.251	0.352	0.252	0.316	0.314	0.057	0.338	0.335	0.284	0.270	0.338	0.290
27:00:27	22.7	0.421	0.364	0.298	0.316	0.333	0.291	0.290	0.294	0.298	0.290	0.300	0.264	0.270	0.384	0.545	0.476	0.056	0.312	0.457	0.527	0.494	0.385	0.269	0.204	0.681	0.373	0.319	0.430	0.492	0.355	0.295	0.047	0.516	0.324	0.331	0.277	0.305	0.471	0.558	0.544	0.369	0.343	0.535	0.394	0.538	0.457	0.251	0.275	0.313	0.486	0.460	0.540	0.473	0.489	0.487	0.512	0.321	0.375	0.320	0.310	0.296	0.463	0.576	0.550	0.566	0.306	0.541	0.352	0.343	0.357	0.352	0.310	0.325	0.333	0.299	0.333	0.283	0.347	0.353	0.465	0.349	0.332	0.265	0.325	0.265	0.330	0.272	0.371	0.328	0.057	0.331	0.334	0.297	0.279	0.339	0.296
28:00:28	22.7	0.486	0.462	0.370	0.333	0.352	0.313	0.313	0.314	0.313	0.308	0.319	0.287	0.285	0.361	0.559	0.447	0.056	0.328	0.400	0.555	0.472	0.352	0.287	0.207	0.712	0.378	0.323	0.459	0.514	0.378	0.291	0.046	0.497	0.360	0.339	0.301	0.332	0.514	0.572	0.556	0.370	0.329	0.546	0.429	0.558	0.437	0.262	0.279	0.335	0.491	0.452	0.559	0.525	0.463	0.481	0.535	0.354	0.397	0.333	0.306	0.353	0.521	0.585	0.570	0.571	0.314	0.561	0.364	0.367	0.364	0.379	0.317	0.345	0.353	0.320	0.335	0.309	0.379	0.375	0.447	0.364	0.378	0.261	0.339	0.274	0.388	0.287	0.364	0.364	0.056	0.348	0.372	0.299	0.296	0.319	0.312
29:00:30	22.6	0.534	0.424	0.371	0.361	0.384	0.331	0.329	0.332	0.333	0.327	0.327	0.295	0.313	0.410	0.537	0.432	0.056	0.350	0.383	0.546	0.446	0.375	0.308	0.219	0.745	0.390	0.331	0.478	0.468	0.386	0.282	0.046	0.532	0.372	0.396	0.324	0.336	0.504	0.586	0.566	0.366	0.340	0.569	0.485	0.565	0.415	0.278	0.290	0.357	0.440	0.504	0.588	0.535	0.488	0.529	0.496	0.373	0.416	0.366	0.343	0.439	0.435	0.608	0.612	0.571	0.347	0.585	0.389	0.386	0.403	0.421	0.337	0.363	0.380	0.354	0.354	0.337	0.405	0.406	0.389	0.381	0.340	0.248	0.351	0.295	0.386	0.297	0.403	0.390	0.056	0.373	0.384	0.311	0.304	0.346	0.346
30:00:31	22.6	0.424	0.423	0.530	0.399	0.384	0.366	0.361	0.359	0.366	0.342	0.357	0.325	0.347	0.457	0.523	0.470	0.055	0.373	0.430	0.486	0.472	0.440	0.332	0.228	0.767	0.395	0.356	0.532	0.478	0.434	0.304	0.046	0.551	0.414	0.411	0.325	0.366	0.542	0.624	0.581	0.374	0.379	0.596	0.395	0.483	0.460	0.296	0.301	0.377	0.453	0.506	0.612	0.561	0.486	0.533	0.461	0.358	0.434	0.364	0.359	0.368	0.431	0.622	0.616	0.555	0.333	0.568	0.406	0.419	0.467	0.397	0.347	0.414	0.406	0.376	0.373	0.338	0.430	0.420	0.430	0.396	0.449	0.275	0.374	0.314	0.426	0.309	0.406	0.397	0.056	0.372	0.394	0.318	0.316	0.365	0.354
31:00:31	22.6	0.404	0.458	0.378	0.424	0.428	0.408	0.409	0.404	0.403	0.367	0.396	0.362	0.374	0.459	0.450	0.510	0.055	0.399	0.477	0.435	0.437	0.426	0.363	0.233	0.791	0.423	0.393	0.385	0.431	0.415	0.311	0.045	0.434	0.434	0.440	0.334	0.402	0.435	0.647	0.592	0.319	0.429	0.600	0.449	0.450	0.456	0.315	0.327	0.434	0.465	0.469	0.473	0.454	0.432	0.529	0.461	0.394	0.447	0.402	0.379	0.439	0.439	0.524	0.591	0.545	0.337	0.525	0.434	0.434	0.459	0.477	0.366	0.430	0.429	0.381	0.402	0.369	0.436	0.450	0.406	0.450	0.463	0.268	0.401	0.331	0.411	0.341	0.418	0.419	0.055	0.393	0.430	0.331	0.330	0.375	0.348
32:00:32	22.3	0.383	0.477	0.406	0.479	0.452	0.440	0.440	0.444	0.441	0.385	0.463	0.398	0.419	0.481	0.496	0.533	0.055	0.427	0.467	0.511	0.466	0.476	0.378	0.241	0.821	0.445	0.390	0.476	0.460	0.445	0.328	0.046	0.487	0.457	0.452	0.361	0.442	0.475	0.660	0.560	0.339	0.442	0.545	0.436	0.508	0.492	0.335	0.342	0.398	0.468	0.516	0.521	0.482	0.401	0.487	0.464	0.411	0.465	0.412	0.417	0.430	0.468	0.548	0.570	0.509	0.363	0.481	0.459	0.472	0.449	0.442	0.379	0.422	0.461	0.407	0.448	0.419	0.445	0.457	0.462	0.429	0.428	0.287	0.423	0.347	0.504	0.346	0.444	0.423	0.055	0.439	0.412	0.337	0.346	0.420	0.384
33:00:33	22.0	0.455	0.500	0.430	0.517	0.473	0.463	0.476	0.474	0.476	0.417	0.485	0.421	0.459	0.515	0.519	0.536	0.055	0.435	0.491	0.543	0.506	0.494	0.419	0.260	0.803	0.496	0.401	0.508	0.509	0.506	0.362	0.047	0.518	0.476	0.528	0.356	0.491	0.518	0.655	0.596	0.339	0.448	0.559	0.489	0.526	0.509	0.358	0.358	0.411	0.484	0.543	0.547	0.541	0.465	0.524	0.526	0.436	0.489	0.425	0.463	0.438	0.502	0.543	0.577	0.549	0.397	0.532	0.488	0.484	0.525	0.518	0.379	0.471	0.447	0.454	0.479	0.430	0.499	0.491	0.521	0.489	0.474	0.274	0.456	0.385	0.462	0.362	0.468	0.442	0.055	0.469	0.463	0.358	0.358	0.448	0.416
34:00:34	21.6	0.416	0.513	0.461	0.543	0.500	0.481	0.492	0.486	0.505	0.450	0.517	0.442	0.487	0.551	0.567	0.593	0.055	0.485	0.524	0.563	0.536	0.524	0.445	0.277	0.810	0.498	0.431	0.554	0.533	0.552	0.362	0.045	0.551	0.506	0.540	0.401	0.550	0.537	0.731	0.598	0.352	0.479	0.578	0.510	0.548	0.548	0.381	0.408	0.452	0.552	0.556	0.568	0.567	0.527	0.573	0.570	0.474	0.513	0.476	0.487	0.480	0.511	0.593	0.560	0.573	0.428	0.559	0.482	0.513	0.537	0.539	0.399	0.493	0.482	0.475	0.491	0.453	0.522	0.546	0.537	0.526	0.512	0.252	0.481	0.409	0.474	0.405	0.481	0.478	0.054	0.492	0.518	0.372	0.380	0.470	0.432
35:00:34	21.4	0.432	0.521	0.476	0.559	0.492	0.502	0.525	0.504	0.524	0.473	0.515	0.456	0.510	0.546	0.610	0.596	0.055	0.510	0.552	0.571	0.553	0.534	0.460	0.292	0.832	0.515	0.458	0.575	0.582	0.587	0.370	0.045	0.577	0.531	0.541	0.419	0.547	0.559	0.683	0.583	0.342	0.480	0.580	0.529	0.564	0.571	0.408	0.421	0.483	0.533	0.591	0.616	0.617	0.537	0.565	0.584	0.498	0.543	0.517	0.508	0.492	0.533	0.624	0.590	0.595	0.450	0.610	0.520	0.546	0.550	0.556	0.439	0.508	0.515	0.496	0.535	0.474	0.552	0.552	0.586	0.561	0.527	0.267	0.500	0.432	0.489	0.449	0.504	0.488	0.054	0.505	0.520	0.345	0.367	0.481	0.441
36:00:35	21.3	0.426	0.540	0.500	0.587	0.522	0.518	0.545	0.525	0.537	0.502	0.545	0.472	0.518	0.589	0.596	0.592	0.055	0.540	0.559	0.578	0.566	0.546	0.482	0.283	0.844	0.546	0.469	0.602	0.580	0.564	0.393	0.045	0.580	0.558	0.562	0.437	0.562	0.571	0.755	0.616	0.364	0.490	0.597	0.552	0.583	0.586	0.436	0.441	0.512	0.602	0.613	0.626	0.620	0.553	0.605	0.611	0.518	0.569	0.531	0.519	0.506	0.544	0.635	0.637	0.622	0.467	0.634	0.547	0.570	0.581	0.577	0.457	0.522	0.539	0.517	0.559	0.495	0.570	0.572	0.576	0.566	0.529	0.252	0.503	0.453	0.503	0.450	0.513	0.507	0.054	0.520	0.541	0.362	0.383	0.488	0.462
37:00:36	21.2	0.439	0.547	0.503	0.594	0.533	0.539	0.560	0.549	0.557	0.512	0.563	0.488	0.550	0.600	0.606	0.618	0.055	0.569	0.578	0.595	0.577	0.556	0.503	0.297	0.855	0.562	0.488	0.640	0.597	0.608	0.416	0.045	0.593	0.590	0.568	0.445	0.558	0.577	0.701	0.650	0.335	0.510	0.620	0.559	0.594	0.610	0.461	0.450	0.515	0.612	0.607	0.617	0.628	0.572	0.612	0.616	0.579	0.595	0.548	0.535	0.517	0.559	0.674	0.639	0.632	0.465	0.602	0.598	0.580	0.592	0.592	0.469	0.539	0.558	0.533	0.569	0.515	0.592	0.600	0.594	0.583	0.546	0.259	0.521	0.460	0.510	0.458	0.540	0.526	0.053	0.530	0.598	0.429	0.403	0.504	0.468
38:00:38	21.2	0.449	0.559	0.518	0.615	0.534	0.548	0.567	0.565	0.556	0.534	0.569	0.502	0.558	0.598	0.626	0.620	0.055	0.576	0.595	0.617	0.585	0.566	0.517	0.340	0.859	0.567	0.501	0.636	0.616	0.663	0.443	0.045	0.601	0.603	0.627	0.464	0.576	0.604	0.712	0.666	0.330	0.519	0.621	0.594	0.608	0.617	0.487	0.473	0.543	0.634	0.634	0.636	0.636	0.582	0.640	0.623	0.577	0.617	0.589	0.549	0.548	0.574	0.666	0.671	0.646	0.466	0.653	0.630	0.596	0.612	0.612	0.476	0.549	0.577	0.547	0.603	0.530	0.604	0.611	0.621	0.610	0.564	0.259	0.528	0.472	0.535	0.482	0.558	0.531	0.053	0.545	0.587	0.423	0.420	0.507	0.480
39:00:39	21.1	0.466	0.545	0.510	0.636	0.530	0.569	0.574	0.583	0.569	0.538	0.604	0.527	0.552	0.616	0.655	0.641	0.055	0.584	0.609	0.612	0.599	0.579	0.531	0.266	0.870	0.613	0.513	0.695	0.650	0.632	0.445	0.045	0.605	0.611	0.593	0.460	0.577	0.639	0.695	0.680	0.332	0.586	0.636	0.579	0.625	0.633	0.513	0.481	0.533	0.630	0.672	0.643	0.659	0.597	0.638	0.682	0.599	0.639	0.583	0.552	0.551	0.594	0.726	0.684	0.655	0.490	0.656	0.643	0.614	0.636	0.618	0.481	0.568	0.599	0.559	0.626	0.544	0.620	0.633	0.636	0.625	0.581	0.247	0.542	0.485	0.553	0.496	0.545	0.554	0.053	0.543	0.579	0.435	0.436	0.516	0.491
40:00:40	21.1	0.454	0.563	0.522	0.654	0.559	0.582	0.583	0.589	0.593	0.549	0.609	0.531	0.578	0.652	0.661	0.636	0.055	0.626	0.625	0.623	0.612	0.594	0.542	0.279	0.874	0.641	0.527	0.672	0.645	0.665	0.460	0.045	0.636	0.628	0.607	0.468	0.590	0.637	0.717	0.693	0.329	0.599	0.670	0.596	0.639	0.654	0.542	0.493	0.548	0.626	0.709	0.674	0.679	0.619	0.654	0.654	0.598	0.664	0.607	0.565	0.573	0.608	0.732	0.692	0.686	0.492	0.698	0.649	0.635	0.637	0.644	0.489	0.567	0.614	0.568	0.687	0.555	0.645	0.742	0.652	0.641	0.586	0.295	0.546	0.494	0.555	0.502	0.577	0.561	0.053	0.556	0.632	0.439	0.452	0.534	0.500
41:00:40	21.2	0.456	0.568	0.557	0.670	0.546	0.591	0.581	0.572	0.592	0.551	0.606	0.537	0.572	0.647	0.658	0.641	0.054	0.627	0.636	0.644	0.624	0.601	0.565	0.289	0.871	0.640	0.540	0.694	0.671	0.683	0.484	0.045	0.633	0.637	0.626	0.491	0.593	0.652	0.712	0.682	0.331	0.616	0.677	0.619	0.657	0.668	0.580	0.495	0.572	0.680	0.715	0.663	0.680	0.627	0.671	0.708	0.630	0.680	0.612	0.575	0.575	0.643	0.720	0.704	0.687	0.515	0.687	0.676	0.652	0.660	0.643	0.500	0.581	0.627	0.579	0.667	0.563	0.661	0.723	0.660	0.651	0.620	0.254	0.558	0.501	0.571	0.506	0.557	0.573	0.052	0.592	0.630	0.476	0.456	0.546	0.505
42:00:41	21.3	0.482	0.581	0.539	0.656	0.556	0.605	0.591	0.594	0.605	0.579	0.626	0.531	0.597	0.677	0.678	0.676	0.054	0.633	0.638	0.649	0.638	0.607	0.581	0.303	0.896	0.653	0.548	0.709	0.721	0.706	0.500	0.045	0.641	0.668	0.668	0.490	0.596	0.658	0.717	0.688	0.338	0.609	0.692	0.617	0.661	0.681	0.607	0.511	0.582	0.762	0.704	0.671	0.712	0.634	0.668	0.689	0.646	0.672	0.639	0.577	0.582	0.655	0.710	0.681	0.752	0.504	0.715	0.695	0.664	0.675	0.650	0.515	0.602	0.640	0.586	0.707	0.577	0.676	0.749	0.671	0.659	0.611	0.305	0.562	0.515	0.576	0.509	0.595	0.586	0.052	0.575	0.658	0.469	0.474	0.551	0.510
43:00:41	21.5	0.483	0.582	0.563	0.687	0.596	0.608	0.592	0.598	0.625	0.582	0.621	0.571	0.599	0.662	0.670	0.667	0.054	0.686	0.658	0.644	0.635	0.632	0.593	0.308	0.897	0.691	0.557	0.691	0.694	0.750	0.520	0.045	0.661	0.662	0.652	0.502	0.609	0.678	0.744	0.736	0.333	0.638	0.700	0.611	0.677	0.697	0.633	0.516	0.563	0.792	0.780	0.702	0.736	0.646	0.704	0.720	0.639	0.671	0.643	0.597	0.585	0.653	0.731	0.714	0.748	0.543	0.709	0.702	0.688	0.683	0.682	0.511	0.611	0.657	0.594	0.737	0.597	0.673	0.742	0.684	0.685	0.618	0.219	0.574	0.507	0.586	0.525	0.600	0.590	0.052	0.581	0.724	0.493	0.473	0.559	0.519
44:00:43	21.7	0.518	0.591	0.585	0.672	0.572	0.611	0.593	0.588	0.630	0.592	0.626	0.548	0.607	0.660	0.684	0.678	0.054	0.665	0.650	0.651	0.645	0.635	0.610	0.320	0.911	0.735	0.583	0.717	0.712	0.759	0.535	0.048	0.674	0.681	0.659	0.510	0.623	0.685	0.747	0.727	0.335	0.662	0.706	0.626	0.678	0.707	0.650	0.528	0.594	0.795	0.784	0.738	0.746	0.659	0.707	0.769	0.654	0.674	0.657	0.598	0.606	0.663	0.715	0.705	0.787	0.549	0.685	0.709	0.704	0.698	0.675	0.516	0.617	0.666	0.604	0.756	0.605	0.728	0.806	0.685	0.702	0.644	0.255	0.574	0.514	0.597	0.563	0.639	0.599	0.051	0.569	0.676	0.507	0.480	0.567	0.521
45:00:44	21.9	0.558	0.593	0.569	0.687	0.595	0.618	0.599	0.614	0.664	0.604	0.634	0.573	0.606	0.667	0.711	0.684	0.054	0.706	0.680	0.672	0.659	0.646	0.618	0.334	0.934	0.686	0.581	0.716	0.727	0.757	0.594	0.045	0.695	0.681	0.738	0.541	0.638	0.702	0.769	0.776	0.337	0.651	0.724	0.647	0.689	0.721	0.678	0.526	0.618	0.758	0.795	0.768	0.747	0.671	0.714	0.750	0.670	0.695	0.670	0.602	0.603	0.704	0.724	0.769	0.784	0.542	0.713	0.722	0.707	0.724	0.688	0.544	0.623	0.687	0.614	0.765	0.627	0.731	0.758	0.702	0.717	0.655	0.306	0.588	0.501	0.603	0.589	0.627	0.616	0.051	0.588	0.768	0.518	0.495	0.582	0.531
46:00:45	22.0	0.544	0.617	0.568	0.676	0.623	0.613	0.614	0.637	0.688	0.619	0.635	0.579	0.624	0.679	0.712	0.704	0.054	0.700	0.681	0.671	0.665	0.666	0.635	0.351	0.942	0.730	0.600	0.759	0.721	0.800	0.629	0.045	0.694	0.679	0.714	0.544	0.638	0.705	0.743	0.757	0.333	0.663	0.746	0.674	0.710	0.730	0.698	0.548	0.606	0.817	0.842	0.742	0.773	0.683	0.721	0.756	0.716	0.668	0.693	0.599	0.632	0.737	0.749	0.771	0.792	0.563	0.736	0.734	0.718	0.733	0.716	0.554	0.625	0.688	0.622	0.807	0.635	0.739	0.769	0.724	0.701	0.663	0.412	0.597	0.522	0.612	0.566	0.619	0.638	0.051	0.588	0.685	0.506	0.504	0.586	0.541
47:00:46	22.2	0.564	0.623	0.578	0.685	0.631	0.612	0.612	0.647	0.681	0.627	0.639	0.548	0.636	0.688	0.739	0.721	0.054	0.717	0.707	0.689	0.676	0.675	0.647	0.356	0.965	0.747	0.626	0.745	0.727	0.844	0.674	0.045	0.731	0.709	0.694	0.553	0.643	0.709	0.806	0.791	0.331	0.680	0.724	0.685	0.722	0.744	0.711	0.556	0.617	0.801	0.818	0.745	0.755	0.717	0.722	0.738	0.724	0.696	0.688	0.611	0.627	0.734	0.757	0.763	0.763	0.576	0.738	0.744	0.755	0.733	0.710	0.580	0.653	0.709	0.632	0.786	0.638	0.715	0.754	0.755	0.724	0.741	0.424	0.602	0.523	0.622	0.557	0.655	0.628	0.051	0.595	0.712	0.485	0.542	0.601	0.551
48:00:46	22.3	0.553	0.623	0.602	0.688	0.649	0.623	0.622	0.648	0.679	0.648	0.643	0.551	0.651	0.690	0.740	0.723	0.053	0.735	0.710	0.690	0.694	0.692	0.654	0.372	0.973	0.736	0.599	0.770	0.748	0.826	0.632	0.044	0.721	0.723	0.705	0.561	0.663	0.735	0.840	0.785	0.335	0.710	0.729	0.673	0.721	0.751	0.727	0.560	0.627	0.849	0.834	0.781	0.787	0.712	0.743	0.770	0.709	0.704	0.714	0.624	0.622	0.743	0.769	0.804	0.792	0.586	0.756	0.770	0.748	0.731	0.725	0.586	0.660	0.714	0.642	0.783	0.647	0.791	0.801	0.727	0.713	0.715	0.434	0.609	0.524	0.636	0.586	0.631	0.646	0.051	0.606	0.761	0.502	0.522	0.602	0.559
49:00:48	22.5	0.565	0.637	0.583	0.708	0.635	0.635	0.623	0.664	0.680	0.648	0.665	0.564	0.676	0.701	0.738	0.717	0.053	0.765	0.712	0.696	0.698	0.699	0.666	0.376	0.982	0.712	0.637	0.759	0.736	0.841	0.652	0.044	0.752	0.741	0.714	0.583	0.665	0.718	0.790	0.802	0.338	0.690	0.756	0.721	0.740	0.760	0.748	0.571	0.614	0.850	0.825	0.750	0.794	0.719	0.750	0.755	0.719	0.729	0.708	0.625	0.642	0.753	0.787	0.796	0.811	0.597	0.752	0.783	0.739	0.753	0.732	0.592	0.664	0.729	0.654	0.783	0.663	0.788	0.784	0.773	0.752	0.693	0.502	0.618	0.534	0.641	0.589	0.643	0.650	0.051	0.613	0.807	0.511	0.521	0.605	0.563
50:00:49	22.6	0.549	0.648	0.598	0.702	0.653	0.643	0.627	0.674	0.688	0.668	0.657	0.562	0.668	0.724	0.786	0.732	0.053	0.771	0.732	0.718	0.710	0.706	0.675	0.379	0.998	0.781	0.638	0.792	0.731	0.867	0.639	0.044	0.750	0.728	0.730	0.595	0.671	0.726	0.812	0.766	0.336	0.698	0.790	0.710	0.747	0.777	0.760	0.588	0.621	0.817	0.835	0.800	0.808	0.703	0.761	0.798	0.781	0.738	0.732	0.643	0.661	0.715	0.773	0.818	0.796	0.584	0.773	0.795	0.765	0.764	0.739	0.602	0.672	0.746	0.665	0.777	0.666	0.738	0.862	0.759	0.745	0.721	0.463	0.623	0.549	0.646	0.614	0.648	0.666	0.050	0.618	0.686	0.528	0.536	0.617	0.571
51:00:50	22.6	0.563	0.662	0.614	0.716	0.641	0.647	0.632	0.687	0.692	0.677	0.673	0.549	0.700	0.721	0.746	0.738	0.053	0.785	0.754	0.729	0.725	0.718	0.685	0.390	1.009	0.745	0.664	0.779	0.757	0.848	0.724	0.044	0.752	0.762	0.739	0.607	0.679	0.751	0.822	0.787	0.333	0.714	0.776	0.722	0.758	0.791	0.776	0.606	0.632	0.829	0.852	0.804	0.807	0.737	0.773	0.805	0.758	0.763	0.737	0.652	0.658	0.733	0.823	0.827	0.824	0.608	0.798	0.803	0.771	0.764	0.751	0.616	0.682	0.751	0.677	0.798	0.675	0.775	0.889	0.755	0.758	0.689	0.407	0.637	0.558	0.653	0.613	0.662	0.668	0.050	0.625	0.717	0.537	0.550	0.628	0.576
52:00:50	22.5	0.565	0.666	0.622	0.709	0.664	0.649	0.657	0.705	0.705	0.695	0.667	0.566	0.701	0.736	0.758	0.750	0.053	0.791	0.761	0.738	0.733	0.732	0.694	0.400	1.016	0.753	0.668	0.792	0.775	0.881	0.689	0.044	0.769	0.775	0.755	0.620	0.686	0.769	0.847	0.790	0.335	0.726	0.765	0.726	0.772	0.803	0.786	0.608	0.628	0.839	0.853	0.792	0.805	0.757	0.778	0.846	0.775	0.773	0.755	0.663	0.667	0.725	0.817	0.862	0.831	0.604	0.782	0.812	0.813	0.780	0.757	0.620	0.692	0.761	0.687	0.812	0.689	0.785	0.862	0.764	0.752	0.708	0.401	0.645	0.578	0.660	0.622	0.674	0.686	0.050	0.636	0.716	0.527	0.559	0.634	0.587
53:00:50	22.5	0.584	0.670	0.638	0.726	0.667	0.669	0.658	0.695	0.710	0.705	0.674	0.588	0.730	0.746	0.775	0.759	0.053	0.806	0.767	0.747	0.745	0.738	0.701	0.411	1.018	0.800	0.677	0.836	0.790	0.868	0.683	0.044	0.778	0.782	0.762	0.628	0.693	0.773	0.842	0.790	0.336	0.731	0.783	0.764	0.776	0.811	0.801	0.624	0.631	0.812	0.842	0.810	0.823	0.742	0.790	0.808	0.809	0.745	0.746	0.666	0.683	0.753	0.819	0.844	0.813	0.621	0.785	0.832	0.801	0.794	0.771	0.635	0.704	0.776	0.698	0.801	0.696	0.787	0.821	0.784	0.758	0.750	0.414	0.658	0.586	0.667	0.636	0.682	0.691	0.049	0.646	0.717	0.534	0.573	0.642	0.585
54:00:52	22.5	0.623	0.675	0.644	0.728	0.670	0.682	0.681	0.706	0.720	0.714	0.681	0.608	0.727	0.757	0.780	0.767	0.053	0.817	0.782	0.758	0.753	0.749	0.707	0.417	1.010	0.816	0.698	0.812	0.774	0.870	0.701	0.048	0.790	0.779	0.781	0.644	0.704	0.786	0.839	0.807	0.341	0.757	0.800	0.744	0.794	0.820	0.813	0.631	0.629	0.829	0.837	0.803	0.798	0.758	0.804	0.837	0.808	0.778	0.764	0.679	0.696	0.762	0.801	0.825	0.827	0.633	0.787	0.839	0.802	0.795	0.776	0.640	0.719	0.784	0.710	0.828	0.695	0.781	0.867	0.776	0.768	0.730	0.373	0.656	0.593	0.673	0.655	0.687	0.705	0.049	0.655	0.729	0.546	0.586	0.652	0.591
55:00:52	22.4	0.630	0.685	0.665	0.737	0.685	0.693	0.716	0.745	0.729	0.736	0.689	0.605	0.741	0.771	0.782	0.771	0.053	0.826	0.778	0.763	0.766	0.755	0.712	0.419	1.019	0.791	0.695	0.819	0.793	0.864	0.718	0.045	0.796	0.797	0.789	0.645	0.701	0.800	0.864	0.863	0.334	0.752	0.791	0.808	0.798	0.831	0.821	0.647	0.625	0.840	0.858	0.810	0.825	0.775	0.804	0.842	0.791	0.758	0.776	0.693	0.715	0.760	0.816	0.825	0.835	0.634	0.803	0.841	0.798	0.798	0.779	0.648	0.730	0.794	0.721	0.797	0.698	0.779	0.787	0.792	0.775	0.732	0.333	0.672	0.597	0.686	0.656	0.693	0.709	0.049	0.674	0.715	0.556	0.596	0.663	0.596
56:00:54	22.3	0.687	0.677	0.656	0.738	0.694	0.703	0.727	0.735	0.737	0.759	0.690	0.624	0.749	0.783	0.802	0.781	0.053	0.838	0.783	0.777	0.776	0.770	0.715	0.418	1.015	0.812	0.710	0.810	0.796	0.862	0.726	0.045	0.812	0.810	0.800	0.646	0.715	0.809	0.864	0.819	0.338	0.766	0.791	0.826	0.808	0.842	0.832	0.653	0.623	0.800	0.868	0.830	0.819	0.797	0.813	0.841	0.808	0.771	0.785	0.699	0.718	0.768	0.814	0.839	0.834	0.643	0.820	0.851	0.816	0.810	0.786	0.654	0.719	0.803	0.729	0.793	0.711	0.791	0.811	0.790	0.781	0.733	0.499	0.681	0.608	0.690	0.661	0.706	0.716	0.049	0.681	0.712	0.556	0.616	0.669	0.599
57:00:55	22.1	0.681	0.723	0.675	0.771	0.707	0.713	0.718	0.718	0.753	0.719	0.713	0.628	0.750	0.787	0.806	0.790	0.053	0.845	0.794	0.780	0.784	0.778	0.720	0.440	0.990	0.817	0.726	0.831	0.805	0.864	0.731	0.044	0.823	0.822	0.808	0.658	0.718	0.823	0.848	0.835	0.328	0.767	0.812	0.775	0.820	0.848	0.840	0.669	0.620	0.825	0.884	0.825	0.839	0.786	0.827	0.854	0.812	0.715	0.785	0.703	0.729	0.778	0.821	0.835	0.851	0.653	0.825	0.864	0.822	0.815	0.789	0.658	0.711	0.808	0.735	0.825	0.709	0.801	0.811	0.805	0.792	0.729	0.250	0.690	0.620	0.699	0.685	0.711	0.726	0.048	0.688	0.719	0.571	0.630	0.673	0.600
58:00:55	22.0	0.681	0.731	0.679	0.761	0.716	0.713	0.733	0.747	0.752	0.743	0.729	0.623	0.761	0.799	0.816	0.799	0.053	0.845	0.794	0.799	0.795	0.802	0.723	0.440	1.008	0.826	0.722	0.844	0.814	0.869	0.750	0.045	0.830	0.830	0.819	0.668	0.722	0.828	0.901	0.837	0.333	0.786	0.814	0.832	0.827	0.858	0.848	0.678	0.629	0.843	0.886	0.842	0.831	0.814	0.835	0.855	0.833	0.772	0.795	0.714	0.736	0.798	0.834	0.842	0.849	0.648	0.837	0.867	0.827	0.820	0.800	0.668	0.716	0.826	0.746	0.798	0.720	0.804	0.837	0.803	0.800	0.730	0.431	0.710	0.632	0.709	0.671	0.713	0.723	0.049	0.705	0.723	0.566	0.633	0.678	0.603
59:00:57	21.8	0.699	0.756	0.715	0.770	0.730	0.726	0.734	0.733	0.762	0.735	0.731	0.642	0.758	0.815	0.828	0.809	0.053	0.857	0.807	0.809	0.809	0.811	0.731	0.449	1.024	0.846	0.738	0.852	0.826	0.858	0.760	0.044	0.842	0.840	0.832	0.669	0.732	0.836	0.918	0.836	0.335	0.797	0.819	0.830	0.837	0.866	0.852	0.682	0.635	0.819	0.900	0.831	0.845	0.814	0.847	0.875	0.828	0.807	0.802	0.720	0.737	0.808	0.839	0.841	0.864	0.658	0.840	0.878	0.835	0.833	0.806	0.667	0.723	0.838	0.757	0.807	0.727	0.820	0.834	0.817	0.808	0.750	0.254	0.717	0.643	0.712	0.675	0.718	0.720	0.048	0.713	0.726	0.570	0.646	0.689	0.611
60:00:58	21.6	0.694	0.755	0.717	0.759	0.751	0.725	0.758	0.766	0.742	0.765	0.741	0.628	0.760	0.826	0.835	0.827	0.053	0.857	0.809	0.826	0.827	0.815	0.739	0.440	1.036	0.857	0.735	0.853	0.833	0.854	0.781	0.044	0.847	0.849	0.836	0.688	0.745	0.847	0.933	0.852	0.325	0.821	0.840	0.815	0.842	0.873	0.858	0.695	0.651	0.819	0.907	0.834	0.863	0.839	0.849	0.883	0.819	0.810	0.810	0.729	0.721	0.819	0.865	0.876	0.865	0.679	0.860	0.882	0.844	0.835	0.810	0.685	0.726	0.850	0.769	0.809	0.737	0.820	0.846	0.825	0.813	0.769	0.271	0.733	0.650	0.710	0.675	0.699	0.702	0.048	0.732	0.742	0.588	0.645	0.704	0.622
61:00:58	21.5	0.679	0.774	0.729	0.781	0.759	0.738	0.757	0.766	0.771	0.758	0.747	0.640	0.765	0.832	0.845	0.839	0.053	0.861	0.818	0.835	0.838	0.827	0.748	0.453	1.048	0.862	0.745	0.859	0.849	0.862	0.792	0.044	0.857	0.857	0.840	0.702	0.749	0.858	0.919	0.851	0.325	0.831	0.858	0.816	0.850	0.878	0.865	0.701	0.676	0.836	0.908	0.849	0.867	0.841	0.862	0.884	0.833	0.834	0.814	0.739	0.730	0.826	0.868	0.885	0.869	0.681	0.869	0.890	0.857	0.844	0.820	0.690	0.705	0.862	0.781	0.816	0.751	0.833	0.858	0.833	0.822	0.779	0.276	0.725	0.655	0.705	0.680	0.706	0.701	0.048	0.737	0.751	0.596	0.658	0.710	0.628
62:00:59	21.4	0.686	0.774	0.753	0.796	0.780	0.747	0.763	0.771	0.785	0.765	0.741	0.644	0.753	0.846	0.855	0.857	0.053	0.870	0.833	0.849	0.851	0.837	0.756	0.461	1.058	0.883	0.760	0.867	0.859	0.868	0.806	0.045	0.864	0.866	0.850	0.712	0.763	0.864	0.917	0.853	0.318	0.842	0.871	0.838	0.855	0.885	0.870	0.701	0.684	0.843	0.913	0.856	0.867	0.857	0.869	0.891	0.839	0.838	0.824	0.748	0.731	0.832	0.868	0.898	0.876	0.700	0.879	0.896	0.862	0.852	0.828	0.703	0.718	0.870	0.790	0.826	0.757	0.840	0.861	0.840	0.828	0.794	0.212	0.729	0.657	0.702	0.689	0.706	0.708	0.048	0.739	0.760	0.613	0.672	0.715	0.636
63:00:59	21.3	0.656	0.773	0.795	0.815	0.803	0.758	0.759	0.753	0.780	0.767	0.725	0.678	0.744	0.850	0.863	0.861	0.053	0.878	0.842	0.854	0.855	0.851	0.769	0.466	1.044	0.881	0.774	0.881	0.867	0.885	0.800	0.044	0.872	0.872	0.863	0.730	0.750	0.876	0.917	0.884	0.322	0.846	0.864	0.836	0.869	0.892	0.872	0.689	0.693	0.834	0.929	0.875	0.877	0.863	0.882	0.905	0.848	0.845	0.829	0.750	0.739	0.847	0.877	0.885	0.898	0.697	0.878	0.909	0.872	0.864	0.833	0.706	0.735	0.877	0.802	0.852	0.762	0.859	0.862	0.846	0.844	0.798	0.249	0.746	0.658	0.709	0.691	0.718	0.717	0.048	0.745	0.765	0.620	0.676	0.728	0.645
64:01:01	21.3	0.654	0.770	0.774	0.822	0.808	0.767	0.767	0.761	0.781	0.770	0.726	0.687	0.761	0.864	0.875	0.876	0.052	0.884	0.848	0.868	0.867	0.859	0.779	0.487	1.061	0.900	0.781	0.887	0.876	0.890	0.809	0.044	0.881	0.881	0.869	0.734	0.759	0.886	0.920	0.890	0.338	0.859	0.874	0.845	0.875	0.901	0.879	0.690	0.721	0.837	0.935	0.883	0.889	0.869	0.894	0.908	0.859	0.865	0.839	0.753	0.738	0.859	0.885	0.888	0.905	0.703	0.889	0.914	0.883	0.872	0.842	0.713	0.749	0.883	0.815	0.855	0.765	0.868	0.869	0.854	0.851	0.826	0.247	0.752	0.658	0.726	0.707	0.724	0.724	0.048	0.758	0.785	0.634	0.677	0.741	0.653
65:01:01	21.5	0.643	0.773	0.790	0.826	0.833	0.776	0.789	0.771	0.794	0.766	0.744	0.699	0.773	0.872	0.892	0.890	0.052	0.895	0.857	0.877	0.877	0.873	0.785	0.486	1.076	0.903	0.791	0.897	0.889	0.904	0.818	0.044	0.891	0.886	0.877	0.717	0.768	0.893	0.920	0.905	0.322	0.869	0.889	0.858	0.883	0.906	0.886	0.695	0.748	0.852	0.941	0.892	0.891	0.886	0.902	0.914	0.869	0.913	0.848	0.752	0.729	0.869	0.893	0.907	0.905	0.715	0.896	0.920	0.886	0.884	0.853	0.722	0.752	0.891	0.829	0.859	0.775	0.875	0.874	0.860	0.860	0.827	0.191	0.758	0.660	0.743	0.719	0.737	0.735	0.048	0.776	0.794	0.659	0.688	0.756	0.661
66:01:02	21.7	0.664	0.753	0.787	0.795	0.842	0.821	0.792	0.791	0.808	0.738	0.739	0.700	0.796	0.883	0.899	0.897	0.053	0.904	0.870	0.881	0.884	0.887	0.793	0.491	1.084	0.909	0.802	0.912	0.904	0.909	0.819	0.044	0.903	0.895	0.888	0.717	0.787	0.884	0.938	0.926	0.290	0.877	0.886	0.879	0.892	0.916	0.888	0.698	0.746	0.856	0.959	0.896	0.913	0.885	0.914	0.920	0.879	0.914	0.857	0.762	0.732	0.873	0.892	0.885	0.921	0.720	0.895	0.930	0.890	0.895	0.856	0.738	0.765	0.893	0.834	0.874	0.777	0.886	0.869	0.870	0.870	0.838	0.201	0.764	0.664	0.754	0.727	0.746	0.748	0.048	0.788	0.798	0.669	0.700	0.757	0.671
67:01:04	21.9	0.676	0.761	0.770	0.800	0.853	0.830	0.794	0.802	0.809	0.755	0.738	0.703	0.790	0.889	0.908	0.902	0.052	0.911	0.874	0.886	0.893	0.896	0.800	0.508	1.083	0.914	0.811	0.920	0.915	0.914	0.830	0.044	0.909	0.901	0.893	0.724	0.793	0.882	0.950	0.934	0.317	0.886	0.897	0.882	0.902	0.919	0.893	0.698	0.762	0.869	0.967	0.905	0.917	0.889	0.918	0.923	0.891	0.906	0.865	0.774	0.739	0.889	0.902	0.890	0.928	0.736	0.902	0.936	0.898	0.905	0.864	0.743	0.778	0.901	0.841	0.883	0.780	0.895	0.862	0.880	0.879	0.847	0.175	0.771	0.670	0.768	0.737	0.762	0.758	0.047	0.793	0.807	0.675	0.711	0.764	0.679
68:01:05	22.2	0.682	0.777	0.770	0.819	0.865	0.838	0.789	0.813	0.814	0.759	0.742	0.716	0.798	0.900	0.914	0.908	0.052	0.925	0.877	0.893	0.901	0.899	0.799	0.500	1.091	0.925	0.816	0.929	0.924	0.921	0.839	0.044	0.919	0.909	0.896	0.740	0.808	0.896	0.961	0.952	0.353	0.893	0.912	0.893	0.909	0.921	0.896	0.704	0.780	0.883	0.958	0.915	0.918	0.887	0.919	0.929	0.894	0.950	0.872	0.788	0.756	0.901	0.906	0.903	0.928	0.750	0.910	0.944	0.904	0.912	0.875	0.762	0.783	0.911	0.853	0.885	0.789	0.903	0.869	0.884	0.888	0.855	0.170	0.782	0.676	0.782	0.750	0.774	0.771	0.047	0.796	0.818	0.686	0.723	0.774	0.687
69:01:06	22.4	0.689	0.789	0.768	0.834	0.885	0.837	0.794	0.816	0.807	0.770	0.744	0.734	0.812	0.913	0.928	0.918	0.052	0.928	0.884	0.903	0.911	0.910	0.804	0.505	1.093	0.941	0.818	0.939	0.930	0.928	0.851	0.044	0.924	0.917	0.899	0.745	0.823	0.910	0.964	0.954	0.323	0.903	0.924	0.887	0.917	0.922	0.901	0.702	0.793	0.892	0.960	0.922	0.921	0.901	0.924	0.932	0.900	0.942	0.878	0.790	0.785	0.907	0.908	0.920	0.928	0.766	0.921	0.951	0.910	0.920	0.883	0.769	0.789	0.922	0.865	0.894	0.799	0.914	0.879	0.895	0.895	0.862	0.173	0.790	0.679	0.792	0.760	0.779	0.777	0.047	0.809	0.832	0.713	0.733	0.780	0.691
70:01:06	22.6	0.699	0.793	0.781	0.851	0.893	0.825	0.783	0.804	0.805	0.780	0.764	0.752	0.809	0.925	0.934	0.928	0.052	0.938	0.892	0.910	0.921	0.918	0.816	0.510	1.117	0.946	0.828	0.951	0.941	0.938	0.857	0.044	0.927	0.925	0.909	0.758	0.826	0.915	0.965	0.962	0.289	0.912	0.933	0.895	0.917	0.926	0.909	0.704	0.797	0.904	0.969	0.931	0.913	0.903	0.931	0.934	0.908	0.921	0.887	0.791	0.789	0.913	0.911	0.929	0.933	0.768	0.929	0.957	0.917	0.930	0.891	0.778	0.806	0.921	0.870	0.907	0.809	0.924	0.887	0.907	0.904	0.873	0.162	0.797	0.681	0.799	0.769	0.787	0.790	0.047	0.822	0.839	0.729	0.748	0.782	0.693
71:01:08	22.8	0.703	0.798	0.797	0.854	0.865	0.811	0.776	0.802	0.775	0.805	0.789	0.762	0.808	0.933	0.944	0.939	0.052	0.945	0.900	0.919	0.931	0.920	0.826	0.503	1.127	0.953	0.836	0.961	0.950	0.950	0.863	0.044	0.935	0.934	0.918	0.772	0.833	0.921	0.964	0.971	0.370	0.922	0.943	0.902	0.923	0.934	0.918	0.716	0.811	0.916	0.977	0.939	0.919	0.910	0.924	0.940	0.914	0.943	0.897	0.798	0.794	0.914	0.917	0.933	0.937	0.784	0.934	0.964	0.925	0.933	0.896	0.770	0.815	0.927	0.874	0.911	0.814	0.930	0.887	0.915	0.907	0.876	0.163	0.814	0.680	0.806	0.787	0.802	0.799	0.047	0.835	0.846	0.738	0.756	0.784	0.693
72:01:08	22.8	0.700	0.797	0.785	0.857	0.846	0.806	0.797	0.829	0.802	0.817	0.794	0.787	0.812	0.940	0.953	0.944	0.052	0.943	0.902	0.924	0.930	0.920	0.838	0.510	1.117	0.955	0.838	0.961	0.952	0.947	0.867	0.044	0.937	0.937	0.923	0.770	0.839	0.935	0.959	0.977	0.456	0.930	0.949	0.905	0.929	0.925	0.930	0.718	0.819	0.923	0.987	0.944	0.926	0.927	0.935	0.944	0.918	0.934	0.901	0.803	0.816	0.921	0.930	0.924	0.939	0.777	0.944	0.965	0.930	0.935	0.903	0.767	0.824	0.931	0.879	0.910	0.827	0.934	0.889	0.918	0.913	0.885	0.160	0.818	0.677	0.816	0.794	0.809	0.811	0.047	0.833	0.856	0.748	0.757	0.787	0.694

