Time	T° 600	A1	A2	A3	A4	A5	A6	A7	A8	A9	A10	A11	A12	B1	B2	B3	B4	B5	B6	B7	B8	B9	B10	B11	B12	C1	C2	C3	C4	C5	C6	C7	C8	C9	C10	C11	C12	D1	D2	D3	D4	D5	D6	D7	D8	D9	D10	D11	D12	E1	E2	E3	E4	E5	E6	E7	E8	E9	E10	E11	E12	F1	F2	F3	F4	F5	F6	F7	F8	F9	F10	F11	F12	G1	G2	G3	G4	G5	G6	G7	G8	G9	G10	G11	G12	H1	H2	H3	H4	H5	H6	H7	H8	H9	H10	H11	H12
0:00:06	22.9	0.046	0.045	0.049	0.051	0.047	0.050	0.045	0.046	0.047	0.048	0.049	0.048	0.047	0.046	0.048	0.056	0.048	0.047	0.047	0.050	0.046	0.051	0.061	0.050	0.047	0.356	0.049	0.048	0.046	0.051	0.049	0.048	0.048	0.054	0.051	0.048	0.047	0.047	0.048	0.047	0.047	0.051	0.048	0.048	0.049	0.048	0.050	0.047	0.047	0.055	0.047	0.047	0.049	0.045	0.048	0.046	0.052	0.047	0.047	0.046	0.046	0.049	0.049	0.049	0.047	0.046	0.048	0.048	0.047	0.046	0.047	0.048	0.056	0.046	0.051	0.046	0.050	0.048	0.049	0.047	0.052	0.048	0.047	0.047	0.049	0.053	0.046	0.047	0.047	0.048	0.050	0.051	0.048	0.049	0.047	0.047
1:00:05	22.8	0.049	0.049	0.051	0.053	0.050	0.052	0.048	0.049	0.050	0.051	0.052	0.050	0.048	0.048	0.049	0.058	0.050	0.048	0.049	0.051	0.048	0.053	0.066	0.053	0.048	0.346	0.051	0.050	0.048	0.052	0.051	0.050	0.051	0.057	0.053	0.050	0.049	0.049	0.050	0.047	0.047	0.055	0.050	0.049	0.051	0.050	0.053	0.050	0.049	0.058	0.049	0.049	0.051	0.046	0.051	0.049	0.055	0.050	0.049	0.049	0.050	0.049	0.051	0.051	0.049	0.048	0.050	0.049	0.049	0.048	0.049	0.051	0.061	0.051	0.053	0.049	0.052	0.049	0.051	0.049	0.054	0.049	0.050	0.050	0.052	0.056	0.048	0.050	0.050	0.050	0.052	0.053	0.051	0.052	0.050	0.051
2:00:05	22.8	0.054	0.053	0.054	0.057	0.054	0.056	0.050	0.053	0.053	0.054	0.056	0.055	0.049	0.051	0.053	0.060	0.054	0.050	0.053	0.054	0.051	0.056	0.069	0.057	0.052	0.346	0.054	0.053	0.050	0.055	0.054	0.053	0.054	0.061	0.057	0.055	0.053	0.051	0.053	0.048	0.050	0.058	0.052	0.052	0.054	0.053	0.057	0.055	0.053	0.062	0.052	0.052	0.055	0.045	0.055	0.052	0.060	0.053	0.053	0.054	0.055	0.050	0.052	0.054	0.053	0.052	0.053	0.053	0.053	0.051	0.054	0.057	0.066	0.054	0.057	0.052	0.056	0.052	0.056	0.052	0.059	0.053	0.055	0.054	0.057	0.061	0.053	0.055	0.053	0.054	0.057	0.058	0.055	0.057	0.056	0.057
3:00:07	22.8	0.064	0.063	0.061	0.064	0.060	0.064	0.056	0.060	0.060	0.062	0.063	0.064	0.051	0.058	0.060	0.066	0.061	0.054	0.060	0.061	0.059	0.063	0.073	0.065	0.065	0.350	0.061	0.059	0.056	0.061	0.061	0.061	0.063	0.069	0.065	0.063	0.062	0.057	0.060	0.050	0.055	0.064	0.059	0.059	0.061	0.060	0.066	0.066	0.063	0.069	0.058	0.059	0.061	0.046	0.062	0.058	0.067	0.060	0.060	0.065	0.064	0.050	0.056	0.061	0.060	0.060	0.059	0.061	0.062	0.058	0.063	0.068	0.075	0.059	0.064	0.058	0.063	0.060	0.064	0.059	0.068	0.059	0.066	0.065	0.065	0.070	0.062	0.065	0.061	0.059	0.067	0.067	0.064	0.067	0.069	0.068
4:00:08	22.8	0.075	0.077	0.070	0.079	0.072	0.076	0.066	0.073	0.074	0.077	0.079	0.081	0.051	0.069	0.071	0.076	0.075	0.057	0.073	0.073	0.074	0.074	0.084	0.082	0.081	0.358	0.072	0.069	0.066	0.073	0.074	0.076	0.075	0.083	0.081	0.076	0.079	0.067	0.071	0.051	0.065	0.076	0.070	0.070	0.074	0.073	0.081	0.084	0.078	0.082	0.069	0.071	0.074	0.047	0.075	0.069	0.080	0.074	0.074	0.080	0.075	0.051	0.061	0.072	0.073	0.076	0.070	0.075	0.076	0.069	0.078	0.082	0.083	0.064	0.079	0.070	0.076	0.073	0.070	0.071	0.083	0.068	0.080	0.080	0.071	0.080	0.074	0.077	0.073	0.063	0.079	0.079	0.078	0.079	0.082	0.078
5:00:08	22.5	0.082	0.094	0.083	0.100	0.089	0.091	0.077	0.090	0.093	0.095	0.102	0.100	0.051	0.084	0.089	0.094	0.097	0.061	0.093	0.093	0.098	0.091	0.103	0.105	0.096	0.369	0.090	0.084	0.081	0.090	0.093	0.098	0.085	0.104	0.104	0.091	0.094	0.081	0.088	0.052	0.081	0.093	0.087	0.086	0.092	0.094	0.102	0.103	0.095	0.101	0.084	0.090	0.093	0.047	0.094	0.087	0.099	0.093	0.093	0.094	0.083	0.052	0.068	0.091	0.091	0.097	0.086	0.095	0.093	0.084	0.092	0.093	0.091	0.069	0.096	0.087	0.096	0.089	0.075	0.090	0.098	0.076	0.093	0.095	0.076	0.088	0.085	0.086	0.085	0.066	0.090	0.090	0.092	0.088	0.091	0.087
6:00:09	22.2	0.086	0.106	0.095	0.119	0.110	0.107	0.090	0.109	0.111	0.113	0.120	0.115	0.051	0.101	0.112	0.117	0.120	0.065	0.117	0.117	0.120	0.110	0.124	0.126	0.108	0.385	0.112	0.102	0.101	0.111	0.114	0.122	0.095	0.128	0.131	0.101	0.108	0.097	0.108	0.053	0.102	0.116	0.108	0.108	0.114	0.119	0.125	0.118	0.109	0.125	0.102	0.113	0.116	0.047	0.115	0.110	0.122	0.115	0.113	0.105	0.089	0.053	0.073	0.114	0.107	0.117	0.108	0.115	0.110	0.099	0.105	0.101	0.097	0.072	0.112	0.109	0.117	0.106	0.078	0.112	0.113	0.084	0.105	0.106	0.078	0.095	0.094	0.094	0.098	0.068	0.100	0.099	0.104	0.095	0.100	0.092
7:00:09	22.0	0.093	0.121	0.105	0.136	0.134	0.120	0.103	0.128	0.133	0.131	0.133	0.125	0.052	0.120	0.138	0.142	0.147	0.069	0.142	0.142	0.144	0.131	0.149	0.148	0.120	0.399	0.136	0.122	0.123	0.130	0.137	0.148	0.104	0.158	0.161	0.106	0.119	0.115	0.130	0.054	0.127	0.140	0.131	0.130	0.137	0.146	0.148	0.127	0.125	0.152	0.123	0.137	0.141	0.048	0.139	0.134	0.144	0.134	0.131	0.116	0.093	0.052	0.080	0.138	0.124	0.140	0.132	0.136	0.124	0.110	0.115	0.107	0.101	0.077	0.128	0.130	0.134	0.126	0.080	0.138	0.123	0.090	0.116	0.114	0.079	0.100	0.102	0.100	0.110	0.070	0.108	0.109	0.112	0.104	0.108	0.097
8:00:11	21.9	0.099	0.130	0.112	0.151	0.159	0.133	0.114	0.149	0.152	0.150	0.146	0.129	0.053	0.140	0.166	0.169	0.174	0.072	0.168	0.169	0.167	0.156	0.176	0.166	0.130	0.415	0.161	0.143	0.147	0.149	0.161	0.179	0.113	0.186	0.193	0.115	0.130	0.136	0.152	0.054	0.154	0.166	0.156	0.152	0.161	0.173	0.172	0.136	0.136	0.179	0.143	0.161	0.165	0.048	0.164	0.158	0.165	0.151	0.152	0.125	0.097	0.052	0.086	0.162	0.139	0.164	0.156	0.155	0.137	0.118	0.124	0.113	0.107	0.081	0.143	0.151	0.152	0.145	0.083	0.163	0.137	0.096	0.126	0.122	0.082	0.107	0.113	0.111	0.124	0.071	0.114	0.117	0.120	0.113	0.116	0.101
9:00:12	21.7	0.105	0.138	0.116	0.164	0.185	0.148	0.127	0.172	0.174	0.173	0.152	0.137	0.055	0.161	0.190	0.194	0.201	0.074	0.195	0.196	0.190	0.180	0.203	0.181	0.141	0.436	0.186	0.168	0.174	0.170	0.181	0.209	0.119	0.215	0.221	0.123	0.143	0.159	0.177	0.053	0.182	0.196	0.183	0.177	0.192	0.200	0.197	0.145	0.146	0.207	0.169	0.187	0.193	0.048	0.186	0.186	0.185	0.174	0.173	0.135	0.101	0.051	0.092	0.187	0.157	0.190	0.180	0.179	0.155	0.127	0.137	0.119	0.112	0.088	0.158	0.175	0.173	0.168	0.087	0.188	0.150	0.103	0.135	0.130	0.085	0.113	0.122	0.117	0.136	0.072	0.121	0.127	0.128	0.120	0.127	0.104
10:00:13	21.5	0.111	0.142	0.122	0.184	0.212	0.166	0.142	0.199	0.195	0.201	0.158	0.144	0.057	0.184	0.212	0.218	0.226	0.078	0.221	0.222	0.215	0.208	0.227	0.199	0.150	0.460	0.212	0.192	0.199	0.190	0.203	0.240	0.128	0.246	0.244	0.132	0.158	0.184	0.201	0.053	0.207	0.218	0.209	0.203	0.218	0.228	0.218	0.152	0.163	0.233	0.192	0.212	0.218	0.049	0.213	0.209	0.208	0.196	0.197	0.146	0.106	0.051	0.098	0.212	0.180	0.218	0.205	0.207	0.177	0.136	0.152	0.126	0.121	0.095	0.175	0.201	0.196	0.195	0.091	0.216	0.168	0.111	0.153	0.140	0.088	0.121	0.132	0.125	0.155	0.074	0.129	0.138	0.136	0.129	0.137	0.109
11:00:14	21.5	0.117	0.145	0.127	0.192	0.233	0.178	0.146	0.214	0.208	0.213	0.161	0.149	0.059	0.203	0.234	0.238	0.239	0.079	0.240	0.238	0.233	0.230	0.246	0.197	0.161	0.480	0.231	0.210	0.217	0.207	0.218	0.268	0.138	0.269	0.263	0.144	0.164	0.201	0.217	0.053	0.229	0.235	0.226	0.221	0.246	0.246	0.241	0.156	0.165	0.250	0.208	0.232	0.238	0.049	0.234	0.227	0.231	0.219	0.217	0.151	0.111	0.051	0.103	0.230	0.203	0.239	0.224	0.231	0.205	0.145	0.166	0.131	0.126	0.102	0.193	0.217	0.218	0.224	0.096	0.237	0.187	0.115	0.167	0.145	0.091	0.128	0.140	0.129	0.172	0.075	0.134	0.150	0.149	0.136	0.143	0.113
12:00:14	21.7	0.125	0.149	0.133	0.187	0.263	0.185	0.159	0.235	0.231	0.233	0.160	0.148	0.060	0.222	0.255	0.258	0.261	0.081	0.259	0.258	0.258	0.256	0.264	0.197	0.148	0.500	0.252	0.231	0.238	0.232	0.242	0.295	0.147	0.291	0.292	0.151	0.165	0.225	0.237	0.052	0.250	0.252	0.243	0.241	0.259	0.265	0.256	0.161	0.164	0.277	0.229	0.254	0.263	0.049	0.253	0.249	0.253	0.245	0.242	0.156	0.118	0.051	0.110	0.253	0.226	0.266	0.241	0.253	0.226	0.152	0.175	0.137	0.132	0.113	0.210	0.241	0.244	0.253	0.097	0.261	0.211	0.120	0.169	0.149	0.095	0.136	0.143	0.135	0.189	0.076	0.146	0.165	0.158	0.143	0.150	0.117
13:00:16	22.0	0.135	0.172	0.137	0.178	0.284	0.195	0.161	0.252	0.240	0.251	0.156	0.142	0.061	0.247	0.272	0.272	0.269	0.082	0.271	0.267	0.281	0.267	0.279	0.209	0.147	0.515	0.267	0.245	0.250	0.243	0.247	0.317	0.154	0.301	0.304	0.155	0.172	0.240	0.254	0.051	0.265	0.264	0.258	0.258	0.284	0.286	0.267	0.166	0.158	0.299	0.251	0.276	0.282	0.048	0.269	0.267	0.269	0.265	0.265	0.158	0.126	0.050	0.115	0.271	0.247	0.285	0.257	0.257	0.242	0.159	0.188	0.139	0.138	0.125	0.224	0.265	0.265	0.272	0.100	0.285	0.220	0.122	0.178	0.146	0.098	0.138	0.146	0.138	0.204	0.077	0.141	0.185	0.166	0.150	0.166	0.117
14:00:17	22.2	0.142	0.168	0.140	0.178	0.297	0.205	0.160	0.279	0.234	0.265	0.161	0.144	0.064	0.261	0.294	0.285	0.283	0.084	0.282	0.286	0.297	0.279	0.278	0.191	0.147	0.519	0.278	0.261	0.265	0.260	0.256	0.318	0.150	0.317	0.327	0.158	0.171	0.258	0.265	0.051	0.277	0.284	0.272	0.270	0.305	0.299	0.279	0.168	0.166	0.324	0.268	0.298	0.303	0.048	0.285	0.278	0.296	0.287	0.286	0.164	0.131	0.050	0.120	0.286	0.262	0.308	0.270	0.260	0.236	0.152	0.189	0.146	0.144	0.139	0.229	0.294	0.289	0.273	0.107	0.299	0.213	0.128	0.175	0.152	0.104	0.143	0.152	0.140	0.208	0.078	0.162	0.173	0.173	0.154	0.159	0.122
15:00:17	22.3	0.149	0.208	0.147	0.187	0.320	0.263	0.141	0.300	0.223	0.271	0.161	0.147	0.067	0.284	0.307	0.305	0.294	0.088	0.300	0.300	0.307	0.302	0.272	0.208	0.156	0.545	0.288	0.278	0.270	0.263	0.272	0.325	0.158	0.346	0.342	0.160	0.176	0.276	0.284	0.051	0.288	0.300	0.290	0.287	0.315	0.316	0.288	0.178	0.176	0.344	0.281	0.315	0.317	0.048	0.289	0.294	0.318	0.296	0.311	0.172	0.145	0.050	0.123	0.304	0.284	0.318	0.285	0.272	0.248	0.156	0.192	0.158	0.152	0.152	0.252	0.301	0.308	0.244	0.117	0.315	0.214	0.132	0.209	0.165	0.110	0.153	0.155	0.150	0.203	0.079	0.153	0.180	0.178	0.185	0.165	0.127
16:00:18	22.3	0.152	0.172	0.156	0.191	0.306	0.299	0.137	0.312	0.219	0.277	0.176	0.153	0.070	0.304	0.325	0.309	0.319	0.093	0.317	0.322	0.321	0.332	0.247	0.217	0.166	0.568	0.303	0.295	0.288	0.276	0.285	0.321	0.160	0.341	0.369	0.167	0.179	0.296	0.303	0.050	0.302	0.323	0.315	0.299	0.341	0.325	0.291	0.177	0.192	0.362	0.296	0.328	0.330	0.048	0.303	0.314	0.343	0.296	0.324	0.176	0.152	0.050	0.127	0.324	0.300	0.324	0.298	0.279	0.236	0.156	0.201	0.163	0.166	0.167	0.247	0.321	0.342	0.229	0.127	0.317	0.214	0.136	0.194	0.175	0.117	0.167	0.166	0.162	0.232	0.080	0.163	0.189	0.177	0.182	0.172	0.135
17:00:19	22.3	0.164	0.208	0.169	0.209	0.301	0.182	0.172	0.296	0.211	0.268	0.180	0.168	0.074	0.323	0.367	0.330	0.331	0.101	0.341	0.340	0.318	0.362	0.238	0.220	0.182	0.586	0.307	0.310	0.311	0.299	0.298	0.349	0.170	0.368	0.390	0.174	0.190	0.310	0.319	0.050	0.314	0.338	0.323	0.312	0.360	0.351	0.269	0.190	0.206	0.378	0.312	0.348	0.343	0.047	0.304	0.335	0.355	0.325	0.349	0.190	0.170	0.049	0.132	0.335	0.341	0.332	0.307	0.272	0.238	0.169	0.216	0.172	0.179	0.184	0.252	0.340	0.345	0.275	0.132	0.338	0.222	0.147	0.199	0.187	0.127	0.177	0.181	0.175	0.204	0.082	0.180	0.206	0.189	0.186	0.180	0.144
18:00:19	21.8	0.183	0.303	0.184	0.239	0.292	0.188	0.167	0.298	0.217	0.218	0.194	0.185	0.078	0.335	0.343	0.335	0.332	0.110	0.348	0.332	0.275	0.323	0.247	0.223	0.193	0.583	0.321	0.321	0.330	0.289	0.252	0.350	0.177	0.369	0.360	0.183	0.198	0.331	0.340	0.050	0.353	0.357	0.344	0.341	0.379	0.355	0.289	0.195	0.220	0.398	0.329	0.368	0.377	0.047	0.329	0.342	0.375	0.289	0.303	0.207	0.178	0.049	0.134	0.347	0.256	0.328	0.329	0.295	0.247	0.184	0.232	0.179	0.196	0.199	0.259	0.348	0.281	0.277	0.147	0.351	0.240	0.159	0.213	0.202	0.140	0.194	0.188	0.184	0.226	0.084	0.196	0.217	0.213	0.201	0.191	0.155
19:00:21	21.9	0.184	0.305	0.196	0.244	0.253	0.197	0.181	0.299	0.232	0.212	0.204	0.191	0.083	0.339	0.363	0.373	0.354	0.118	0.379	0.363	0.270	0.311	0.257	0.229	0.234	0.632	0.338	0.361	0.370	0.308	0.262	0.339	0.191	0.376	0.383	0.197	0.219	0.359	0.361	0.049	0.359	0.373	0.348	0.331	0.334	0.351	0.320	0.212	0.242	0.388	0.348	0.371	0.386	0.047	0.328	0.340	0.321	0.264	0.294	0.218	0.193	0.049	0.141	0.369	0.290	0.310	0.339	0.248	0.259	0.192	0.254	0.194	0.200	0.214	0.250	0.337	0.271	0.300	0.153	0.351	0.262	0.171	0.239	0.211	0.153	0.203	0.206	0.201	0.235	0.083	0.204	0.236	0.221	0.233	0.219	0.166
20:00:23	22.2	0.203	0.272	0.199	0.248	0.293	0.217	0.180	0.253	0.237	0.224	0.212	0.198	0.090	0.363	0.346	0.371	0.371	0.122	0.426	0.354	0.278	0.337	0.265	0.235	0.261	0.623	0.344	0.373	0.359	0.306	0.273	0.404	0.208	0.321	0.425	0.214	0.231	0.374	0.393	0.049	0.378	0.380	0.366	0.381	0.346	0.354	0.321	0.219	0.251	0.370	0.368	0.353	0.370	0.046	0.348	0.355	0.331	0.274	0.301	0.233	0.202	0.049	0.144	0.384	0.328	0.308	0.344	0.251	0.313	0.211	0.269	0.210	0.217	0.230	0.233	0.382	0.272	0.306	0.161	0.360	0.284	0.216	0.244	0.225	0.165	0.217	0.223	0.222	0.224	0.084	0.218	0.251	0.233	0.237	0.230	0.193
21:00:23	22.4	0.203	0.316	0.214	0.258	0.276	0.239	0.191	0.236	0.237	0.230	0.230	0.206	0.099	0.392	0.349	0.373	0.389	0.127	0.465	0.403	0.312	0.386	0.266	0.249	0.298	0.671	0.343	0.409	0.393	0.314	0.340	0.382	0.219	0.319	0.414	0.224	0.256	0.414	0.423	0.049	0.382	0.391	0.408	0.379	0.388	0.374	0.337	0.233	0.262	0.413	0.421	0.416	0.431	0.046	0.344	0.405	0.334	0.284	0.316	0.241	0.204	0.048	0.149	0.411	0.297	0.338	0.350	0.323	0.334	0.232	0.285	0.211	0.233	0.251	0.264	0.418	0.301	0.336	0.183	0.401	0.300	0.210	0.259	0.233	0.183	0.227	0.227	0.238	0.251	0.083	0.229	0.274	0.250	0.263	0.246	0.196
22:00:24	22.5	0.229	0.289	0.222	0.266	0.264	0.241	0.200	0.248	0.246	0.245	0.260	0.239	0.112	0.440	0.382	0.420	0.385	0.132	0.475	0.405	0.297	0.400	0.268	0.251	0.309	0.714	0.360	0.431	0.416	0.333	0.345	0.328	0.231	0.269	0.452	0.233	0.266	0.424	0.458	0.049	0.429	0.429	0.466	0.440	0.396	0.420	0.322	0.243	0.268	0.445	0.434	0.454	0.492	0.046	0.369	0.439	0.364	0.297	0.306	0.259	0.219	0.049	0.151	0.462	0.332	0.349	0.362	0.310	0.290	0.231	0.301	0.240	0.239	0.267	0.312	0.450	0.292	0.330	0.189	0.423	0.301	0.230	0.283	0.239	0.205	0.256	0.248	0.240	0.262	0.085	0.241	0.283	0.258	0.282	0.277	0.222
23:00:26	22.7	0.241	0.312	0.243	0.281	0.291	0.253	0.208	0.243	0.246	0.255	0.252	0.240	0.125	0.454	0.394	0.400	0.404	0.136	0.483	0.413	0.295	0.390	0.289	0.270	0.305	0.694	0.377	0.457	0.468	0.326	0.382	0.300	0.260	0.316	0.470	0.253	0.287	0.471	0.485	0.049	0.446	0.454	0.492	0.438	0.397	0.459	0.333	0.262	0.279	0.464	0.463	0.495	0.499	0.046	0.412	0.481	0.357	0.324	0.307	0.273	0.235	0.049	0.154	0.492	0.363	0.367	0.402	0.328	0.340	0.237	0.322	0.259	0.273	0.291	0.296	0.490	0.290	0.339	0.205	0.464	0.313	0.256	0.296	0.283	0.215	0.287	0.262	0.254	0.284	0.086	0.262	0.313	0.275	0.294	0.280	0.235
24:00:25	22.7	0.264	0.380	0.262	0.282	0.304	0.264	0.220	0.257	0.248	0.251	0.276	0.250	0.140	0.461	0.404	0.456	0.403	0.139	0.500	0.380	0.293	0.391	0.302	0.276	0.318	0.705	0.392	0.477	0.470	0.347	0.372	0.297	0.271	0.284	0.516	0.269	0.319	0.492	0.504	0.049	0.471	0.462	0.488	0.494	0.426	0.417	0.341	0.284	0.300	0.474	0.506	0.502	0.527	0.045	0.435	0.477	0.400	0.321	0.337	0.292	0.254	0.049	0.157	0.519	0.294	0.387	0.413	0.328	0.330	0.257	0.338	0.279	0.309	0.305	0.309	0.495	0.339	0.350	0.233	0.426	0.340	0.288	0.326	0.312	0.231	0.311	0.287	0.309	0.278	0.087	0.283	0.323	0.294	0.315	0.311	0.258
25:00:26	22.8	0.284	0.412	0.279	0.286	0.324	0.272	0.233	0.265	0.273	0.269	0.275	0.262	0.159	0.463	0.393	0.434	0.439	0.139	0.540	0.396	0.277	0.363	0.310	0.276	0.335	0.758	0.399	0.492	0.492	0.320	0.361	0.292	0.280	0.306	0.515	0.279	0.302	0.523	0.525	0.048	0.495	0.447	0.465	0.499	0.454	0.473	0.357	0.282	0.306	0.474	0.522	0.538	0.548	0.045	0.444	0.515	0.403	0.354	0.350	0.307	0.274	0.048	0.155	0.543	0.303	0.423	0.445	0.346	0.351	0.267	0.352	0.300	0.296	0.338	0.378	0.529	0.344	0.360	0.238	0.485	0.374	0.320	0.334	0.317	0.252	0.327	0.305	0.286	0.293	0.087	0.306	0.336	0.316	0.324	0.340	0.261
26:00:27	22.8	0.304	0.451	0.299	0.308	0.330	0.307	0.249	0.277	0.274	0.263	0.385	0.261	0.176	0.509	0.400	0.439	0.498	0.140	0.487	0.370	0.324	0.305	0.321	0.284	0.351	0.786	0.397	0.522	0.514	0.324	0.389	0.292	0.293	0.311	0.458	0.298	0.330	0.536	0.522	0.048	0.516	0.467	0.514	0.497	0.464	0.449	0.368	0.296	0.335	0.504	0.559	0.530	0.544	0.045	0.464	0.519	0.390	0.416	0.353	0.322	0.292	0.048	0.149	0.556	0.386	0.391	0.432	0.340	0.379	0.281	0.367	0.309	0.328	0.341	0.361	0.569	0.321	0.378	0.247	0.500	0.410	0.326	0.346	0.352	0.294	0.325	0.298	0.310	0.318	0.086	0.324	0.357	0.321	0.350	0.362	0.256
27:00:28	22.7	0.322	0.460	0.316	0.332	0.319	0.291	0.266	0.281	0.293	0.295	0.353	0.302	0.197	0.470	0.414	0.399	0.472	0.138	0.543	0.353	0.315	0.347	0.338	0.338	0.351	0.816	0.396	0.542	0.547	0.339	0.394	0.303	0.306	0.319	0.367	0.310	0.324	0.545	0.565	0.048	0.546	0.488	0.532	0.518	0.519	0.481	0.376	0.321	0.339	0.490	0.585	0.489	0.559	0.045	0.369	0.538	0.423	0.430	0.389	0.335	0.315	0.048	0.140	0.584	0.351	0.397	0.441	0.366	0.366	0.294	0.382	0.339	0.394	0.360	0.371	0.535	0.351	0.390	0.270	0.444	0.460	0.320	0.363	0.333	0.303	0.358	0.358	0.318	0.323	0.085	0.332	0.371	0.335	0.358	0.361	0.306
28:00:29	22.7	0.333	0.407	0.334	0.337	0.350	0.329	0.287	0.311	0.310	0.309	0.397	0.319	0.216	0.446	0.421	0.385	0.486	0.140	0.559	0.352	0.327	0.364	0.349	0.316	0.360	0.841	0.418	0.571	0.583	0.364	0.458	0.310	0.321	0.329	0.376	0.320	0.374	0.565	0.605	0.048	0.576	0.512	0.557	0.535	0.546	0.476	0.393	0.339	0.369	0.544	0.599	0.527	0.561	0.045	0.366	0.525	0.474	0.424	0.358	0.351	0.324	0.048	0.131	0.587	0.411	0.406	0.567	0.397	0.376	0.310	0.392	0.318	0.397	0.365	0.372	0.578	0.364	0.404	0.275	0.467	0.452	0.310	0.386	0.347	0.320	0.391	0.410	0.326	0.335	0.085	0.358	0.380	0.353	0.360	0.361	0.291
29:00:31	22.6	0.399	0.533	0.363	0.353	0.367	0.372	0.311	0.344	0.333	0.334	0.465	0.317	0.233	0.424	0.437	0.365	0.480	0.135	0.578	0.381	0.373	0.378	0.364	0.345	0.359	0.871	0.434	0.589	0.609	0.386	0.444	0.316	0.347	0.336	0.398	0.356	0.395	0.604	0.594	0.048	0.599	0.479	0.546	0.544	0.537	0.547	0.413	0.380	0.375	0.529	0.624	0.465	0.553	0.045	0.417	0.547	0.424	0.395	0.384	0.364	0.353	0.048	0.123	0.632	0.441	0.416	0.592	0.406	0.378	0.335	0.399	0.325	0.480	0.394	0.361	0.550	0.376	0.420	0.286	0.414	0.456	0.295	0.407	0.364	0.327	0.509	0.375	0.358	0.355	0.086	0.352	0.407	0.382	0.385	0.388	0.312
30:00:31	22.6	0.367	0.386	0.390	0.376	0.396	0.370	0.334	0.353	0.359	0.352	0.480	0.344	0.253	0.465	0.456	0.353	0.512	0.136	0.539	0.423	0.383	0.413	0.385	0.383	0.374	0.872	0.499	0.600	0.641	0.399	0.421	0.350	0.366	0.350	0.425	0.344	0.352	0.595	0.616	0.048	0.596	0.466	0.547	0.513	0.448	0.477	0.424	0.381	0.396	0.518	0.629	0.467	0.530	0.045	0.428	0.573	0.490	0.421	0.396	0.379	0.370	0.047	0.114	0.641	0.403	0.450	0.687	0.430	0.400	0.360	0.426	0.370	0.452	0.402	0.356	0.553	0.389	0.432	0.336	0.456	0.465	0.239	0.411	0.388	0.333	0.508	0.398	0.405	0.387	0.085	0.411	0.417	0.405	0.403	0.413	0.327
31:00:32	22.6	0.382	0.506	0.430	0.410	0.441	0.429	0.360	0.400	0.407	0.401	0.377	0.369	0.278	0.469	0.478	0.365	0.413	0.129	0.427	0.416	0.388	0.382	0.397	0.380	0.400	0.902	0.510	0.570	0.622	0.411	0.496	0.350	0.387	0.368	0.464	0.370	0.373	0.627	0.628	0.048	0.595	0.462	0.510	0.503	0.519	0.493	0.447	0.387	0.460	0.571	0.624	0.490	0.517	0.045	0.467	0.532	0.459	0.411	0.456	0.409	0.393	0.048	0.107	0.649	0.404	0.460	0.687	0.453	0.444	0.390	0.432	0.443	0.478	0.421	0.351	0.466	0.398	0.457	0.306	0.501	0.473	0.290	0.430	0.393	0.344	0.561	0.453	0.375	0.396	0.086	0.408	0.425	0.429	0.408	0.456	0.348
32:00:33	22.3	0.399	0.515	0.455	0.443	0.469	0.446	0.385	0.425	0.431	0.437	0.466	0.433	0.301	0.499	0.505	0.415	0.345	0.135	0.475	0.443	0.444	0.423	0.421	0.414	0.389	0.905	0.500	0.507	0.591	0.463	0.496	0.368	0.428	0.389	0.479	0.405	0.394	0.552	0.566	0.048	0.631	0.490	0.484	0.482	0.402	0.462	0.457	0.412	0.442	0.496	0.553	0.531	0.527	0.045	0.451	0.488	0.487	0.449	0.493	0.424	0.417	0.048	0.102	0.509	0.493	0.468	0.720	0.476	0.457	0.425	0.448	0.409	0.435	0.441	0.338	0.482	0.445	0.485	0.315	0.430	0.445	0.286	0.446	0.422	0.359	0.457	0.538	0.458	0.414	0.086	0.407	0.471	0.419	0.415	0.431	0.356
33:00:34	22.0	0.424	0.523	0.477	0.464	0.487	0.483	0.408	0.444	0.449	0.456	0.455	0.444	0.317	0.541	0.513	0.431	0.405	0.125	0.493	0.463	0.483	0.475	0.435	0.452	0.429	0.808	0.569	0.567	0.555	0.449	0.391	0.383	0.431	0.425	0.511	0.419	0.428	0.583	0.561	0.048	0.669	0.456	0.498	0.497	0.449	0.502	0.483	0.448	0.474	0.553	0.620	0.538	0.526	0.044	0.471	0.437	0.547	0.440	0.450	0.444	0.419	0.047	0.098	0.579	0.557	0.497	0.756	0.457	0.513	0.450	0.468	0.440	0.483	0.478	0.358	0.508	0.536	0.513	0.347	0.505	0.497	0.291	0.440	0.453	0.389	0.457	0.453	0.449	0.497	0.084	0.446	0.466	0.466	0.477	0.433	0.372
34:00:34	21.7	0.425	0.554	0.501	0.486	0.512	0.506	0.428	0.472	0.466	0.484	0.488	0.474	0.341	0.548	0.530	0.422	0.439	0.123	0.536	0.497	0.496	0.505	0.481	0.487	0.463	0.842	0.573	0.580	0.570	0.494	0.393	0.409	0.478	0.432	0.522	0.447	0.458	0.588	0.607	0.048	0.625	0.442	0.527	0.527	0.528	0.550	0.530	0.486	0.466	0.634	0.579	0.549	0.560	0.045	0.474	0.482	0.573	0.496	0.532	0.447	0.430	0.048	0.096	0.567	0.548	0.497	0.751	0.494	0.551	0.447	0.475	0.468	0.484	0.531	0.359	0.515	0.572	0.523	0.329	0.567	0.583	0.292	0.486	0.474	0.410	0.511	0.475	0.492	0.496	0.084	0.458	0.472	0.500	0.495	0.472	0.413
35:00:35	21.5	0.459	0.550	0.527	0.502	0.523	0.531	0.449	0.484	0.477	0.501	0.510	0.476	0.380	0.577	0.563	0.467	0.446	0.133	0.572	0.521	0.515	0.523	0.487	0.502	0.489	0.812	0.597	0.591	0.589	0.516	0.476	0.414	0.513	0.469	0.553	0.485	0.471	0.582	0.610	0.048	0.687	0.449	0.561	0.521	0.536	0.564	0.536	0.522	0.497	0.603	0.598	0.568	0.584	0.045	0.509	0.495	0.616	0.547	0.545	0.488	0.464	0.048	0.095	0.609	0.585	0.538	0.786	0.551	0.587	0.487	0.493	0.489	0.500	0.496	0.364	0.544	0.595	0.534	0.373	0.564	0.591	0.309	0.578	0.501	0.432	0.517	0.504	0.515	0.497	0.083	0.503	0.509	0.512	0.509	0.488	0.419
36:00:36	21.4	0.482	0.554	0.549	0.519	0.541	0.549	0.469	0.502	0.506	0.514	0.552	0.499	0.407	0.585	0.584	0.484	0.391	0.128	0.600	0.535	0.527	0.543	0.498	0.527	0.498	0.840	0.587	0.584	0.585	0.550	0.541	0.425	0.562	0.499	0.567	0.499	0.496	0.590	0.606	0.048	0.730	0.474	0.577	0.561	0.562	0.577	0.574	0.538	0.520	0.619	0.604	0.590	0.597	0.045	0.585	0.548	0.613	0.588	0.568	0.511	0.490	0.048	0.094	0.600	0.594	0.582	0.793	0.555	0.592	0.529	0.556	0.509	0.509	0.537	0.405	0.556	0.614	0.585	0.344	0.606	0.631	0.344	0.582	0.509	0.447	0.520	0.484	0.523	0.504	0.082	0.518	0.510	0.527	0.529	0.493	0.431
37:00:37	21.3	0.478	0.577	0.569	0.553	0.566	0.565	0.495	0.533	0.540	0.547	0.545	0.523	0.431	0.607	0.623	0.501	0.370	0.129	0.601	0.562	0.537	0.551	0.540	0.541	0.525	0.854	0.583	0.592	0.621	0.570	0.600	0.418	0.576	0.506	0.577	0.520	0.509	0.644	0.648	0.047	0.714	0.502	0.593	0.587	0.559	0.593	0.607	0.563	0.571	0.645	0.628	0.634	0.621	0.045	0.661	0.581	0.633	0.571	0.585	0.509	0.502	0.047	0.091	0.627	0.599	0.596	0.807	0.579	0.603	0.568	0.571	0.520	0.531	0.548	0.425	0.580	0.613	0.599	0.349	0.605	0.685	0.351	0.600	0.533	0.464	0.541	0.512	0.533	0.503	0.082	0.530	0.542	0.537	0.542	0.517	0.440
38:00:39	21.3	0.492	0.582	0.585	0.564	0.561	0.566	0.513	0.545	0.551	0.567	0.550	0.502	0.458	0.627	0.648	0.523	0.417	0.120	0.625	0.582	0.550	0.566	0.547	0.568	0.563	0.848	0.613	0.591	0.616	0.595	0.603	0.456	0.657	0.532	0.593	0.533	0.534	0.659	0.650	0.048	0.701	0.502	0.640	0.626	0.581	0.615	0.621	0.565	0.561	0.663	0.648	0.628	0.649	0.045	0.577	0.606	0.622	0.591	0.593	0.523	0.527	0.047	0.091	0.660	0.627	0.628	0.803	0.613	0.598	0.590	0.573	0.532	0.521	0.563	0.388	0.595	0.645	0.625	0.388	0.646	0.692	0.351	0.675	0.546	0.476	0.556	0.529	0.546	0.526	0.082	0.547	0.554	0.562	0.560	0.516	0.452
39:00:40	21.2	0.505	0.574	0.599	0.591	0.578	0.581	0.555	0.570	0.569	0.572	0.565	0.513	0.486	0.642	0.660	0.538	0.375	0.112	0.641	0.579	0.568	0.579	0.564	0.551	0.558	0.854	0.609	0.639	0.604	0.630	0.593	0.475	0.655	0.560	0.612	0.558	0.564	0.653	0.670	0.047	0.684	0.518	0.671	0.629	0.618	0.628	0.631	0.564	0.583	0.682	0.670	0.651	0.659	0.044	0.662	0.647	0.639	0.615	0.621	0.529	0.534	0.047	0.089	0.680	0.620	0.680	0.813	0.640	0.607	0.617	0.662	0.542	0.544	0.575	0.409	0.611	0.631	0.643	0.420	0.660	0.755	0.414	0.642	0.543	0.489	0.551	0.549	0.567	0.537	0.079	0.522	0.560	0.567	0.564	0.530	0.466
40:00:41	21.1	0.536	0.569	0.602	0.616	0.598	0.608	0.576	0.593	0.584	0.597	0.570	0.510	0.509	0.625	0.676	0.552	0.371	0.108	0.647	0.615	0.588	0.590	0.575	0.577	0.579	0.846	0.447	0.660	0.625	0.675	0.578	0.492	0.686	0.574	0.621	0.573	0.558	0.672	0.696	0.047	0.693	0.518	0.674	0.675	0.648	0.662	0.643	0.582	0.588	0.679	0.640	0.694	0.696	0.045	0.684	0.633	0.637	0.640	0.631	0.537	0.547	0.047	0.088	0.694	0.663	0.713	0.814	0.668	0.642	0.629	0.671	0.562	0.549	0.593	0.438	0.626	0.648	0.687	0.398	0.680	0.747	0.358	0.693	0.563	0.491	0.564	0.539	0.557	0.546	0.080	0.530	0.568	0.577	0.573	0.537	0.474
41:00:41	21.3	0.513	0.602	0.617	0.619	0.608	0.610	0.597	0.593	0.588	0.590	0.576	0.520	0.532	0.659	0.691	0.568	0.385	0.103	0.653	0.627	0.605	0.594	0.602	0.567	0.572	0.847	0.460	0.642	0.633	0.661	0.603	0.504	0.691	0.577	0.637	0.559	0.561	0.690	0.710	0.047	0.695	0.540	0.683	0.655	0.624	0.666	0.665	0.579	0.629	0.683	0.648	0.681	0.701	0.044	0.625	0.685	0.685	0.659	0.649	0.543	0.556	0.047	0.087	0.681	0.660	0.785	0.822	0.694	0.639	0.646	0.660	0.575	0.563	0.615	0.454	0.648	0.689	0.741	0.378	0.707	0.809	0.409	0.679	0.566	0.494	0.584	0.561	0.573	0.568	0.080	0.545	0.609	0.583	0.577	0.564	0.478
42:00:42	21.4	0.565	0.574	0.625	0.625	0.621	0.618	0.615	0.614	0.597	0.604	0.599	0.527	0.554	0.675	0.708	0.587	0.464	0.100	0.642	0.627	0.612	0.607	0.586	0.575	0.582	0.845	0.498	0.684	0.640	0.707	0.701	0.523	0.757	0.604	0.656	0.579	0.586	0.735	0.721	0.047	0.719	0.550	0.690	0.684	0.686	0.684	0.680	0.598	0.611	0.687	0.707	0.686	0.723	0.044	0.723	0.696	0.660	0.653	0.674	0.562	0.576	0.047	0.086	0.695	0.682	0.766	0.826	0.722	0.682	0.665	0.641	0.578	0.590	0.610	0.476	0.657	0.690	0.743	0.405	0.719	0.806	0.394	0.747	0.582	0.503	0.571	0.542	0.614	0.569	0.078	0.558	0.596	0.608	0.587	0.572	0.488
43:00:42	21.6	0.555	0.565	0.637	0.649	0.624	0.616	0.625	0.621	0.604	0.614	0.594	0.539	0.569	0.697	0.716	0.583	0.442	0.100	0.666	0.631	0.626	0.607	0.609	0.578	0.612	0.863	0.466	0.717	0.663	0.697	0.671	0.554	0.839	0.604	0.654	0.574	0.600	0.722	0.720	0.047	0.729	0.592	0.726	0.697	0.675	0.693	0.688	0.610	0.639	0.732	0.727	0.736	0.721	0.045	0.641	0.696	0.710	0.692	0.679	0.577	0.579	0.047	0.085	0.694	0.670	0.787	0.830	0.768	0.702	0.700	0.648	0.590	0.569	0.633	0.490	0.672	0.681	0.772	0.374	0.784	0.855	0.399	0.791	0.582	0.494	0.593	0.574	0.606	0.574	0.077	0.635	0.608	0.590	0.591	0.584	0.493
44:00:44	21.8	0.561	0.589	0.644	0.627	0.625	0.650	0.636	0.620	0.606	0.628	0.628	0.539	0.590	0.718	0.740	0.598	0.477	0.099	0.656	0.646	0.645	0.619	0.622	0.581	0.598	0.882	0.536	0.708	0.690	0.732	0.674	0.545	0.732	0.614	0.674	0.590	0.619	0.750	0.765	0.047	0.749	0.580	0.735	0.726	0.683	0.765	0.699	0.605	0.626	0.764	0.750	0.751	0.745	0.044	0.557	0.724	0.704	0.717	0.701	0.582	0.600	0.047	0.084	0.741	0.689	0.810	0.840	0.814	0.699	0.737	0.677	0.599	0.595	0.635	0.495	0.682	0.704	0.804	0.431	0.744	0.796	0.412	0.827	0.598	0.530	0.596	0.591	0.602	0.583	0.077	0.649	0.607	0.595	0.605	0.580	0.495
45:00:45	21.9	0.599	0.589	0.653	0.656	0.641	0.625	0.646	0.635	0.615	0.627	0.621	0.555	0.603	0.688	0.749	0.600	0.510	0.097	0.699	0.672	0.652	0.627	0.633	0.601	0.592	0.879	0.551	0.717	0.686	0.790	0.704	0.570	0.864	0.626	0.689	0.601	0.628	0.737	0.748	0.046	0.722	0.596	0.738	0.732	0.711	0.741	0.713	0.618	0.638	0.721	0.733	0.737	0.752	0.044	0.604	0.723	0.715	0.731	0.719	0.586	0.595	0.047	0.082	0.754	0.686	0.801	0.846	0.729	0.754	0.715	0.709	0.601	0.588	0.647	0.493	0.701	0.696	0.886	0.415	0.850	0.814	0.436	0.840	0.594	0.508	0.596	0.601	0.612	0.588	0.077	0.687	0.629	0.607	0.615	0.585	0.504
46:00:46	22.0	0.545	0.598	0.655	0.665	0.641	0.630	0.648	0.629	0.623	0.661	0.619	0.578	0.618	0.674	0.759	0.632	0.482	0.098	0.673	0.682	0.672	0.642	0.654	0.618	0.600	0.907	0.538	0.761	0.691	0.791	0.706	0.586	0.858	0.633	0.707	0.611	0.634	0.744	0.772	0.047	0.713	0.608	0.751	0.788	0.702	0.722	0.740	0.630	0.644	0.769	0.713	0.769	0.771	0.044	0.491	0.708	0.717	0.716	0.742	0.601	0.620	0.047	0.083	0.745	0.701	0.822	0.855	0.789	0.683	0.759	0.674	0.625	0.613	0.664	0.506	0.711	0.736	0.872	0.408	0.778	0.878	0.461	0.801	0.604	0.515	0.599	0.633	0.625	0.608	0.076	0.628	0.624	0.616	0.624	0.590	0.513
47:00:47	22.2	0.584	0.599	0.658	0.656	0.652	0.633	0.644	0.634	0.635	0.667	0.636	0.573	0.629	0.709	0.776	0.627	0.503	0.097	0.685	0.698	0.697	0.649	0.669	0.632	0.596	0.914	0.590	0.760	0.706	0.814	0.783	0.599	0.865	0.670	0.726	0.629	0.638	0.739	0.773	0.047	0.737	0.605	0.759	0.776	0.714	0.730	0.733	0.628	0.659	0.782	0.752	0.802	0.779	0.044	0.566	0.753	0.739	0.747	0.729	0.606	0.613	0.047	0.081	0.778	0.711	0.823	0.865	0.786	0.760	0.765	0.713	0.619	0.623	0.659	0.524	0.710	0.742	0.885	0.550	0.782	0.875	0.486	0.748	0.606	0.523	0.616	0.600	0.627	0.614	0.076	0.635	0.615	0.621	0.628	0.611	0.521
48:00:47	22.4	0.571	0.608	0.664	0.652	0.663	0.634	0.657	0.625	0.625	0.678	0.649	0.576	0.639	0.697	0.792	0.642	0.541	0.097	0.705	0.687	0.697	0.660	0.696	0.637	0.617	0.938	0.628	0.779	0.684	0.858	0.753	0.621	0.818	0.649	0.733	0.636	0.616	0.797	0.788	0.047	0.738	0.617	0.738	0.781	0.735	0.748	0.748	0.645	0.666	0.792	0.748	0.813	0.809	0.044	0.556	0.735	0.751	0.768	0.748	0.602	0.640	0.047	0.081	0.779	0.740	0.829	0.871	0.840	0.781	0.781	0.792	0.621	0.623	0.680	0.534	0.778	0.742	0.899	0.776	0.774	0.879	0.508	0.867	0.619	0.535	0.626	0.623	0.645	0.629	0.075	0.621	0.650	0.642	0.647	0.607	0.536
49:00:49	22.5	0.585	0.612	0.672	0.650	0.674	0.648	0.667	0.633	0.632	0.692	0.650	0.588	0.642	0.713	0.796	0.666	0.541	0.096	0.707	0.698	0.718	0.679	0.684	0.660	0.634	0.953	0.615	0.807	0.694	0.794	0.807	0.607	0.881	0.668	0.746	0.643	0.624	0.773	0.802	0.046	0.733	0.650	0.755	0.777	0.743	0.766	0.752	0.650	0.648	0.814	0.741	0.755	0.776	0.044	0.624	0.757	0.731	0.824	0.759	0.614	0.627	0.047	0.079	0.788	0.732	0.874	0.877	0.840	0.750	0.786	0.706	0.638	0.631	0.688	0.531	0.746	0.752	0.893	0.816	0.795	0.886	0.529	0.837	0.625	0.547	0.619	0.618	0.657	0.630	0.073	0.616	0.667	0.650	0.658	0.617	0.540
50:00:50	22.6	0.619	0.627	0.672	0.677	0.673	0.655	0.681	0.648	0.647	0.696	0.671	0.625	0.644	0.723	0.807	0.691	0.555	0.096	0.727	0.704	0.728	0.688	0.714	0.665	0.632	0.960	0.608	0.814	0.692	0.819	0.843	0.632	0.852	0.692	0.753	0.636	0.640	0.735	0.799	0.046	0.730	0.681	0.772	0.790	0.773	0.771	0.768	0.660	0.651	0.808	0.765	0.792	0.799	0.044	0.610	0.772	0.758	0.797	0.775	0.626	0.651	0.047	0.078	0.783	0.738	0.845	0.882	0.874	0.827	0.802	0.757	0.644	0.648	0.685	0.552	0.770	0.773	0.914	0.868	0.813	0.906	0.538	0.879	0.638	0.552	0.627	0.618	0.664	0.640	0.072	0.623	0.678	0.658	0.660	0.634	0.547
51:00:51	22.6	0.629	0.633	0.677	0.686	0.677	0.655	0.680	0.644	0.654	0.699	0.679	0.632	0.657	0.733	0.821	0.692	0.574	0.097	0.729	0.722	0.737	0.712	0.721	0.686	0.653	0.979	0.624	0.787	0.735	0.808	0.805	0.640	0.912	0.712	0.766	0.655	0.650	0.795	0.820	0.046	0.778	0.715	0.766	0.785	0.829	0.801	0.774	0.683	0.685	0.807	0.793	0.815	0.835	0.044	0.675	0.784	0.795	0.814	0.756	0.626	0.645	0.047	0.077	0.787	0.747	0.835	0.890	0.825	0.780	0.801	0.755	0.647	0.641	0.701	0.551	0.803	0.790	0.925	0.935	0.801	0.921	0.552	0.827	0.644	0.564	0.631	0.652	0.655	0.651	0.071	0.631	0.657	0.677	0.671	0.643	0.563
52:00:51	22.5	0.664	0.645	0.684	0.700	0.690	0.668	0.685	0.655	0.662	0.705	0.673	0.614	0.649	0.742	0.834	0.700	0.585	0.098	0.737	0.730	0.758	0.720	0.729	0.689	0.643	0.985	0.711	0.848	0.765	0.802	0.812	0.665	0.847	0.701	0.791	0.658	0.637	0.777	0.811	0.047	0.819	0.725	0.799	0.789	0.765	0.804	0.781	0.679	0.694	0.835	0.784	0.813	0.823	0.044	0.782	0.788	0.775	0.812	0.779	0.642	0.663	0.047	0.076	0.836	0.768	0.877	0.899	0.810	0.820	0.811	0.749	0.663	0.652	0.708	0.552	0.774	0.778	0.918	1.024	0.817	0.941	0.570	0.832	0.658	0.584	0.645	0.657	0.660	0.656	0.071	0.636	0.670	0.681	0.677	0.650	0.563
53:00:52	22.5	0.646	0.675	0.689	0.710	0.696	0.690	0.703	0.661	0.681	0.718	0.693	0.606	0.652	0.752	0.839	0.735	0.584	0.098	0.750	0.741	0.760	0.732	0.741	0.696	0.653	1.007	0.671	0.867	0.754	0.833	0.841	0.658	0.840	0.732	0.794	0.681	0.636	0.809	0.799	0.046	0.829	0.744	0.795	0.783	0.833	0.799	0.801	0.697	0.693	0.851	0.828	0.827	0.844	0.044	0.767	0.806	0.791	0.819	0.772	0.654	0.660	0.047	0.077	0.828	0.767	0.916	0.901	0.830	0.776	0.822	0.773	0.673	0.659	0.709	0.577	0.767	0.791	0.958	0.930	0.806	0.930	0.573	0.793	0.666	0.594	0.650	0.670	0.679	0.666	0.070	0.642	0.686	0.694	0.690	0.664	0.568
54:00:53	22.5	0.643	0.688	0.699	0.723	0.699	0.690	0.703	0.670	0.696	0.725	0.698	0.624	0.650	0.766	0.850	0.737	0.597	0.098	0.764	0.758	0.774	0.742	0.765	0.708	0.656	1.016	0.721	0.873	0.753	0.829	0.815	0.689	0.815	0.732	0.807	0.696	0.654	0.804	0.844	0.047	0.827	0.724	0.809	0.813	0.781	0.813	0.798	0.719	0.702	0.836	0.847	0.822	0.807	0.044	0.645	0.810	0.790	0.831	0.788	0.666	0.675	0.047	0.075	0.843	0.767	0.842	0.908	0.854	0.800	0.840	0.773	0.686	0.666	0.727	0.578	0.771	0.796	0.948	0.981	0.827	0.915	0.576	0.824	0.684	0.600	0.664	0.679	0.684	0.672	0.068	0.644	0.702	0.706	0.699	0.675	0.574
55:00:53	22.4	0.636	0.696	0.705	0.726	0.704	0.708	0.716	0.690	0.722	0.736	0.697	0.629	0.654	0.773	0.854	0.744	0.627	0.099	0.762	0.761	0.785	0.754	0.764	0.730	0.658	1.016	0.655	0.836	0.774	0.838	0.860	0.706	0.838	0.745	0.809	0.689	0.669	0.793	0.875	0.047	0.831	0.711	0.800	0.821	0.808	0.816	0.813	0.726	0.690	0.886	0.832	0.839	0.852	0.044	0.638	0.822	0.827	0.820	0.800	0.672	0.691	0.047	0.075	0.833	0.791	0.905	0.910	0.842	0.782	0.845	0.776	0.695	0.682	0.725	0.590	0.782	0.804	0.954	0.719	0.813	0.920	0.598	0.867	0.692	0.606	0.665	0.699	0.690	0.683	0.067	0.658	0.726	0.714	0.713	0.682	0.578
56:00:55	22.4	0.681	0.695	0.716	0.740	0.709	0.715	0.722	0.709	0.727	0.732	0.716	0.608	0.641	0.784	0.852	0.759	0.640	0.097	0.773	0.776	0.799	0.762	0.778	0.748	0.664	1.045	0.761	0.858	0.771	0.845	0.830	0.675	0.834	0.754	0.816	0.692	0.681	0.780	0.839	0.046	0.844	0.733	0.807	0.830	0.850	0.836	0.824	0.722	0.703	0.877	0.859	0.861	0.839	0.044	0.655	0.810	0.831	0.825	0.803	0.673	0.695	0.047	0.073	0.835	0.794	0.902	0.915	0.845	0.804	0.851	0.794	0.707	0.695	0.740	0.590	0.781	0.815	0.971	0.802	0.814	0.871	0.605	0.798	0.704	0.607	0.677	0.711	0.690	0.703	0.066	0.660	0.727	0.725	0.712	0.685	0.590
57:00:56	22.2	0.682	0.714	0.732	0.745	0.716	0.727	0.723	0.730	0.734	0.739	0.732	0.625	0.639	0.792	0.872	0.758	0.607	0.097	0.782	0.785	0.799	0.773	0.799	0.744	0.663	1.062	0.637	0.840	0.800	0.850	0.824	0.725	0.835	0.765	0.822	0.699	0.694	0.796	0.842	0.046	0.813	0.739	0.823	0.846	0.818	0.844	0.836	0.734	0.667	0.862	0.825	0.864	0.864	0.044	0.692	0.833	0.838	0.840	0.813	0.672	0.699	0.046	0.072	0.844	0.810	0.913	0.920	0.831	0.817	0.855	0.802	0.718	0.694	0.738	0.597	0.790	0.812	0.931	0.942	0.823	0.862	0.601	0.786	0.709	0.609	0.694	0.715	0.708	0.709	0.066	0.669	0.737	0.735	0.723	0.700	0.598
58:00:56	22.0	0.679	0.737	0.740	0.759	0.731	0.728	0.736	0.744	0.739	0.750	0.751	0.616	0.639	0.805	0.878	0.775	0.674	0.097	0.795	0.801	0.817	0.789	0.802	0.757	0.664	1.073	0.773	0.844	0.821	0.867	0.906	0.734	0.832	0.774	0.834	0.701	0.682	0.812	0.851	0.046	0.847	0.746	0.826	0.844	0.829	0.854	0.852	0.722	0.671	0.850	0.870	0.860	0.842	0.044	0.714	0.846	0.835	0.852	0.829	0.684	0.690	0.047	0.072	0.833	0.820	0.903	0.924	0.840	0.809	0.868	0.807	0.723	0.690	0.750	0.591	0.799	0.818	0.882	0.970	0.841	0.862	0.629	0.789	0.716	0.610	0.701	0.706	0.716	0.706	0.065	0.677	0.745	0.742	0.734	0.708	0.608
59:00:58	21.8	0.694	0.749	0.735	0.764	0.739	0.739	0.757	0.750	0.742	0.754	0.757	0.617	0.636	0.817	0.894	0.784	0.645	0.097	0.798	0.807	0.818	0.803	0.811	0.771	0.680	1.069	0.790	0.836	0.824	0.872	0.888	0.753	0.878	0.782	0.840	0.708	0.698	0.834	0.859	0.046	0.853	0.759	0.843	0.858	0.874	0.870	0.861	0.729	0.679	0.893	0.862	0.862	0.852	0.044	0.680	0.847	0.836	0.860	0.839	0.694	0.691	0.047	0.071	0.810	0.833	0.900	0.931	0.856	0.826	0.877	0.811	0.730	0.675	0.753	0.635	0.818	0.831	0.890	0.972	0.849	0.824	0.628	0.783	0.717	0.605	0.688	0.695	0.722	0.716	0.065	0.675	0.749	0.748	0.738	0.717	0.612
60:00:59	21.6	0.716	0.720	0.730	0.770	0.752	0.738	0.760	0.762	0.746	0.764	0.781	0.647	0.642	0.827	0.909	0.797	0.695	0.097	0.810	0.818	0.826	0.814	0.816	0.772	0.684	1.073	0.774	0.850	0.832	0.875	0.904	0.743	0.876	0.795	0.849	0.712	0.704	0.862	0.881	0.047	0.857	0.765	0.854	0.870	0.828	0.878	0.873	0.734	0.666	0.918	0.821	0.870	0.871	0.044	0.701	0.865	0.843	0.873	0.850	0.702	0.676	0.047	0.071	0.861	0.847	0.911	0.936	0.859	0.831	0.888	0.822	0.735	0.669	0.761	0.624	0.824	0.849	0.878	0.807	0.848	0.817	0.630	0.786	0.727	0.623	0.682	0.695	0.734	0.721	0.064	0.691	0.759	0.762	0.749	0.735	0.616
61:00:59	21.5	0.713	0.735	0.751	0.786	0.766	0.757	0.767	0.765	0.761	0.775	0.779	0.640	0.660	0.842	0.923	0.812	0.698	0.097	0.817	0.827	0.831	0.828	0.818	0.786	0.690	1.088	0.758	0.864	0.834	0.891	0.884	0.738	0.860	0.795	0.853	0.718	0.705	0.876	0.884	0.046	0.835	0.774	0.860	0.869	0.831	0.888	0.879	0.736	0.670	0.894	0.849	0.876	0.891	0.044	0.702	0.871	0.861	0.887	0.856	0.714	0.670	0.047	0.070	0.830	0.853	0.861	0.939	0.862	0.858	0.896	0.835	0.741	0.659	0.772	0.610	0.829	0.852	0.882	0.900	0.853	0.827	0.651	0.795	0.731	0.636	0.678	0.694	0.746	0.724	0.064	0.706	0.773	0.770	0.755	0.741	0.625
62:01:00	21.4	0.726	0.748	0.758	0.784	0.774	0.769	0.782	0.775	0.765	0.775	0.794	0.643	0.675	0.844	0.934	0.817	0.702	0.095	0.820	0.836	0.836	0.842	0.821	0.784	0.711	1.094	0.820	0.857	0.846	0.897	0.856	0.730	0.871	0.808	0.858	0.728	0.722	0.876	0.880	0.046	0.856	0.779	0.872	0.881	0.828	0.897	0.890	0.747	0.672	0.908	0.836	0.889	0.921	0.044	0.798	0.884	0.849	0.886	0.862	0.715	0.669	0.047	0.069	0.847	0.866	0.846	0.950	0.884	0.863	0.901	0.842	0.752	0.664	0.769	0.615	0.839	0.864	0.887	0.900	0.861	0.834	0.664	0.803	0.746	0.644	0.688	0.697	0.753	0.743	0.063	0.719	0.784	0.770	0.763	0.749	0.631
63:01:00	21.4	0.724	0.762	0.735	0.772	0.778	0.769	0.792	0.782	0.762	0.799	0.796	0.657	0.651	0.855	0.933	0.820	0.708	0.096	0.833	0.848	0.849	0.853	0.828	0.807	0.713	1.100	0.787	0.866	0.857	0.904	0.885	0.767	0.887	0.819	0.871	0.742	0.711	0.884	0.885	0.046	0.852	0.788	0.878	0.887	0.841	0.905	0.901	0.762	0.685	0.903	0.856	0.896	0.901	0.044	0.716	0.890	0.865	0.892	0.869	0.722	0.677	0.047	0.068	0.847	0.869	0.855	0.951	0.887	0.880	0.909	0.851	0.759	0.674	0.784	0.602	0.851	0.864	0.894	0.689	0.868	0.844	0.675	0.811	0.752	0.643	0.694	0.704	0.754	0.765	0.063	0.728	0.782	0.778	0.768	0.755	0.640
64:01:02	21.3	0.714	0.784	0.766	0.776	0.789	0.776	0.809	0.790	0.774	0.798	0.793	0.671	0.660	0.865	0.938	0.828	0.701	0.095	0.844	0.863	0.857	0.866	0.835	0.818	0.720	1.106	0.806	0.869	0.861	0.913	0.905	0.798	0.907	0.815	0.881	0.747	0.726	0.883	0.886	0.046	0.866	0.799	0.891	0.898	0.856	0.918	0.907	0.768	0.678	0.913	0.862	0.901	0.897	0.044	0.704	0.902	0.881	0.900	0.878	0.727	0.682	0.046	0.069	0.856	0.874	0.853	0.959	0.902	0.877	0.917	0.861	0.760	0.694	0.794	0.600	0.862	0.873	0.901	0.912	0.874	0.849	0.687	0.822	0.759	0.644	0.697	0.717	0.756	0.785	0.062	0.735	0.786	0.790	0.772	0.760	0.651
65:01:02	21.5	0.704	0.776	0.762	0.787	0.800	0.791	0.801	0.807	0.783	0.808	0.808	0.672	0.663	0.873	0.950	0.836	0.716	0.095	0.853	0.866	0.862	0.883	0.840	0.835	0.736	1.119	0.814	0.881	0.864	0.921	0.887	0.799	0.904	0.831	0.886	0.757	0.754	0.891	0.894	0.046	0.881	0.808	0.894	0.904	0.867	0.923	0.913	0.773	0.686	0.921	0.870	0.907	0.905	0.044	0.725	0.902	0.884	0.903	0.884	0.729	0.695	0.047	0.068	0.867	0.881	0.848	0.970	0.902	0.887	0.919	0.857	0.770	0.710	0.809	0.604	0.872	0.882	0.905	0.783	0.883	0.849	0.701	0.832	0.766	0.645	0.708	0.727	0.748	0.792	0.061	0.752	0.790	0.801	0.787	0.774	0.654
66:01:03	21.7	0.675	0.751	0.808	0.781	0.803	0.767	0.809	0.826	0.820	0.806	0.751	0.705	0.648	0.881	0.936	0.838	0.734	0.095	0.868	0.887	0.881	0.887	0.856	0.795	0.727	1.114	0.777	0.873	0.896	0.923	0.898	0.796	0.881	0.841	0.899	0.776	0.748	0.859	0.905	0.046	0.882	0.824	0.912	0.910	0.887	0.932	0.925	0.801	0.697	0.923	0.889	0.912	0.898	0.044	0.729	0.909	0.912	0.905	0.891	0.730	0.701	0.047	0.067	0.871	0.889	0.861	0.972	0.914	0.869	0.924	0.865	0.784	0.717	0.816	0.608	0.886	0.878	0.914	0.874	0.885	0.861	0.705	0.842	0.774	0.645	0.722	0.735	0.766	0.795	0.061	0.765	0.810	0.811	0.803	0.794	0.656
67:01:05	21.9	0.666	0.754	0.786	0.781	0.818	0.758	0.801	0.810	0.827	0.805	0.751	0.709	0.636	0.892	0.950	0.852	0.740	0.094	0.881	0.895	0.889	0.900	0.860	0.811	0.731	1.118	0.783	0.887	0.892	0.933	0.900	0.796	0.898	0.854	0.906	0.785	0.758	0.869	0.925	0.046	0.884	0.828	0.918	0.924	0.893	0.935	0.928	0.810	0.705	0.932	0.880	0.921	0.906	0.043	0.735	0.921	0.922	0.916	0.898	0.729	0.726	0.046	0.067	0.872	0.901	0.863	0.986	0.923	0.892	0.925	0.868	0.796	0.738	0.823	0.653	0.895	0.887	0.913	0.734	0.888	0.865	0.710	0.850	0.788	0.645	0.734	0.752	0.775	0.810	0.060	0.772	0.824	0.828	0.815	0.804	0.663
68:01:06	22.2	0.649	0.742	0.750	0.784	0.832	0.749	0.802	0.817	0.829	0.821	0.768	0.726	0.651	0.905	0.953	0.862	0.753	0.094	0.893	0.906	0.900	0.909	0.871	0.813	0.736	1.125	0.846	0.907	0.905	0.946	0.919	0.822	0.909	0.862	0.912	0.793	0.770	0.879	0.930	0.046	0.888	0.842	0.928	0.937	0.912	0.946	0.937	0.825	0.705	0.937	0.893	0.930	0.914	0.044	0.747	0.929	0.920	0.920	0.908	0.746	0.740	0.047	0.066	0.880	0.902	0.875	0.988	0.933	0.905	0.932	0.876	0.805	0.755	0.835	0.619	0.905	0.903	0.918	0.749	0.896	0.870	0.727	0.863	0.801	0.645	0.750	0.768	0.782	0.821	0.060	0.780	0.860	0.839	0.824	0.811	0.669
69:01:07	22.4	0.644	0.761	0.756	0.779	0.821	0.762	0.864	0.835	0.818	0.835	0.779	0.741	0.667	0.917	0.968	0.863	0.762	0.093	0.900	0.916	0.904	0.917	0.885	0.806	0.734	1.131	0.777	0.906	0.911	0.952	0.927	0.826	0.913	0.875	0.924	0.798	0.775	0.882	0.940	0.046	0.899	0.855	0.939	0.943	0.922	0.955	0.945	0.817	0.734	0.947	0.911	0.938	0.918	0.044	0.766	0.936	0.937	0.926	0.915	0.764	0.742	0.046	0.065	0.888	0.912	0.882	0.990	0.940	0.900	0.937	0.885	0.803	0.766	0.840	0.631	0.913	0.908	0.923	1.118	0.908	0.879	0.731	0.860	0.804	0.643	0.767	0.776	0.781	0.827	0.060	0.789	0.861	0.844	0.836	0.811	0.673
70:01:07	22.6	0.645	0.751	0.734	0.783	0.830	0.764	0.815	0.827	0.813	0.807	0.787	0.741	0.685	0.921	0.982	0.881	0.757	0.092	0.908	0.922	0.913	0.931	0.885	0.835	0.775	1.143	0.794	0.928	0.897	0.964	0.943	0.822	0.922	0.885	0.925	0.814	0.782	0.885	0.946	0.045	0.923	0.860	0.941	0.954	0.915	0.959	0.941	0.838	0.771	0.955	0.906	0.948	0.934	0.043	0.784	0.946	0.917	0.927	0.928	0.765	0.763	0.047	0.065	0.897	0.920	0.902	1.001	0.947	0.879	0.946	0.890	0.818	0.773	0.844	0.638	0.924	0.924	0.930	1.149	0.915	0.889	0.741	0.863	0.819	0.641	0.773	0.789	0.790	0.820	0.059	0.789	0.865	0.850	0.837	0.814	0.682
71:01:09	22.8	0.648	0.752	0.731	0.789	0.834	0.771	0.857	0.844	0.835	0.825	0.801	0.752	0.686	0.935	0.989	0.885	0.771	0.092	0.916	0.934	0.913	0.936	0.888	0.835	0.760	1.146	0.799	0.934	0.897	0.971	0.952	0.832	0.916	0.897	0.930	0.826	0.812	0.893	0.969	0.046	0.924	0.874	0.951	0.965	0.925	0.967	0.947	0.837	0.781	0.958	0.924	0.958	0.943	0.044	0.802	0.952	0.946	0.932	0.933	0.774	0.768	0.046	0.065	0.916	0.925	0.911	1.010	0.955	0.878	0.954	0.896	0.816	0.780	0.859	0.655	0.931	0.921	0.930	0.360	0.926	0.886	0.749	0.875	0.823	0.637	0.782	0.800	0.776	0.823	0.059	0.797	0.875	0.856	0.843	0.820	0.689
72:01:09	22.8	0.651	0.741	0.730	0.809	0.833	0.788	0.880	0.856	0.820	0.843	0.806	0.761	0.700	0.939	0.994	0.891	0.777	0.092	0.921	0.941	0.916	0.939	0.899	0.823	0.778	1.144	0.816	0.951	0.903	0.972	0.956	0.843	0.922	0.899	0.939	0.822	0.814	0.897	0.975	0.046	0.929	0.883	0.958	0.972	0.921	0.970	0.948	0.835	0.795	0.962	0.934	0.974	0.952	0.044	0.810	0.957	0.953	0.938	0.938	0.777	0.780	0.047	0.064	0.926	0.936	0.915	1.014	0.960	0.896	0.961	0.903	0.819	0.785	0.866	0.646	0.940	0.939	0.934	0.302	0.936	0.929	0.763	0.880	0.832	0.631	0.787	0.797	0.788	0.830	0.059	0.804	0.872	0.860	0.852	0.822	0.692

