Time	T° 600	A1	A2	A3	A4	A5	A6	A7	A8	A9	A10	A11	A12	B1	B2	B3	B4	B5	B6	B7	B8	B9	B10	B11	B12	C1	C2	C3	C4	C5	C6	C7	C8	C9	C10	C11	C12	D1	D2	D3	D4	D5	D6	D7	D8	D9	D10	D11	D12	E1	E2	E3	E4	E5	E6	E7	E8	E9	E10	E11	E12	F1	F2	F3	F4	F5	F6	F7	F8	F9	F10	F11	F12	G1	G2	G3	G4	G5	G6	G7	G8	G9	G10	G11	G12	H1	H2	H3	H4	H5	H6	H7	H8	H9	H10	H11	H12
0:00:06	22.8	0.047	0.046	0.051	0.052	0.047	0.048	0.045	0.046	0.048	0.051	0.049	0.047	0.046	0.046	0.048	0.051	0.050	0.046	0.046	0.050	0.047	0.050	0.049	0.050	0.047	0.047	0.058	0.046	0.047	0.049	0.049	0.047	0.046	0.047	0.050	0.047	0.048	0.047	0.051	0.050	0.046	0.045	0.050	0.046	0.049	0.045	0.049	0.046	0.047	0.054	0.050	0.046	0.049	0.045	0.047	0.045	0.046	0.047	0.047	0.046	0.047	0.049	0.046	0.049	0.048	0.045	0.045	0.045	0.044	0.045	0.046	0.054	0.054	0.048	0.053	0.046	0.243	0.046	0.048	0.047	0.048	0.045	0.046	0.046	0.047	0.052	0.047	0.051	0.046	0.046	0.049	0.053	0.048	0.050	0.046	0.050
1:00:05	22.8	0.050	0.048	0.055	0.054	0.050	0.051	0.047	0.049	0.051	0.053	0.051	0.051	0.049	0.048	0.050	0.053	0.052	0.048	0.049	0.051	0.050	0.052	0.052	0.052	0.049	0.049	0.063	0.049	0.049	0.051	0.051	0.048	0.049	0.049	0.053	0.050	0.050	0.050	0.053	0.052	0.048	0.048	0.051	0.049	0.051	0.048	0.052	0.049	0.050	0.056	0.053	0.049	0.051	0.047	0.049	0.048	0.049	0.050	0.050	0.049	0.049	0.052	0.049	0.051	0.050	0.047	0.048	0.048	0.046	0.048	0.049	0.051	0.056	0.050	0.056	0.049	0.250	0.049	0.050	0.049	0.050	0.048	0.049	0.047	0.050	0.055	0.049	0.053	0.048	0.048	0.052	0.057	0.051	0.053	0.049	0.054
2:00:06	22.8	0.055	0.050	0.060	0.057	0.054	0.055	0.051	0.052	0.055	0.057	0.055	0.056	0.053	0.052	0.053	0.057	0.055	0.051	0.052	0.055	0.053	0.056	0.056	0.057	0.053	0.053	0.067	0.052	0.053	0.054	0.054	0.052	0.053	0.053	0.057	0.055	0.056	0.053	0.057	0.055	0.051	0.050	0.055	0.052	0.055	0.051	0.057	0.058	0.054	0.060	0.057	0.052	0.055	0.051	0.053	0.050	0.053	0.055	0.055	0.055	0.055	0.056	0.052	0.055	0.054	0.051	0.051	0.052	0.049	0.053	0.053	0.057	0.062	0.054	0.060	0.053	0.253	0.053	0.054	0.053	0.056	0.053	0.054	0.049	0.058	0.061	0.053	0.059	0.053	0.053	0.056	0.058	0.056	0.058	0.055	0.061
3:00:07	22.8	0.066	0.052	0.068	0.065	0.060	0.062	0.057	0.059	0.065	0.065	0.062	0.065	0.064	0.059	0.062	0.065	0.061	0.057	0.058	0.062	0.060	0.065	0.063	0.066	0.063	0.059	0.072	0.059	0.059	0.060	0.060	0.060	0.061	0.061	0.065	0.065	0.066	0.061	0.065	0.062	0.058	0.056	0.061	0.058	0.063	0.056	0.065	0.069	0.064	0.068	0.065	0.058	0.062	0.057	0.060	0.055	0.061	0.064	0.066	0.068	0.067	0.065	0.060	0.062	0.061	0.059	0.057	0.059	0.053	0.063	0.063	0.068	0.067	0.063	0.068	0.062	0.259	0.060	0.063	0.063	0.067	0.062	0.065	0.052	0.068	0.072	0.062	0.069	0.063	0.064	0.065	0.066	0.066	0.070	0.066	0.072
4:00:08	22.8	0.083	0.055	0.080	0.079	0.072	0.074	0.068	0.070	0.081	0.079	0.076	0.081	0.080	0.071	0.076	0.081	0.072	0.066	0.070	0.076	0.073	0.080	0.076	0.083	0.078	0.070	0.080	0.069	0.072	0.072	0.070	0.076	0.075	0.075	0.080	0.084	0.082	0.074	0.079	0.074	0.070	0.067	0.074	0.069	0.077	0.065	0.082	0.087	0.078	0.082	0.079	0.069	0.075	0.069	0.073	0.065	0.076	0.080	0.083	0.082	0.079	0.080	0.071	0.075	0.074	0.074	0.068	0.075	0.056	0.079	0.081	0.083	0.071	0.077	0.082	0.077	0.272	0.074	0.078	0.079	0.079	0.076	0.079	0.054	0.077	0.082	0.073	0.084	0.077	0.077	0.079	0.080	0.081	0.082	0.077	0.083
5:00:08	22.5	0.100	0.059	0.097	0.099	0.089	0.092	0.085	0.088	0.102	0.097	0.097	0.095	0.098	0.088	0.095	0.100	0.090	0.082	0.091	0.098	0.094	0.095	0.097	0.103	0.093	0.085	0.091	0.086	0.090	0.090	0.085	0.093	0.093	0.096	0.103	0.103	0.093	0.092	0.099	0.093	0.089	0.085	0.095	0.087	0.097	0.076	0.104	0.098	0.091	0.098	0.098	0.086	0.096	0.087	0.094	0.082	0.094	0.103	0.099	0.094	0.087	0.097	0.087	0.093	0.095	0.095	0.083	0.096	0.056	0.091	0.098	0.095	0.076	0.091	0.101	0.094	0.291	0.093	0.096	0.097	0.091	0.091	0.090	0.053	0.081	0.090	0.080	0.096	0.090	0.089	0.099	0.092	0.094	0.091	0.087	0.091
6:00:09	22.2	0.112	0.062	0.111	0.121	0.109	0.106	0.106	0.115	0.118	0.120	0.118	0.104	0.111	0.106	0.117	0.119	0.116	0.105	0.116	0.123	0.120	0.107	0.124	0.123	0.103	0.100	0.103	0.105	0.112	0.110	0.103	0.107	0.108	0.121	0.130	0.118	0.104	0.108	0.121	0.115	0.113	0.107	0.121	0.111	0.122	0.089	0.131	0.109	0.102	0.114	0.118	0.106	0.119	0.110	0.116	0.102	0.111	0.128	0.109	0.103	0.092	0.113	0.105	0.113	0.117	0.119	0.105	0.117	0.057	0.101	0.117	0.105	0.079	0.105	0.123	0.111	0.316	0.116	0.113	0.116	0.103	0.108	0.101	0.052	0.083	0.096	0.087	0.111	0.102	0.101	0.120	0.106	0.105	0.099	0.095	0.097
7:00:10	22.0	0.123	0.067	0.122	0.144	0.131	0.120	0.131	0.140	0.134	0.141	0.140	0.110	0.123	0.125	0.139	0.134	0.144	0.132	0.143	0.148	0.148	0.119	0.155	0.139	0.111	0.117	0.115	0.124	0.133	0.131	0.124	0.117	0.117	0.148	0.161	0.128	0.114	0.125	0.145	0.139	0.140	0.132	0.150	0.137	0.146	0.100	0.160	0.119	0.112	0.131	0.141	0.127	0.145	0.135	0.143	0.126	0.125	0.156	0.119	0.112	0.098	0.132	0.123	0.136	0.143	0.145	0.130	0.140	0.057	0.114	0.127	0.112	0.083	0.120	0.147	0.126	0.341	0.141	0.134	0.134	0.113	0.124	0.114	0.051	0.085	0.102	0.095	0.123	0.111	0.109	0.141	0.118	0.113	0.107	0.100	0.101
8:00:11	21.9	0.129	0.072	0.136	0.167	0.154	0.139	0.155	0.168	0.145	0.159	0.159	0.116	0.133	0.147	0.163	0.150	0.171	0.161	0.170	0.177	0.176	0.130	0.186	0.146	0.117	0.135	0.126	0.147	0.155	0.154	0.145	0.124	0.126	0.173	0.191	0.134	0.122	0.143	0.169	0.165	0.168	0.159	0.181	0.165	0.172	0.109	0.188	0.125	0.120	0.151	0.163	0.150	0.173	0.161	0.171	0.149	0.144	0.184	0.125	0.119	0.102	0.154	0.143	0.157	0.172	0.171	0.158	0.163	0.057	0.125	0.138	0.119	0.087	0.131	0.171	0.144	0.368	0.166	0.152	0.153	0.122	0.137	0.121	0.050	0.089	0.106	0.101	0.133	0.122	0.116	0.159	0.130	0.120	0.113	0.105	0.104
9:00:12	21.7	0.131	0.080	0.149	0.188	0.178	0.160	0.174	0.193	0.151	0.173	0.175	0.126	0.143	0.168	0.187	0.171	0.196	0.187	0.195	0.203	0.201	0.145	0.216	0.148	0.122	0.153	0.141	0.170	0.179	0.175	0.163	0.134	0.135	0.199	0.221	0.141	0.128	0.159	0.193	0.190	0.194	0.187	0.212	0.191	0.198	0.115	0.217	0.130	0.128	0.171	0.185	0.174	0.200	0.187	0.198	0.178	0.165	0.211	0.129	0.126	0.106	0.171	0.160	0.178	0.196	0.200	0.185	0.189	0.057	0.135	0.148	0.127	0.092	0.146	0.193	0.163	0.396	0.192	0.173	0.177	0.136	0.152	0.132	0.050	0.092	0.112	0.107	0.141	0.129	0.121	0.178	0.148	0.126	0.117	0.112	0.109
10:00:13	21.5	0.130	0.087	0.166	0.209	0.195	0.174	0.187	0.218	0.155	0.183	0.189	0.128	0.152	0.187	0.206	0.184	0.218	0.209	0.215	0.222	0.219	0.147	0.237	0.155	0.125	0.169	0.149	0.188	0.197	0.189	0.176	0.144	0.138	0.215	0.253	0.153	0.131	0.174	0.212	0.209	0.212	0.209	0.239	0.209	0.214	0.120	0.241	0.138	0.136	0.187	0.200	0.193	0.218	0.207	0.213	0.199	0.184	0.232	0.137	0.132	0.111	0.189	0.174	0.195	0.215	0.218	0.209	0.214	0.056	0.144	0.159	0.133	0.094	0.162	0.212	0.187	0.418	0.212	0.195	0.203	0.149	0.167	0.144	0.048	0.094	0.119	0.113	0.150	0.133	0.126	0.200	0.164	0.136	0.124	0.117	0.114
11:00:14	21.5	0.127	0.099	0.174	0.225	0.220	0.194	0.194	0.238	0.147	0.192	0.194	0.132	0.168	0.211	0.223	0.211	0.236	0.231	0.235	0.237	0.241	0.159	0.253	0.158	0.130	0.189	0.161	0.207	0.218	0.208	0.192	0.163	0.144	0.235	0.273	0.158	0.137	0.190	0.230	0.229	0.234	0.231	0.257	0.229	0.235	0.123	0.257	0.145	0.140	0.211	0.222	0.214	0.242	0.225	0.231	0.218	0.206	0.251	0.140	0.135	0.118	0.214	0.194	0.217	0.235	0.247	0.231	0.235	0.056	0.154	0.167	0.140	0.100	0.178	0.230	0.212	0.443	0.241	0.221	0.226	0.170	0.186	0.155	0.048	0.099	0.124	0.120	0.151	0.141	0.128	0.217	0.180	0.142	0.130	0.123	0.118
12:00:15	21.7	0.130	0.111	0.192	0.256	0.245	0.219	0.214	0.271	0.156	0.222	0.183	0.134	0.189	0.227	0.239	0.232	0.258	0.248	0.251	0.256	0.261	0.156	0.271	0.161	0.125	0.204	0.170	0.226	0.234	0.224	0.210	0.170	0.153	0.257	0.301	0.155	0.137	0.217	0.250	0.250	0.249	0.249	0.279	0.252	0.252	0.124	0.289	0.152	0.139	0.242	0.248	0.232	0.262	0.247	0.254	0.243	0.225	0.275	0.145	0.139	0.123	0.241	0.209	0.229	0.255	0.264	0.247	0.262	0.055	0.157	0.173	0.145	0.100	0.200	0.257	0.234	0.462	0.263	0.237	0.255	0.191	0.197	0.158	0.048	0.103	0.127	0.126	0.152	0.146	0.134	0.245	0.207	0.155	0.133	0.126	0.123
13:00:16	21.9	0.153	0.127	0.200	0.273	0.255	0.235	0.224	0.301	0.174	0.228	0.191	0.135	0.208	0.244	0.256	0.257	0.270	0.255	0.258	0.278	0.277	0.161	0.287	0.163	0.133	0.223	0.180	0.237	0.244	0.232	0.216	0.179	0.167	0.274	0.315	0.160	0.145	0.229	0.262	0.257	0.269	0.260	0.309	0.261	0.263	0.123	0.299	0.157	0.139	0.265	0.268	0.244	0.273	0.261	0.265	0.257	0.242	0.290	0.152	0.136	0.130	0.259	0.221	0.249	0.263	0.273	0.258	0.280	0.055	0.155	0.173	0.146	0.104	0.210	0.276	0.253	0.472	0.274	0.258	0.270	0.229	0.207	0.158	0.047	0.107	0.129	0.133	0.153	0.149	0.129	0.252	0.218	0.159	0.133	0.128	0.129
14:00:17	22.2	0.164	0.143	0.210	0.295	0.269	0.243	0.202	0.298	0.188	0.235	0.213	0.145	0.236	0.258	0.276	0.275	0.289	0.281	0.268	0.284	0.296	0.185	0.300	0.167	0.142	0.239	0.195	0.249	0.251	0.249	0.226	0.183	0.161	0.291	0.335	0.189	0.148	0.247	0.279	0.261	0.286	0.261	0.327	0.275	0.276	0.123	0.314	0.165	0.167	0.271	0.286	0.255	0.295	0.271	0.274	0.274	0.248	0.306	0.165	0.144	0.140	0.274	0.239	0.262	0.273	0.281	0.272	0.296	0.055	0.161	0.177	0.151	0.111	0.216	0.294	0.273	0.493	0.289	0.269	0.285	0.261	0.185	0.161	0.047	0.109	0.134	0.138	0.149	0.173	0.131	0.255	0.218	0.162	0.138	0.134	0.131
15:00:17	22.3	0.160	0.161	0.212	0.309	0.286	0.249	0.196	0.272	0.232	0.242	0.205	0.141	0.259	0.272	0.290	0.282	0.301	0.292	0.279	0.304	0.312	0.204	0.323	0.174	0.154	0.256	0.205	0.260	0.265	0.265	0.230	0.181	0.164	0.303	0.342	0.181	0.152	0.268	0.289	0.272	0.302	0.278	0.345	0.290	0.303	0.122	0.343	0.171	0.158	0.274	0.299	0.265	0.303	0.279	0.293	0.289	0.247	0.321	0.206	0.148	0.153	0.289	0.253	0.281	0.288	0.302	0.285	0.320	0.055	0.167	0.181	0.152	0.113	0.229	0.306	0.283	0.508	0.294	0.276	0.304	0.288	0.180	0.166	0.047	0.113	0.140	0.144	0.150	0.177	0.141	0.266	0.224	0.161	0.137	0.142	0.136
16:00:18	22.3	0.165	0.175	0.304	0.335	0.314	0.271	0.184	0.270	0.214	0.286	0.210	0.148	0.224	0.295	0.315	0.284	0.305	0.312	0.289	0.313	0.333	0.230	0.344	0.176	0.145	0.275	0.204	0.273	0.274	0.274	0.245	0.181	0.176	0.315	0.362	0.173	0.158	0.273	0.306	0.281	0.323	0.292	0.340	0.299	0.309	0.117	0.338	0.163	0.178	0.264	0.311	0.281	0.325	0.293	0.315	0.306	0.252	0.332	0.222	0.155	0.150	0.301	0.269	0.288	0.301	0.315	0.298	0.338	0.054	0.176	0.179	0.159	0.126	0.225	0.322	0.281	0.518	0.312	0.287	0.320	0.322	0.204	0.173	0.046	0.122	0.150	0.152	0.155	0.165	0.144	0.260	0.233	0.169	0.139	0.144	0.146
17:00:19	22.2	0.181	0.191	0.275	0.358	0.312	0.292	0.168	0.264	0.231	0.251	0.207	0.155	0.298	0.308	0.335	0.319	0.330	0.320	0.305	0.333	0.334	0.242	0.349	0.190	0.169	0.287	0.215	0.282	0.289	0.296	0.250	0.175	0.186	0.327	0.384	0.190	0.175	0.290	0.303	0.294	0.343	0.304	0.365	0.320	0.328	0.107	0.345	0.181	0.189	0.251	0.322	0.296	0.341	0.309	0.319	0.320	0.267	0.338	0.214	0.159	0.159	0.311	0.288	0.301	0.313	0.326	0.309	0.352	0.054	0.181	0.199	0.178	0.151	0.225	0.318	0.296	0.534	0.316	0.316	0.304	0.347	0.249	0.178	0.047	0.129	0.161	0.154	0.165	0.175	0.147	0.265	0.249	0.167	0.148	0.158	0.153
18:00:20	21.8	0.205	0.204	0.266	0.363	0.265	0.291	0.178	0.228	0.178	0.216	0.220	0.166	0.271	0.333	0.349	0.362	0.353	0.285	0.320	0.344	0.310	0.268	0.390	0.191	0.192	0.305	0.238	0.286	0.307	0.319	0.259	0.187	0.192	0.353	0.437	0.200	0.182	0.287	0.334	0.303	0.360	0.324	0.387	0.339	0.341	0.093	0.378	0.191	0.199	0.240	0.332	0.306	0.359	0.331	0.337	0.339	0.278	0.367	0.239	0.170	0.177	0.331	0.306	0.311	0.341	0.356	0.327	0.365	0.053	0.203	0.203	0.187	0.156	0.270	0.341	0.326	0.553	0.344	0.311	0.329	0.328	0.255	0.190	0.046	0.146	0.175	0.162	0.168	0.207	0.161	0.247	0.235	0.173	0.158	0.171	0.162
19:00:21	21.9	0.200	0.214	0.216	0.317	0.265	0.220	0.191	0.224	0.192	0.198	0.211	0.171	0.209	0.338	0.403	0.360	0.348	0.320	0.324	0.351	0.290	0.261	0.348	0.211	0.219	0.324	0.249	0.305	0.317	0.322	0.280	0.201	0.199	0.367	0.427	0.195	0.193	0.289	0.357	0.323	0.331	0.336	0.386	0.353	0.340	0.090	0.404	0.188	0.204	0.248	0.353	0.320	0.363	0.341	0.338	0.365	0.282	0.375	0.254	0.173	0.188	0.344	0.330	0.315	0.363	0.371	0.357	0.349	0.053	0.209	0.207	0.189	0.169	0.258	0.357	0.329	0.567	0.347	0.294	0.257	0.303	0.232	0.198	0.046	0.160	0.179	0.170	0.163	0.213	0.176	0.220	0.220	0.183	0.170	0.184	0.168
20:00:23	22.2	0.187	0.226	0.236	0.307	0.263	0.232	0.209	0.236	0.204	0.183	0.234	0.186	0.217	0.316	0.358	0.322	0.341	0.330	0.341	0.310	0.298	0.250	0.357	0.219	0.204	0.328	0.260	0.327	0.342	0.319	0.260	0.228	0.211	0.346	0.308	0.208	0.209	0.298	0.353	0.334	0.324	0.361	0.387	0.295	0.327	0.087	0.341	0.191	0.193	0.281	0.351	0.334	0.395	0.365	0.344	0.345	0.310	0.370	0.236	0.182	0.194	0.309	0.334	0.318	0.363	0.326	0.358	0.319	0.053	0.225	0.229	0.208	0.178	0.241	0.355	0.334	0.574	0.293	0.308	0.323	0.275	0.235	0.207	0.046	0.180	0.190	0.179	0.180	0.215	0.191	0.225	0.249	0.189	0.183	0.195	0.182
21:00:23	22.4	0.230	0.238	0.235	0.292	0.285	0.232	0.225	0.221	0.225	0.182	0.245	0.206	0.215	0.359	0.386	0.281	0.312	0.371	0.391	0.343	0.327	0.231	0.359	0.228	0.198	0.343	0.269	0.338	0.370	0.371	0.262	0.232	0.220	0.329	0.332	0.223	0.236	0.289	0.351	0.350	0.355	0.363	0.391	0.352	0.366	0.086	0.307	0.210	0.223	0.305	0.346	0.357	0.410	0.374	0.369	0.362	0.261	0.339	0.275	0.208	0.205	0.278	0.324	0.325	0.384	0.359	0.376	0.351	0.053	0.246	0.243	0.220	0.175	0.299	0.344	0.341	0.612	0.331	0.333	0.298	0.294	0.257	0.219	0.046	0.192	0.202	0.185	0.187	0.223	0.212	0.240	0.268	0.198	0.208	0.218	0.213
22:00:24	22.5	0.193	0.253	0.249	0.356	0.293	0.243	0.233	0.251	0.226	0.204	0.258	0.217	0.230	0.328	0.460	0.265	0.357	0.412	0.390	0.347	0.318	0.254	0.389	0.243	0.219	0.428	0.294	0.370	0.364	0.365	0.285	0.242	0.226	0.359	0.340	0.241	0.253	0.283	0.412	0.360	0.400	0.400	0.354	0.378	0.368	0.087	0.312	0.227	0.223	0.327	0.386	0.356	0.441	0.409	0.377	0.409	0.290	0.369	0.269	0.209	0.224	0.318	0.303	0.339	0.380	0.391	0.391	0.348	0.052	0.263	0.267	0.233	0.178	0.329	0.332	0.301	0.644	0.360	0.400	0.337	0.252	0.256	0.232	0.045	0.216	0.230	0.196	0.187	0.228	0.230	0.260	0.280	0.214	0.221	0.245	0.221
23:00:26	22.7	0.216	0.266	0.234	0.290	0.270	0.261	0.243	0.253	0.216	0.210	0.278	0.241	0.231	0.417	0.509	0.279	0.405	0.438	0.428	0.394	0.316	0.279	0.415	0.261	0.251	0.470	0.319	0.408	0.411	0.397	0.331	0.243	0.225	0.431	0.320	0.235	0.245	0.322	0.453	0.411	0.421	0.424	0.315	0.392	0.430	0.083	0.355	0.236	0.240	0.330	0.429	0.397	0.471	0.416	0.367	0.435	0.304	0.319	0.276	0.220	0.229	0.339	0.334	0.335	0.463	0.417	0.417	0.415	0.052	0.267	0.276	0.248	0.194	0.354	0.369	0.274	0.679	0.422	0.337	0.320	0.284	0.280	0.249	0.045	0.258	0.240	0.205	0.211	0.237	0.242	0.266	0.284	0.244	0.241	0.266	0.227
24:00:25	22.7	0.219	0.292	0.242	0.295	0.277	0.278	0.259	0.269	0.249	0.211	0.276	0.253	0.226	0.443	0.529	0.294	0.421	0.448	0.445	0.397	0.328	0.257	0.394	0.264	0.236	0.487	0.310	0.416	0.430	0.434	0.357	0.262	0.238	0.438	0.301	0.243	0.246	0.334	0.471	0.409	0.446	0.465	0.312	0.452	0.453	0.082	0.319	0.252	0.231	0.326	0.460	0.404	0.494	0.454	0.370	0.445	0.314	0.390	0.301	0.237	0.266	0.379	0.328	0.318	0.468	0.489	0.458	0.416	0.051	0.284	0.295	0.274	0.214	0.328	0.446	0.286	0.714	0.410	0.379	0.387	0.317	0.286	0.262	0.045	0.250	0.252	0.218	0.223	0.270	0.240	0.305	0.303	0.248	0.255	0.256	0.241
25:00:26	22.8	0.233	0.310	0.253	0.300	0.287	0.278	0.250	0.278	0.244	0.217	0.345	0.309	0.232	0.491	0.553	0.293	0.451	0.452	0.468	0.434	0.310	0.279	0.337	0.283	0.253	0.489	0.334	0.437	0.480	0.446	0.391	0.270	0.252	0.466	0.315	0.279	0.255	0.326	0.502	0.431	0.477	0.482	0.320	0.480	0.460	0.081	0.334	0.261	0.248	0.332	0.503	0.429	0.531	0.490	0.339	0.494	0.313	0.444	0.313	0.257	0.288	0.386	0.323	0.299	0.489	0.481	0.477	0.463	0.051	0.296	0.320	0.294	0.230	0.346	0.407	0.308	0.729	0.455	0.339	0.370	0.320	0.305	0.273	0.045	0.319	0.279	0.239	0.238	0.286	0.263	0.314	0.339	0.272	0.275	0.298	0.262
26:00:27	22.8	0.251	0.321	0.269	0.298	0.295	0.285	0.271	0.312	0.258	0.240	0.411	0.374	0.246	0.499	0.565	0.304	0.447	0.460	0.475	0.436	0.315	0.292	0.385	0.303	0.271	0.507	0.316	0.457	0.469	0.447	0.414	0.305	0.271	0.457	0.340	0.307	0.244	0.316	0.513	0.439	0.494	0.516	0.298	0.508	0.510	0.080	0.312	0.269	0.268	0.338	0.518	0.466	0.544	0.517	0.373	0.533	0.346	0.440	0.319	0.255	0.270	0.447	0.324	0.354	0.526	0.508	0.501	0.447	0.051	0.313	0.330	0.348	0.251	0.360	0.467	0.327	0.730	0.417	0.332	0.331	0.324	0.337	0.286	0.045	0.298	0.301	0.248	0.247	0.300	0.271	0.307	0.341	0.283	0.278	0.293	0.286
27:00:28	22.7	0.264	0.324	0.290	0.308	0.312	0.304	0.277	0.292	0.288	0.263	0.314	0.331	0.274	0.489	0.572	0.310	0.442	0.433	0.516	0.404	0.313	0.302	0.385	0.305	0.285	0.498	0.320	0.502	0.498	0.500	0.418	0.325	0.281	0.504	0.338	0.347	0.246	0.334	0.530	0.505	0.498	0.521	0.313	0.539	0.536	0.080	0.356	0.288	0.277	0.353	0.533	0.502	0.544	0.522	0.448	0.558	0.353	0.490	0.326	0.311	0.290	0.485	0.341	0.355	0.558	0.534	0.529	0.519	0.051	0.321	0.345	0.373	0.260	0.396	0.461	0.342	0.759	0.464	0.374	0.454	0.331	0.328	0.299	0.045	0.302	0.334	0.265	0.265	0.319	0.288	0.325	0.368	0.287	0.290	0.307	0.269
28:00:29	22.7	0.275	0.340	0.293	0.395	0.316	0.316	0.305	0.340	0.308	0.269	0.419	0.301	0.274	0.426	0.616	0.315	0.430	0.462	0.534	0.436	0.336	0.396	0.439	0.337	0.279	0.502	0.332	0.510	0.539	0.474	0.430	0.325	0.302	0.474	0.358	0.330	0.271	0.347	0.568	0.523	0.513	0.555	0.311	0.543	0.553	0.078	0.361	0.350	0.323	0.388	0.560	0.514	0.595	0.540	0.477	0.562	0.398	0.452	0.322	0.335	0.311	0.521	0.346	0.348	0.573	0.571	0.551	0.516	0.051	0.337	0.372	0.359	0.271	0.368	0.503	0.329	0.758	0.476	0.330	0.413	0.323	0.348	0.314	0.044	0.388	0.327	0.275	0.262	0.323	0.304	0.317	0.422	0.290	0.299	0.348	0.296
29:00:31	22.6	0.288	0.352	0.316	0.333	0.345	0.336	0.324	0.317	0.297	0.312	0.398	0.404	0.305	0.387	0.541	0.336	0.453	0.494	0.544	0.388	0.340	0.436	0.480	0.333	0.287	0.510	0.331	0.545	0.571	0.457	0.444	0.347	0.308	0.480	0.355	0.381	0.267	0.376	0.603	0.541	0.539	0.565	0.343	0.551	0.574	0.078	0.365	0.448	0.304	0.352	0.532	0.559	0.596	0.578	0.414	0.595	0.380	0.483	0.341	0.273	0.323	0.544	0.346	0.350	0.586	0.589	0.583	0.556	0.051	0.343	0.366	0.405	0.288	0.382	0.507	0.382	0.799	0.497	0.350	0.422	0.367	0.394	0.324	0.044	0.500	0.419	0.288	0.277	0.378	0.333	0.356	0.457	0.304	0.325	0.345	0.321
30:00:32	22.6	0.297	0.370	0.320	0.363	0.388	0.340	0.334	0.350	0.334	0.293	0.484	0.414	0.300	0.383	0.506	0.346	0.424	0.460	0.509	0.426	0.361	0.365	0.425	0.340	0.322	0.506	0.326	0.569	0.586	0.426	0.475	0.372	0.330	0.472	0.374	0.385	0.273	0.388	0.580	0.560	0.543	0.564	0.333	0.565	0.553	0.078	0.384	0.358	0.316	0.385	0.599	0.573	0.603	0.601	0.527	0.618	0.356	0.458	0.357	0.298	0.340	0.673	0.374	0.352	0.608	0.617	0.606	0.573	0.050	0.364	0.367	0.354	0.313	0.438	0.508	0.373	0.819	0.469	0.371	0.393	0.419	0.404	0.334	0.044	0.384	0.511	0.302	0.287	0.369	0.332	0.371	0.458	0.309	0.366	0.331	0.315
31:00:32	22.6	0.286	0.391	0.376	0.399	0.392	0.370	0.352	0.365	0.355	0.303	0.476	0.355	0.350	0.440	0.447	0.352	0.443	0.386	0.432	0.339	0.396	0.332	0.420	0.371	0.320	0.558	0.366	0.587	0.584	0.432	0.489	0.385	0.354	0.511	0.390	0.435	0.283	0.382	0.621	0.585	0.578	0.585	0.350	0.570	0.541	0.078	0.396	0.331	0.352	0.415	0.583	0.595	0.634	0.628	0.490	0.593	0.399	0.490	0.358	0.327	0.382	0.453	0.385	0.337	0.623	0.530	0.632	0.447	0.050	0.384	0.385	0.488	0.316	0.418	0.509	0.365	0.838	0.471	0.354	0.441	0.384	0.453	0.343	0.045	0.335	0.516	0.317	0.296	0.385	0.356	0.399	0.429	0.315	0.357	0.350	0.340
32:00:33	22.3	0.348	0.404	0.389	0.401	0.421	0.416	0.386	0.394	0.392	0.322	0.445	0.410	0.349	0.426	0.455	0.366	0.437	0.446	0.401	0.401	0.418	0.372	0.413	0.415	0.335	0.506	0.338	0.592	0.467	0.491	0.484	0.394	0.368	0.504	0.412	0.420	0.294	0.385	0.640	0.588	0.518	0.600	0.383	0.532	0.558	0.077	0.456	0.359	0.370	0.426	0.578	0.624	0.688	0.623	0.512	0.622	0.395	0.638	0.390	0.347	0.390	0.572	0.392	0.345	0.622	0.398	0.644	0.568	0.050	0.392	0.403	0.522	0.329	0.442	0.537	0.362	0.850	0.452	0.369	0.442	0.403	0.411	0.349	0.044	0.352	0.518	0.341	0.323	0.404	0.353	0.392	0.427	0.322	0.350	0.384	0.359
33:00:34	22.0	0.352	0.427	0.430	0.432	0.457	0.436	0.424	0.433	0.438	0.360	0.450	0.427	0.378	0.460	0.487	0.377	0.472	0.481	0.440	0.430	0.438	0.396	0.443	0.468	0.386	0.466	0.321	0.597	0.529	0.496	0.429	0.403	0.393	0.442	0.430	0.397	0.303	0.407	0.525	0.622	0.471	0.536	0.386	0.488	0.462	0.076	0.479	0.488	0.383	0.440	0.437	0.615	0.550	0.573	0.489	0.530	0.435	0.540	0.452	0.357	0.415	0.478	0.405	0.353	0.533	0.478	0.636	0.442	0.050	0.425	0.449	0.464	0.361	0.571	0.413	0.368	0.865	0.481	0.382	0.445	0.440	0.455	0.352	0.044	0.372	0.422	0.358	0.311	0.420	0.397	0.459	0.493	0.320	0.377	0.412	0.365
34:00:35	21.7	0.382	0.457	0.453	0.460	0.477	0.469	0.444	0.452	0.456	0.382	0.487	0.435	0.416	0.474	0.519	0.398	0.497	0.487	0.444	0.445	0.479	0.425	0.494	0.426	0.402	0.507	0.337	0.570	0.559	0.472	0.476	0.445	0.415	0.473	0.440	0.414	0.319	0.414	0.565	0.645	0.491	0.567	0.403	0.473	0.441	0.076	0.423	0.402	0.426	0.457	0.454	0.638	0.527	0.568	0.418	0.479	0.441	0.437	0.491	0.404	0.427	0.415	0.417	0.345	0.589	0.511	0.605	0.476	0.050	0.452	0.426	0.443	0.361	0.450	0.525	0.445	0.913	0.537	0.405	0.454	0.496	0.419	0.372	0.045	0.388	0.449	0.385	0.349	0.439	0.408	0.492	0.554	0.333	0.407	0.440	0.396
35:00:35	21.4	0.410	0.476	0.473	0.478	0.488	0.484	0.472	0.482	0.472	0.398	0.477	0.450	0.445	0.525	0.542	0.437	0.532	0.522	0.486	0.470	0.502	0.438	0.510	0.459	0.423	0.536	0.286	0.612	0.550	0.508	0.456	0.467	0.439	0.513	0.456	0.437	0.395	0.431	0.578	0.510	0.555	0.579	0.416	0.490	0.487	0.076	0.507	0.421	0.446	0.474	0.512	0.523	0.543	0.558	0.439	0.483	0.454	0.504	0.429	0.419	0.449	0.467	0.457	0.342	0.582	0.550	0.601	0.507	0.050	0.490	0.578	0.430	0.370	0.489	0.513	0.425	0.773	0.555	0.441	0.533	0.520	0.478	0.386	0.044	0.400	0.471	0.419	0.336	0.463	0.425	0.498	0.531	0.331	0.429	0.458	0.411
36:00:36	21.4	0.401	0.493	0.492	0.504	0.502	0.500	0.497	0.488	0.494	0.423	0.492	0.455	0.462	0.515	0.543	0.445	0.547	0.543	0.521	0.485	0.506	0.449	0.531	0.481	0.455	0.560	0.311	0.556	0.532	0.514	0.461	0.487	0.459	0.521	0.500	0.460	0.327	0.411	0.576	0.627	0.506	0.552	0.478	0.511	0.530	0.075	0.507	0.441	0.481	0.499	0.547	0.569	0.558	0.561	0.472	0.535	0.473	0.531	0.391	0.441	0.479	0.473	0.448	0.341	0.577	0.559	0.602	0.519	0.050	0.523	0.481	0.449	0.379	0.523	0.528	0.429	0.816	0.581	0.514	0.602	0.529	0.535	0.407	0.044	0.411	0.490	0.437	0.347	0.468	0.439	0.496	0.605	0.341	0.442	0.473	0.420
37:00:37	21.2	0.415	0.505	0.503	0.522	0.512	0.514	0.511	0.503	0.515	0.447	0.497	0.466	0.488	0.531	0.563	0.478	0.575	0.573	0.521	0.509	0.521	0.465	0.546	0.518	0.467	0.570	0.319	0.594	0.574	0.528	0.484	0.512	0.473	0.557	0.507	0.474	0.317	0.426	0.580	0.537	0.545	0.579	0.485	0.568	0.545	0.075	0.532	0.459	0.511	0.517	0.549	0.586	0.576	0.601	0.495	0.563	0.540	0.541	0.481	0.459	0.480	0.486	0.476	0.337	0.615	0.595	0.627	0.548	0.050	0.528	0.504	0.463	0.395	0.514	0.576	0.453	0.819	0.604	0.494	0.607	0.546	0.537	0.415	0.044	0.418	0.495	0.467	0.380	0.486	0.442	0.517	0.609	0.335	0.455	0.490	0.430
38:00:39	21.3	0.431	0.517	0.525	0.544	0.526	0.521	0.524	0.504	0.534	0.466	0.518	0.482	0.514	0.545	0.561	0.491	0.596	0.565	0.535	0.523	0.539	0.482	0.565	0.518	0.482	0.572	0.304	0.577	0.579	0.531	0.507	0.536	0.489	0.577	0.534	0.493	0.346	0.457	0.605	0.539	0.556	0.574	0.502	0.571	0.584	0.075	0.541	0.482	0.513	0.561	0.584	0.538	0.571	0.611	0.491	0.574	0.535	0.590	0.459	0.479	0.505	0.504	0.505	0.336	0.617	0.627	0.618	0.557	0.050	0.566	0.555	0.483	0.395	0.545	0.567	0.476	0.794	0.587	0.529	0.609	0.550	0.560	0.417	0.045	0.426	0.509	0.476	0.418	0.503	0.438	0.537	0.634	0.337	0.459	0.498	0.449
39:00:40	21.1	0.453	0.548	0.515	0.533	0.521	0.518	0.530	0.524	0.541	0.475	0.538	0.495	0.507	0.571	0.577	0.502	0.600	0.570	0.551	0.515	0.553	0.485	0.564	0.517	0.486	0.604	0.289	0.622	0.595	0.549	0.518	0.557	0.507	0.558	0.561	0.499	0.374	0.476	0.613	0.535	0.576	0.612	0.525	0.581	0.586	0.074	0.566	0.487	0.529	0.585	0.622	0.587	0.608	0.626	0.516	0.592	0.552	0.588	0.487	0.490	0.523	0.531	0.523	0.336	0.641	0.623	0.656	0.604	0.049	0.579	0.565	0.493	0.414	0.558	0.578	0.527	0.787	0.632	0.560	0.668	0.574	0.582	0.437	0.044	0.430	0.526	0.499	0.425	0.518	0.463	0.607	0.624	0.343	0.468	0.499	0.446
40:00:41	21.1	0.447	0.562	0.526	0.547	0.544	0.527	0.546	0.535	0.564	0.495	0.547	0.501	0.535	0.579	0.582	0.524	0.597	0.577	0.584	0.539	0.576	0.508	0.585	0.569	0.518	0.638	0.309	0.628	0.617	0.584	0.538	0.568	0.520	0.593	0.579	0.515	0.385	0.525	0.625	0.556	0.623	0.626	0.553	0.593	0.624	0.074	0.578	0.494	0.546	0.635	0.616	0.575	0.605	0.626	0.555	0.635	0.614	0.594	0.515	0.506	0.534	0.564	0.535	0.344	0.682	0.647	0.695	0.643	0.049	0.595	0.594	0.506	0.418	0.604	0.600	0.597	0.800	0.643	0.550	0.670	0.583	0.586	0.442	0.044	0.420	0.544	0.491	0.448	0.520	0.464	0.579	0.671	0.340	0.472	0.524	0.451
41:00:41	21.2	0.438	0.596	0.529	0.533	0.551	0.535	0.550	0.550	0.565	0.508	0.544	0.499	0.541	0.612	0.598	0.542	0.612	0.595	0.575	0.547	0.584	0.512	0.583	0.555	0.517	0.619	0.306	0.616	0.641	0.585	0.551	0.615	0.532	0.623	0.588	0.532	0.395	0.506	0.633	0.623	0.634	0.637	0.548	0.649	0.674	0.073	0.606	0.514	0.549	0.637	0.632	0.594	0.615	0.688	0.531	0.625	0.604	0.611	0.533	0.498	0.539	0.582	0.564	0.346	0.702	0.649	0.715	0.727	0.049	0.596	0.618	0.529	0.427	0.600	0.590	0.568	0.796	0.643	0.620	0.728	0.599	0.598	0.483	0.044	0.419	0.555	0.507	0.450	0.535	0.470	0.591	0.663	0.330	0.487	0.530	0.458
42:00:42	21.4	0.449	0.629	0.545	0.561	0.564	0.548	0.569	0.548	0.582	0.504	0.555	0.505	0.569	0.598	0.615	0.560	0.636	0.601	0.592	0.572	0.596	0.542	0.594	0.554	0.522	0.632	0.283	0.631	0.651	0.610	0.567	0.610	0.553	0.609	0.616	0.530	0.411	0.531	0.654	0.600	0.693	0.667	0.574	0.669	0.658	0.074	0.616	0.527	0.569	0.662	0.636	0.606	0.634	0.688	0.560	0.653	0.626	0.616	0.531	0.508	0.573	0.589	0.579	0.356	0.710	0.677	0.707	0.681	0.049	0.623	0.661	0.523	0.433	0.612	0.651	0.565	0.814	0.671	0.599	0.711	0.620	0.614	0.480	0.044	0.433	0.565	0.517	0.468	0.550	0.491	0.589	0.678	0.330	0.497	0.528	0.468
43:00:42	21.6	0.482	0.641	0.539	0.568	0.575	0.540	0.572	0.540	0.587	0.529	0.572	0.531	0.567	0.627	0.614	0.565	0.642	0.605	0.604	0.559	0.617	0.541	0.625	0.550	0.530	0.710	0.267	0.657	0.645	0.597	0.577	0.650	0.561	0.611	0.621	0.554	0.427	0.553	0.694	0.591	0.661	0.711	0.584	0.660	0.649	0.073	0.630	0.528	0.559	0.711	0.643	0.625	0.634	0.686	0.566	0.713	0.622	0.638	0.552	0.520	0.579	0.640	0.624	0.392	0.683	0.691	0.715	0.735	0.049	0.623	0.659	0.538	0.437	0.605	0.669	0.627	0.812	0.702	0.650	0.704	0.617	0.628	0.507	0.044	0.432	0.573	0.519	0.473	0.560	0.493	0.570	0.646	0.345	0.499	0.541	0.467
44:00:44	21.7	0.457	0.637	0.556	0.564	0.592	0.556	0.579	0.548	0.608	0.521	0.564	0.540	0.590	0.683	0.631	0.572	0.672	0.634	0.606	0.627	0.632	0.569	0.629	0.578	0.538	0.658	0.285	0.671	0.672	0.620	0.593	0.655	0.574	0.618	0.641	0.545	0.433	0.580	0.680	0.610	0.686	0.672	0.595	0.701	0.707	0.072	0.654	0.540	0.577	0.685	0.682	0.635	0.641	0.658	0.590	0.695	0.690	0.711	0.567	0.526	0.583	0.668	0.615	0.368	0.696	0.691	0.721	0.695	0.049	0.655	0.684	0.541	0.448	0.768	0.705	0.651	0.776	0.740	0.714	0.755	0.640	0.627	0.511	0.044	0.442	0.567	0.540	0.485	0.576	0.500	0.604	0.645	0.354	0.516	0.549	0.479
45:00:45	21.9	0.497	0.675	0.580	0.585	0.589	0.557	0.574	0.563	0.602	0.539	0.571	0.544	0.605	0.635	0.647	0.614	0.669	0.652	0.613	0.617	0.636	0.572	0.639	0.563	0.542	0.691	0.324	0.642	0.673	0.627	0.609	0.630	0.586	0.632	0.654	0.578	0.426	0.615	0.675	0.615	0.667	0.711	0.638	0.678	0.705	0.072	0.657	0.541	0.563	0.831	0.701	0.672	0.672	0.699	0.641	0.751	0.677	0.653	0.573	0.524	0.588	0.648	0.638	0.381	0.709	0.716	0.739	0.784	0.049	0.667	0.691	0.546	0.447	0.761	0.750	0.602	0.810	0.776	0.635	0.778	0.620	0.639	0.554	0.044	0.453	0.580	0.552	0.500	0.580	0.527	0.580	0.686	0.430	0.520	0.550	0.487
46:00:46	22.0	0.528	0.727	0.588	0.576	0.616	0.588	0.591	0.567	0.610	0.546	0.568	0.592	0.619	0.677	0.651	0.613	0.682	0.635	0.639	0.634	0.662	0.596	0.640	0.600	0.542	0.718	0.285	0.643	0.682	0.636	0.621	0.676	0.593	0.640	0.671	0.571	0.442	0.594	0.698	0.659	0.678	0.703	0.640	0.723	0.721	0.071	0.670	0.556	0.581	0.791	0.752	0.682	0.688	0.707	0.618	0.806	0.741	0.702	0.578	0.530	0.591	0.702	0.665	0.405	0.743	0.735	0.732	0.794	0.048	0.670	0.649	0.557	0.472	0.712	0.696	0.640	0.803	0.761	0.661	0.831	0.629	0.644	0.563	0.044	0.459	0.587	0.565	0.491	0.594	0.533	0.608	0.683	0.419	0.527	0.557	0.493
47:00:47	22.2	0.507	0.773	0.582	0.593	0.625	0.591	0.586	0.558	0.628	0.550	0.581	0.587	0.605	0.646	0.677	0.640	0.671	0.651	0.635	0.631	0.673	0.599	0.663	0.625	0.552	0.696	0.308	0.715	0.726	0.667	0.642	0.690	0.606	0.654	0.710	0.569	0.440	0.601	0.712	0.691	0.722	0.713	0.647	0.715	0.730	0.071	0.712	0.566	0.585	0.816	0.762	0.694	0.732	0.707	0.639	0.777	0.705	0.701	0.600	0.545	0.625	0.712	0.657	0.419	0.769	0.732	0.742	0.814	0.048	0.673	0.687	0.566	0.463	0.704	0.708	0.705	0.839	0.797	0.734	0.805	0.642	0.680	0.583	0.044	0.475	0.593	0.577	0.491	0.605	0.541	0.598	0.681	0.448	0.535	0.565	0.495
48:00:47	22.4	0.526	0.758	0.598	0.587	0.641	0.612	0.596	0.562	0.620	0.557	0.594	0.587	0.612	0.703	0.676	0.628	0.690	0.668	0.640	0.637	0.682	0.600	0.678	0.639	0.561	0.700	0.297	0.663	0.751	0.644	0.655	0.689	0.619	0.667	0.719	0.584	0.431	0.593	0.723	0.732	0.730	0.737	0.636	0.712	0.713	0.071	0.705	0.576	0.597	0.822	0.773	0.709	0.747	0.753	0.664	0.818	0.689	0.705	0.598	0.556	0.615	0.751	0.698	0.430	0.781	0.732	0.756	0.838	0.049	0.696	0.674	0.570	0.470	0.678	0.767	0.709	0.844	0.837	0.709	0.808	0.640	0.655	0.588	0.044	0.494	0.611	0.594	0.499	0.597	0.545	0.614	0.643	0.446	0.549	0.569	0.509
49:00:49	22.5	0.540	0.757	0.611	0.587	0.649	0.627	0.596	0.564	0.624	0.565	0.614	0.556	0.644	0.716	0.686	0.643	0.701	0.683	0.662	0.638	0.689	0.624	0.681	0.635	0.575	0.692	0.252	0.697	0.742	0.654	0.664	0.714	0.627	0.683	0.726	0.606	0.459	0.659	0.742	0.706	0.725	0.724	0.689	0.684	0.771	0.070	0.726	0.580	0.600	0.844	0.724	0.705	0.774	0.780	0.670	0.822	0.770	0.716	0.618	0.561	0.626	0.690	0.691	0.438	0.842	0.783	0.760	0.808	0.048	0.692	0.713	0.575	0.480	0.878	0.750	0.740	0.846	0.829	0.737	0.842	0.665	0.675	0.584	0.044	0.489	0.618	0.599	0.500	0.610	0.556	0.614	0.674	0.494	0.554	0.573	0.505
50:00:50	22.6	0.562	0.760	0.608	0.609	0.658	0.635	0.607	0.591	0.640	0.581	0.611	0.590	0.625	0.709	0.686	0.664	0.703	0.686	0.654	0.647	0.700	0.617	0.681	0.647	0.573	0.755	0.391	0.698	0.764	0.670	0.683	0.765	0.635	0.720	0.730	0.609	0.462	0.646	0.777	0.712	0.741	0.797	0.678	0.726	0.746	0.069	0.721	0.604	0.617	0.803	0.767	0.691	0.719	0.772	0.755	0.802	0.784	0.712	0.622	0.578	0.649	0.773	0.708	0.463	0.814	0.813	0.809	0.799	0.048	0.701	0.722	0.590	0.470	0.702	0.756	0.766	0.887	0.852	0.771	0.876	0.671	0.673	0.588	0.044	0.503	0.631	0.606	0.504	0.628	0.562	0.614	0.646	0.514	0.570	0.582	0.517
51:00:51	22.6	0.518	0.817	0.622	0.627	0.661	0.649	0.624	0.582	0.652	0.588	0.633	0.575	0.666	0.728	0.709	0.692	0.716	0.706	0.667	0.661	0.725	0.635	0.699	0.667	0.584	0.710	0.373	0.720	0.760	0.690	0.692	0.752	0.645	0.716	0.726	0.619	0.508	0.641	0.742	0.732	0.753	0.756	0.693	0.719	0.741	0.069	0.754	0.606	0.626	0.820	0.759	0.695	0.782	0.797	0.727	0.816	0.750	0.711	0.662	0.581	0.652	0.765	0.689	0.459	0.858	0.801	0.728	0.886	0.048	0.728	0.706	0.593	0.483	0.760	0.816	0.715	0.869	0.880	0.771	0.845	0.670	0.676	0.591	0.044	0.512	0.630	0.626	0.503	0.632	0.584	0.634	0.642	0.420	0.588	0.600	0.526
52:00:51	22.5	0.577	0.806	0.650	0.642	0.672	0.657	0.639	0.594	0.674	0.593	0.637	0.595	0.661	0.718	0.719	0.673	0.735	0.727	0.692	0.678	0.734	0.631	0.711	0.682	0.596	0.766	0.526	0.758	0.763	0.713	0.706	0.755	0.645	0.726	0.731	0.642	0.477	0.700	0.740	0.708	0.722	0.795	0.694	0.764	0.777	0.069	0.733	0.628	0.624	0.779	0.851	0.733	0.782	0.786	0.734	0.814	0.900	0.780	0.641	0.601	0.660	0.751	0.699	0.467	0.825	0.800	0.807	0.864	0.048	0.723	0.740	0.607	0.495	0.817	0.770	0.720	0.889	0.817	0.726	0.808	0.690	0.697	0.597	0.044	0.526	0.646	0.629	0.524	0.641	0.574	0.628	0.623	0.319	0.595	0.608	0.542
53:00:52	22.5	0.614	0.838	0.657	0.649	0.682	0.669	0.649	0.608	0.656	0.607	0.638	0.577	0.682	0.725	0.729	0.687	0.738	0.738	0.701	0.679	0.746	0.660	0.728	0.692	0.606	0.729	0.421	0.759	0.787	0.724	0.720	0.751	0.668	0.748	0.758	0.644	0.481	0.678	0.736	0.696	0.767	0.832	0.726	0.754	0.775	0.068	0.752	0.638	0.630	0.818	0.765	0.731	0.748	0.814	0.745	0.862	0.792	0.749	0.663	0.604	0.666	0.746	0.708	0.471	0.863	0.841	0.815	0.861	0.048	0.741	0.766	0.619	0.501	0.749	0.792	0.688	0.895	0.870	0.733	0.837	0.696	0.693	0.604	0.044	0.537	0.661	0.644	0.527	0.652	0.600	0.645	0.652	0.344	0.607	0.614	0.537
54:00:53	22.5	0.614	0.819	0.666	0.660	0.696	0.674	0.652	0.621	0.675	0.617	0.646	0.576	0.678	0.729	0.750	0.704	0.750	0.749	0.711	0.690	0.764	0.657	0.740	0.707	0.635	0.763	0.373	0.744	0.782	0.750	0.730	0.744	0.675	0.753	0.772	0.662	0.511	0.689	0.776	0.728	0.827	0.847	0.723	0.765	0.761	0.067	0.753	0.649	0.632	0.852	0.790	0.782	0.757	0.796	0.770	0.826	0.864	0.749	0.662	0.617	0.673	0.740	0.702	0.479	0.839	0.830	0.830	0.837	0.047	0.747	0.723	0.634	0.499	0.855	0.791	0.801	0.909	0.818	0.750	0.875	0.698	0.698	0.597	0.044	0.543	0.660	0.649	0.544	0.659	0.594	0.641	0.656	0.344	0.620	0.620	0.542
55:00:53	22.4	0.645	0.835	0.691	0.658	0.697	0.698	0.668	0.633	0.665	0.622	0.658	0.595	0.687	0.744	0.752	0.711	0.763	0.762	0.723	0.702	0.774	0.651	0.755	0.730	0.649	0.765	0.407	0.746	0.774	0.738	0.745	0.755	0.683	0.755	0.780	0.676	0.530	0.693	0.786	0.712	0.764	0.810	0.737	0.769	0.774	0.067	0.760	0.659	0.656	0.855	0.784	0.770	0.764	0.787	0.799	0.801	0.779	0.754	0.669	0.631	0.680	0.730	0.716	0.484	0.851	0.816	0.846	0.828	0.048	0.758	0.744	0.643	0.518	0.730	0.771	0.703	0.911	0.819	0.771	0.846	0.709	0.708	0.622	0.044	0.548	0.667	0.662	0.544	0.667	0.601	0.647	0.660	0.374	0.632	0.626	0.548
56:00:55	22.4	0.664	0.802	0.686	0.672	0.706	0.703	0.671	0.649	0.666	0.628	0.665	0.594	0.700	0.756	0.759	0.711	0.773	0.772	0.737	0.714	0.784	0.673	0.759	0.743	0.654	0.764	0.344	0.763	0.782	0.749	0.755	0.760	0.693	0.767	0.784	0.699	0.522	0.745	0.782	0.797	0.860	0.810	0.752	0.778	0.863	0.067	0.779	0.672	0.666	0.848	0.763	0.782	0.748	0.804	0.767	0.799	0.857	0.778	0.691	0.638	0.690	0.778	0.719	0.499	0.870	0.812	0.867	0.835	0.048	0.768	0.744	0.653	0.534	0.793	0.748	0.769	0.926	0.787	0.729	0.860	0.710	0.717	0.625	0.044	0.549	0.667	0.670	0.551	0.674	0.602	0.654	0.667	0.368	0.646	0.639	0.555
57:00:56	22.2	0.684	0.893	0.686	0.675	0.712	0.703	0.671	0.659	0.673	0.627	0.680	0.605	0.717	0.764	0.771	0.730	0.788	0.782	0.755	0.726	0.798	0.669	0.756	0.748	0.671	0.786	0.355	0.777	0.775	0.747	0.769	0.769	0.701	0.776	0.787	0.700	0.521	0.738	0.797	0.805	0.837	0.796	0.760	0.777	0.818	0.066	0.772	0.666	0.657	0.857	0.821	0.806	0.755	0.814	0.818	0.810	0.848	0.773	0.701	0.646	0.692	0.744	0.732	0.496	0.861	0.836	0.853	0.865	0.047	0.779	0.743	0.651	0.543	0.774	0.773	0.729	0.936	0.790	0.754	0.822	0.714	0.729	0.646	0.044	0.545	0.664	0.677	0.555	0.677	0.604	0.660	0.669	0.367	0.651	0.642	0.560
58:00:56	22.0	0.663	0.924	0.696	0.681	0.717	0.711	0.665	0.659	0.673	0.642	0.672	0.585	0.725	0.767	0.780	0.723	0.796	0.798	0.764	0.736	0.804	0.668	0.770	0.742	0.688	0.780	0.311	0.813	0.791	0.792	0.782	0.781	0.714	0.792	0.795	0.708	0.512	0.783	0.793	0.837	0.834	0.809	0.757	0.819	0.828	0.066	0.778	0.675	0.665	0.881	0.820	0.802	0.794	0.808	0.794	0.814	0.846	0.787	0.696	0.647	0.700	0.717	0.747	0.509	0.872	0.829	0.841	0.854	0.047	0.783	0.765	0.657	0.550	0.800	0.741	0.754	0.954	0.800	0.730	0.801	0.724	0.735	0.650	0.043	0.540	0.653	0.670	0.561	0.691	0.610	0.673	0.687	0.383	0.663	0.649	0.574
59:00:58	21.8	0.694	0.872	0.713	0.700	0.737	0.737	0.676	0.669	0.694	0.662	0.700	0.599	0.730	0.777	0.787	0.744	0.803	0.810	0.779	0.751	0.810	0.671	0.775	0.760	0.701	0.795	0.376	0.785	0.809	0.778	0.792	0.798	0.730	0.804	0.794	0.724	0.534	0.750	0.814	0.820	0.883	0.835	0.779	0.803	0.823	0.066	0.780	0.685	0.668	0.872	0.814	0.798	0.780	0.824	0.779	0.815	0.804	0.792	0.701	0.657	0.684	0.729	0.751	0.516	0.894	0.802	0.825	0.881	0.047	0.792	0.764	0.665	0.567	0.777	0.753	0.759	0.953	0.779	0.729	0.805	0.739	0.751	0.658	0.044	0.553	0.665	0.676	0.579	0.687	0.626	0.679	0.704	0.389	0.664	0.662	0.581
60:00:59	21.6	0.697	0.891	0.714	0.701	0.751	0.734	0.680	0.681	0.734	0.667	0.708	0.612	0.709	0.790	0.794	0.743	0.809	0.822	0.784	0.763	0.815	0.665	0.779	0.767	0.708	0.805	0.372	0.802	0.818	0.798	0.802	0.805	0.740	0.814	0.795	0.721	0.535	0.788	0.812	0.805	0.864	0.819	0.777	0.824	0.835	0.065	0.784	0.686	0.672	0.898	0.816	0.797	0.783	0.825	0.800	0.839	0.825	0.803	0.718	0.666	0.688	0.733	0.756	0.517	0.882	0.825	0.838	0.853	0.047	0.797	0.768	0.672	0.572	0.804	0.754	0.711	0.962	0.782	0.703	0.805	0.736	0.761	0.669	0.043	0.575	0.670	0.675	0.585	0.695	0.643	0.694	0.711	0.404	0.670	0.669	0.588
61:00:59	21.5	0.619	0.833	0.720	0.703	0.776	0.745	0.692	0.687	0.744	0.678	0.714	0.636	0.689	0.796	0.800	0.748	0.819	0.834	0.797	0.767	0.826	0.678	0.787	0.786	0.720	0.823	0.442	0.805	0.827	0.802	0.815	0.810	0.752	0.824	0.807	0.738	0.544	0.751	0.833	0.771	0.875	0.833	0.786	0.832	0.841	0.065	0.788	0.698	0.679	0.888	0.823	0.811	0.797	0.842	0.804	0.848	0.828	0.808	0.732	0.668	0.679	0.734	0.764	0.522	0.887	0.813	0.848	0.841	0.047	0.803	0.774	0.683	0.585	0.802	0.765	0.742	0.965	0.796	0.741	0.767	0.744	0.762	0.679	0.044	0.593	0.674	0.677	0.600	0.699	0.661	0.699	0.722	0.417	0.676	0.677	0.599
62:01:00	21.4	0.603	0.906	0.729	0.702	0.784	0.750	0.696	0.691	0.737	0.692	0.723	0.629	0.702	0.803	0.808	0.748	0.827	0.839	0.806	0.777	0.829	0.713	0.803	0.775	0.713	0.827	0.428	0.814	0.843	0.808	0.825	0.811	0.765	0.834	0.810	0.739	0.555	0.749	0.840	0.853	0.856	0.833	0.798	0.848	0.855	0.065	0.792	0.697	0.686	0.868	0.822	0.826	0.804	0.846	0.806	0.847	0.833	0.818	0.737	0.674	0.666	0.732	0.776	0.535	0.894	0.821	0.880	0.838	0.047	0.812	0.779	0.686	0.592	0.795	0.773	0.751	0.975	0.809	0.736	0.778	0.753	0.777	0.689	0.044	0.601	0.680	0.682	0.615	0.691	0.665	0.713	0.739	0.428	0.685	0.685	0.610
63:01:00	21.4	0.586	0.913	0.749	0.694	0.792	0.765	0.708	0.705	0.736	0.700	0.728	0.652	0.698	0.816	0.808	0.758	0.835	0.848	0.813	0.789	0.839	0.765	0.813	0.780	0.714	0.836	0.290	0.821	0.844	0.820	0.833	0.824	0.772	0.847	0.826	0.751	0.563	0.764	0.852	0.811	0.861	0.848	0.796	0.864	0.868	0.064	0.797	0.705	0.691	0.873	0.845	0.843	0.817	0.833	0.825	0.848	0.843	0.824	0.753	0.679	0.675	0.734	0.776	0.537	0.889	0.815	0.891	0.830	0.047	0.826	0.793	0.696	0.595	0.804	0.778	0.726	0.978	0.815	0.747	0.786	0.764	0.782	0.693	0.043	0.605	0.680	0.689	0.641	0.696	0.673	0.723	0.749	0.439	0.701	0.700	0.619
64:01:02	21.3	0.602	0.919	0.754	0.794	0.802	0.783	0.723	0.721	0.740	0.710	0.740	0.666	0.711	0.835	0.813	0.764	0.844	0.862	0.826	0.802	0.849	0.786	0.817	0.784	0.708	0.840	0.351	0.828	0.852	0.833	0.842	0.839	0.780	0.857	0.832	0.750	0.568	0.770	0.856	0.858	0.877	0.854	0.802	0.871	0.872	0.064	0.803	0.711	0.699	0.871	0.845	0.835	0.811	0.828	0.834	0.861	0.854	0.836	0.771	0.685	0.673	0.751	0.798	0.539	0.881	0.822	0.898	0.834	0.047	0.836	0.799	0.704	0.602	0.816	0.789	0.744	0.985	0.816	0.740	0.794	0.775	0.801	0.698	0.043	0.604	0.703	0.684	0.654	0.697	0.687	0.736	0.774	0.446	0.711	0.710	0.622
65:01:02	21.5	0.623	0.917	0.756	0.798	0.811	0.800	0.736	0.726	0.758	0.729	0.751	0.668	0.727	0.860	0.820	0.774	0.852	0.873	0.838	0.817	0.855	0.784	0.828	0.789	0.738	0.851	0.407	0.832	0.864	0.842	0.848	0.852	0.786	0.863	0.840	0.749	0.571	0.775	0.863	0.881	0.874	0.866	0.809	0.882	0.876	0.064	0.813	0.711	0.703	0.878	0.845	0.850	0.824	0.839	0.847	0.871	0.866	0.839	0.783	0.691	0.686	0.761	0.804	0.550	0.873	0.822	0.910	0.842	0.047	0.851	0.815	0.708	0.602	0.819	0.802	0.748	0.996	0.822	0.770	0.806	0.786	0.812	0.707	0.044	0.603	0.724	0.702	0.673	0.701	0.706	0.746	0.784	0.458	0.715	0.718	0.632
66:01:03	21.7	0.632	0.889	0.785	0.822	0.810	0.824	0.757	0.726	0.767	0.722	0.739	0.696	0.739	0.863	0.838	0.783	0.863	0.883	0.852	0.818	0.865	0.774	0.837	0.752	0.757	0.862	0.363	0.847	0.868	0.848	0.858	0.846	0.796	0.870	0.844	0.754	0.578	0.789	0.876	0.845	0.853	0.867	0.821	0.886	0.888	0.063	0.817	0.707	0.708	0.896	0.861	0.861	0.840	0.848	0.852	0.874	0.877	0.848	0.796	0.690	0.702	0.776	0.816	0.558	0.888	0.833	0.911	0.839	0.047	0.858	0.827	0.714	0.605	0.833	0.818	0.756	1.007	0.834	0.788	0.813	0.795	0.816	0.713	0.044	0.601	0.736	0.709	0.685	0.716	0.727	0.752	0.789	0.465	0.720	0.735	0.644
67:01:05	21.9	0.649	0.867	0.787	0.839	0.824	0.820	0.758	0.737	0.766	0.724	0.736	0.713	0.749	0.881	0.856	0.799	0.858	0.892	0.861	0.832	0.875	0.787	0.841	0.762	0.751	0.872	0.270	0.852	0.874	0.866	0.860	0.858	0.799	0.874	0.853	0.759	0.605	0.797	0.882	0.845	0.866	0.883	0.833	0.899	0.895	0.063	0.825	0.717	0.722	0.908	0.867	0.860	0.846	0.852	0.868	0.887	0.886	0.854	0.812	0.687	0.715	0.786	0.824	0.554	0.892	0.837	0.923	0.855	0.047	0.866	0.838	0.716	0.609	0.837	0.830	0.769	1.015	0.840	0.774	0.828	0.808	0.824	0.729	0.043	0.604	0.741	0.720	0.687	0.721	0.742	0.762	0.805	0.476	0.727	0.747	0.658
68:01:06	22.2	0.672	0.796	0.796	0.848	0.828	0.816	0.768	0.746	0.760	0.719	0.744	0.725	0.764	0.898	0.863	0.822	0.875	0.901	0.873	0.844	0.881	0.791	0.843	0.768	0.769	0.886	0.283	0.864	0.877	0.874	0.866	0.866	0.805	0.879	0.861	0.768	0.638	0.812	0.892	0.848	0.872	0.894	0.839	0.907	0.904	0.063	0.830	0.721	0.725	0.912	0.881	0.864	0.853	0.866	0.875	0.898	0.892	0.859	0.820	0.694	0.725	0.799	0.832	0.559	0.895	0.849	0.930	0.869	0.047	0.870	0.848	0.723	0.609	0.845	0.841	0.784	1.019	0.850	0.779	0.835	0.817	0.831	0.733	0.043	0.607	0.756	0.736	0.688	0.740	0.753	0.773	0.814	0.484	0.741	0.762	0.660
69:01:07	22.4	0.668	0.724	0.816	0.852	0.823	0.809	0.784	0.744	0.776	0.730	0.751	0.731	0.775	0.904	0.883	0.837	0.885	0.910	0.884	0.852	0.892	0.786	0.847	0.763	0.779	0.901	0.268	0.881	0.887	0.882	0.873	0.874	0.816	0.887	0.869	0.772	0.634	0.822	0.904	0.850	0.882	0.912	0.851	0.917	0.918	0.063	0.828	0.734	0.732	0.926	0.882	0.864	0.860	0.876	0.880	0.903	0.896	0.867	0.830	0.717	0.730	0.820	0.841	0.572	0.900	0.863	0.936	0.874	0.047	0.881	0.854	0.745	0.607	0.855	0.861	0.800	1.032	0.859	0.790	0.846	0.824	0.837	0.746	0.044	0.609	0.761	0.748	0.695	0.755	0.754	0.780	0.822	0.492	0.753	0.764	0.671
70:01:07	22.6	0.667	0.672	0.811	0.865	0.835	0.804	0.789	0.749	0.766	0.725	0.747	0.738	0.786	0.919	0.902	0.846	0.896	0.916	0.892	0.862	0.899	0.778	0.856	0.774	0.781	0.908	0.250	0.901	0.892	0.895	0.882	0.889	0.822	0.896	0.881	0.784	0.646	0.838	0.907	0.875	0.893	0.923	0.862	0.930	0.927	0.062	0.839	0.745	0.734	0.928	0.888	0.870	0.872	0.882	0.888	0.912	0.903	0.875	0.835	0.728	0.749	0.827	0.850	0.573	0.900	0.868	0.946	0.885	0.047	0.886	0.858	0.750	0.605	0.870	0.874	0.802	1.036	0.865	0.795	0.857	0.830	0.843	0.756	0.043	0.610	0.770	0.758	0.694	0.763	0.757	0.786	0.834	0.520	0.754	0.767	0.676
71:01:09	22.8	0.659	0.619	0.823	0.866	0.831	0.762	0.798	0.746	0.781	0.752	0.740	0.759	0.788	0.926	0.907	0.858	0.899	0.920	0.899	0.866	0.910	0.786	0.869	0.761	0.787	0.921	0.224	0.914	0.901	0.900	0.888	0.893	0.832	0.905	0.887	0.776	0.657	0.842	0.917	0.881	0.905	0.933	0.870	0.933	0.938	0.062	0.850	0.746	0.752	0.944	0.876	0.876	0.882	0.890	0.897	0.923	0.906	0.879	0.845	0.733	0.757	0.838	0.857	0.580	0.897	0.874	0.952	0.888	0.047	0.890	0.865	0.751	0.602	0.868	0.881	0.816	1.047	0.869	0.814	0.866	0.836	0.853	0.767	0.044	0.611	0.776	0.763	0.698	0.771	0.754	0.795	0.845	0.521	0.759	0.781	0.684
72:01:09	22.8	0.694	0.575	0.825	0.850	0.834	0.757	0.803	0.746	0.787	0.780	0.751	0.761	0.796	0.936	0.919	0.862	0.906	0.919	0.897	0.873	0.918	0.783	0.876	0.768	0.783	0.931	0.303	0.920	0.906	0.901	0.892	0.895	0.842	0.911	0.893	0.782	0.670	0.857	0.925	0.878	0.913	0.947	0.877	0.938	0.942	0.061	0.860	0.753	0.759	0.938	0.895	0.879	0.891	0.902	0.910	0.933	0.913	0.884	0.851	0.739	0.771	0.848	0.864	0.587	0.901	0.881	0.955	0.899	0.047	0.897	0.870	0.758	0.595	0.872	0.884	0.826	1.049	0.874	0.816	0.879	0.836	0.858	0.776	0.044	0.612	0.779	0.772	0.699	0.775	0.760	0.799	0.854	0.536	0.765	0.780	0.682

