Time	T° 600	A1	A2	A3	A4	A5	A6	A7	A8	A9	A10	A11	A12	B1	B2	B3	B4	B5	B6	B7	B8	B9	B10	B11	B12	C1	C2	C3	C4	C5	C6	C7	C8	C9	C10	C11	C12	D1	D2	D3	D4	D5	D6	D7	D8	D9	D10	D11	D12	E1	E2	E3	E4	E5	E6	E7	E8	E9	E10	E11	E12	F1	F2	F3	F4	F5	F6	F7	F8	F9	F10	F11	F12	G1	G2	G3	G4	G5	G6	G7	G8	G9	G10	G11	G12	H1	H2	H3	H4	H5	H6	H7	H8	H9	H10	H11	H12
0:00:06	23.8	0.049	0.049	0.052	0.052	0.050	0.050	0.047	0.042	0.048	0.048	0.052	0.049	0.050	0.047	0.051	0.050	0.048	0.051	0.049	0.046	0.049	0.051	0.052	0.051	0.056	0.048	0.050	0.049	0.048	0.051	0.048	0.048	0.052	0.050	0.050	0.051	0.050	0.048	0.052	0.059	0.049	0.051	0.057	0.052	0.050	0.050	0.051	0.050	0.049	0.054	0.050	0.051	0.054	0.050	0.049	0.050	0.049	0.049	0.049	0.051	0.050	0.054	0.048	0.056	0.051	0.051	0.063	0.060	0.049	0.065	0.049	0.049	0.055	0.057	0.054	0.057	0.052	0.050	0.050	0.052	0.052	0.048	0.053	0.049	0.050	0.054	0.053	0.052	0.049	0.050	0.052	0.052	0.051	0.061	0.049	0.049
1:00:04	24.0	0.054	0.052	0.059	0.057	0.055	0.055	0.053	0.050	0.054	0.052	0.057	0.055	0.055	0.053	0.055	0.055	0.053	0.055	0.053	0.051	0.055	0.056	0.056	0.057	0.056	0.052	0.055	0.053	0.052	0.056	0.053	0.053	0.056	0.055	0.052	0.057	0.057	0.053	0.058	0.065	0.053	0.058	0.063	0.055	0.055	0.054	0.056	0.057	0.057	0.059	0.057	0.057	0.059	0.056	0.055	0.055	0.054	0.054	0.054	0.057	0.056	0.060	0.055	0.060	0.057	0.057	0.068	0.065	0.054	0.063	0.054	0.055	0.060	0.062	0.060	0.063	0.059	0.055	0.055	0.056	0.056	0.053	0.057	0.055	0.057	0.059	0.059	0.059	0.055	0.058	0.058	0.056	0.056	0.068	0.056	0.055
2:00:05	24.2	0.065	0.059	0.068	0.070	0.065	0.065	0.063	0.067	0.065	0.057	0.068	0.069	0.067	0.064	0.068	0.064	0.066	0.062	0.063	0.062	0.066	0.069	0.067	0.077	0.068	0.059	0.065	0.063	0.062	0.067	0.063	0.061	0.068	0.071	0.058	0.071	0.070	0.066	0.070	0.077	0.065	0.070	0.073	0.065	0.065	0.065	0.068	0.075	0.071	0.069	0.070	0.069	0.071	0.069	0.063	0.065	0.066	0.065	0.067	0.070	0.070	0.073	0.069	0.071	0.069	0.070	0.079	0.078	0.065	0.071	0.069	0.070	0.070	0.074	0.072	0.074	0.071	0.067	0.064	0.069	0.068	0.066	0.071	0.075	0.070	0.072	0.072	0.072	0.069	0.073	0.070	0.064	0.069	0.081	0.070	0.068
3:00:04	24.1	0.089	0.077	0.089	0.098	0.091	0.090	0.089	0.102	0.092	0.071	0.095	0.100	0.093	0.087	0.097	0.087	0.094	0.079	0.085	0.087	0.091	0.099	0.094	0.120	0.094	0.076	0.088	0.086	0.086	0.091	0.086	0.086	0.092	0.106	0.068	0.103	0.098	0.091	0.096	0.105	0.089	0.099	0.098	0.089	0.091	0.089	0.097	0.114	0.098	0.092	0.098	0.095	0.099	0.096	0.083	0.088	0.093	0.092	0.095	0.100	0.099	0.100	0.098	0.096	0.095	0.097	0.103	0.111	0.092	0.091	0.100	0.102	0.095	0.101	0.100	0.099	0.096	0.093	0.087	0.097	0.097	0.095	0.105	0.117	0.099	0.100	0.101	0.103	0.101	0.101	0.098	0.085	0.097	0.108	0.101	0.096
4:00:06	23.9	0.114	0.097	0.111	0.128	0.114	0.114	0.117	0.141	0.123	0.083	0.122	0.133	0.117	0.110	0.127	0.109	0.121	0.097	0.109	0.112	0.115	0.129	0.119	0.168	0.119	0.095	0.112	0.110	0.110	0.115	0.108	0.109	0.118	0.143	0.086	0.136	0.122	0.117	0.120	0.131	0.115	0.127	0.123	0.113	0.117	0.114	0.125	0.151	0.126	0.115	0.123	0.122	0.126	0.124	0.103	0.112	0.117	0.118	0.123	0.131	0.129	0.126	0.127	0.121	0.123	0.123	0.130	0.146	0.118	0.111	0.129	0.133	0.120	0.127	0.128	0.124	0.121	0.118	0.110	0.124	0.124	0.123	0.144	0.162	0.129	0.128	0.127	0.132	0.135	0.130	0.127	0.109	0.127	0.134	0.131	0.126
5:00:07	23.7	0.150	0.124	0.140	0.161	0.146	0.149	0.151	0.178	0.159	0.097	0.155	0.171	0.148	0.142	0.169	0.140	0.160	0.122	0.139	0.146	0.150	0.169	0.152	0.226	0.153	0.121	0.145	0.143	0.146	0.153	0.141	0.144	0.151	0.198	0.108	0.175	0.157	0.153	0.156	0.167	0.150	0.166	0.158	0.145	0.151	0.147	0.162	0.200	0.154	0.150	0.159	0.159	0.163	0.164	0.133	0.147	0.154	0.154	0.160	0.167	0.162	0.160	0.163	0.155	0.164	0.162	0.163	0.202	0.154	0.135	0.165	0.173	0.153	0.171	0.168	0.157	0.157	0.157	0.142	0.165	0.164	0.166	0.204	0.225	0.168	0.166	0.162	0.167	0.176	0.171	0.165	0.138	0.166	0.175	0.173	0.164
6:00:07	23.5	0.183	0.147	0.166	0.189	0.180	0.178	0.175	0.207	0.186	0.109	0.192	0.202	0.179	0.168	0.208	0.166	0.195	0.148	0.168	0.173	0.169	0.197	0.183	0.269	0.181	0.148	0.164	0.175	0.173	0.182	0.161	0.175	0.181	0.236	0.137	0.206	0.181	0.175	0.184	0.199	0.177	0.200	0.184	0.165	0.187	0.170	0.193	0.244	0.170	0.174	0.186	0.182	0.197	0.198	0.156	0.175	0.181	0.177	0.193	0.199	0.175	0.191	0.193	0.183	0.190	0.189	0.190	0.252	0.180	0.157	0.193	0.207	0.178	0.208	0.188	0.183	0.175	0.188	0.168	0.192	0.194	0.197	0.262	0.285	0.200	0.197	0.192	0.201	0.212	0.191	0.200	0.164	0.198	0.201	0.214	0.197
7:00:09	23.3	0.199	0.163	0.179	0.197	0.193	0.193	0.183	0.207	0.201	0.122	0.211	0.215	0.191	0.185	0.243	0.185	0.221	0.170	0.185	0.193	0.191	0.230	0.206	0.296	0.186	0.171	0.180	0.192	0.196	0.208	0.187	0.197	0.202	0.288	0.164	0.219	0.197	0.193	0.201	0.212	0.199	0.226	0.205	0.189	0.219	0.192	0.215	0.270	0.211	0.189	0.204	0.208	0.216	0.225	0.173	0.193	0.202	0.201	0.214	0.217	0.190	0.206	0.214	0.195	0.199	0.215	0.211	0.300	0.201	0.183	0.216	0.228	0.197	0.238	0.211	0.200	0.202	0.211	0.187	0.224	0.223	0.224	0.311	0.331	0.205	0.211	0.210	0.224	0.229	0.208	0.214	0.184	0.220	0.225	0.235	0.218
8:00:10	23.0	0.209	0.179	0.199	0.205	0.209	0.209	0.196	0.214	0.212	0.135	0.225	0.223	0.210	0.204	0.261	0.201	0.237	0.201	0.198	0.208	0.216	0.250	0.225	0.304	0.203	0.190	0.206	0.207	0.212	0.224	0.209	0.215	0.224	0.356	0.183	0.245	0.224	0.216	0.216	0.228	0.211	0.245	0.223	0.210	0.232	0.220	0.243	0.285	0.251	0.208	0.234	0.230	0.237	0.246	0.195	0.206	0.230	0.230	0.247	0.239	0.217	0.231	0.237	0.214	0.221	0.232	0.231	0.345	0.233	0.213	0.239	0.254	0.220	0.288	0.237	0.223	0.230	0.238	0.207	0.249	0.246	0.255	0.345	0.370	0.225	0.239	0.236	0.257	0.254	0.242	0.234	0.211	0.241	0.256	0.257	0.249
9:00:11	22.6	0.246	0.202	0.226	0.232	0.241	0.238	0.225	0.241	0.240	0.153	0.256	0.252	0.241	0.233	0.298	0.228	0.273	0.223	0.224	0.243	0.248	0.285	0.254	0.335	0.234	0.211	0.237	0.234	0.245	0.257	0.240	0.239	0.251	0.408	0.203	0.287	0.256	0.248	0.249	0.259	0.238	0.280	0.253	0.244	0.260	0.253	0.271	0.305	0.297	0.241	0.270	0.262	0.273	0.279	0.225	0.234	0.260	0.264	0.284	0.276	0.262	0.266	0.273	0.244	0.255	0.263	0.263	0.385	0.265	0.247	0.272	0.284	0.257	0.342	0.277	0.255	0.267	0.276	0.240	0.286	0.286	0.294	0.394	0.408	0.258	0.280	0.277	0.296	0.294	0.288	0.267	0.241	0.281	0.300	0.297	0.286
10:00:12	22.6	0.290	0.242	0.271	0.277	0.284	0.282	0.273	0.287	0.282	0.164	0.301	0.298	0.285	0.281	0.349	0.275	0.322	0.235	0.265	0.296	0.287	0.335	0.295	0.376	0.273	0.239	0.288	0.284	0.292	0.303	0.283	0.277	0.296	0.459	0.230	0.332	0.303	0.292	0.291	0.308	0.282	0.326	0.294	0.289	0.300	0.298	0.316	0.341	0.347	0.285	0.315	0.303	0.313	0.331	0.266	0.278	0.308	0.310	0.330	0.324	0.312	0.315	0.317	0.287	0.301	0.311	0.304	0.440	0.312	0.292	0.323	0.331	0.301	0.401	0.324	0.301	0.318	0.327	0.280	0.334	0.335	0.343	0.436	0.457	0.304	0.329	0.328	0.344	0.344	0.339	0.315	0.280	0.330	0.352	0.349	0.338
11:00:13	22.7	0.331	0.295	0.332	0.337	0.340	0.340	0.335	0.347	0.335	0.174	0.359	0.350	0.343	0.340	0.409	0.339	0.381	0.258	0.324	0.361	0.340	0.393	0.349	0.426	0.321	0.273	0.355	0.350	0.352	0.366	0.342	0.331	0.354	0.525	0.255	0.388	0.357	0.351	0.347	0.375	0.342	0.389	0.349	0.347	0.365	0.354	0.372	0.388	0.396	0.345	0.375	0.362	0.372	0.396	0.324	0.343	0.367	0.365	0.384	0.385	0.379	0.379	0.377	0.350	0.364	0.371	0.359	0.497	0.372	0.351	0.384	0.391	0.361	0.465	0.389	0.364	0.381	0.388	0.334	0.399	0.400	0.406	0.501	0.516	0.363	0.392	0.394	0.409	0.405	0.406	0.376	0.342	0.395	0.416	0.411	0.396
12:00:13	22.7	0.398	0.359	0.403	0.407	0.410	0.409	0.407	0.421	0.401	0.185	0.432	0.416	0.409	0.412	0.485	0.412	0.455	0.304	0.397	0.437	0.415	0.465	0.424	0.490	0.385	0.316	0.428	0.429	0.430	0.441	0.413	0.400	0.427	0.603	0.281	0.457	0.427	0.422	0.422	0.453	0.414	0.464	0.424	0.416	0.446	0.423	0.441	0.453	0.456	0.418	0.452	0.437	0.449	0.474	0.395	0.418	0.439	0.437	0.456	0.458	0.450	0.462	0.453	0.429	0.439	0.446	0.433	0.575	0.445	0.406	0.455	0.464	0.437	0.538	0.465	0.443	0.455	0.468	0.409	0.479	0.480	0.486	0.585	0.594	0.438	0.475	0.476	0.488	0.491	0.485	0.447	0.413	0.473	0.492	0.485	0.470
13:00:14	22.8	0.468	0.430	0.474	0.480	0.480	0.481	0.480	0.500	0.468	0.206	0.504	0.487	0.481	0.487	0.566	0.481	0.533	0.368	0.468	0.509	0.488	0.538	0.498	0.558	0.456	0.371	0.506	0.505	0.509	0.517	0.484	0.474	0.497	0.689	0.333	0.525	0.500	0.496	0.498	0.529	0.488	0.544	0.496	0.485	0.521	0.496	0.514	0.525	0.520	0.490	0.529	0.516	0.530	0.554	0.465	0.492	0.513	0.513	0.532	0.529	0.525	0.543	0.530	0.506	0.511	0.520	0.505	0.658	0.519	0.472	0.527	0.537	0.512	0.607	0.539	0.518	0.532	0.545	0.492	0.560	0.559	0.565	0.666	0.663	0.514	0.551	0.554	0.570	0.566	0.565	0.520	0.484	0.553	0.567	0.564	0.546
14:00:14	22.9	0.556	0.499	0.538	0.547	0.546	0.551	0.545	0.570	0.536	0.234	0.572	0.557	0.547	0.556	0.640	0.545	0.609	0.431	0.537	0.577	0.561	0.606	0.568	0.628	0.519	0.440	0.578	0.575	0.579	0.590	0.547	0.533	0.564	0.766	0.401	0.591	0.570	0.564	0.571	0.602	0.558	0.619	0.577	0.551	0.599	0.564	0.583	0.595	0.580	0.559	0.607	0.590	0.607	0.629	0.530	0.556	0.580	0.578	0.605	0.596	0.594	0.620	0.602	0.572	0.578	0.592	0.578	0.732	0.585	0.550	0.597	0.607	0.580	0.671	0.607	0.586	0.602	0.621	0.554	0.636	0.637	0.640	0.755	0.741	0.586	0.625	0.634	0.644	0.648	0.630	0.591	0.566	0.627	0.637	0.636	0.618
15:00:16	23.0	0.594	0.549	0.593	0.603	0.601	0.607	0.603	0.631	0.597	0.261	0.631	0.618	0.603	0.616	0.703	0.603	0.672	0.479	0.594	0.635	0.617	0.670	0.627	0.694	0.569	0.504	0.639	0.635	0.641	0.653	0.604	0.588	0.619	0.831	0.472	0.650	0.622	0.622	0.628	0.663	0.620	0.684	0.634	0.606	0.659	0.626	0.641	0.651	0.636	0.614	0.664	0.649	0.669	0.694	0.584	0.616	0.640	0.635	0.668	0.656	0.644	0.680	0.662	0.630	0.634	0.651	0.636	0.800	0.644	0.630	0.655	0.665	0.636	0.737	0.665	0.641	0.661	0.682	0.612	0.701	0.698	0.704	0.826	0.801	0.641	0.685	0.693	0.707	0.712	0.688	0.650	0.635	0.690	0.696	0.695	0.680
16:00:17	23.1	0.652	0.596	0.647	0.666	0.658	0.664	0.658	0.692	0.657	0.306	0.691	0.679	0.660	0.676	0.770	0.656	0.734	0.521	0.648	0.695	0.677	0.741	0.686	0.765	0.628	0.564	0.699	0.690	0.695	0.713	0.659	0.648	0.679	0.870	0.536	0.724	0.681	0.676	0.682	0.723	0.678	0.744	0.692	0.667	0.718	0.683	0.705	0.719	0.700	0.670	0.717	0.708	0.731	0.750	0.634	0.671	0.703	0.697	0.737	0.719	0.705	0.739	0.720	0.686	0.693	0.713	0.692	0.853	0.713	0.712	0.720	0.732	0.687	0.790	0.726	0.697	0.728	0.746	0.668	0.766	0.766	0.770	0.892	0.862	0.695	0.739	0.751	0.769	0.767	0.754	0.708	0.703	0.753	0.765	0.757	0.741
17:00:18	23.5	0.686	0.629	0.690	0.707	0.698	0.710	0.702	0.736	0.694	0.357	0.741	0.730	0.705	0.724	0.799	0.697	0.775	0.555	0.696	0.738	0.727	0.783	0.735	0.811	0.677	0.617	0.746	0.734	0.738	0.756	0.710	0.695	0.724	0.903	0.583	0.763	0.720	0.726	0.726	0.767	0.722	0.786	0.740	0.715	0.766	0.737	0.753	0.758	0.750	0.709	0.756	0.754	0.778	0.795	0.672	0.720	0.754	0.743	0.785	0.765	0.749	0.782	0.765	0.731	0.741	0.760	0.738	0.889	0.756	0.769	0.763	0.779	0.731	0.818	0.766	0.737	0.773	0.787	0.709	0.810	0.810	0.813	0.928	0.908	0.742	0.780	0.794	0.806	0.804	0.804	0.752	0.768	0.795	0.809	0.804	0.786
18:00:19	24.0	0.719	0.656	0.718	0.740	0.725	0.740	0.730	0.770	0.732	0.404	0.777	0.772	0.739	0.762	0.831	0.733	0.804	0.587	0.730	0.773	0.763	0.817	0.770	0.848	0.708	0.651	0.776	0.767	0.769	0.789	0.748	0.729	0.756	0.956	0.632	0.798	0.752	0.760	0.759	0.803	0.754	0.820	0.774	0.753	0.801	0.771	0.781	0.799	0.802	0.741	0.792	0.786	0.813	0.825	0.704	0.750	0.785	0.780	0.818	0.800	0.786	0.813	0.803	0.765	0.781	0.792	0.775	0.923	0.797	0.820	0.798	0.813	0.771	0.852	0.809	0.773	0.804	0.826	0.746	0.848	0.849	0.847	0.974	0.942	0.796	0.818	0.827	0.848	0.835	0.844	0.788	0.828	0.834	0.844	0.838	0.830
19:00:19	24.0	0.752	0.689	0.751	0.777	0.757	0.774	0.764	0.803	0.772	0.449	0.811	0.813	0.778	0.802	0.867	0.768	0.843	0.618	0.765	0.812	0.801	0.856	0.809	0.884	0.743	0.684	0.813	0.805	0.803	0.822	0.791	0.767	0.792	0.993	0.683	0.838	0.789	0.794	0.795	0.837	0.792	0.854	0.807	0.793	0.839	0.811	0.817	0.837	0.858	0.780	0.832	0.824	0.845	0.862	0.739	0.787	0.826	0.822	0.871	0.837	0.832	0.850	0.838	0.805	0.824	0.836	0.815	0.960	0.837	0.873	0.837	0.853	0.809	0.893	0.857	0.809	0.851	0.873	0.790	0.885	0.888	0.884	1.019	0.983	0.827	0.856	0.870	0.897	0.869	0.895	0.823	0.889	0.882	0.891	0.883	0.877
20:00:20	23.9	0.783	0.724	0.781	0.809	0.789	0.800	0.794	0.835	0.809	0.490	0.842	0.845	0.808	0.832	0.895	0.801	0.873	0.644	0.798	0.842	0.829	0.888	0.839	0.917	0.773	0.715	0.849	0.833	0.835	0.855	0.825	0.799	0.823	1.014	0.717	0.874	0.819	0.824	0.829	0.870	0.823	0.894	0.838	0.827	0.871	0.842	0.849	0.868	0.896	0.816	0.858	0.856	0.870	0.898	0.770	0.819	0.859	0.860	0.904	0.871	0.869	0.886	0.878	0.836	0.863	0.872	0.851	0.994	0.877	0.932	0.877	0.892	0.849	0.925	0.890	0.846	0.896	0.908	0.835	0.924	0.930	0.930	1.056	1.018	0.864	0.896	0.907	0.944	0.908	0.939	0.861	0.970	0.908	0.930	0.929	0.923
21:00:22	24.1	0.811	0.754	0.808	0.837	0.814	0.825	0.822	0.865	0.842	0.527	0.872	0.873	0.835	0.864	0.923	0.828	0.901	0.669	0.828	0.875	0.854	0.914	0.869	0.948	0.796	0.745	0.878	0.871	0.865	0.886	0.858	0.827	0.853	1.034	0.751	0.906	0.847	0.856	0.861	0.900	0.854	0.924	0.876	0.860	0.898	0.875	0.880	0.903	0.923	0.842	0.882	0.882	0.907	0.928	0.806	0.852	0.892	0.890	0.928	0.905	0.915	0.915	0.907	0.867	0.891	0.906	0.885	1.023	0.906	0.985	0.913	0.928	0.884	0.951	0.944	0.890	0.934	0.939	0.855	0.954	0.965	0.958	1.093	1.047	0.908	0.937	0.944	0.978	0.949	0.985	0.895	1.035	0.946	0.964	0.959	0.975
22:00:23	24.1	0.829	0.784	0.836	0.866	0.841	0.851	0.850	0.892	0.873	0.565	0.902	0.907	0.863	0.892	0.947	0.855	0.926	0.689	0.855	0.900	0.880	0.941	0.896	0.973	0.825	0.773	0.906	0.894	0.889	0.912	0.886	0.861	0.879	1.059	0.786	0.936	0.874	0.889	0.890	0.926	0.889	0.953	0.909	0.891	0.930	0.899	0.911	0.932	0.947	0.886	0.918	0.928	0.937	0.961	0.837	0.881	0.926	0.919	0.955	0.942	0.962	0.955	0.936	0.896	0.937	0.934	0.919	1.050	0.936	1.031	0.942	0.960	0.919	0.970	0.974	0.928	0.977	0.988	0.891	0.989	0.999	0.992	1.119	1.080	0.951	0.985	0.973	1.011	0.987	1.056	0.932	1.107	0.970	1.001	0.989	1.017
23:00:22	24.1	0.852	0.810	0.858	0.888	0.864	0.875	0.874	0.914	0.905	0.598	0.928	0.941	0.890	0.910	0.967	0.877	0.943	0.707	0.879	0.930	0.905	0.965	0.920	0.999	0.846	0.799	0.930	0.923	0.914	0.935	0.911	0.886	0.904	1.084	0.819	0.963	0.897	0.916	0.912	0.948	0.916	0.981	0.931	0.915	0.952	0.924	0.933	0.961	0.970	0.900	0.937	0.938	0.963	0.981	0.863	0.906	0.948	0.952	0.983	0.966	1.002	0.975	0.956	0.927	0.970	0.952	0.943	1.069	0.958	1.083	0.978	0.984	0.949	1.000	0.990	0.953	1.006	1.022	0.932	1.017	1.027	1.015	1.148	1.095	0.986	1.016	1.009	1.047	1.011	1.072	0.960	1.139	1.012	1.023	1.019	1.052
24:00:23	24.1	0.863	0.834	0.876	0.914	0.885	0.894	0.895	0.938	0.931	0.631	0.950	0.966	0.916	0.930	0.985	0.898	0.966	0.722	0.896	0.947	0.923	0.975	0.939	1.016	0.875	0.824	0.945	0.939	0.930	0.950	0.930	0.905	0.924	1.110	0.848	0.988	0.924	0.933	0.934	0.965	0.928	0.996	0.950	0.934	0.972	0.946	0.959	0.983	0.994	0.925	0.970	0.957	0.978	1.000	0.888	0.925	0.966	0.966	1.002	0.991	1.028	0.997	0.975	0.960	0.993	0.974	0.968	1.088	0.970	1.132	0.997	1.004	0.982	1.019	1.022	0.961	1.035	1.042	0.953	1.039	1.052	1.037	1.178	1.124	1.024	1.046	1.035	1.062	1.034	1.117	0.985	1.160	1.021	1.064	1.051	1.088
25:00:25	24.0	0.892	0.862	0.892	0.934	0.902	0.913	0.916	0.957	0.952	0.661	0.973	0.991	0.931	0.947	1.011	0.918	0.985	0.734	0.914	0.960	0.946	1.002	0.957	1.036	0.884	0.843	0.970	0.950	0.947	0.974	0.949	0.923	0.938	1.138	0.876	1.013	0.946	0.948	0.952	0.982	0.948	1.014	0.970	0.954	0.989	0.965	0.974	1.003	1.005	0.942	0.988	0.968	0.996	1.019	0.910	0.942	0.983	0.991	1.028	1.012	1.052	1.018	1.000	0.980	1.023	0.994	0.991	1.113	0.991	1.174	1.010	1.028	1.005	1.036	1.053	0.989	1.057	1.072	0.963	1.053	1.067	1.056	1.205	1.135	1.057	1.069	1.057	1.082	1.058	1.137	1.005	1.173	1.039	1.074	1.065	1.115
26:00:26	24.1	0.904	0.884	0.910	0.956	0.917	0.932	0.936	0.978	0.976	0.691	0.993	1.021	0.955	0.967	1.028	0.934	0.999	0.741	0.932	0.972	0.963	1.015	0.977	1.054	0.921	0.868	0.985	0.976	0.968	0.990	0.967	0.943	0.958	1.175	0.898	1.040	0.966	0.975	0.973	1.000	0.963	1.035	0.983	0.974	1.004	0.989	0.995	1.022	1.024	0.964	1.012	0.996	1.017	1.043	0.932	0.962	1.007	1.009	1.042	1.039	1.087	1.039	1.017	1.003	1.054	1.014	1.016	1.136	1.010	1.206	1.030	1.048	1.029	1.058	1.072	1.007	1.084	1.084	0.997	1.079	1.083	1.085	1.227	1.156	1.093	1.099	1.091	1.105	1.071	1.188	1.024	1.189	1.060	1.099	1.093	1.144
27:00:27	24.1	0.939	0.912	0.929	0.986	0.936	0.952	0.959	1.008	0.996	0.724	1.017	1.067	0.975	0.992	1.046	0.949	1.010	0.753	0.951	0.995	0.986	1.039	0.996	1.076	0.935	0.886	1.004	0.999	0.983	1.007	0.984	0.963	0.978	1.173	0.926	1.064	0.995	0.990	0.995	1.019	0.985	1.051	1.002	0.991	1.024	1.005	1.011	1.041	1.048	0.985	1.030	1.017	1.030	1.063	0.954	0.980	1.024	1.028	1.056	1.059	1.139	1.056	1.033	1.028	1.061	1.035	1.041	1.152	1.021	1.228	1.052	1.073	1.058	1.069	1.082	1.015	1.098	1.111	1.006	1.097	1.103	1.097	1.253	1.176	1.130	1.107	1.108	1.139	1.102	1.221	1.051	1.194	1.090	1.126	1.111	1.173
28:00:28	24.2	0.969	0.928	0.938	1.011	0.947	0.966	0.979	1.027	1.016	0.751	1.038	1.123	0.999	1.005	1.060	0.968	1.026	0.760	0.966	1.007	0.996	1.046	1.009	1.094	0.957	0.905	1.020	1.011	0.996	1.020	0.996	0.976	0.991	1.184	0.946	1.088	1.014	1.004	1.010	1.037	0.997	1.063	1.017	1.002	1.035	1.022	1.029	1.061	1.069	1.004	1.046	1.038	1.047	1.078	0.969	0.993	1.041	1.047	1.073	1.078	1.174	1.071	1.055	1.042	1.080	1.049	1.049	1.172	1.027	1.255	1.067	1.097	1.082	1.086	1.105	1.036	1.123	1.128	1.011	1.116	1.126	1.103	1.275	1.196	1.144	1.121	1.149	1.155	1.118	1.247	1.068	1.206	1.117	1.154	1.140	1.195
29:00:29	24.0	1.004	0.949	0.953	1.033	0.959	0.981	0.997	1.053	1.033	0.777	1.060	1.246	1.015	1.021	1.077	0.976	1.032	0.768	0.980	1.020	1.007	1.068	1.023	1.113	0.962	0.925	1.038	1.030	1.009	1.040	1.009	0.983	1.004	1.202	0.967	1.111	1.027	1.017	1.023	1.045	1.011	1.077	1.029	1.016	1.054	1.041	1.040	1.080	1.080	1.018	1.056	1.044	1.061	1.088	0.985	1.007	1.053	1.065	1.094	1.098	1.181	1.079	1.065	1.052	1.073	1.058	1.064	1.195	1.038	1.280	1.082	1.115	1.103	1.102	1.119	1.050	1.137	1.143	1.023	1.125	1.137	1.117	1.293	1.220	1.161	1.141	1.166	1.178	1.127	1.248	1.086	1.221	1.134	1.182	1.176	1.209
30:00:30	23.7	1.046	0.972	0.971	1.056	0.976	1.003	1.023	1.079	1.043	0.806	1.089	1.334	1.037	1.035	1.095	0.994	1.048	0.775	0.997	1.033	1.024	1.086	1.040	1.130	0.980	0.947	1.054	1.043	1.026	1.054	1.020	1.003	1.024	1.218	0.990	1.129	1.039	1.040	1.042	1.062	1.029	1.093	1.052	1.031	1.070	1.056	1.058	1.095	1.099	1.025	1.068	1.068	1.077	1.105	1.003	1.023	1.064	1.082	1.108	1.120	1.202	1.091	1.073	1.068	1.090	1.073	1.083	1.211	1.044	1.301	1.094	1.137	1.120	1.110	1.112	1.075	1.150	1.152	1.030	1.139	1.157	1.125	1.315	1.236	1.170	1.153	1.161	1.212	1.133	1.268	1.100	1.232	1.148	1.205	1.202	1.228
31:00:31	23.5	1.079	0.991	0.988	1.076	0.994	1.020	1.043	1.100	1.056	0.832	1.105	1.382	1.059	1.049	1.109	1.005	1.061	0.782	1.009	1.046	1.043	1.102	1.054	1.147	1.001	0.966	1.067	1.060	1.044	1.071	1.036	1.014	1.040	1.233	1.009	1.147	1.054	1.053	1.052	1.077	1.044	1.109	1.062	1.045	1.085	1.073	1.076	1.114	1.113	1.046	1.081	1.080	1.093	1.114	1.019	1.036	1.082	1.096	1.116	1.138	1.216	1.107	1.087	1.088	1.101	1.091	1.099	1.231	1.050	1.320	1.110	1.153	1.138	1.120	1.123	1.091	1.147	1.164	1.029	1.153	1.168	1.134	1.341	1.250	1.170	1.162	1.192	1.228	1.161	1.291	1.115	1.241	1.163	1.218	1.204	1.239
32:00:30	23.3	1.102	1.009	1.003	1.089	1.006	1.035	1.062	1.117	1.072	0.857	1.119	1.407	1.075	1.061	1.118	1.013	1.072	0.788	1.019	1.057	1.051	1.106	1.066	1.158	1.019	0.979	1.082	1.064	1.054	1.085	1.046	1.026	1.054	1.241	1.025	1.162	1.070	1.062	1.064	1.091	1.058	1.113	1.073	1.059	1.096	1.079	1.087	1.132	1.122	1.055	1.093	1.089	1.095	1.125	1.034	1.052	1.094	1.103	1.116	1.153	1.227	1.115	1.099	1.092	1.105	1.105	1.107	1.241	1.054	1.334	1.118	1.168	1.152	1.133	1.149	1.097	1.151	1.169	1.041	1.162	1.180	1.143	1.351	1.259	1.171	1.189	1.199	1.247	1.186	1.303	1.127	1.242	1.175	1.239	1.217	1.251
33:00:32	23.0	1.136	1.028	1.022	1.103	1.023	1.053	1.081	1.133	1.083	0.883	1.136	1.435	1.095	1.074	1.141	1.030	1.084	0.792	1.034	1.067	1.071	1.123	1.080	1.171	1.038	0.994	1.093	1.078	1.066	1.094	1.060	1.034	1.070	1.265	1.044	1.180	1.087	1.075	1.078	1.105	1.074	1.124	1.082	1.073	1.110	1.094	1.102	1.147	1.127	1.062	1.110	1.100	1.107	1.142	1.046	1.066	1.108	1.117	1.132	1.170	1.246	1.132	1.110	1.104	1.117	1.117	1.112	1.258	1.065	1.342	1.133	1.179	1.158	1.143	1.154	1.103	1.167	1.177	1.047	1.171	1.185	1.149	1.365	1.273	1.157	1.208	1.202	1.263	1.198	1.327	1.141	1.217	1.188	1.244	1.227	1.255
34:00:33	22.8	1.149	1.040	1.042	1.118	1.036	1.067	1.096	1.147	1.091	0.902	1.147	1.441	1.114	1.081	1.141	1.037	1.087	0.795	1.042	1.074	1.076	1.123	1.088	1.179	1.060	1.006	1.101	1.084	1.073	1.098	1.068	1.040	1.078	1.255	1.057	1.192	1.103	1.077	1.081	1.131	1.086	1.124	1.094	1.080	1.116	1.105	1.111	1.153	1.120	1.063	1.112	1.102	1.115	1.141	1.056	1.077	1.116	1.125	1.134	1.177	1.234	1.140	1.115	1.110	1.117	1.121	1.114	1.268	1.067	1.350	1.145	1.183	1.160	1.148	1.155	1.113	1.173	1.182	1.054	1.163	1.173	1.151	1.377	1.275	1.148	1.206	1.202	1.258	1.206	1.326	1.144	1.220	1.191	1.232	1.215	1.256
35:00:34	22.5	1.152	1.053	1.058	1.129	1.055	1.077	1.107	1.155	1.101	0.917	1.155	1.457	1.125	1.086	1.141	1.047	1.092	0.802	1.051	1.081	1.077	1.128	1.097	1.179	1.093	1.017	1.104	1.089	1.081	1.103	1.075	1.058	1.089	1.260	1.070	1.196	1.123	1.085	1.088	1.129	1.093	1.131	1.096	1.093	1.124	1.111	1.121	1.152	1.117	1.074	1.114	1.107	1.122	1.144	1.065	1.086	1.127	1.127	1.137	1.182	1.182	1.145	1.120	1.115	1.109	1.128	1.115	1.260	1.069	1.347	1.152	1.189	1.144	1.142	1.152	1.120	1.165	1.173	1.060	1.171	1.176	1.159	1.379	1.272	1.147	1.202	1.219	1.268	1.196	1.327	1.144	1.195	1.195	1.235	1.222	1.253
36:00:35	22.6	1.142	1.065	1.069	1.139	1.071	1.092	1.115	1.165	1.113	0.931	1.164	1.448	1.133	1.093	1.141	1.051	1.096	0.805	1.057	1.086	1.081	1.130	1.102	1.184	1.104	1.023	1.104	1.093	1.086	1.107	1.080	1.066	1.097	1.256	1.081	1.203	1.135	1.096	1.092	1.134	1.100	1.137	1.096	1.101	1.125	1.116	1.127	1.156	1.119	1.079	1.115	1.116	1.128	1.145	1.073	1.095	1.132	1.133	1.143	1.190	1.159	1.153	1.123	1.119	1.122	1.134	1.113	1.254	1.072	1.353	1.157	1.192	1.131	1.134	1.146	1.121	1.171	1.170	1.071	1.174	1.180	1.165	1.390	1.275	1.142	1.212	1.225	1.264	1.209	1.314	1.151	1.170	1.197	1.235	1.222	1.252
37:00:36	22.7	1.125	1.073	1.083	1.150	1.085	1.100	1.123	1.175	1.124	0.940	1.172	1.473	1.138	1.097	1.150	1.055	1.098	0.807	1.059	1.090	1.089	1.132	1.106	1.191	1.125	1.034	1.107	1.097	1.091	1.109	1.086	1.067	1.101	1.263	1.091	1.203	1.139	1.089	1.101	1.138	1.104	1.141	1.098	1.105	1.129	1.122	1.132	1.165	1.120	1.084	1.117	1.117	1.133	1.146	1.080	1.099	1.137	1.139	1.144	1.200	1.153	1.159	1.122	1.125	1.115	1.135	1.109	1.254	1.068	1.352	1.160	1.194	1.127	1.133	1.144	1.125	1.158	1.165	1.080	1.174	1.183	1.167	1.384	1.279	1.141	1.210	1.210	1.261	1.226	1.300	1.151	1.152	1.201	1.225	1.221	1.259
38:00:37	22.8	1.116	1.086	1.096	1.157	1.102	1.114	1.133	1.182	1.152	0.953	1.183	1.473	1.139	1.100	1.154	1.061	1.102	0.809	1.065	1.094	1.104	1.141	1.111	1.196	1.134	1.041	1.113	1.101	1.091	1.112	1.090	1.060	1.107	1.272	1.101	1.203	1.142	1.089	1.107	1.141	1.106	1.139	1.102	1.108	1.126	1.128	1.141	1.177	1.121	1.083	1.120	1.118	1.127	1.148	1.087	1.103	1.141	1.142	1.149	1.208	1.157	1.159	1.123	1.121	1.120	1.143	1.112	1.254	1.066	1.338	1.166	1.199	1.125	1.140	1.139	1.118	1.164	1.180	1.070	1.175	1.183	1.170	1.383	1.280	1.138	1.227	1.225	1.250	1.220	1.262	1.155	1.135	1.201	1.222	1.214	1.264
39:00:38	22.9	1.117	1.096	1.107	1.159	1.113	1.123	1.137	1.189	1.169	0.959	1.188	1.478	1.138	1.105	1.152	1.068	1.104	0.812	1.073	1.096	1.098	1.146	1.115	1.201	1.158	1.045	1.105	1.102	1.097	1.113	1.099	1.079	1.114	1.274	1.109	1.200	1.142	1.095	1.104	1.143	1.110	1.145	1.103	1.117	1.136	1.136	1.145	1.178	1.123	1.089	1.122	1.125	1.132	1.149	1.092	1.107	1.145	1.145	1.147	1.214	1.137	1.165	1.124	1.130	1.121	1.145	1.111	1.243	1.066	1.346	1.171	1.197	1.124	1.132	1.138	1.122	1.154	1.168	1.074	1.177	1.186	1.172	1.380	1.274	1.138	1.215	1.219	1.244	1.208	1.230	1.151	1.104	1.202	1.220	1.219	1.262
40:00:39	23.1	1.114	1.107	1.111	1.165	1.119	1.129	1.140	1.207	1.230	0.967	1.200	1.478	1.140	1.105	1.151	1.071	1.100	0.806	1.074	1.100	1.102	1.148	1.115	1.191	1.157	1.049	1.109	1.104	1.095	1.112	1.099	1.065	1.113	1.286	1.113	1.196	1.143	1.090	1.107	1.144	1.107	1.139	1.105	1.117	1.134	1.133	1.147	1.187	1.120	1.088	1.118	1.121	1.128	1.146	1.096	1.108	1.143	1.146	1.147	1.221	1.134	1.162	1.120	1.121	1.115	1.141	1.112	1.249	1.060	1.327	1.171	1.201	1.134	1.141	1.128	1.123	1.157	1.177	1.074	1.177	1.187	1.168	1.385	1.275	1.137	1.234	1.220	1.236	1.217	1.207	1.154	1.059	1.206	1.209	1.214	1.272
41:00:40	23.6	1.115	1.111	1.112	1.169	1.119	1.128	1.140	1.222	1.280	0.971	1.200	1.486	1.138	1.103	1.144	1.070	1.095	0.803	1.073	1.095	1.096	1.142	1.113	1.193	1.150	1.049	1.098	1.098	1.091	1.109	1.099	1.079	1.113	1.272	1.112	1.192	1.137	1.100	1.100	1.141	1.103	1.138	1.098	1.118	1.129	1.127	1.144	1.187	1.124	1.079	1.114	1.118	1.121	1.143	1.095	1.107	1.140	1.143	1.138	1.223	1.114	1.164	1.116	1.128	1.111	1.142	1.114	1.247	1.054	1.309	1.168	1.198	1.137	1.129	1.126	1.118	1.149	1.157	1.071	1.170	1.181	1.161	1.381	1.267	1.136	1.212	1.219	1.231	1.203	1.184	1.150	1.013	1.194	1.200	1.207	1.270
42:00:40	23.8	1.115	1.122	1.115	1.184	1.117	1.131	1.144	1.264	1.375	0.981	1.219	1.465	1.142	1.106	1.143	1.073	1.092	0.799	1.078	1.097	1.099	1.142	1.113	1.187	1.138	1.055	1.107	1.100	1.090	1.110	1.102	1.058	1.114	1.271	1.120	1.193	1.141	1.086	1.105	1.141	1.101	1.131	1.100	1.115	1.128	1.128	1.151	1.197	1.130	1.078	1.113	1.117	1.119	1.139	1.099	1.106	1.140	1.140	1.140	1.227	1.120	1.162	1.113	1.124	1.113	1.138	1.106	1.245	1.049	1.287	1.170	1.204	1.148	1.131	1.120	1.114	1.148	1.165	1.071	1.170	1.181	1.156	1.387	1.265	1.143	1.232	1.215	1.221	1.201	1.160	1.158	0.975	1.198	1.196	1.204	1.285
43:00:41	23.7	1.119	1.131	1.120	1.190	1.119	1.135	1.149	1.281	1.400	0.992	1.219	1.483	1.142	1.109	1.134	1.078	1.092	0.796	1.080	1.098	1.092	1.143	1.115	1.198	1.144	1.053	1.093	1.097	1.093	1.108	1.104	1.085	1.117	1.265	1.123	1.195	1.158	1.106	1.094	1.139	1.099	1.134	1.095	1.118	1.130	1.134	1.150	1.201	1.138	1.079	1.109	1.114	1.117	1.138	1.099	1.109	1.139	1.144	1.135	1.232	1.096	1.157	1.110	1.116	1.112	1.144	1.109	1.238	1.046	1.283	1.168	1.200	1.149	1.131	1.112	1.112	1.140	1.138	1.074	1.166	1.178	1.158	1.375	1.259	1.142	1.212	1.248	1.221	1.186	1.158	1.159	0.975	1.191	1.188	1.198	1.279
44:00:42	23.7	1.122	1.132	1.121	1.212	1.111	1.130	1.152	1.326	1.399	0.999	1.238	1.466	1.145	1.105	1.132	1.081	1.087	0.794	1.083	1.096	1.093	1.140	1.115	1.192	1.145	1.055	1.099	1.098	1.090	1.109	1.105	1.077	1.116	1.263	1.128	1.192	1.157	1.098	1.093	1.137	1.095	1.129	1.094	1.118	1.129	1.134	1.153	1.205	1.139	1.083	1.105	1.113	1.112	1.136	1.101	1.108	1.136	1.139	1.132	1.235	1.093	1.154	1.103	1.125	1.101	1.140	1.101	1.238	1.042	1.249	1.164	1.204	1.151	1.127	1.104	1.106	1.129	1.132	1.070	1.162	1.172	1.148	1.379	1.251	1.136	1.200	1.201	1.193	1.172	1.131	1.162	0.984	1.185	1.175	1.186	1.284
45:00:43	23.5	1.122	1.139	1.117	1.236	1.108	1.129	1.158	1.323	1.393	1.008	1.253	1.448	1.146	1.106	1.133	1.086	1.086	0.797	1.088	1.099	1.093	1.143	1.121	1.190	1.153	1.059	1.103	1.103	1.099	1.113	1.111	1.066	1.116	1.271	1.136	1.196	1.187	1.086	1.098	1.138	1.093	1.133	1.098	1.122	1.135	1.139	1.157	1.210	1.141	1.095	1.105	1.114	1.113	1.138	1.107	1.113	1.138	1.138	1.133	1.240	1.092	1.154	1.098	1.127	1.103	1.141	1.101	1.241	1.042	1.257	1.165	1.203	1.177	1.139	1.099	1.105	1.126	1.135	1.068	1.163	1.173	1.147	1.384	1.244	1.178	1.177	1.184	1.190	1.169	1.125	1.165	0.998	1.181	1.167	1.180	1.300
46:00:44	23.5	1.120	1.137	1.112	1.265	1.103	1.128	1.164	1.340	1.380	1.018	1.275	1.449	1.149	1.105	1.127	1.086	1.083	0.798	1.090	1.097	1.090	1.141	1.120	1.189	1.152	1.061	1.100	1.102	1.100	1.112	1.111	1.087	1.115	1.264	1.140	1.196	1.199	1.101	1.094	1.135	1.090	1.131	1.095	1.126	1.135	1.137	1.156	1.211	1.136	1.096	1.103	1.111	1.108	1.137	1.107	1.110	1.135	1.139	1.131	1.245	1.097	1.148	1.092	1.108	1.103	1.142	1.098	1.238	1.042	1.228	1.163	1.201	1.182	1.135	1.094	1.099	1.124	1.127	1.075	1.161	1.168	1.142	1.379	1.238	1.214	1.168	1.197	1.180	1.158	1.128	1.167	1.035	1.173	1.160	1.173	1.307
47:00:45	23.5	1.116	1.128	1.108	1.266	1.095	1.119	1.161	1.335	1.375	1.021	1.277	1.420	1.143	1.101	1.117	1.085	1.077	0.794	1.090	1.093	1.089	1.135	1.119	1.188	1.152	1.060	1.094	1.101	1.101	1.113	1.107	1.090	1.112	1.257	1.139	1.191	1.194	1.103	1.090	1.133	1.087	1.127	1.091	1.124	1.132	1.133	1.150	1.211	1.128	1.091	1.100	1.106	1.101	1.131	1.105	1.108	1.130	1.134	1.126	1.245	1.095	1.141	1.088	1.100	1.103	1.139	1.093	1.234	1.038	1.238	1.158	1.196	1.186	1.138	1.091	1.094	1.120	1.122	1.076	1.158	1.166	1.136	1.371	1.227	1.204	1.158	1.200	1.179	1.148	1.123	1.166	1.123	1.164	1.152	1.164	1.312
48:00:45	23.5	1.115	1.123	1.103	1.326	1.091	1.119	1.188	1.351	1.339	1.037	1.309	1.376	1.151	1.102	1.117	1.084	1.073	0.798	1.091	1.092	1.087	1.134	1.119	1.192	1.142	1.065	1.096	1.102	1.104	1.113	1.107	1.064	1.112	1.256	1.146	1.196	1.154	1.091	1.091	1.132	1.085	1.125	1.091	1.123	1.131	1.133	1.150	1.215	1.158	1.099	1.097	1.102	1.098	1.129	1.106	1.109	1.128	1.132	1.125	1.252	1.150	1.138	1.084	1.105	1.103	1.136	1.091	1.233	1.040	1.227	1.156	1.199	1.160	1.140	1.088	1.094	1.116	1.131	1.076	1.157	1.162	1.132	1.371	1.229	1.196	1.152	1.202	1.158	1.143	1.124	1.171	1.111	1.164	1.153	1.164	1.309
49:00:47	23.5	1.109	1.113	1.100	1.337	1.082	1.114	1.198	1.347	1.331	1.042	1.310	1.349	1.151	1.095	1.107	1.080	1.063	0.794	1.086	1.087	1.084	1.127	1.115	1.184	1.129	1.062	1.089	1.095	1.097	1.108	1.102	1.073	1.103	1.246	1.143	1.198	1.169	1.083	1.083	1.125	1.080	1.119	1.085	1.115	1.121	1.125	1.142	1.214	1.182	1.093	1.091	1.095	1.090	1.122	1.105	1.102	1.120	1.124	1.118	1.252	1.159	1.127	1.075	1.097	1.092	1.128	1.085	1.221	1.037	1.213	1.146	1.198	1.152	1.116	1.078	1.088	1.107	1.117	1.070	1.149	1.151	1.123	1.353	1.220	1.165	1.143	1.196	1.165	1.131	1.112	1.168	1.150	1.155	1.144	1.156	1.297
50:00:47	23.6	1.098	1.105	1.095	1.380	1.076	1.110	1.230	1.337	1.300	1.062	1.341	1.252	1.157	1.093	1.103	1.077	1.060	0.793	1.083	1.081	1.079	1.123	1.113	1.189	1.127	1.064	1.089	1.094	1.096	1.105	1.099	1.054	1.101	1.241	1.144	1.203	1.170	1.080	1.081	1.124	1.078	1.113	1.083	1.109	1.116	1.120	1.137	1.216	1.237	1.088	1.086	1.089	1.084	1.117	1.102	1.098	1.114	1.120	1.114	1.255	1.212	1.124	1.070	1.096	1.091	1.122	1.082	1.220	1.036	1.224	1.142	1.196	1.139	1.128	1.073	1.083	1.103	1.118	1.059	1.141	1.146	1.118	1.350	1.213	1.137	1.136	1.151	1.168	1.124	1.108	1.168	1.196	1.155	1.143	1.156	1.291
51:00:49	23.7	1.099	1.105	1.091	1.382	1.075	1.110	1.236	1.333	1.297	1.067	1.320	1.129	1.155	1.091	1.090	1.074	1.050	0.791	1.080	1.078	1.074	1.116	1.109	1.189	1.133	1.063	1.077	1.087	1.089	1.097	1.094	1.089	1.096	1.221	1.141	1.198	1.173	1.091	1.070	1.117	1.073	1.106	1.076	1.104	1.111	1.114	1.129	1.218	1.263	1.079	1.082	1.086	1.075	1.111	1.099	1.093	1.110	1.116	1.109	1.247	1.200	1.119	1.065	1.081	1.091	1.118	1.076	1.209	1.035	1.204	1.136	1.195	1.144	1.107	1.071	1.081	1.099	1.100	1.070	1.135	1.138	1.111	1.329	1.208	1.125	1.127	1.166	1.183	1.115	1.119	1.170	1.213	1.150	1.140	1.153	1.272
52:00:49	23.9	1.088	1.091	1.088	1.369	1.067	1.106	1.308	1.316	1.277	1.107	1.368	1.210	1.166	1.086	1.086	1.069	1.044	0.789	1.075	1.071	1.070	1.110	1.108	1.190	1.113	1.064	1.078	1.082	1.086	1.092	1.090	1.044	1.091	1.223	1.141	1.215	1.144	1.062	1.068	1.112	1.070	1.098	1.070	1.096	1.104	1.106	1.127	1.222	1.263	1.074	1.073	1.079	1.069	1.102	1.096	1.087	1.101	1.109	1.104	1.260	1.156	1.114	1.061	1.078	1.084	1.108	1.074	1.203	1.034	1.207	1.131	1.197	1.142	1.119	1.067	1.077	1.096	1.106	1.057	1.128	1.132	1.107	1.326	1.207	1.121	1.121	1.141	1.172	1.111	1.100	1.167	1.217	1.149	1.138	1.155	1.280
53:00:50	23.9	1.082	1.088	1.083	1.353	1.063	1.105	1.319	1.305	1.269	1.115	1.349	1.081	1.160	1.081	1.075	1.063	1.036	0.791	1.069	1.066	1.063	1.104	1.103	1.187	1.109	1.062	1.071	1.075	1.079	1.083	1.082	1.074	1.087	1.207	1.138	1.205	1.148	1.084	1.059	1.107	1.067	1.089	1.062	1.089	1.095	1.099	1.119	1.223	1.284	1.070	1.067	1.072	1.062	1.094	1.090	1.080	1.095	1.103	1.099	1.249	1.132	1.105	1.055	1.072	1.077	1.101	1.066	1.191	1.030	1.208	1.124	1.194	1.140	1.106	1.063	1.073	1.092	1.093	1.065	1.119	1.123	1.099	1.310	1.198	1.112	1.113	1.175	1.178	1.103	1.112	1.164	1.194	1.144	1.135	1.150	1.252
54:00:50	23.7	1.079	1.083	1.083	1.330	1.059	1.102	1.340	1.302	1.262	1.145	1.352	1.096	1.160	1.081	1.069	1.062	1.031	0.793	1.067	1.061	1.061	1.102	1.102	1.177	1.106	1.063	1.069	1.071	1.074	1.079	1.080	1.074	1.083	1.203	1.140	1.216	1.139	1.075	1.054	1.104	1.066	1.083	1.058	1.084	1.092	1.095	1.116	1.224	1.275	1.065	1.063	1.069	1.056	1.088	1.088	1.077	1.090	1.099	1.098	1.250	1.141	1.100	1.052	1.063	1.074	1.099	1.062	1.182	1.031	1.204	1.119	1.194	1.144	1.101	1.060	1.070	1.087	1.090	1.065	1.115	1.119	1.097	1.302	1.198	1.096	1.108	1.177	1.163	1.098	1.096	1.162	1.140	1.142	1.130	1.148	1.209
55:00:52	23.5	1.075	1.077	1.084	1.322	1.057	1.110	1.377	1.295	1.256	1.203	1.376	1.094	1.171	1.082	1.073	1.063	1.033	0.789	1.067	1.060	1.065	1.105	1.103	1.172	1.104	1.069	1.073	1.071	1.074	1.079	1.081	1.046	1.083	1.212	1.145	1.226	1.109	1.051	1.056	1.105	1.070	1.080	1.060	1.085	1.090	1.097	1.115	1.226	1.181	1.068	1.063	1.071	1.053	1.086	1.092	1.077	1.091	1.101	1.101	1.270	1.136	1.100	1.050	1.069	1.071	1.094	1.063	1.182	1.035	1.214	1.119	1.206	1.145	1.096	1.063	1.070	1.087	1.095	1.062	1.115	1.118	1.100	1.301	1.207	1.098	1.111	1.158	1.162	1.110	1.105	1.165	1.094	1.145	1.135	1.150	1.193
56:00:53	23.3	1.068	1.077	1.083	1.313	1.057	1.110	1.370	1.293	1.250	1.218	1.371	1.071	1.166	1.082	1.071	1.062	1.032	0.796	1.066	1.059	1.068	1.105	1.104	1.172	1.108	1.075	1.075	1.069	1.073	1.079	1.081	1.066	1.082	1.210	1.145	1.224	1.113	1.059	1.055	1.105	1.071	1.078	1.057	1.085	1.089	1.094	1.113	1.227	1.125	1.069	1.063	1.072	1.054	1.083	1.095	1.073	1.088	1.099	1.101	1.272	1.130	1.101	1.049	1.068	1.072	1.092	1.064	1.177	1.039	1.214	1.117	1.203	1.141	1.109	1.064	1.072	1.086	1.094	1.066	1.111	1.116	1.099	1.294	1.200	1.088	1.108	1.161	1.163	1.112	1.111	1.161	1.058	1.144	1.135	1.150	1.156
57:00:54	23.1	1.055	1.072	1.086	1.299	1.050	1.111	1.379	1.289	1.252	1.254	1.402	1.085	1.167	1.081	1.068	1.062	1.028	0.792	1.065	1.057	1.069	1.102	1.103	1.178	1.112	1.076	1.079	1.069	1.070	1.075	1.080	1.081	1.079	1.208	1.148	1.231	1.128	1.063	1.050	1.102	1.073	1.074	1.056	1.083	1.086	1.090	1.109	1.231	1.077	1.071	1.061	1.071	1.052	1.078	1.093	1.073	1.087	1.097	1.100	1.281	1.110	1.101	1.049	1.065	1.079	1.088	1.065	1.173	1.040	1.218	1.114	1.208	1.142	1.097	1.065	1.071	1.086	1.093	1.060	1.109	1.112	1.095	1.286	1.205	1.080	1.111	1.170	1.171	1.114	1.115	1.159	1.025	1.142	1.133	1.148	1.146
58:00:55	22.9	1.048	1.071	1.087	1.295	1.052	1.120	1.370	1.290	1.253	1.290	1.407	1.068	1.165	1.084	1.065	1.065	1.031	0.798	1.066	1.056	1.076	1.107	1.105	1.182	1.120	1.088	1.088	1.069	1.074	1.076	1.084	1.094	1.081	1.209	1.154	1.250	1.131	1.063	1.052	1.106	1.077	1.074	1.058	1.086	1.090	1.091	1.110	1.231	1.075	1.079	1.062	1.074	1.053	1.077	1.097	1.073	1.086	1.100	1.102	1.294	1.098	1.106	1.048	1.065	1.072	1.085	1.062	1.170	1.045	1.216	1.115	1.206	1.138	1.093	1.068	1.074	1.087	1.094	1.085	1.107	1.110	1.096	1.282	1.195	1.077	1.124	1.182	1.173	1.126	1.123	1.162	0.985	1.144	1.137	1.150	1.129
59:00:56	22.7	1.051	1.073	1.089	1.306	1.055	1.129	1.402	1.287	1.240	1.300	1.414	1.054	1.167	1.085	1.068	1.065	1.034	0.808	1.067	1.059	1.078	1.106	1.106	1.183	1.117	1.091	1.092	1.069	1.075	1.078	1.085	1.091	1.082	1.214	1.155	1.264	1.139	1.054	1.054	1.107	1.081	1.073	1.061	1.088	1.091	1.093	1.111	1.227	1.069	1.083	1.064	1.078	1.054	1.078	1.101	1.077	1.088	1.103	1.105	1.305	1.121	1.104	1.047	1.069	1.071	1.086	1.064	1.169	1.051	1.236	1.118	1.213	1.133	1.094	1.069	1.077	1.087	1.097	1.085	1.107	1.111	1.095	1.284	1.196	1.074	1.142	1.154	1.178	1.156	1.125	1.165	0.953	1.146	1.138	1.156	1.121
60:00:57	22.5	1.042	1.073	1.093	1.300	1.058	1.154	1.404	1.288	1.231	1.316	1.436	1.054	1.175	1.089	1.069	1.068	1.034	0.811	1.068	1.059	1.090	1.105	1.107	1.205	1.125	1.102	1.101	1.071	1.077	1.078	1.087	1.082	1.084	1.227	1.162	1.284	1.150	1.055	1.060	1.111	1.083	1.073	1.063	1.092	1.093	1.094	1.113	1.230	1.066	1.090	1.067	1.081	1.057	1.078	1.103	1.078	1.085	1.105	1.111	1.329	1.126	1.109	1.051	1.081	1.075	1.086	1.068	1.171	1.055	1.247	1.120	1.220	1.133	1.114	1.075	1.079	1.089	1.105	1.066	1.106	1.111	1.096	1.283	1.205	1.071	1.175	1.123	1.171	1.195	1.123	1.172	0.913	1.150	1.145	1.163	1.123
61:00:57	22.7	1.043	1.071	1.094	1.293	1.058	1.179	1.406	1.285	1.218	1.331	1.428	1.045	1.175	1.087	1.065	1.067	1.031	0.808	1.064	1.055	1.085	1.101	1.104	1.226	1.127	1.098	1.095	1.066	1.073	1.073	1.083	1.082	1.082	1.225	1.158	1.288	1.149	1.055	1.052	1.108	1.082	1.068	1.060	1.089	1.087	1.089	1.108	1.220	1.047	1.086	1.064	1.078	1.054	1.073	1.102	1.074	1.081	1.098	1.105	1.351	1.124	1.106	1.046	1.075	1.069	1.079	1.063	1.161	1.055	1.244	1.116	1.221	1.120	1.099	1.071	1.078	1.088	1.099	1.067	1.101	1.105	1.090	1.276	1.209	1.063	1.186	1.112	1.171	1.185	1.131	1.175	0.895	1.148	1.146	1.166	1.117
62:00:58	22.8	1.023	1.074	1.096	1.293	1.063	1.234	1.399	1.276	1.201	1.343	1.423	1.042	1.182	1.087	1.061	1.067	1.031	0.807	1.064	1.058	1.090	1.103	1.107	1.275	1.130	1.104	1.098	1.067	1.074	1.073	1.085	1.062	1.084	1.228	1.162	1.305	1.155	1.051	1.055	1.107	1.085	1.067	1.062	1.092	1.088	1.090	1.110	1.215	1.042	1.089	1.061	1.079	1.053	1.071	1.105	1.076	1.079	1.101	1.111	1.384	1.122	1.110	1.046	1.075	1.071	1.081	1.062	1.155	1.057	1.259	1.121	1.223	1.121	1.103	1.077	1.080	1.089	1.103	1.063	1.101	1.106	1.093	1.272	1.214	1.060	1.197	1.131	1.179	1.167	1.136	1.183	0.893	1.153	1.155	1.172	1.117
63:00:59	22.9	1.014	1.079	1.108	1.286	1.072	1.330	1.393	1.276	1.192	1.337	1.432	1.041	1.194	1.092	1.060	1.069	1.029	0.806	1.064	1.058	1.090	1.103	1.106	1.321	1.132	1.106	1.099	1.063	1.074	1.069	1.086	1.070	1.086	1.226	1.163	1.311	1.149	1.060	1.052	1.108	1.086	1.065	1.063	1.092	1.084	1.089	1.112	1.210	1.040	1.096	1.062	1.082	1.051	1.067	1.104	1.073	1.078	1.103	1.110	1.421	1.138	1.110	1.046	1.072	1.073	1.079	1.064	1.154	1.058	1.266	1.123	1.233	1.117	1.097	1.078	1.083	1.092	1.098	1.070	1.099	1.103	1.089	1.267	1.223	1.058	1.177	1.126	1.194	1.159	1.150	1.190	0.869	1.160	1.157	1.179	1.111
64:00:59	23.1	1.017	1.080	1.123	1.281	1.081	1.337	1.389	1.271	1.171	1.340	1.439	1.026	1.202	1.091	1.057	1.068	1.028	0.808	1.065	1.058	1.088	1.101	1.109	1.345	1.127	1.107	1.099	1.062	1.071	1.067	1.087	1.072	1.086	1.232	1.164	1.305	1.148	1.053	1.050	1.105	1.086	1.061	1.059	1.091	1.082	1.088	1.112	1.204	1.034	1.097	1.059	1.079	1.048	1.062	1.102	1.072	1.075	1.101	1.111	1.435	1.099	1.112	1.045	1.071	1.074	1.075	1.061	1.146	1.057	1.261	1.124	1.232	1.109	1.087	1.080	1.084	1.093	1.100	1.071	1.096	1.100	1.088	1.260	1.230	1.059	1.145	1.118	1.187	1.163	1.163	1.193	0.856	1.160	1.159	1.184	1.103
65:01:00	23.2	1.038	1.080	1.132	1.275	1.082	1.328	1.391	1.270	1.144	1.349	1.438	1.005	1.200	1.089	1.050	1.068	1.021	0.804	1.061	1.056	1.081	1.093	1.106	1.345	1.117	1.101	1.094	1.057	1.066	1.061	1.081	1.091	1.084	1.223	1.159	1.287	1.131	1.065	1.044	1.103	1.081	1.056	1.056	1.087	1.077	1.083	1.108	1.184	1.021	1.102	1.058	1.077	1.044	1.057	1.099	1.068	1.070	1.095	1.109	1.432	1.089	1.113	1.043	1.068	1.075	1.069	1.061	1.139	1.054	1.266	1.122	1.229	1.102	1.067	1.078	1.083	1.095	1.093	1.068	1.093	1.098	1.082	1.245	1.230	1.055	1.163	1.133	1.175	1.151	1.150	1.191	0.867	1.160	1.161	1.186	1.081
66:01:01	23.5	1.018	1.089	1.212	1.263	1.125	1.378	1.378	1.266	1.138	1.353	1.444	1.014	1.192	1.093	1.049	1.069	1.021	0.807	1.062	1.057	1.085	1.091	1.107	1.370	1.115	1.104	1.098	1.058	1.067	1.059	1.084	1.074	1.085	1.232	1.165	1.245	1.117	1.061	1.049	1.105	1.083	1.055	1.056	1.087	1.075	1.083	1.111	1.183	1.014	1.093	1.057	1.080	1.044	1.054	1.100	1.068	1.067	1.098	1.111	1.457	1.076	1.115	1.043	1.070	1.070	1.067	1.056	1.135	1.055	1.270	1.123	1.236	1.096	1.076	1.080	1.085	1.094	1.098	1.060	1.092	1.097	1.083	1.239	1.249	1.046	1.157	1.101	1.190	1.163	1.153	1.204	0.851	1.166	1.169	1.199	1.084
67:01:03	23.8	1.010	1.094	1.266	1.250	1.178	1.385	1.375	1.261	1.126	1.342	1.441	1.004	1.173	1.089	1.040	1.066	1.014	0.798	1.058	1.053	1.075	1.087	1.105	1.378	1.105	1.095	1.090	1.052	1.058	1.051	1.079	1.075	1.083	1.228	1.163	1.230	1.090	1.061	1.040	1.099	1.079	1.047	1.051	1.080	1.069	1.078	1.107	1.172	1.012	1.095	1.053	1.076	1.040	1.046	1.095	1.064	1.063	1.094	1.110	1.468	1.075	1.114	1.040	1.065	1.073	1.063	1.055	1.125	1.050	1.281	1.121	1.234	1.089	1.066	1.078	1.084	1.094	1.097	1.060	1.089	1.092	1.081	1.228	1.261	1.031	1.152	1.097	1.151	1.150	1.151	1.207	0.852	1.166	1.167	1.199	1.068
68:01:04	24.3	1.003	1.113	1.298	1.244	1.246	1.395	1.370	1.251	1.107	1.343	1.438	0.987	1.174	1.091	1.036	1.065	1.012	0.801	1.057	1.053	1.074	1.085	1.105	1.367	1.104	1.093	1.088	1.047	1.057	1.048	1.077	1.067	1.084	1.227	1.161	1.221	1.076	1.061	1.040	1.100	1.081	1.044	1.049	1.079	1.065	1.078	1.108	1.153	0.994	1.088	1.051	1.077	1.038	1.044	1.094	1.062	1.060	1.093	1.112	1.454	1.048	1.119	1.042	1.066	1.072	1.061	1.053	1.119	1.049	1.276	1.123	1.234	1.086	1.066	1.079	1.086	1.095	1.097	1.051	1.090	1.092	1.080	1.219	1.272	1.029	1.117	1.093	1.163	1.161	1.136	1.210	0.858	1.168	1.169	1.205	1.062
69:01:05	24.6	0.980	1.138	1.313	1.232	1.255	1.389	1.365	1.248	1.064	1.331	1.396	0.970	1.172	1.087	1.029	1.062	1.008	0.795	1.054	1.051	1.064	1.082	1.106	1.332	1.103	1.088	1.081	1.042	1.055	1.042	1.073	1.073	1.083	1.212	1.158	1.214	1.065	1.059	1.035	1.095	1.076	1.038	1.044	1.073	1.059	1.073	1.105	1.136	0.980	1.097	1.048	1.076	1.035	1.037	1.089	1.059	1.055	1.093	1.111	1.432	1.031	1.122	1.042	1.060	1.072	1.057	1.052	1.107	1.045	1.287	1.122	1.231	1.080	1.055	1.079	1.086	1.095	1.095	1.047	1.087	1.091	1.079	1.204	1.273	1.019	1.117	1.087	1.171	1.149	1.107	1.214	0.836	1.166	1.167	1.204	1.038
70:01:06	25.1	0.981	1.215	1.376	1.219	1.312	1.396	1.364	1.238	1.079	1.329	1.424	0.967	1.143	1.090	1.022	1.061	1.003	0.791	1.053	1.048	1.063	1.073	1.103	1.323	1.090	1.084	1.077	1.038	1.052	1.035	1.071	1.053	1.081	1.218	1.170	1.173	1.046	1.041	1.033	1.097	1.081	1.033	1.043	1.070	1.053	1.071	1.106	1.129	0.979	1.070	1.046	1.075	1.027	1.031	1.087	1.058	1.051	1.090	1.111	1.445	1.020	1.125	1.044	1.066	1.067	1.052	1.047	1.101	1.044	1.280	1.120	1.239	1.073	1.074	1.081	1.088	1.094	1.098	1.047	1.085	1.090	1.078	1.195	1.294	1.004	1.102	1.106	1.140	1.112	1.095	1.228	0.833	1.173	1.170	1.218	1.033
71:01:05	25.5	0.948	1.240	1.393	1.206	1.314	1.386	1.342	1.238	1.061	1.319	1.406	0.965	1.162	1.085	1.011	1.054	0.995	0.783	1.046	1.042	1.049	1.070	1.098	1.263	1.083	1.073	1.067	1.029	1.044	1.025	1.063	1.052	1.075	1.198	1.161	1.158	1.020	1.050	1.023	1.091	1.075	1.024	1.033	1.060	1.043	1.063	1.101	1.120	0.967	1.081	1.043	1.073	1.022	1.021	1.078	1.052	1.046	1.085	1.107	1.399	1.014	1.129	1.046	1.060	1.065	1.047	1.046	1.091	1.037	1.276	1.119	1.232	1.064	1.059	1.081	1.087	1.095	1.091	1.038	1.082	1.087	1.073	1.179	1.313	0.997	1.101	1.103	1.119	1.108	1.064	1.230	0.824	1.169	1.166	1.225	1.028
72:01:07	25.7	0.942	1.295	1.394	1.194	1.311	1.378	1.323	1.224	1.060	1.309	1.388	0.966	1.135	1.086	1.006	1.049	0.991	0.780	1.042	1.039	1.053	1.061	1.097	1.236	1.067	1.069	1.063	1.025	1.038	1.021	1.058	1.040	1.072	1.202	1.174	1.099	1.001	1.055	1.023	1.090	1.076	1.019	1.030	1.057	1.039	1.062	1.101	1.111	0.958	1.069	1.039	1.069	1.019	1.017	1.075	1.050	1.042	1.084	1.110	1.409	1.008	1.131	1.045	1.062	1.061	1.044	1.043	1.083	1.037	1.299	1.118	1.234	1.056	1.075	1.079	1.087	1.093	1.095	1.050	1.080	1.086	1.072	1.169	1.304	0.978	1.095	1.105	1.113	1.096	1.031	1.243	0.825	1.172	1.170	1.249	1.022

