Time	T° 600	A1	A2	A3	A4	A5	A6	A7	A8	A9	A10	A11	A12	B1	B2	B3	B4	B5	B6	B7	B8	B9	B10	B11	B12	C1	C2	C3	C4	C5	C6	C7	C8	C9	C10	C11	C12	D1	D2	D3	D4	D5	D6	D7	D8	D9	D10	D11	D12	E1	E2	E3	E4	E5	E6	E7	E8	E9	E10	E11	E12	F1	F2	F3	F4	F5	F6	F7	F8	F9	F10	F11	F12	G1	G2	G3	G4	G5	G6	G7	G8	G9	G10	G11	G12	H1	H2	H3	H4	H5	H6	H7	H8	H9	H10	H11	H12
0:00:06	23.8	0.047	0.046	0.050	0.051	0.048	0.049	0.048	0.047	0.049	0.051	0.050	0.050	0.047	0.048	0.049	0.055	0.050	0.050	0.048	0.049	0.049	0.052	0.050	0.051	0.048	0.048	0.049	0.048	0.048	0.050	0.048	0.049	0.050	0.054	0.049	0.051	0.047	0.047	0.048	0.048	0.047	0.049	0.050	0.051	0.048	0.050	0.049	0.050	0.048	0.051	0.048	0.052	0.050	0.049	0.050	0.048	0.049	0.049	0.049	0.048	0.048	0.051	0.051	0.048	0.049	0.048	0.048	0.049	0.048	0.047	0.048	0.049	0.050	0.050	0.051	0.049	0.049	0.048	0.048	0.051	0.051	0.048	0.048	0.049	0.049	0.051	0.049	0.049	0.048	0.048	0.050	0.050	0.052	0.052	0.049	0.049
1:00:03	24.0	0.053	0.052	0.055	0.057	0.053	0.055	0.052	0.053	0.053	0.056	0.056	0.057	0.053	0.053	0.053	0.061	0.055	0.054	0.052	0.054	0.055	0.057	0.055	0.058	0.053	0.054	0.053	0.053	0.053	0.055	0.052	0.054	0.055	0.061	0.054	0.057	0.052	0.054	0.054	0.053	0.051	0.055	0.055	0.056	0.053	0.056	0.055	0.057	0.053	0.056	0.053	0.058	0.055	0.052	0.055	0.053	0.055	0.056	0.053	0.056	0.053	0.056	0.056	0.054	0.054	0.054	0.053	0.054	0.054	0.053	0.054	0.056	0.056	0.055	0.056	0.054	0.054	0.054	0.054	0.056	0.056	0.053	0.054	0.056	0.058	0.058	0.055	0.055	0.054	0.054	0.056	0.056	0.059	0.060	0.054	0.056
2:00:04	24.2	0.068	0.064	0.070	0.070	0.068	0.069	0.066	0.069	0.066	0.072	0.073	0.081	0.068	0.067	0.066	0.079	0.067	0.063	0.067	0.069	0.069	0.073	0.071	0.081	0.070	0.071	0.066	0.067	0.066	0.071	0.066	0.069	0.069	0.084	0.069	0.079	0.069	0.068	0.068	0.062	0.065	0.073	0.069	0.070	0.068	0.071	0.074	0.081	0.066	0.070	0.067	0.072	0.070	0.059	0.070	0.068	0.073	0.075	0.068	0.077	0.069	0.068	0.071	0.069	0.067	0.071	0.069	0.070	0.071	0.071	0.072	0.078	0.072	0.070	0.069	0.068	0.069	0.072	0.064	0.072	0.071	0.069	0.071	0.080	0.072	0.074	0.068	0.068	0.070	0.070	0.072	0.073	0.078	0.080	0.072	0.078
3:00:03	24.1	0.096	0.091	0.101	0.100	0.099	0.100	0.098	0.105	0.101	0.109	0.114	0.124	0.097	0.092	0.094	0.112	0.095	0.084	0.098	0.101	0.100	0.103	0.106	0.120	0.097	0.101	0.090	0.095	0.093	0.101	0.095	0.100	0.098	0.120	0.103	0.118	0.104	0.095	0.096	0.083	0.093	0.107	0.099	0.098	0.100	0.103	0.109	0.121	0.091	0.097	0.093	0.100	0.098	0.073	0.097	0.098	0.105	0.107	0.102	0.113	0.102	0.089	0.099	0.097	0.095	0.102	0.101	0.102	0.104	0.103	0.108	0.116	0.101	0.097	0.096	0.099	0.100	0.103	0.085	0.103	0.104	0.100	0.108	0.121	0.101	0.105	0.097	0.093	0.099	0.104	0.105	0.107	0.116	0.117	0.106	0.116
4:00:04	23.8	0.122	0.118	0.128	0.129	0.131	0.128	0.131	0.144	0.138	0.152	0.151	0.171	0.125	0.118	0.125	0.150	0.123	0.106	0.130	0.137	0.136	0.141	0.145	0.165	0.122	0.128	0.115	0.125	0.125	0.135	0.129	0.136	0.128	0.163	0.142	0.165	0.138	0.122	0.127	0.104	0.127	0.142	0.133	0.127	0.134	0.137	0.146	0.167	0.116	0.124	0.121	0.127	0.129	0.085	0.129	0.131	0.141	0.139	0.138	0.159	0.135	0.111	0.129	0.127	0.125	0.140	0.137	0.141	0.141	0.141	0.152	0.163	0.132	0.129	0.124	0.133	0.136	0.141	0.107	0.140	0.137	0.131	0.146	0.167	0.131	0.139	0.128	0.120	0.132	0.139	0.140	0.146	0.154	0.155	0.145	0.156
5:00:06	23.7	0.155	0.154	0.166	0.157	0.166	0.154	0.168	0.185	0.180	0.200	0.188	0.213	0.159	0.152	0.163	0.200	0.156	0.134	0.172	0.185	0.183	0.190	0.192	0.213	0.153	0.164	0.149	0.159	0.172	0.182	0.179	0.187	0.165	0.222	0.191	0.216	0.179	0.158	0.166	0.132	0.172	0.193	0.181	0.168	0.179	0.185	0.192	0.215	0.149	0.165	0.163	0.165	0.170	0.098	0.176	0.179	0.196	0.187	0.182	0.208	0.169	0.138	0.170	0.169	0.157	0.195	0.185	0.198	0.196	0.196	0.207	0.222	0.168	0.170	0.154	0.176	0.182	0.195	0.135	0.190	0.184	0.169	0.192	0.217	0.164	0.182	0.165	0.153	0.174	0.182	0.183	0.190	0.203	0.198	0.186	0.192
6:00:06	23.5	0.181	0.185	0.194	0.178	0.188	0.183	0.198	0.213	0.236	0.238	0.221	0.239	0.190	0.179	0.185	0.249	0.189	0.159	0.203	0.224	0.234	0.238	0.234	0.253	0.180	0.181	0.177	0.185	0.207	0.220	0.205	0.215	0.189	0.272	0.230	0.254	0.213	0.190	0.193	0.149	0.203	0.228	0.229	0.207	0.222	0.230	0.219	0.259	0.177	0.187	0.185	0.183	0.195	0.113	0.206	0.221	0.212	0.203	0.214	0.253	0.193	0.164	0.202	0.193	0.179	0.225	0.219	0.226	0.233	0.233	0.254	0.270	0.192	0.200	0.176	0.196	0.209	0.229	0.163	0.220	0.221	0.206	0.230	0.264	0.187	0.211	0.189	0.177	0.208	0.207	0.218	0.222	0.241	0.226	0.219	0.231
7:00:07	23.2	0.185	0.199	0.208	0.186	0.201	0.198	0.215	0.226	0.267	0.263	0.246	0.249	0.202	0.197	0.215	0.288	0.204	0.182	0.233	0.243	0.269	0.279	0.257	0.267	0.191	0.204	0.194	0.209	0.255	0.269	0.246	0.282	0.211	0.307	0.264	0.286	0.231	0.207	0.232	0.163	0.228	0.251	0.262	0.230	0.255	0.275	0.243	0.279	0.178	0.199	0.199	0.208	0.226	0.129	0.234	0.243	0.243	0.223	0.248	0.270	0.201	0.186	0.222	0.209	0.192	0.281	0.251	0.298	0.267	0.266	0.307	0.301	0.201	0.220	0.193	0.221	0.234	0.295	0.185	0.263	0.237	0.234	0.260	0.294	0.196	0.229	0.205	0.195	0.222	0.224	0.233	0.249	0.258	0.243	0.244	0.251
8:00:08	22.9	0.205	0.218	0.234	0.201	0.214	0.213	0.232	0.245	0.285	0.277	0.267	0.260	0.217	0.217	0.236	0.331	0.224	0.202	0.251	0.262	0.295	0.308	0.277	0.281	0.213	0.234	0.217	0.233	0.297	0.295	0.297	0.340	0.233	0.339	0.289	0.297	0.245	0.232	0.248	0.184	0.254	0.292	0.293	0.248	0.275	0.308	0.266	0.289	0.194	0.219	0.222	0.235	0.252	0.146	0.268	0.266	0.279	0.253	0.276	0.294	0.223	0.218	0.241	0.235	0.211	0.324	0.283	0.346	0.295	0.299	0.339	0.332	0.221	0.245	0.209	0.246	0.272	0.348	0.211	0.301	0.265	0.262	0.295	0.327	0.210	0.245	0.224	0.219	0.237	0.246	0.254	0.275	0.282	0.274	0.264	0.270
9:00:10	22.6	0.238	0.259	0.276	0.237	0.252	0.243	0.266	0.275	0.319	0.310	0.307	0.293	0.252	0.250	0.272	0.376	0.251	0.233	0.277	0.292	0.341	0.353	0.304	0.309	0.247	0.280	0.255	0.271	0.346	0.342	0.333	0.387	0.258	0.375	0.330	0.331	0.284	0.270	0.278	0.210	0.287	0.341	0.335	0.287	0.319	0.353	0.301	0.329	0.231	0.249	0.257	0.271	0.283	0.166	0.319	0.312	0.326	0.296	0.314	0.333	0.257	0.247	0.277	0.270	0.241	0.378	0.329	0.386	0.341	0.338	0.382	0.376	0.252	0.282	0.237	0.288	0.318	0.400	0.241	0.346	0.300	0.298	0.339	0.371	0.243	0.276	0.256	0.248	0.269	0.280	0.283	0.302	0.326	0.318	0.306	0.313
10:00:11	22.6	0.284	0.303	0.318	0.282	0.299	0.283	0.312	0.326	0.363	0.359	0.350	0.338	0.292	0.295	0.316	0.429	0.291	0.277	0.315	0.338	0.397	0.413	0.345	0.344	0.288	0.330	0.299	0.326	0.404	0.392	0.377	0.442	0.299	0.424	0.382	0.374	0.329	0.320	0.326	0.252	0.334	0.396	0.389	0.339	0.376	0.411	0.348	0.375	0.273	0.296	0.307	0.320	0.324	0.185	0.381	0.372	0.387	0.346	0.362	0.379	0.302	0.273	0.318	0.317	0.280	0.439	0.382	0.437	0.398	0.388	0.427	0.420	0.295	0.337	0.278	0.339	0.369	0.451	0.269	0.402	0.346	0.339	0.391	0.419	0.284	0.327	0.301	0.292	0.315	0.322	0.322	0.339	0.376	0.370	0.356	0.362
11:00:12	22.7	0.333	0.359	0.376	0.338	0.359	0.343	0.368	0.389	0.425	0.420	0.406	0.395	0.350	0.356	0.375	0.487	0.355	0.339	0.374	0.400	0.467	0.480	0.405	0.401	0.340	0.386	0.361	0.395	0.473	0.456	0.435	0.502	0.358	0.487	0.444	0.426	0.382	0.383	0.386	0.309	0.400	0.465	0.465	0.408	0.447	0.478	0.408	0.425	0.333	0.361	0.380	0.386	0.386	0.203	0.460	0.446	0.455	0.408	0.421	0.438	0.356	0.305	0.379	0.382	0.343	0.509	0.451	0.499	0.464	0.453	0.489	0.477	0.350	0.404	0.344	0.404	0.437	0.511	0.321	0.470	0.412	0.395	0.456	0.482	0.342	0.393	0.368	0.360	0.385	0.379	0.383	0.397	0.446	0.436	0.418	0.422
12:00:12	22.7	0.395	0.425	0.448	0.408	0.431	0.413	0.442	0.466	0.495	0.491	0.475	0.461	0.416	0.428	0.448	0.555	0.431	0.406	0.445	0.473	0.542	0.554	0.472	0.468	0.406	0.458	0.437	0.471	0.544	0.531	0.504	0.577	0.426	0.553	0.516	0.496	0.447	0.456	0.456	0.376	0.473	0.537	0.537	0.485	0.523	0.550	0.477	0.491	0.403	0.428	0.458	0.460	0.458	0.215	0.546	0.523	0.525	0.481	0.494	0.504	0.429	0.354	0.446	0.456	0.419	0.581	0.524	0.572	0.531	0.521	0.558	0.540	0.417	0.476	0.420	0.480	0.510	0.588	0.384	0.543	0.484	0.467	0.531	0.549	0.414	0.472	0.445	0.441	0.465	0.461	0.457	0.467	0.514	0.505	0.487	0.490
13:00:13	22.8	0.466	0.506	0.524	0.482	0.506	0.481	0.514	0.546	0.573	0.568	0.554	0.529	0.490	0.503	0.523	0.629	0.509	0.480	0.521	0.554	0.623	0.632	0.553	0.544	0.474	0.534	0.517	0.549	0.620	0.607	0.594	0.661	0.500	0.623	0.595	0.573	0.525	0.534	0.537	0.445	0.554	0.612	0.621	0.568	0.604	0.634	0.555	0.567	0.482	0.508	0.540	0.537	0.532	0.225	0.626	0.604	0.604	0.555	0.574	0.579	0.501	0.422	0.527	0.534	0.499	0.659	0.600	0.652	0.616	0.603	0.640	0.620	0.490	0.549	0.498	0.555	0.585	0.668	0.458	0.622	0.562	0.553	0.617	0.629	0.496	0.544	0.527	0.520	0.542	0.531	0.531	0.540	0.594	0.584	0.570	0.569
14:00:13	22.9	0.535	0.572	0.589	0.547	0.573	0.545	0.585	0.614	0.640	0.632	0.626	0.600	0.561	0.575	0.600	0.699	0.575	0.554	0.593	0.627	0.697	0.704	0.628	0.611	0.540	0.604	0.591	0.625	0.700	0.684	0.674	0.736	0.571	0.690	0.667	0.643	0.596	0.609	0.613	0.516	0.632	0.681	0.692	0.638	0.681	0.709	0.630	0.637	0.552	0.579	0.613	0.608	0.607	0.236	0.699	0.675	0.680	0.625	0.648	0.650	0.571	0.489	0.605	0.610	0.573	0.731	0.673	0.729	0.695	0.682	0.714	0.691	0.561	0.620	0.569	0.628	0.661	0.748	0.533	0.692	0.637	0.640	0.690	0.701	0.571	0.620	0.604	0.593	0.616	0.602	0.605	0.610	0.669	0.658	0.642	0.638
15:00:15	23.0	0.578	0.621	0.639	0.601	0.626	0.603	0.641	0.666	0.697	0.687	0.681	0.654	0.621	0.631	0.660	0.761	0.632	0.621	0.650	0.687	0.760	0.764	0.690	0.669	0.594	0.661	0.649	0.686	0.753	0.744	0.741	0.782	0.630	0.752	0.733	0.706	0.652	0.671	0.676	0.574	0.695	0.741	0.749	0.702	0.744	0.770	0.693	0.696	0.601	0.621	0.670	0.664	0.667	0.240	0.757	0.734	0.740	0.681	0.713	0.710	0.629	0.534	0.663	0.673	0.634	0.792	0.734	0.800	0.756	0.743	0.779	0.752	0.612	0.682	0.626	0.679	0.718	0.808	0.587	0.756	0.693	0.709	0.757	0.763	0.624	0.686	0.666	0.653	0.675	0.667	0.669	0.658	0.729	0.716	0.701	0.696
16:00:16	23.2	0.635	0.663	0.684	0.651	0.679	0.655	0.689	0.716	0.744	0.740	0.746	0.711	0.673	0.678	0.708	0.808	0.687	0.675	0.699	0.737	0.808	0.815	0.739	0.724	0.646	0.709	0.695	0.738	0.806	0.797	0.802	0.836	0.686	0.806	0.784	0.756	0.706	0.725	0.729	0.628	0.746	0.796	0.806	0.756	0.796	0.822	0.755	0.754	0.652	0.678	0.720	0.712	0.729	0.255	0.813	0.786	0.801	0.736	0.768	0.761	0.681	0.577	0.719	0.734	0.686	0.848	0.781	0.858	0.813	0.805	0.836	0.808	0.663	0.739	0.678	0.740	0.772	0.862	0.639	0.806	0.755	0.776	0.817	0.818	0.674	0.721	0.719	0.705	0.725	0.718	0.716	0.707	0.791	0.780	0.756	0.754
17:00:17	23.5	0.676	0.706	0.720	0.692	0.714	0.699	0.729	0.756	0.782	0.785	0.792	0.758	0.718	0.719	0.750	0.837	0.732	0.725	0.742	0.782	0.839	0.842	0.784	0.765	0.693	0.750	0.731	0.772	0.831	0.835	0.836	0.867	0.737	0.851	0.823	0.807	0.748	0.770	0.772	0.671	0.789	0.839	0.841	0.799	0.832	0.856	0.802	0.800	0.694	0.705	0.759	0.751	0.773	0.269	0.841	0.823	0.843	0.785	0.811	0.808	0.724	0.610	0.763	0.780	0.731	0.874	0.831	0.891	0.853	0.851	0.884	0.847	0.708	0.777	0.725	0.781	0.812	0.893	0.684	0.850	0.796	0.830	0.859	0.865	0.716	0.765	0.770	0.753	0.770	0.771	0.773	0.749	0.833	0.831	0.809	0.799
18:00:18	24.0	0.722	0.728	0.740	0.725	0.748	0.727	0.755	0.789	0.800	0.818	0.819	0.797	0.758	0.752	0.784	0.873	0.767	0.760	0.771	0.818	0.868	0.875	0.819	0.798	0.729	0.783	0.762	0.804	0.872	0.864	0.873	0.898	0.769	0.891	0.860	0.832	0.784	0.807	0.811	0.709	0.817	0.875	0.875	0.834	0.867	0.889	0.839	0.831	0.729	0.754	0.791	0.785	0.803	0.290	0.879	0.860	0.876	0.818	0.846	0.839	0.765	0.646	0.800	0.818	0.765	0.927	0.864	0.931	0.890	0.888	0.923	0.886	0.748	0.819	0.762	0.817	0.851	0.939	0.722	0.882	0.841	0.865	0.902	0.904	0.758	0.804	0.812	0.789	0.806	0.804	0.807	0.786	0.872	0.871	0.848	0.844
19:00:18	24.0	0.753	0.754	0.765	0.761	0.784	0.762	0.787	0.816	0.832	0.845	0.848	0.835	0.793	0.786	0.815	0.904	0.806	0.795	0.803	0.854	0.902	0.909	0.849	0.834	0.765	0.818	0.792	0.845	0.900	0.899	0.916	0.945	0.804	0.926	0.899	0.866	0.820	0.843	0.845	0.745	0.851	0.915	0.910	0.870	0.901	0.927	0.870	0.865	0.759	0.790	0.820	0.822	0.842	0.332	0.908	0.900	0.917	0.854	0.885	0.875	0.808	0.682	0.830	0.850	0.801	0.959	0.898	0.973	0.932	0.926	0.964	0.925	0.787	0.853	0.801	0.857	0.885	0.964	0.757	0.928	0.875	0.899	0.938	0.942	0.807	0.851	0.860	0.839	0.852	0.859	0.846	0.825	0.924	0.917	0.889	0.888
20:00:19	24.0	0.785	0.786	0.798	0.792	0.820	0.796	0.818	0.844	0.856	0.876	0.876	0.870	0.828	0.824	0.851	0.945	0.838	0.830	0.835	0.887	0.934	0.940	0.880	0.869	0.802	0.859	0.822	0.878	0.924	0.930	0.950	0.969	0.839	0.961	0.930	0.899	0.856	0.884	0.877	0.782	0.893	0.946	0.941	0.907	0.934	0.967	0.906	0.898	0.794	0.826	0.856	0.865	0.882	0.373	0.948	0.935	0.950	0.894	0.925	0.910	0.846	0.717	0.870	0.887	0.837	0.987	0.936	1.002	0.970	0.970	1.001	0.962	0.825	0.887	0.836	0.900	0.928	0.997	0.796	0.967	0.916	0.933	0.987	0.987	0.854	0.900	0.905	0.881	0.899	0.906	0.900	0.868	0.968	0.957	0.925	0.930
21:00:21	24.1	0.804	0.812	0.826	0.819	0.847	0.824	0.847	0.869	0.883	0.902	0.903	0.894	0.851	0.853	0.880	0.973	0.868	0.863	0.866	0.917	0.955	0.974	0.908	0.892	0.827	0.892	0.855	0.910	0.960	0.959	0.984	0.986	0.866	0.981	0.957	0.926	0.886	0.917	0.915	0.816	0.928	0.987	0.977	0.935	0.961	0.992	0.936	0.922	0.826	0.861	0.895	0.899	0.914	0.412	0.974	0.958	0.981	0.928	0.967	0.942	0.886	0.740	0.901	0.918	0.870	1.020	0.976	1.028	0.996	0.994	1.025	0.992	0.864	0.936	0.875	0.942	0.959	1.029	0.838	1.005	0.953	0.961	1.014	1.013	0.903	0.945	0.938	0.927	0.935	0.960	0.935	0.902	1.016	0.994	0.959	0.970
22:00:22	24.1	0.840	0.832	0.846	0.850	0.875	0.847	0.875	0.895	0.904	0.928	0.924	0.925	0.884	0.882	0.913	1.002	0.896	0.894	0.889	0.934	0.974	0.988	0.932	0.922	0.865	0.925	0.875	0.941	0.994	0.973	1.010	1.024	0.897	1.008	0.981	0.957	0.912	0.948	0.940	0.850	0.945	1.007	1.001	0.955	0.984	1.009	0.983	0.960	0.857	0.907	0.925	0.931	0.941	0.455	0.997	0.984	0.996	0.957	0.985	0.965	0.938	0.770	0.931	0.960	0.900	1.046	0.995	1.052	1.025	1.024	1.053	1.013	0.914	0.969	0.906	0.958	0.984	1.055	0.865	1.016	0.985	0.987	1.045	1.045	0.940	0.977	0.997	0.956	0.971	0.991	0.974	0.938	1.054	1.033	0.994	1.002
23:00:21	24.1	0.857	0.848	0.866	0.875	0.902	0.870	0.897	0.914	0.931	0.943	0.942	0.944	0.904	0.904	0.942	1.023	0.919	0.918	0.914	0.956	0.992	1.014	0.955	0.944	0.884	0.939	0.899	0.960	1.012	1.002	1.036	1.061	0.918	1.031	1.002	0.975	0.935	0.964	0.966	0.880	0.975	1.024	1.022	0.985	1.001	1.030	1.013	0.981	0.878	0.938	0.947	0.952	0.958	0.496	1.030	1.007	1.028	0.976	1.008	0.987	0.957	0.798	0.969	0.976	0.923	1.077	1.025	1.085	1.045	1.040	1.081	1.031	0.930	0.990	0.928	0.989	1.009	1.085	0.893	1.045	1.012	1.008	1.072	1.069	0.978	1.011	1.023	0.987	1.002	1.010	1.019	0.962	1.069	1.074	1.011	1.031
24:00:22	24.1	0.882	0.863	0.887	0.902	0.927	0.891	0.913	0.933	0.937	0.962	0.958	0.965	0.921	0.926	0.963	1.044	0.934	0.939	0.930	0.970	1.004	1.030	0.972	0.967	0.906	0.953	0.916	0.984	1.040	1.009	1.063	1.072	0.940	1.035	1.015	0.995	0.955	0.987	0.984	0.908	0.997	1.058	1.044	0.994	1.024	1.059	1.031	1.001	0.899	0.950	0.970	0.977	0.983	0.532	1.054	1.022	1.039	1.008	1.031	1.001	0.976	0.812	0.991	1.007	0.942	1.106	1.040	1.107	1.066	1.056	1.103	1.050	0.968	1.014	0.965	1.002	1.039	1.110	0.925	1.064	1.041	1.027	1.096	1.085	1.020	1.040	1.062	1.004	1.029	1.049	1.038	0.985	1.090	1.089	1.039	1.054
25:00:24	24.1	0.909	0.878	0.905	0.923	0.954	0.916	0.926	0.952	0.962	0.976	0.980	0.984	0.941	0.942	0.982	1.063	0.954	0.961	0.952	0.991	1.032	1.052	0.989	0.989	0.930	0.974	0.937	1.008	1.070	1.031	1.085	1.090	0.962	1.060	1.041	1.014	0.980	1.013	1.015	0.940	1.032	1.082	1.071	1.017	1.059	1.076	1.049	1.024	0.927	0.982	1.002	1.003	1.020	0.569	1.073	1.041	1.070	1.033	1.048	1.024	1.004	0.820	1.017	1.040	0.969	1.136	1.071	1.132	1.097	1.090	1.118	1.074	0.999	1.050	0.991	1.034	1.050	1.133	0.947	1.091	1.068	1.047	1.119	1.107	1.057	1.074	1.073	1.058	1.040	1.090	1.062	1.004	1.138	1.125	1.076	1.086
26:00:25	24.1	0.938	0.885	0.922	0.940	0.974	0.937	0.943	0.967	0.968	0.982	0.996	1.000	0.959	0.964	1.003	1.082	0.964	0.981	0.972	1.009	1.039	1.069	1.008	1.007	0.944	0.981	0.952	1.026	1.092	1.060	1.106	1.115	0.977	1.071	1.055	1.032	0.998	1.028	1.028	0.968	1.044	1.101	1.088	1.037	1.067	1.096	1.067	1.040	0.946	0.999	1.008	1.015	1.033	0.603	1.102	1.071	1.094	1.039	1.063	1.039	1.023	0.829	1.046	1.061	0.988	1.169	1.097	1.154	1.108	1.109	1.140	1.089	1.025	1.074	1.007	1.058	1.080	1.148	0.969	1.114	1.092	1.065	1.142	1.127	1.099	1.087	1.098	1.074	1.053	1.116	1.100	1.026	1.161	1.142	1.104	1.110
27:00:26	24.2	0.968	0.899	0.930	0.963	1.001	0.959	0.955	0.990	0.976	0.999	1.014	1.021	0.978	0.981	1.022	1.102	0.978	0.995	0.984	1.024	1.060	1.089	1.019	1.029	0.961	0.998	0.966	1.040	1.111	1.077	1.128	1.136	0.998	1.075	1.071	1.046	1.012	1.052	1.048	0.988	1.060	1.123	1.106	1.052	1.082	1.118	1.087	1.060	0.969	1.017	1.028	1.038	1.051	0.636	1.116	1.073	1.092	1.059	1.080	1.056	1.049	0.836	1.054	1.074	1.016	1.184	1.108	1.171	1.124	1.120	1.149	1.101	1.040	1.097	1.020	1.081	1.101	1.176	0.981	1.128	1.107	1.078	1.157	1.144	1.127	1.091	1.119	1.090	1.074	1.111	1.108	1.057	1.157	1.167	1.110	1.125
28:00:27	24.2	1.003	0.919	0.937	0.997	1.028	0.985	0.967	1.014	0.992	1.016	1.035	1.036	1.003	0.999	1.045	1.113	0.989	1.012	1.001	1.046	1.070	1.102	1.036	1.052	0.984	1.018	0.980	1.067	1.139	1.088	1.153	1.150	1.016	1.093	1.097	1.062	1.036	1.070	1.064	1.012	1.081	1.140	1.125	1.074	1.098	1.141	1.105	1.069	0.988	1.042	1.044	1.057	1.063	0.669	1.134	1.098	1.130	1.072	1.096	1.080	1.096	0.843	1.069	1.090	1.028	1.204	1.131	1.197	1.156	1.137	1.169	1.127	1.096	1.108	1.040	1.100	1.115	1.208	1.000	1.145	1.133	1.097	1.185	1.162	1.150	1.141	1.135	1.136	1.102	1.160	1.117	1.072	1.178	1.198	1.139	1.135
29:00:28	24.0	1.033	0.926	0.958	1.015	1.048	1.002	0.985	1.034	1.006	1.028	1.055	1.045	1.018	1.018	1.063	1.135	1.000	1.027	1.011	1.057	1.093	1.116	1.050	1.067	1.001	1.032	0.994	1.077	1.147	1.099	1.171	1.179	1.034	1.105	1.107	1.081	1.054	1.080	1.081	1.036	1.103	1.159	1.144	1.085	1.111	1.152	1.116	1.091	1.015	1.049	1.064	1.067	1.091	0.695	1.162	1.121	1.146	1.087	1.113	1.093	1.104	0.849	1.094	1.113	1.046	1.228	1.153	1.214	1.171	1.154	1.185	1.141	1.111	1.138	1.062	1.133	1.134	1.227	1.015	1.168	1.154	1.112	1.204	1.179	1.160	1.162	1.142	1.141	1.126	1.204	1.177	1.088	1.221	1.232	1.168	1.143
30:00:29	23.7	1.052	0.952	0.977	1.042	1.070	1.023	1.000	1.062	1.019	1.052	1.077	1.059	1.040	1.037	1.073	1.137	1.014	1.041	1.029	1.070	1.103	1.140	1.063	1.088	1.023	1.047	1.003	1.097	1.177	1.117	1.193	1.192	1.049	1.124	1.139	1.097	1.074	1.106	1.105	1.063	1.109	1.163	1.167	1.097	1.129	1.176	1.117	1.105	1.030	1.063	1.090	1.080	1.099	0.724	1.175	1.142	1.155	1.094	1.125	1.116	1.137	0.859	1.114	1.117	1.063	1.246	1.175	1.223	1.186	1.172	1.201	1.164	1.149	1.149	1.078	1.148	1.158	1.247	1.030	1.185	1.169	1.130	1.219	1.191	1.149	1.172	1.167	1.165	1.138	1.198	1.188	1.107	1.231	1.250	1.187	1.148
31:00:30	23.5	1.054	0.976	0.989	1.061	1.086	1.043	1.022	1.082	1.035	1.075	1.095	1.072	1.059	1.048	1.081	1.159	1.025	1.057	1.049	1.083	1.118	1.156	1.081	1.107	1.040	1.069	1.015	1.114	1.189	1.119	1.215	1.214	1.067	1.145	1.150	1.111	1.093	1.117	1.116	1.085	1.126	1.187	1.191	1.126	1.149	1.187	1.138	1.118	1.051	1.070	1.107	1.093	1.110	0.755	1.203	1.159	1.176	1.117	1.136	1.135	1.164	0.873	1.132	1.125	1.076	1.267	1.191	1.234	1.206	1.194	1.217	1.176	1.180	1.169	1.090	1.163	1.176	1.269	1.051	1.208	1.185	1.146	1.242	1.200	1.131	1.172	1.163	1.200	1.155	1.200	1.182	1.124	1.238	1.279	1.204	1.145
32:00:29	23.3	1.051	0.980	1.002	1.073	1.101	1.058	1.039	1.099	1.044	1.090	1.106	1.080	1.070	1.054	1.086	1.179	1.035	1.068	1.060	1.091	1.132	1.165	1.095	1.117	1.057	1.084	1.028	1.131	1.202	1.133	1.223	1.211	1.082	1.154	1.154	1.122	1.105	1.123	1.127	1.092	1.140	1.177	1.191	1.128	1.157	1.197	1.152	1.127	1.069	1.074	1.110	1.090	1.117	0.779	1.212	1.163	1.183	1.123	1.146	1.143	1.159	0.871	1.132	1.146	1.090	1.282	1.202	1.240	1.207	1.195	1.216	1.190	1.184	1.177	1.098	1.181	1.179	1.281	1.065	1.222	1.184	1.154	1.246	1.206	1.116	1.203	1.181	1.218	1.170	1.248	1.197	1.132	1.244	1.279	1.215	1.141
33:00:31	23.0	1.050	1.000	1.012	1.086	1.111	1.067	1.055	1.112	1.055	1.105	1.117	1.089	1.085	1.067	1.094	1.180	1.046	1.085	1.073	1.105	1.136	1.167	1.108	1.123	1.070	1.096	1.036	1.137	1.211	1.141	1.240	1.240	1.095	1.165	1.163	1.136	1.117	1.129	1.132	1.103	1.156	1.194	1.204	1.142	1.171	1.203	1.162	1.136	1.086	1.076	1.124	1.098	1.131	0.804	1.228	1.181	1.194	1.135	1.157	1.152	1.156	0.878	1.146	1.145	1.100	1.293	1.213	1.243	1.209	1.205	1.228	1.198	1.184	1.189	1.108	1.187	1.199	1.294	1.081	1.237	1.196	1.168	1.263	1.209	1.102	1.223	1.195	1.217	1.164	1.246	1.220	1.143	1.259	1.290	1.221	1.139
34:00:32	22.8	1.043	1.077	1.041	1.096	1.116	1.079	1.079	1.121	1.071	1.121	1.128	1.100	1.100	1.079	1.106	1.183	1.055	1.096	1.086	1.113	1.155	1.188	1.126	1.131	1.088	1.112	1.045	1.148	1.236	1.158	1.264	1.251	1.113	1.185	1.172	1.147	1.131	1.140	1.147	1.119	1.164	1.204	1.223	1.150	1.188	1.219	1.175	1.144	1.104	1.091	1.128	1.107	1.139	0.830	1.243	1.181	1.201	1.144	1.168	1.165	1.165	0.890	1.156	1.156	1.111	1.303	1.220	1.252	1.231	1.207	1.238	1.214	1.188	1.199	1.115	1.214	1.210	1.318	1.098	1.248	1.189	1.184	1.263	1.215	1.093	1.234	1.198	1.242	1.181	1.274	1.213	1.156	1.254	1.307	1.243	1.136
35:00:33	22.5	1.043	1.179	1.087	1.101	1.125	1.087	1.101	1.128	1.085	1.136	1.138	1.117	1.111	1.091	1.115	1.192	1.062	1.107	1.098	1.125	1.164	1.191	1.140	1.139	1.102	1.128	1.048	1.148	1.237	1.154	1.267	1.253	1.122	1.194	1.179	1.156	1.138	1.150	1.157	1.122	1.167	1.206	1.220	1.159	1.189	1.223	1.178	1.150	1.113	1.090	1.141	1.120	1.151	0.851	1.248	1.191	1.202	1.149	1.178	1.173	1.176	0.899	1.150	1.160	1.118	1.316	1.220	1.251	1.228	1.220	1.242	1.220	1.200	1.183	1.125	1.200	1.212	1.329	1.106	1.261	1.189	1.192	1.262	1.216	1.085	1.219	1.201	1.239	1.182	1.261	1.193	1.155	1.243	1.291	1.239	1.128
36:00:34	22.7	1.048	1.185	1.122	1.109	1.127	1.093	1.116	1.136	1.097	1.143	1.140	1.129	1.115	1.095	1.122	1.197	1.066	1.115	1.108	1.136	1.172	1.191	1.148	1.144	1.116	1.140	1.053	1.163	1.240	1.149	1.270	1.251	1.131	1.196	1.181	1.157	1.142	1.154	1.160	1.132	1.167	1.213	1.215	1.156	1.196	1.234	1.188	1.153	1.123	1.099	1.148	1.130	1.151	0.869	1.259	1.191	1.204	1.151	1.184	1.174	1.174	0.899	1.150	1.169	1.123	1.332	1.228	1.257	1.225	1.219	1.249	1.220	1.193	1.181	1.131	1.201	1.212	1.329	1.117	1.263	1.197	1.202	1.258	1.214	1.087	1.240	1.209	1.245	1.185	1.268	1.213	1.158	1.216	1.289	1.242	1.132
37:00:35	22.8	1.058	1.180	1.156	1.111	1.131	1.095	1.125	1.140	1.108	1.150	1.142	1.145	1.122	1.100	1.127	1.206	1.066	1.121	1.110	1.142	1.168	1.201	1.155	1.147	1.126	1.142	1.056	1.158	1.247	1.158	1.282	1.261	1.138	1.204	1.189	1.161	1.149	1.163	1.161	1.147	1.172	1.222	1.215	1.165	1.209	1.234	1.194	1.154	1.131	1.102	1.143	1.131	1.161	0.886	1.262	1.198	1.204	1.151	1.189	1.170	1.174	0.905	1.158	1.173	1.129	1.338	1.227	1.266	1.230	1.209	1.253	1.220	1.199	1.166	1.145	1.195	1.217	1.345	1.125	1.266	1.199	1.209	1.262	1.214	1.096	1.231	1.211	1.254	1.190	1.262	1.218	1.160	1.204	1.278	1.235	1.149
38:00:36	22.8	1.064	1.171	1.170	1.114	1.134	1.098	1.133	1.142	1.116	1.153	1.139	1.156	1.125	1.105	1.130	1.207	1.067	1.127	1.117	1.147	1.172	1.206	1.161	1.146	1.133	1.146	1.063	1.166	1.236	1.161	1.292	1.258	1.141	1.205	1.185	1.160	1.152	1.167	1.167	1.157	1.170	1.224	1.220	1.163	1.220	1.238	1.198	1.153	1.138	1.104	1.138	1.139	1.162	0.900	1.259	1.189	1.204	1.154	1.193	1.169	1.151	0.899	1.157	1.180	1.134	1.332	1.222	1.264	1.222	1.194	1.258	1.218	1.178	1.164	1.148	1.214	1.207	1.340	1.130	1.264	1.197	1.211	1.264	1.210	1.103	1.234	1.211	1.246	1.190	1.284	1.220	1.160	1.194	1.254	1.222	1.153
39:00:37	22.9	1.067	1.161	1.180	1.115	1.134	1.100	1.141	1.144	1.129	1.156	1.139	1.173	1.127	1.107	1.129	1.208	1.066	1.127	1.121	1.153	1.172	1.209	1.167	1.146	1.133	1.149	1.061	1.166	1.238	1.162	1.288	1.265	1.146	1.204	1.190	1.163	1.157	1.169	1.168	1.171	1.173	1.231	1.216	1.160	1.224	1.238	1.196	1.152	1.146	1.111	1.133	1.136	1.161	0.912	1.258	1.182	1.189	1.149	1.192	1.164	1.138	0.899	1.162	1.181	1.140	1.332	1.209	1.259	1.217	1.194	1.259	1.215	1.162	1.159	1.148	1.203	1.194	1.342	1.136	1.255	1.194	1.214	1.262	1.207	1.110	1.236	1.213	1.246	1.188	1.260	1.212	1.155	1.174	1.224	1.213	1.160
40:00:38	23.2	1.076	1.123	1.178	1.119	1.137	1.097	1.141	1.143	1.138	1.154	1.138	1.197	1.127	1.115	1.132	1.216	1.064	1.131	1.126	1.158	1.174	1.212	1.168	1.144	1.131	1.148	1.062	1.172	1.237	1.165	1.290	1.286	1.148	1.204	1.194	1.164	1.163	1.173	1.173	1.185	1.171	1.235	1.213	1.171	1.233	1.240	1.201	1.152	1.160	1.110	1.133	1.141	1.162	0.929	1.245	1.183	1.188	1.156	1.192	1.165	1.139	0.896	1.161	1.187	1.142	1.343	1.206	1.265	1.219	1.200	1.265	1.214	1.164	1.164	1.154	1.194	1.198	1.334	1.145	1.257	1.193	1.219	1.269	1.204	1.111	1.239	1.209	1.249	1.183	1.256	1.194	1.151	1.161	1.209	1.210	1.184
41:00:39	23.6	1.079	1.109	1.164	1.124	1.144	1.103	1.141	1.141	1.140	1.151	1.136	1.228	1.129	1.115	1.124	1.214	1.058	1.130	1.130	1.154	1.170	1.203	1.165	1.140	1.130	1.144	1.059	1.171	1.218	1.165	1.282	1.280	1.146	1.201	1.186	1.161	1.159	1.173	1.176	1.194	1.173	1.228	1.205	1.162	1.216	1.234	1.200	1.151	1.161	1.105	1.130	1.139	1.162	0.937	1.239	1.180	1.184	1.154	1.192	1.164	1.125	0.885	1.166	1.185	1.145	1.335	1.204	1.261	1.211	1.186	1.261	1.209	1.149	1.163	1.158	1.208	1.198	1.317	1.147	1.238	1.193	1.219	1.272	1.200	1.110	1.241	1.214	1.241	1.179	1.246	1.200	1.147	1.151	1.188	1.208	1.195
42:00:39	23.8	1.083	1.077	1.153	1.127	1.149	1.100	1.133	1.142	1.139	1.147	1.137	1.264	1.135	1.119	1.123	1.217	1.052	1.130	1.130	1.156	1.170	1.199	1.167	1.140	1.129	1.143	1.054	1.171	1.205	1.162	1.278	1.280	1.147	1.199	1.185	1.161	1.156	1.175	1.175	1.203	1.166	1.227	1.202	1.165	1.211	1.229	1.192	1.151	1.166	1.112	1.132	1.143	1.162	0.948	1.230	1.183	1.181	1.153	1.194	1.167	1.122	0.884	1.164	1.182	1.147	1.321	1.197	1.257	1.206	1.185	1.263	1.204	1.138	1.161	1.161	1.225	1.198	1.310	1.155	1.238	1.195	1.223	1.278	1.197	1.110	1.237	1.204	1.245	1.171	1.256	1.192	1.144	1.140	1.173	1.204	1.200
43:00:40	23.7	1.085	1.059	1.147	1.131	1.151	1.101	1.132	1.145	1.138	1.145	1.141	1.287	1.142	1.125	1.127	1.217	1.047	1.130	1.135	1.159	1.173	1.204	1.166	1.142	1.129	1.145	1.052	1.172	1.197	1.159	1.271	1.269	1.146	1.194	1.191	1.164	1.153	1.177	1.179	1.209	1.161	1.223	1.201	1.169	1.205	1.227	1.194	1.153	1.168	1.111	1.135	1.146	1.160	0.953	1.214	1.176	1.172	1.151	1.196	1.172	1.117	0.883	1.164	1.179	1.147	1.307	1.199	1.255	1.205	1.183	1.260	1.199	1.127	1.157	1.163	1.214	1.195	1.298	1.159	1.225	1.189	1.220	1.272	1.196	1.103	1.216	1.196	1.238	1.161	1.236	1.173	1.140	1.127	1.166	1.194	1.194
44:00:41	23.7	1.095	1.047	1.129	1.129	1.150	1.100	1.128	1.142	1.134	1.143	1.142	1.288	1.142	1.130	1.126	1.218	1.046	1.129	1.137	1.156	1.179	1.202	1.164	1.140	1.128	1.139	1.050	1.177	1.192	1.156	1.264	1.271	1.146	1.195	1.189	1.160	1.148	1.175	1.177	1.216	1.166	1.222	1.202	1.169	1.204	1.226	1.191	1.148	1.174	1.104	1.132	1.145	1.160	0.962	1.211	1.178	1.173	1.145	1.191	1.169	1.105	0.882	1.165	1.183	1.146	1.286	1.206	1.252	1.205	1.181	1.257	1.196	1.117	1.160	1.161	1.219	1.200	1.295	1.161	1.248	1.192	1.226	1.278	1.191	1.102	1.219	1.183	1.218	1.156	1.177	1.183	1.139	1.127	1.156	1.184	1.200
45:00:42	23.5	1.094	1.040	1.101	1.124	1.141	1.092	1.119	1.141	1.120	1.141	1.145	1.278	1.141	1.136	1.126	1.217	1.043	1.130	1.140	1.154	1.180	1.204	1.163	1.139	1.125	1.132	1.050	1.175	1.187	1.153	1.269	1.269	1.145	1.187	1.193	1.161	1.145	1.176	1.178	1.223	1.156	1.219	1.204	1.170	1.205	1.222	1.187	1.147	1.166	1.107	1.134	1.141	1.163	0.970	1.207	1.178	1.171	1.138	1.194	1.168	1.101	0.884	1.164	1.179	1.148	1.271	1.208	1.250	1.205	1.180	1.260	1.190	1.109	1.158	1.158	1.224	1.194	1.290	1.163	1.241	1.187	1.224	1.268	1.187	1.091	1.198	1.173	1.215	1.145	1.189	1.153	1.139	1.107	1.148	1.175	1.196
46:00:43	23.6	1.091	1.034	1.095	1.118	1.137	1.087	1.119	1.145	1.113	1.142	1.144	1.258	1.136	1.139	1.127	1.215	1.041	1.125	1.144	1.150	1.183	1.201	1.160	1.138	1.119	1.125	1.045	1.178	1.186	1.148	1.262	1.264	1.143	1.187	1.197	1.161	1.141	1.173	1.177	1.226	1.148	1.214	1.202	1.171	1.201	1.224	1.185	1.147	1.167	1.108	1.132	1.141	1.165	0.976	1.202	1.177	1.170	1.135	1.195	1.165	1.091	0.887	1.163	1.182	1.148	1.264	1.208	1.250	1.204	1.179	1.259	1.186	1.106	1.161	1.160	1.214	1.193	1.289	1.155	1.249	1.188	1.225	1.271	1.188	1.089	1.204	1.167	1.190	1.141	1.173	1.143	1.139	1.102	1.143	1.173	1.195
47:00:44	23.5	1.080	1.024	1.075	1.117	1.132	1.087	1.114	1.143	1.108	1.141	1.146	1.240	1.132	1.143	1.128	1.214	1.040	1.123	1.144	1.148	1.186	1.203	1.160	1.138	1.115	1.115	1.044	1.176	1.184	1.145	1.262	1.263	1.141	1.181	1.201	1.163	1.143	1.172	1.176	1.225	1.146	1.214	1.203	1.177	1.201	1.225	1.183	1.152	1.158	1.108	1.133	1.140	1.164	0.987	1.203	1.177	1.168	1.126	1.197	1.164	1.096	0.892	1.163	1.176	1.146	1.262	1.196	1.248	1.205	1.180	1.258	1.181	1.106	1.156	1.159	1.206	1.185	1.288	1.154	1.242	1.185	1.226	1.263	1.187	1.079	1.177	1.164	1.180	1.134	1.185	1.132	1.139	1.097	1.139	1.171	1.192
48:00:44	23.5	1.080	1.023	1.071	1.116	1.131	1.080	1.108	1.141	1.110	1.139	1.142	1.212	1.127	1.142	1.127	1.210	1.039	1.118	1.143	1.149	1.189	1.199	1.157	1.137	1.112	1.107	1.043	1.176	1.169	1.141	1.259	1.261	1.141	1.180	1.199	1.159	1.147	1.168	1.174	1.222	1.148	1.207	1.197	1.175	1.196	1.230	1.180	1.151	1.157	1.107	1.132	1.132	1.162	0.992	1.196	1.174	1.163	1.121	1.193	1.164	1.093	0.892	1.163	1.175	1.147	1.259	1.208	1.243	1.198	1.171	1.254	1.176	1.113	1.161	1.163	1.241	1.190	1.289	1.151	1.257	1.183	1.228	1.261	1.181	1.075	1.200	1.160	1.169	1.130	1.144	1.136	1.141	1.085	1.135	1.169	1.188
49:00:46	23.5	1.070	1.020	1.065	1.117	1.131	1.078	1.094	1.137	1.101	1.138	1.143	1.199	1.121	1.140	1.125	1.208	1.038	1.113	1.139	1.141	1.185	1.193	1.153	1.137	1.106	1.100	1.037	1.171	1.166	1.137	1.252	1.253	1.137	1.172	1.189	1.159	1.136	1.163	1.169	1.225	1.147	1.200	1.199	1.175	1.191	1.225	1.170	1.149	1.153	1.107	1.127	1.127	1.163	1.000	1.193	1.171	1.162	1.115	1.189	1.160	1.097	0.893	1.160	1.171	1.143	1.256	1.209	1.242	1.198	1.174	1.250	1.167	1.123	1.155	1.158	1.228	1.186	1.284	1.147	1.250	1.180	1.223	1.250	1.179	1.066	1.161	1.153	1.161	1.123	1.147	1.125	1.138	1.081	1.132	1.168	1.168
50:00:46	23.6	1.062	1.021	1.065	1.119	1.133	1.077	1.090	1.135	1.095	1.138	1.142	1.183	1.116	1.136	1.119	1.200	1.036	1.106	1.132	1.135	1.179	1.186	1.147	1.139	1.105	1.096	1.031	1.164	1.154	1.129	1.243	1.243	1.132	1.165	1.184	1.158	1.123	1.156	1.164	1.211	1.140	1.192	1.192	1.168	1.183	1.216	1.164	1.149	1.153	1.105	1.127	1.121	1.158	1.003	1.188	1.163	1.153	1.109	1.184	1.158	1.100	0.893	1.156	1.164	1.139	1.245	1.201	1.237	1.188	1.166	1.249	1.162	1.127	1.153	1.155	1.220	1.177	1.275	1.146	1.239	1.174	1.219	1.240	1.178	1.060	1.159	1.150	1.153	1.121	1.144	1.117	1.137	1.079	1.130	1.168	1.160
51:00:48	23.7	1.058	1.031	1.072	1.131	1.141	1.080	1.080	1.124	1.085	1.132	1.146	1.171	1.119	1.128	1.113	1.195	1.032	1.100	1.126	1.129	1.172	1.175	1.143	1.140	1.104	1.087	1.027	1.156	1.151	1.123	1.234	1.239	1.131	1.162	1.179	1.159	1.113	1.149	1.159	1.207	1.136	1.183	1.191	1.165	1.179	1.208	1.159	1.153	1.144	1.097	1.120	1.118	1.151	1.008	1.180	1.158	1.148	1.102	1.178	1.160	1.142	0.896	1.152	1.158	1.138	1.240	1.202	1.237	1.184	1.163	1.242	1.159	1.201	1.147	1.154	1.191	1.169	1.269	1.142	1.240	1.169	1.215	1.240	1.180	1.055	1.154	1.150	1.154	1.119	1.162	1.110	1.138	1.081	1.127	1.178	1.156
52:00:48	24.0	1.057	1.029	1.067	1.130	1.142	1.077	1.082	1.123	1.084	1.133	1.146	1.145	1.120	1.124	1.105	1.184	1.032	1.094	1.120	1.123	1.168	1.169	1.139	1.142	1.109	1.081	1.017	1.152	1.132	1.116	1.225	1.229	1.125	1.155	1.172	1.161	1.121	1.145	1.151	1.200	1.126	1.174	1.178	1.154	1.166	1.207	1.154	1.157	1.151	1.105	1.117	1.107	1.148	1.013	1.167	1.148	1.134	1.098	1.171	1.159	1.124	0.892	1.147	1.152	1.132	1.228	1.183	1.230	1.176	1.149	1.233	1.154	1.185	1.143	1.148	1.226	1.166	1.263	1.138	1.232	1.164	1.210	1.229	1.184	1.057	1.154	1.149	1.145	1.116	1.108	1.133	1.140	1.073	1.128	1.176	1.130
53:00:49	23.9	1.047	1.033	1.069	1.140	1.148	1.078	1.071	1.110	1.067	1.124	1.152	1.144	1.124	1.119	1.101	1.179	1.028	1.089	1.115	1.114	1.156	1.157	1.131	1.152	1.108	1.079	1.013	1.140	1.126	1.109	1.214	1.217	1.121	1.149	1.164	1.163	1.112	1.136	1.146	1.199	1.119	1.163	1.172	1.152	1.160	1.191	1.149	1.158	1.134	1.095	1.109	1.105	1.141	1.013	1.165	1.141	1.131	1.094	1.166	1.161	1.212	0.894	1.141	1.146	1.127	1.220	1.184	1.227	1.170	1.148	1.230	1.151	1.241	1.136	1.143	1.210	1.161	1.252	1.134	1.208	1.154	1.203	1.223	1.185	1.058	1.137	1.145	1.147	1.114	1.162	1.109	1.141	1.077	1.126	1.182	1.131
54:00:50	23.7	1.041	1.033	1.073	1.146	1.151	1.081	1.068	1.104	1.066	1.118	1.162	1.138	1.128	1.117	1.098	1.171	1.029	1.084	1.111	1.112	1.154	1.150	1.130	1.166	1.110	1.078	1.007	1.136	1.118	1.107	1.203	1.211	1.120	1.143	1.157	1.167	1.107	1.133	1.141	1.188	1.114	1.156	1.167	1.145	1.152	1.186	1.145	1.172	1.140	1.095	1.106	1.100	1.135	1.013	1.157	1.138	1.126	1.091	1.161	1.162	1.226	0.895	1.135	1.142	1.119	1.210	1.175	1.222	1.164	1.144	1.220	1.149	1.196	1.132	1.134	1.179	1.147	1.242	1.131	1.210	1.147	1.195	1.211	1.191	1.054	1.127	1.144	1.146	1.109	1.166	1.111	1.137	1.072	1.129	1.180	1.125
55:00:51	23.5	1.033	1.029	1.072	1.141	1.157	1.076	1.063	1.104	1.061	1.116	1.172	1.144	1.129	1.118	1.097	1.169	1.035	1.085	1.109	1.110	1.152	1.146	1.130	1.174	1.115	1.080	1.007	1.136	1.116	1.106	1.202	1.208	1.119	1.144	1.156	1.172	1.117	1.131	1.139	1.183	1.116	1.155	1.163	1.141	1.147	1.188	1.143	1.179	1.147	1.100	1.104	1.099	1.132	1.023	1.155	1.135	1.122	1.094	1.164	1.163	1.148	0.896	1.132	1.134	1.119	1.205	1.186	1.223	1.161	1.141	1.218	1.153	1.176	1.133	1.132	1.187	1.143	1.236	1.131	1.217	1.147	1.198	1.206	1.197	1.055	1.134	1.145	1.147	1.109	1.156	1.107	1.140	1.076	1.138	1.186	1.144
56:00:52	23.3	1.064	1.031	1.074	1.135	1.150	1.071	1.060	1.098	1.055	1.115	1.171	1.188	1.132	1.114	1.097	1.159	1.036	1.083	1.108	1.106	1.149	1.144	1.127	1.171	1.117	1.078	1.006	1.132	1.109	1.104	1.194	1.202	1.118	1.138	1.151	1.172	1.127	1.131	1.135	1.176	1.112	1.150	1.153	1.134	1.138	1.183	1.140	1.176	1.148	1.104	1.098	1.096	1.132	1.024	1.143	1.126	1.116	1.091	1.159	1.164	1.213	0.895	1.130	1.136	1.119	1.198	1.156	1.216	1.152	1.134	1.211	1.151	1.192	1.138	1.131	1.196	1.150	1.235	1.130	1.216	1.141	1.194	1.198	1.207	1.056	1.154	1.147	1.139	1.112	1.111	1.121	1.142	1.082	1.143	1.194	1.105
57:00:53	23.1	1.037	1.030	1.074	1.139	1.171	1.068	1.059	1.096	1.056	1.114	1.206	1.182	1.136	1.117	1.095	1.155	1.038	1.082	1.106	1.104	1.146	1.136	1.128	1.191	1.119	1.080	1.006	1.129	1.109	1.103	1.189	1.195	1.120	1.134	1.153	1.186	1.127	1.129	1.133	1.175	1.113	1.148	1.156	1.136	1.141	1.179	1.139	1.202	1.154	1.107	1.098	1.097	1.127	1.030	1.144	1.128	1.117	1.095	1.160	1.166	1.146	0.900	1.129	1.135	1.117	1.202	1.175	1.220	1.152	1.137	1.204	1.155	1.169	1.128	1.130	1.198	1.135	1.233	1.129	1.212	1.138	1.191	1.192	1.218	1.051	1.145	1.154	1.146	1.110	1.115	1.099	1.143	1.079	1.152	1.205	1.116
58:00:55	22.8	1.057	1.029	1.081	1.130	1.166	1.069	1.058	1.093	1.050	1.116	1.224	1.211	1.139	1.119	1.098	1.147	1.039	1.082	1.107	1.100	1.140	1.128	1.125	1.204	1.125	1.082	1.006	1.127	1.104	1.101	1.182	1.190	1.121	1.132	1.142	1.197	1.136	1.129	1.130	1.173	1.109	1.141	1.150	1.136	1.136	1.172	1.135	1.200	1.154	1.110	1.097	1.103	1.127	1.031	1.139	1.125	1.117	1.094	1.158	1.172	1.138	0.901	1.128	1.133	1.116	1.198	1.153	1.218	1.150	1.135	1.199	1.158	1.174	1.130	1.134	1.214	1.135	1.228	1.128	1.224	1.133	1.189	1.185	1.228	1.048	1.140	1.164	1.165	1.110	1.140	1.103	1.146	1.085	1.162	1.212	1.109
59:00:55	22.6	1.041	1.025	1.083	1.124	1.179	1.062	1.061	1.098	1.051	1.119	1.210	1.209	1.143	1.123	1.097	1.142	1.043	1.084	1.108	1.100	1.140	1.129	1.129	1.251	1.129	1.083	1.013	1.125	1.107	1.106	1.182	1.189	1.123	1.128	1.140	1.210	1.147	1.131	1.130	1.173	1.112	1.139	1.150	1.135	1.134	1.171	1.137	1.222	1.164	1.113	1.098	1.101	1.127	1.039	1.137	1.125	1.115	1.095	1.160	1.182	1.140	0.910	1.128	1.133	1.117	1.193	1.175	1.222	1.143	1.133	1.194	1.170	1.157	1.130	1.136	1.179	1.134	1.227	1.132	1.220	1.136	1.189	1.183	1.234	1.043	1.126	1.270	1.175	1.114	1.164	1.103	1.149	1.101	1.166	1.222	1.107
60:00:56	22.6	1.037	1.027	1.089	1.120	1.174	1.062	1.064	1.104	1.055	1.124	1.219	1.171	1.146	1.123	1.096	1.136	1.047	1.083	1.107	1.099	1.139	1.127	1.129	1.265	1.130	1.086	1.010	1.124	1.101	1.102	1.173	1.187	1.121	1.131	1.139	1.225	1.158	1.133	1.128	1.168	1.109	1.137	1.142	1.129	1.130	1.166	1.138	1.232	1.169	1.115	1.096	1.102	1.125	1.039	1.134	1.121	1.114	1.099	1.161	1.192	1.138	0.908	1.125	1.132	1.118	1.189	1.162	1.216	1.144	1.134	1.189	1.180	1.160	1.141	1.135	1.191	1.133	1.221	1.135	1.210	1.132	1.185	1.183	1.236	1.039	1.132	1.262	1.184	1.117	1.159	1.102	1.150	1.107	1.176	1.234	1.099
61:00:56	22.7	1.029	1.021	1.089	1.115	1.192	1.056	1.071	1.115	1.055	1.130	1.241	1.158	1.152	1.123	1.098	1.134	1.042	1.085	1.105	1.094	1.129	1.117	1.129	1.281	1.137	1.082	1.013	1.121	1.100	1.101	1.171	1.174	1.123	1.128	1.130	1.259	1.161	1.134	1.127	1.169	1.103	1.130	1.144	1.134	1.128	1.158	1.137	1.243	1.174	1.113	1.097	1.106	1.124	1.043	1.132	1.119	1.113	1.098	1.162	1.201	1.123	0.912	1.123	1.132	1.117	1.188	1.153	1.216	1.140	1.133	1.186	1.191	1.153	1.134	1.134	1.196	1.129	1.220	1.134	1.213	1.134	1.183	1.177	1.245	1.031	1.150	1.220	1.167	1.117	1.125	1.097	1.156	1.105	1.178	1.245	1.097
62:00:57	22.8	1.023	1.015	1.089	1.107	1.193	1.051	1.078	1.123	1.060	1.141	1.247	1.155	1.158	1.121	1.095	1.129	1.041	1.086	1.104	1.093	1.128	1.114	1.130	1.359	1.137	1.081	1.008	1.118	1.095	1.099	1.166	1.172	1.120	1.127	1.129	1.268	1.163	1.134	1.125	1.168	1.102	1.126	1.139	1.131	1.123	1.152	1.141	1.269	1.178	1.109	1.096	1.106	1.120	1.043	1.126	1.117	1.111	1.098	1.161	1.219	1.138	0.919	1.120	1.132	1.116	1.181	1.169	1.216	1.136	1.129	1.183	1.208	1.155	1.133	1.136	1.168	1.125	1.215	1.135	1.185	1.134	1.180	1.175	1.244	1.031	1.169	1.173	1.153	1.116	1.101	1.103	1.163	1.117	1.188	1.259	1.084
63:00:58	22.9	1.033	1.009	1.086	1.094	1.178	1.050	1.079	1.120	1.060	1.145	1.233	1.092	1.161	1.125	1.095	1.124	1.041	1.087	1.105	1.093	1.127	1.110	1.130	1.384	1.138	1.079	1.004	1.117	1.087	1.095	1.154	1.168	1.119	1.129	1.128	1.287	1.167	1.133	1.124	1.164	1.098	1.125	1.131	1.124	1.117	1.147	1.143	1.279	1.179	1.117	1.091	1.106	1.119	1.040	1.118	1.112	1.111	1.097	1.162	1.224	1.143	0.918	1.121	1.131	1.115	1.172	1.148	1.212	1.137	1.127	1.180	1.215	1.153	1.140	1.138	1.188	1.125	1.211	1.138	1.193	1.130	1.178	1.173	1.246	1.027	1.176	1.171	1.165	1.121	1.101	1.106	1.164	1.121	1.180	1.266	1.073
64:00:58	23.1	0.998	1.001	1.081	1.088	1.177	1.039	1.081	1.125	1.062	1.165	1.210	1.082	1.163	1.120	1.094	1.118	1.037	1.085	1.100	1.088	1.119	1.104	1.129	1.388	1.136	1.078	1.000	1.113	1.077	1.090	1.145	1.161	1.121	1.124	1.120	1.308	1.161	1.133	1.119	1.161	1.091	1.121	1.124	1.123	1.110	1.140	1.143	1.277	1.169	1.113	1.086	1.103	1.115	1.035	1.107	1.107	1.105	1.094	1.157	1.226	1.139	0.918	1.117	1.127	1.112	1.165	1.142	1.206	1.130	1.121	1.177	1.220	1.138	1.138	1.137	1.171	1.119	1.202	1.137	1.184	1.128	1.173	1.171	1.252	1.025	1.179	1.167	1.152	1.117	1.094	1.106	1.162	1.131	1.175	1.261	1.070
65:00:59	23.3	1.028	1.000	1.079	1.069	1.142	1.033	1.079	1.130	1.061	1.196	1.222	1.057	1.161	1.124	1.093	1.114	1.040	1.087	1.100	1.085	1.119	1.101	1.129	1.408	1.132	1.078	0.998	1.113	1.073	1.086	1.138	1.152	1.117	1.119	1.120	1.344	1.163	1.135	1.119	1.163	1.089	1.121	1.110	1.112	1.106	1.137	1.143	1.254	1.169	1.119	1.085	1.099	1.114	1.033	1.102	1.098	1.106	1.090	1.156	1.220	1.137	0.916	1.116	1.129	1.114	1.159	1.120	1.201	1.126	1.121	1.174	1.225	1.135	1.149	1.139	1.161	1.134	1.198	1.140	1.176	1.124	1.169	1.170	1.244	1.013	1.183	1.169	1.153	1.117	1.090	1.101	1.165	1.134	1.172	1.255	1.051
66:01:01	23.5	0.972	0.985	1.076	1.076	1.164	1.024	1.081	1.140	1.066	1.245	1.180	1.115	1.174	1.121	1.092	1.112	1.038	1.088	1.096	1.084	1.111	1.100	1.132	1.352	1.133	1.076	0.997	1.108	1.068	1.085	1.133	1.155	1.120	1.119	1.115	1.434	1.153	1.132	1.117	1.152	1.081	1.112	1.115	1.119	1.105	1.128	1.147	1.321	1.159	1.110	1.083	1.099	1.111	1.032	1.097	1.103	1.107	1.091	1.155	1.243	1.145	0.920	1.116	1.126	1.113	1.155	1.140	1.206	1.125	1.121	1.172	1.224	1.107	1.132	1.139	1.144	1.111	1.188	1.134	1.154	1.126	1.169	1.169	1.231	0.997	1.185	1.174	1.151	1.109	1.123	1.118	1.167	1.122	1.159	1.252	1.057
67:01:02	23.9	0.967	0.978	1.067	1.047	1.135	1.019	1.076	1.128	1.067	1.319	1.178	1.064	1.162	1.120	1.091	1.106	1.035	1.087	1.095	1.080	1.105	1.095	1.131	1.364	1.129	1.074	0.990	1.109	1.059	1.078	1.123	1.135	1.119	1.113	1.115	1.450	1.154	1.132	1.115	1.157	1.077	1.111	1.104	1.112	1.096	1.122	1.151	1.291	1.157	1.118	1.079	1.092	1.108	1.028	1.086	1.096	1.099	1.085	1.151	1.246	1.144	0.917	1.114	1.125	1.114	1.147	1.114	1.194	1.121	1.114	1.167	1.227	1.094	1.145	1.139	1.178	1.116	1.183	1.137	1.167	1.122	1.166	1.165	1.212	0.987	1.185	1.178	1.146	1.109	1.115	1.116	1.164	1.121	1.149	1.246	1.035
68:01:03	24.3	0.967	0.974	1.062	1.037	1.116	1.007	1.072	1.136	1.070	1.375	1.189	1.042	1.161	1.118	1.089	1.106	1.035	1.086	1.092	1.080	1.099	1.092	1.131	1.368	1.121	1.073	0.987	1.107	1.052	1.076	1.117	1.131	1.118	1.110	1.114	1.476	1.154	1.131	1.115	1.151	1.073	1.106	1.098	1.109	1.092	1.117	1.145	1.267	1.159	1.113	1.077	1.088	1.105	1.025	1.077	1.089	1.095	1.082	1.151	1.253	1.150	0.922	1.113	1.125	1.114	1.142	1.110	1.192	1.117	1.112	1.167	1.229	1.089	1.146	1.143	1.168	1.117	1.174	1.138	1.158	1.120	1.165	1.165	1.202	0.978	1.179	1.173	1.145	1.110	1.117	1.120	1.166	1.121	1.131	1.238	1.028
69:01:04	24.7	0.945	0.954	1.057	1.050	1.139	1.014	1.067	1.170	1.080	1.343	1.127	1.107	1.177	1.112	1.085	1.101	1.032	1.086	1.085	1.074	1.089	1.087	1.130	1.315	1.120	1.071	0.982	1.100	1.043	1.070	1.107	1.125	1.117	1.106	1.108	1.454	1.133	1.128	1.107	1.135	1.061	1.097	1.091	1.109	1.086	1.106	1.145	1.241	1.137	1.104	1.071	1.084	1.101	1.018	1.073	1.087	1.091	1.077	1.146	1.226	1.130	0.920	1.109	1.122	1.109	1.135	1.102	1.192	1.112	1.109	1.161	1.235	1.065	1.135	1.138	1.140	1.100	1.164	1.133	1.149	1.114	1.163	1.163	1.236	0.957	1.174	1.177	1.147	1.119	1.110	1.109	1.156	1.112	1.102	1.221	1.051
70:01:05	25.1	0.936	0.951	1.048	1.014	1.100	0.988	1.056	1.108	1.076	1.348	1.170	1.035	1.166	1.111	1.084	1.099	1.031	1.085	1.083	1.073	1.085	1.083	1.130	1.319	1.121	1.068	0.978	1.100	1.034	1.064	1.098	1.119	1.115	1.103	1.106	1.466	1.122	1.126	1.107	1.133	1.056	1.094	1.081	1.103	1.081	1.102	1.144	1.212	1.128	1.105	1.068	1.080	1.099	1.013	1.065	1.084	1.086	1.073	1.144	1.249	1.121	0.922	1.110	1.122	1.110	1.128	1.095	1.185	1.109	1.102	1.158	1.236	1.055	1.136	1.139	1.140	1.104	1.161	1.134	1.144	1.114	1.161	1.159	1.212	0.952	1.169	1.178	1.150	1.130	1.108	1.103	1.152	1.105	1.088	1.196	1.014
71:01:04	25.5	0.928	0.946	1.038	1.007	1.074	0.976	1.038	1.097	1.071	1.347	1.192	1.019	1.148	1.110	1.082	1.095	1.028	1.083	1.078	1.071	1.079	1.077	1.128	1.308	1.110	1.065	0.971	1.094	1.025	1.055	1.087	1.109	1.114	1.095	1.103	1.460	1.101	1.126	1.103	1.140	1.049	1.087	1.072	1.097	1.073	1.094	1.143	1.201	1.101	1.103	1.063	1.074	1.094	1.008	1.052	1.077	1.080	1.068	1.140	1.246	1.100	0.920	1.106	1.119	1.108	1.119	1.082	1.181	1.103	1.099	1.151	1.246	1.047	1.144	1.138	1.161	1.109	1.152	1.134	1.132	1.110	1.158	1.156	1.184	0.946	1.145	1.183	1.140	1.138	1.124	1.093	1.148	1.100	1.075	1.179	1.010
72:01:06	25.7	0.917	0.930	1.026	1.000	1.062	0.971	1.024	1.089	1.077	1.335	1.154	1.012	1.144	1.106	1.080	1.089	1.026	1.083	1.075	1.069	1.077	1.073	1.128	1.268	1.107	1.065	0.967	1.094	1.014	1.050	1.079	1.102	1.112	1.093	1.103	1.444	1.087	1.126	1.102	1.129	1.042	1.081	1.062	1.090	1.067	1.089	1.144	1.169	1.091	1.105	1.060	1.066	1.090	1.004	1.046	1.067	1.074	1.064	1.138	1.239	1.086	0.921	1.105	1.119	1.106	1.112	1.076	1.173	1.099	1.094	1.149	1.268	1.041	1.147	1.139	1.150	1.114	1.147	1.135	1.128	1.110	1.155	1.157	1.195	0.930	1.120	1.187	1.137	1.190	1.088	1.071	1.142	1.090	1.067	1.156	1.008

