Time	T° 600	A1	A2	A3	A4	A5	A6	A7	A8	A9	A10	A11	A12	B1	B2	B3	B4	B5	B6	B7	B8	B9	B10	B11	B12	C1	C2	C3	C4	C5	C6	C7	C8	C9	C10	C11	C12	D1	D2	D3	D4	D5	D6	D7	D8	D9	D10	D11	D12	E1	E2	E3	E4	E5	E6	E7	E8	E9	E10	E11	E12	F1	F2	F3	F4	F5	F6	F7	F8	F9	F10	F11	F12	G1	G2	G3	G4	G5	G6	G7	G8	G9	G10	G11	G12	H1	H2	H3	H4	H5	H6	H7	H8	H9	H10	H11	H12
0:00:06	23.8	0.065	0.047	0.051	0.051	0.055	0.051	0.048	0.049	0.049	0.049	0.052	0.050	0.048	0.048	0.048	0.051	0.052	0.049	0.050	0.052	0.051	0.052	0.050	0.051	0.048	0.048	0.050	0.050	0.053	0.053	0.050	0.050	0.050	0.051	0.050	0.051	0.048	0.049	0.049	0.050	0.049	0.049	0.050	0.052	0.052	0.049	0.051	0.050	0.049	0.049	0.050	0.051	0.051	0.050	0.050	0.049	0.050	0.049	0.050	0.049	0.048	0.056	0.049	0.050	0.051	0.051	0.051	0.050	0.049	0.049	0.050	0.049	0.052	0.050	0.052	0.050	0.052	0.050	0.050	0.058	0.051	0.049	0.052	0.047	0.048	0.052	0.054	0.050	0.049	0.049	0.052	0.053	0.052	0.054	0.049	0.050
1:00:03	24.1	0.066	0.051	0.055	0.057	0.061	0.058	0.054	0.053	0.054	0.053	0.058	0.055	0.052	0.052	0.052	0.057	0.057	0.056	0.056	0.057	0.055	0.057	0.055	0.057	0.054	0.053	0.055	0.056	0.059	0.060	0.057	0.058	0.055	0.057	0.056	0.057	0.053	0.054	0.054	0.055	0.053	0.055	0.051	0.056	0.057	0.054	0.056	0.056	0.054	0.055	0.056	0.057	0.056	0.056	0.055	0.053	0.055	0.054	0.056	0.056	0.053	0.063	0.056	0.057	0.055	0.055	0.055	0.056	0.055	0.055	0.057	0.056	0.058	0.055	0.057	0.055	0.057	0.055	0.056	0.063	0.057	0.054	0.058	0.051	0.055	0.059	0.060	0.057	0.055	0.056	0.058	0.061	0.058	0.059	0.056	0.059
2:00:04	24.2	0.072	0.064	0.069	0.072	0.079	0.073	0.073	0.068	0.068	0.068	0.070	0.075	0.066	0.065	0.065	0.071	0.068	0.072	0.070	0.072	0.065	0.069	0.068	0.074	0.071	0.066	0.068	0.070	0.075	0.075	0.071	0.079	0.068	0.074	0.072	0.077	0.067	0.067	0.067	0.071	0.066	0.070	0.053	0.070	0.069	0.066	0.070	0.075	0.071	0.070	0.068	0.070	0.071	0.071	0.067	0.067	0.069	0.067	0.072	0.073	0.069	0.082	0.073	0.071	0.069	0.070	0.072	0.070	0.071	0.068	0.075	0.077	0.073	0.068	0.071	0.071	0.071	0.069	0.070	0.077	0.072	0.069	0.075	0.062	0.072	0.075	0.075	0.076	0.070	0.076	0.075	0.078	0.074	0.075	0.077	0.080
3:00:03	24.1	0.087	0.089	0.095	0.101	0.109	0.105	0.106	0.100	0.094	0.099	0.103	0.115	0.095	0.092	0.091	0.097	0.096	0.100	0.092	0.101	0.092	0.095	0.097	0.110	0.107	0.093	0.096	0.094	0.099	0.098	0.097	0.109	0.095	0.101	0.101	0.116	0.100	0.095	0.094	0.099	0.091	0.096	0.056	0.099	0.094	0.094	0.102	0.111	0.108	0.098	0.093	0.096	0.099	0.102	0.090	0.093	0.094	0.094	0.102	0.108	0.102	0.115	0.106	0.101	0.101	0.098	0.101	0.097	0.099	0.097	0.107	0.116	0.103	0.094	0.100	0.101	0.097	0.095	0.100	0.107	0.101	0.097	0.109	0.082	0.105	0.107	0.105	0.113	0.103	0.115	0.109	0.106	0.108	0.109	0.116	0.121
4:00:04	23.9	0.104	0.112	0.125	0.136	0.147	0.141	0.148	0.135	0.134	0.134	0.137	0.164	0.128	0.122	0.122	0.127	0.126	0.131	0.121	0.133	0.120	0.123	0.129	0.151	0.139	0.121	0.126	0.120	0.130	0.127	0.129	0.143	0.127	0.136	0.138	0.163	0.135	0.122	0.122	0.131	0.120	0.127	0.058	0.132	0.124	0.125	0.136	0.155	0.146	0.130	0.120	0.126	0.131	0.136	0.118	0.124	0.125	0.124	0.139	0.149	0.137	0.149	0.144	0.136	0.131	0.130	0.136	0.131	0.133	0.131	0.147	0.161	0.133	0.125	0.133	0.133	0.130	0.125	0.135	0.142	0.136	0.130	0.148	0.106	0.135	0.138	0.144	0.153	0.145	0.157	0.152	0.133	0.148	0.151	0.160	0.163
5:00:06	23.7	0.127	0.141	0.159	0.177	0.201	0.188	0.203	0.178	0.177	0.182	0.183	0.225	0.161	0.160	0.161	0.169	0.171	0.179	0.163	0.178	0.165	0.169	0.173	0.201	0.172	0.159	0.167	0.161	0.173	0.172	0.175	0.198	0.173	0.182	0.192	0.226	0.176	0.161	0.166	0.180	0.160	0.172	0.059	0.175	0.171	0.169	0.187	0.210	0.184	0.176	0.163	0.169	0.176	0.183	0.158	0.169	0.166	0.157	0.189	0.197	0.180	0.199	0.189	0.186	0.168	0.176	0.183	0.180	0.181	0.178	0.202	0.213	0.172	0.169	0.179	0.181	0.177	0.170	0.184	0.189	0.188	0.175	0.199	0.123	0.172	0.175	0.196	0.203	0.196	0.205	0.200	0.162	0.201	0.200	0.212	0.202
6:00:06	23.5	0.144	0.160	0.186	0.209	0.237	0.223	0.249	0.219	0.223	0.227	0.231	0.267	0.205	0.194	0.200	0.207	0.212	0.211	0.205	0.217	0.200	0.208	0.207	0.245	0.202	0.189	0.205	0.185	0.214	0.209	0.212	0.252	0.206	0.221	0.226	0.263	0.207	0.190	0.195	0.202	0.188	0.204	0.061	0.206	0.195	0.195	0.227	0.255	0.215	0.205	0.199	0.194	0.213	0.219	0.183	0.203	0.204	0.188	0.223	0.245	0.214	0.240	0.214	0.210	0.193	0.209	0.216	0.211	0.213	0.192	0.235	0.249	0.195	0.206	0.212	0.206	0.216	0.190	0.206	0.225	0.200	0.201	0.237	0.151	0.196	0.200	0.242	0.253	0.238	0.238	0.242	0.189	0.251	0.250	0.262	0.242
7:00:07	23.2	0.162	0.170	0.207	0.229	0.252	0.244	0.280	0.241	0.249	0.262	0.269	0.298	0.224	0.222	0.242	0.235	0.246	0.251	0.241	0.266	0.251	0.255	0.257	0.263	0.226	0.217	0.236	0.212	0.254	0.237	0.247	0.285	0.230	0.267	0.276	0.319	0.224	0.220	0.229	0.248	0.221	0.254	0.063	0.244	0.218	0.249	0.276	0.302	0.229	0.219	0.213	0.228	0.259	0.242	0.221	0.237	0.251	0.224	0.284	0.274	0.234	0.285	0.248	0.259	0.229	0.253	0.262	0.262	0.274	0.257	0.298	0.281	0.213	0.239	0.253	0.247	0.258	0.233	0.252	0.279	0.262	0.245	0.295	0.185	0.209	0.216	0.299	0.277	0.281	0.280	0.277	0.216	0.270	0.280	0.301	0.267
8:00:08	22.9	0.184	0.181	0.237	0.257	0.277	0.268	0.304	0.271	0.282	0.292	0.303	0.328	0.248	0.256	0.273	0.274	0.279	0.290	0.280	0.298	0.292	0.302	0.306	0.283	0.257	0.248	0.273	0.247	0.295	0.274	0.301	0.337	0.291	0.339	0.333	0.358	0.236	0.253	0.270	0.295	0.256	0.298	0.064	0.302	0.292	0.297	0.326	0.344	0.248	0.267	0.258	0.267	0.305	0.289	0.258	0.280	0.302	0.241	0.333	0.299	0.252	0.327	0.292	0.302	0.260	0.294	0.304	0.313	0.322	0.308	0.349	0.313	0.226	0.265	0.289	0.283	0.295	0.273	0.299	0.328	0.313	0.283	0.333	0.226	0.223	0.235	0.337	0.316	0.315	0.307	0.297	0.241	0.334	0.315	0.345	0.294
9:00:10	22.6	0.212	0.214	0.281	0.304	0.319	0.314	0.342	0.319	0.337	0.340	0.351	0.370	0.285	0.315	0.318	0.334	0.327	0.351	0.330	0.345	0.339	0.351	0.360	0.304	0.297	0.302	0.324	0.295	0.351	0.331	0.356	0.403	0.354	0.395	0.393	0.400	0.264	0.301	0.323	0.353	0.301	0.351	0.066	0.342	0.354	0.354	0.382	0.392	0.282	0.316	0.314	0.320	0.354	0.332	0.307	0.329	0.361	0.277	0.392	0.336	0.281	0.382	0.350	0.354	0.304	0.345	0.356	0.373	0.379	0.366	0.410	0.353	0.251	0.315	0.344	0.336	0.349	0.330	0.363	0.385	0.375	0.341	0.387	0.282	0.256	0.267	0.387	0.363	0.371	0.362	0.341	0.277	0.398	0.363	0.396	0.336
10:00:11	22.6	0.241	0.263	0.343	0.359	0.376	0.372	0.404	0.383	0.403	0.399	0.410	0.419	0.335	0.369	0.373	0.385	0.376	0.406	0.376	0.407	0.390	0.401	0.418	0.339	0.358	0.355	0.388	0.351	0.407	0.385	0.416	0.473	0.419	0.449	0.450	0.451	0.309	0.361	0.381	0.410	0.363	0.414	0.067	0.394	0.416	0.412	0.438	0.444	0.333	0.373	0.377	0.382	0.406	0.382	0.366	0.388	0.419	0.301	0.450	0.381	0.331	0.440	0.410	0.422	0.363	0.411	0.415	0.434	0.442	0.428	0.470	0.403	0.289	0.369	0.408	0.402	0.403	0.395	0.429	0.442	0.440	0.404	0.440	0.334	0.297	0.312	0.442	0.419	0.432	0.420	0.389	0.321	0.457	0.421	0.446	0.381
11:00:11	22.7	0.278	0.332	0.412	0.430	0.443	0.440	0.467	0.454	0.476	0.464	0.477	0.476	0.393	0.446	0.442	0.458	0.450	0.476	0.447	0.476	0.453	0.468	0.485	0.393	0.432	0.429	0.458	0.422	0.476	0.463	0.482	0.549	0.490	0.509	0.509	0.501	0.375	0.436	0.452	0.486	0.447	0.485	0.068	0.444	0.484	0.485	0.504	0.502	0.386	0.434	0.445	0.455	0.472	0.441	0.446	0.458	0.482	0.349	0.515	0.435	0.390	0.510	0.485	0.499	0.429	0.491	0.481	0.506	0.517	0.504	0.537	0.459	0.347	0.439	0.484	0.480	0.472	0.478	0.506	0.511	0.513	0.479	0.502	0.407	0.349	0.372	0.502	0.481	0.495	0.487	0.449	0.389	0.527	0.483	0.504	0.437
12:00:12	22.8	0.323	0.402	0.489	0.504	0.515	0.514	0.534	0.524	0.556	0.538	0.544	0.537	0.457	0.526	0.526	0.541	0.532	0.561	0.528	0.562	0.533	0.552	0.563	0.460	0.511	0.511	0.551	0.508	0.561	0.550	0.566	0.638	0.580	0.586	0.590	0.560	0.437	0.518	0.546	0.577	0.539	0.570	0.069	0.510	0.566	0.564	0.580	0.569	0.451	0.508	0.540	0.549	0.544	0.514	0.539	0.540	0.562	0.427	0.593	0.503	0.459	0.597	0.559	0.596	0.503	0.577	0.560	0.593	0.604	0.584	0.612	0.527	0.417	0.512	0.572	0.566	0.548	0.570	0.590	0.587	0.599	0.556	0.574	0.484	0.413	0.439	0.577	0.554	0.564	0.553	0.519	0.464	0.602	0.554	0.569	0.503
13:00:12	22.9	0.375	0.481	0.581	0.589	0.599	0.598	0.612	0.605	0.643	0.614	0.621	0.611	0.533	0.605	0.609	0.623	0.616	0.648	0.607	0.651	0.621	0.636	0.646	0.542	0.593	0.590	0.641	0.599	0.648	0.630	0.647	0.729	0.661	0.660	0.676	0.636	0.513	0.604	0.634	0.660	0.626	0.660	0.070	0.587	0.663	0.650	0.660	0.643	0.525	0.578	0.626	0.638	0.630	0.601	0.634	0.631	0.645	0.503	0.677	0.580	0.538	0.681	0.649	0.690	0.591	0.666	0.648	0.688	0.688	0.671	0.696	0.602	0.496	0.594	0.666	0.658	0.631	0.661	0.682	0.697	0.685	0.640	0.656	0.567	0.490	0.515	0.658	0.637	0.641	0.630	0.596	0.548	0.682	0.635	0.652	0.581
14:00:13	22.9	0.437	0.526	0.650	0.658	0.667	0.669	0.686	0.674	0.719	0.688	0.692	0.681	0.606	0.682	0.674	0.705	0.684	0.720	0.682	0.728	0.696	0.707	0.728	0.616	0.641	0.667	0.715	0.674	0.721	0.710	0.728	0.794	0.732	0.736	0.751	0.710	0.568	0.686	0.723	0.736	0.703	0.747	0.070	0.655	0.746	0.738	0.739	0.708	0.592	0.653	0.713	0.719	0.710	0.674	0.717	0.711	0.731	0.565	0.756	0.654	0.610	0.759	0.726	0.777	0.666	0.751	0.721	0.759	0.767	0.752	0.770	0.673	0.567	0.672	0.748	0.742	0.713	0.750	0.761	0.774	0.771	0.723	0.731	0.643	0.552	0.582	0.728	0.701	0.713	0.705	0.670	0.611	0.753	0.712	0.728	0.651
15:00:15	23.0	0.494	0.587	0.711	0.720	0.718	0.721	0.734	0.731	0.781	0.738	0.750	0.732	0.664	0.741	0.741	0.764	0.750	0.774	0.742	0.784	0.746	0.770	0.777	0.673	0.703	0.717	0.768	0.728	0.793	0.769	0.793	0.839	0.793	0.793	0.813	0.768	0.626	0.752	0.779	0.787	0.769	0.800	0.071	0.718	0.779	0.802	0.795	0.768	0.641	0.713	0.773	0.773	0.772	0.741	0.778	0.773	0.784	0.618	0.810	0.710	0.663	0.821	0.793	0.832	0.730	0.809	0.789	0.824	0.828	0.812	0.831	0.728	0.624	0.730	0.809	0.805	0.784	0.804	0.818	0.838	0.828	0.780	0.804	0.697	0.607	0.636	0.793	0.764	0.777	0.762	0.724	0.675	0.809	0.767	0.786	0.712
16:00:15	23.2	0.532	0.624	0.752	0.757	0.762	0.757	0.775	0.774	0.817	0.786	0.794	0.775	0.714	0.783	0.787	0.790	0.793	0.810	0.775	0.824	0.802	0.798	0.827	0.727	0.739	0.765	0.810	0.765	0.808	0.799	0.823	0.877	0.841	0.838	0.853	0.821	0.666	0.786	0.812	0.815	0.811	0.845	0.071	0.771	0.838	0.839	0.844	0.815	0.689	0.773	0.815	0.815	0.817	0.790	0.818	0.821	0.836	0.655	0.858	0.761	0.709	0.865	0.839	0.875	0.787	0.856	0.835	0.862	0.862	0.860	0.873	0.782	0.673	0.786	0.853	0.847	0.833	0.849	0.860	0.877	0.871	0.828	0.853	0.737	0.652	0.686	0.834	0.805	0.821	0.817	0.775	0.725	0.858	0.820	0.837	0.768
17:00:17	23.6	0.587	0.668	0.780	0.787	0.792	0.795	0.806	0.804	0.846	0.822	0.822	0.816	0.756	0.815	0.820	0.828	0.836	0.833	0.808	0.872	0.830	0.838	0.865	0.764	0.781	0.799	0.846	0.796	0.848	0.828	0.846	0.907	0.869	0.871	0.893	0.861	0.712	0.822	0.836	0.866	0.843	0.883	0.070	0.820	0.870	0.872	0.879	0.850	0.731	0.804	0.820	0.843	0.853	0.835	0.848	0.849	0.874	0.699	0.896	0.803	0.750	0.898	0.878	0.899	0.827	0.886	0.873	0.906	0.897	0.892	0.908	0.829	0.722	0.823	0.886	0.878	0.861	0.875	0.891	0.918	0.903	0.865	0.898	0.761	0.703	0.732	0.877	0.852	0.867	0.861	0.823	0.777	0.897	0.865	0.885	0.818
18:00:18	24.0	0.634	0.707	0.803	0.815	0.823	0.825	0.833	0.833	0.879	0.858	0.858	0.856	0.787	0.860	0.865	0.878	0.868	0.884	0.851	0.902	0.876	0.880	0.904	0.800	0.830	0.840	0.887	0.849	0.909	0.872	0.902	0.944	0.912	0.921	0.936	0.895	0.757	0.866	0.885	0.904	0.882	0.927	0.070	0.858	0.906	0.916	0.918	0.898	0.771	0.834	0.877	0.885	0.897	0.880	0.890	0.890	0.916	0.742	0.939	0.843	0.788	0.941	0.918	0.945	0.871	0.919	0.912	0.944	0.945	0.928	0.953	0.870	0.760	0.862	0.925	0.922	0.905	0.910	0.937	0.954	0.946	0.904	0.939	0.792	0.748	0.779	0.928	0.896	0.917	0.898	0.867	0.833	0.937	0.907	0.933	0.859
19:00:18	24.0	0.675	0.721	0.823	0.837	0.847	0.843	0.856	0.855	0.907	0.886	0.882	0.886	0.819	0.895	0.896	0.904	0.899	0.910	0.883	0.930	0.887	0.910	0.929	0.832	0.848	0.874	0.920	0.884	0.914	0.904	0.930	0.979	0.949	0.955	0.963	0.926	0.786	0.900	0.921	0.930	0.920	0.954	0.069	0.887	0.947	0.946	0.950	0.928	0.803	0.880	0.914	0.917	0.930	0.916	0.925	0.919	0.946	0.777	0.972	0.873	0.821	0.976	0.964	0.981	0.901	0.950	0.950	0.974	0.980	0.972	0.992	0.900	0.792	0.912	0.966	0.961	0.940	0.955	0.967	0.995	0.987	0.934	0.975	0.823	0.788	0.824	0.963	0.935	0.953	0.947	0.898	0.874	0.979	0.947	0.965	0.893
20:00:19	24.0	0.704	0.735	0.850	0.866	0.871	0.870	0.894	0.881	0.937	0.917	0.909	0.917	0.846	0.933	0.923	0.933	0.935	0.963	0.922	0.959	0.931	0.935	0.962	0.866	0.877	0.904	0.951	0.916	0.955	0.931	0.972	0.999	0.970	0.986	1.001	0.962	0.823	0.925	0.959	0.968	0.950	0.987	0.069	0.916	0.969	0.977	0.986	0.961	0.837	0.903	0.919	0.959	0.961	0.953	0.958	0.958	0.978	0.816	1.005	0.908	0.849	1.015	0.994	1.014	0.937	0.995	0.985	1.001	1.017	1.001	1.030	0.932	0.827	0.949	0.999	0.990	0.965	0.974	1.009	1.024	1.016	0.972	1.016	0.843	0.826	0.875	0.998	0.966	0.988	0.985	0.938	0.914	1.022	0.976	1.000	0.928
21:00:21	24.1	0.738	0.774	0.865	0.886	0.886	0.887	0.915	0.896	0.951	0.945	0.940	0.944	0.879	0.956	0.963	0.960	0.962	0.987	0.931	0.983	0.944	0.963	0.990	0.893	0.914	0.934	0.982	0.925	0.997	0.971	0.978	1.044	1.000	1.008	1.031	0.986	0.852	0.963	0.984	0.985	0.980	1.016	0.068	0.944	0.994	1.005	1.003	0.979	0.874	0.949	0.944	0.990	0.989	0.989	0.985	0.977	1.000	0.841	1.036	0.937	0.881	1.042	1.025	1.037	0.963	1.020	1.011	1.035	1.045	1.027	1.051	0.958	0.866	0.977	1.029	1.017	0.993	1.010	1.029	1.051	1.045	0.993	1.042	0.872	0.858	0.911	1.033	1.011	1.003	1.028	0.970	0.953	1.054	1.019	1.036	0.956
22:00:21	24.1	0.767	0.800	0.894	0.910	0.912	0.905	0.944	0.924	0.974	0.976	0.965	0.977	0.908	0.993	0.985	0.993	0.984	1.001	0.973	1.011	0.978	0.976	1.022	0.924	0.939	0.961	1.010	0.954	1.017	0.986	1.006	1.073	1.031	1.041	1.046	1.018	0.882	0.992	1.017	1.024	1.018	1.043	0.067	0.970	1.028	1.039	1.034	1.015	0.914	0.982	0.982	1.014	1.026	1.015	1.006	1.009	1.029	0.874	1.063	0.973	0.926	1.066	1.057	1.071	1.006	1.043	1.041	1.059	1.072	1.049	1.087	0.989	0.903	1.020	1.063	1.055	1.028	1.031	1.065	1.085	1.076	1.024	1.071	0.890	0.891	0.960	1.072	1.047	1.044	1.071	1.017	1.011	1.077	1.047	1.069	0.987
23:00:21	24.2	0.764	0.818	0.903	0.927	0.932	0.932	0.977	0.932	0.989	0.997	0.976	0.997	0.932	1.019	1.013	1.026	1.008	1.025	0.985	1.036	1.000	1.025	1.039	0.947	0.962	0.992	1.042	0.990	1.044	1.019	1.033	1.102	1.052	1.066	1.079	1.038	0.905	1.025	1.037	1.056	1.044	1.064	0.067	0.991	1.062	1.053	1.058	1.034	0.931	1.000	1.014	1.032	1.049	1.034	1.030	1.025	1.046	0.896	1.086	0.994	0.953	1.097	1.071	1.083	1.014	1.070	1.063	1.073	1.099	1.084	1.112	1.011	0.919	1.042	1.091	1.070	1.045	1.064	1.084	1.099	1.092	1.047	1.095	0.916	0.909	0.986	1.098	1.079	1.064	1.101	1.039	1.054	1.099	1.054	1.094	1.007
24:00:22	24.1	0.755	0.830	0.912	0.935	0.930	0.938	0.970	0.949	1.004	1.003	1.003	1.015	0.949	1.042	1.035	1.048	1.030	1.059	1.007	1.054	1.030	1.037	1.060	0.969	0.978	1.013	1.069	1.020	1.063	1.046	1.060	1.126	1.076	1.097	1.105	1.059	0.928	1.045	1.059	1.073	1.070	1.095	0.066	1.002	1.079	1.073	1.062	1.051	0.961	1.026	1.043	1.061	1.075	1.056	1.053	1.045	1.073	0.910	1.104	1.017	0.986	1.122	1.102	1.113	1.039	1.094	1.084	1.106	1.125	1.105	1.124	1.035	0.944	1.071	1.120	1.107	1.069	1.084	1.111	1.134	1.113	1.069	1.114	0.939	0.930	1.034	1.116	1.093	1.086	1.136	1.077	1.099	1.108	1.075	1.120	1.021
25:00:24	24.1	0.760	0.853	0.922	0.949	0.958	0.946	1.002	0.960	1.019	1.014	1.020	1.043	0.963	1.063	1.060	1.074	1.052	1.084	1.036	1.070	1.053	1.063	1.073	0.989	1.005	1.040	1.092	1.041	1.092	1.068	1.080	1.161	1.094	1.122	1.120	1.083	0.950	1.077	1.090	1.114	1.094	1.112	0.066	1.012	1.100	1.099	1.086	1.070	0.968	1.050	1.065	1.078	1.089	1.086	1.069	1.062	1.097	0.923	1.132	1.039	0.992	1.154	1.132	1.138	1.053	1.122	1.108	1.125	1.145	1.133	1.148	1.062	0.969	1.097	1.145	1.122	1.102	1.105	1.127	1.149	1.144	1.086	1.137	0.960	0.942	1.050	1.139	1.132	1.097	1.161	1.092	1.141	1.129	1.099	1.144	1.035
26:00:25	24.1	0.762	0.869	0.938	0.950	0.965	0.960	1.008	0.970	1.032	1.045	1.031	1.065	0.969	1.075	1.069	1.089	1.066	1.104	1.066	1.080	1.073	1.085	1.085	1.008	1.025	1.062	1.102	1.067	1.112	1.090	1.106	1.161	1.120	1.126	1.135	1.099	0.957	1.082	1.121	1.135	1.108	1.134	0.066	1.025	1.128	1.121	1.101	1.085	0.988	1.052	1.077	1.099	1.110	1.096	1.094	1.085	1.100	0.936	1.148	1.054	1.014	1.179	1.139	1.160	1.075	1.138	1.117	1.156	1.167	1.144	1.173	1.072	0.993	1.110	1.168	1.143	1.123	1.132	1.146	1.167	1.165	1.101	1.131	0.971	0.957	1.068	1.154	1.141	1.117	1.183	1.105	1.186	1.138	1.118	1.166	1.046
27:00:26	24.2	0.763	0.871	0.937	0.951	0.963	0.962	1.024	0.985	1.036	1.047	1.037	1.082	0.977	1.101	1.088	1.114	1.078	1.129	1.090	1.082	1.089	1.104	1.103	1.028	1.036	1.077	1.122	1.078	1.125	1.111	1.120	1.174	1.142	1.151	1.159	1.114	0.980	1.106	1.141	1.151	1.133	1.168	0.065	1.032	1.135	1.134	1.110	1.096	1.015	1.083	1.106	1.123	1.121	1.119	1.117	1.085	1.116	0.939	1.168	1.071	1.034	1.200	1.171	1.179	1.093	1.164	1.126	1.179	1.183	1.158	1.188	1.085	1.017	1.124	1.192	1.176	1.136	1.151	1.168	1.185	1.177	1.109	1.155	1.002	0.970	1.094	1.146	1.159	1.143	1.219	1.133	1.228	1.162	1.128	1.184	1.063
28:00:27	24.3	0.769	0.894	0.951	0.965	0.990	0.982	1.030	1.007	1.071	1.059	1.052	1.110	0.999	1.117	1.098	1.131	1.093	1.149	1.107	1.074	1.119	1.132	1.115	1.049	1.067	1.096	1.147	1.112	1.136	1.132	1.133	1.197	1.163	1.184	1.171	1.135	0.994	1.128	1.161	1.171	1.146	1.186	0.065	1.049	1.167	1.155	1.132	1.119	1.049	1.100	1.129	1.143	1.153	1.133	1.137	1.117	1.117	0.946	1.187	1.098	1.042	1.224	1.191	1.205	1.109	1.187	1.134	1.198	1.211	1.172	1.208	1.107	1.037	1.152	1.215	1.196	1.156	1.178	1.184	1.209	1.200	1.132	1.175	1.022	0.984	1.123	1.165	1.172	1.170	1.261	1.156	1.283	1.192	1.166	1.212	1.074
29:00:28	24.0	0.795	0.901	0.956	0.963	0.992	0.984	1.027	0.999	1.039	1.045	1.050	1.117	1.009	1.144	1.109	1.128	1.083	1.148	1.118	1.054	1.135	1.142	1.099	1.061	1.043	1.107	1.150	1.121	1.151	1.129	1.156	1.209	1.174	1.181	1.171	1.128	1.010	1.145	1.163	1.180	1.139	1.186	0.065	1.063	1.178	1.156	1.123	1.120	1.069	1.105	1.139	1.161	1.164	1.143	1.161	1.123	1.097	0.933	1.183	1.097	1.044	1.223	1.199	1.220	1.111	1.193	1.121	1.206	1.229	1.186	1.202	1.103	1.046	1.160	1.224	1.208	1.166	1.196	1.224	1.228	1.209	1.142	1.168	1.046	0.970	1.125	1.154	1.170	1.162	1.268	1.165	1.311	1.190	1.160	1.210	1.073
30:00:29	23.7	0.798	0.932	0.971	0.997	1.037	1.008	1.059	1.035	1.090	1.084	1.077	1.137	1.031	1.149	1.122	1.168	1.127	1.185	1.149	1.056	1.157	1.156	1.136	1.083	1.119	1.136	1.177	1.154	1.188	1.163	1.180	1.237	1.201	1.209	1.217	1.161	1.024	1.157	1.184	1.203	1.170	1.197	0.065	1.078	1.203	1.183	1.166	1.148	1.082	1.132	1.155	1.182	1.197	1.188	1.181	1.148	1.095	0.953	1.221	1.128	1.069	1.240	1.221	1.247	1.138	1.214	1.144	1.239	1.250	1.217	1.237	1.139	1.066	1.192	1.261	1.252	1.203	1.209	1.236	1.240	1.235	1.159	1.201	1.052	0.997	1.158	1.170	1.205	1.199	1.317	1.200	1.358	1.219	1.193	1.239	1.096
31:00:29	23.5	0.790	0.960	0.982	1.010	1.045	1.041	1.085	1.048	1.105	1.096	1.095	1.162	1.051	1.170	1.115	1.184	1.135	1.178	1.166	1.043	1.170	1.177	1.147	1.104	1.137	1.158	1.193	1.173	1.204	1.183	1.194	1.254	1.214	1.237	1.222	1.171	1.040	1.157	1.197	1.216	1.194	1.198	0.065	1.087	1.207	1.200	1.182	1.163	1.101	1.134	1.173	1.194	1.196	1.188	1.192	1.160	1.113	0.960	1.230	1.150	1.077	1.257	1.238	1.258	1.158	1.234	1.170	1.250	1.255	1.223	1.243	1.155	1.085	1.195	1.272	1.265	1.205	1.245	1.249	1.257	1.255	1.166	1.218	1.064	1.012	1.159	1.186	1.228	1.225	1.317	1.201	1.376	1.242	1.206	1.243	1.103
32:00:29	23.3	0.791	0.959	1.000	1.031	1.081	1.051	1.101	1.067	1.109	1.107	1.108	1.165	1.061	1.173	1.115	1.206	1.138	1.200	1.169	1.067	1.182	1.181	1.166	1.119	1.151	1.164	1.198	1.185	1.206	1.199	1.213	1.256	1.218	1.235	1.232	1.176	1.054	1.170	1.226	1.232	1.199	1.204	0.065	1.104	1.234	1.218	1.195	1.170	1.126	1.148	1.192	1.204	1.210	1.193	1.209	1.172	1.128	0.960	1.240	1.159	1.083	1.275	1.247	1.275	1.170	1.263	1.152	1.274	1.289	1.246	1.258	1.166	1.097	1.213	1.290	1.276	1.216	1.249	1.265	1.275	1.265	1.177	1.222	1.072	1.017	1.177	1.193	1.226	1.244	1.348	1.214	1.377	1.255	1.224	1.236	1.105
33:00:31	23.0	0.789	0.986	1.012	1.050	1.107	1.072	1.117	1.092	1.116	1.121	1.121	1.176	1.082	1.190	1.113	1.216	1.142	1.222	1.184	1.096	1.197	1.206	1.174	1.128	1.171	1.173	1.229	1.197	1.237	1.222	1.208	1.263	1.234	1.257	1.238	1.183	1.067	1.188	1.241	1.243	1.215	1.214	0.066	1.117	1.237	1.226	1.206	1.184	1.137	1.146	1.211	1.227	1.218	1.215	1.231	1.190	1.121	0.959	1.249	1.175	1.087	1.282	1.274	1.281	1.182	1.271	1.162	1.287	1.298	1.248	1.259	1.173	1.111	1.210	1.302	1.288	1.229	1.272	1.281	1.292	1.277	1.171	1.239	1.070	1.023	1.173	1.206	1.237	1.255	1.363	1.222	1.378	1.273	1.234	1.243	1.113
34:00:32	22.8	0.797	0.992	1.037	1.069	1.140	1.097	1.129	1.114	1.138	1.138	1.136	1.175	1.104	1.200	1.108	1.240	1.145	1.238	1.199	1.095	1.201	1.214	1.185	1.137	1.184	1.188	1.227	1.196	1.238	1.226	1.221	1.269	1.238	1.265	1.242	1.188	1.074	1.190	1.254	1.258	1.225	1.228	0.067	1.127	1.265	1.237	1.215	1.192	1.151	1.162	1.227	1.243	1.244	1.232	1.240	1.196	1.126	0.954	1.264	1.178	1.094	1.294	1.284	1.308	1.193	1.291	1.174	1.294	1.319	1.261	1.277	1.178	1.119	1.239	1.313	1.310	1.244	1.297	1.305	1.302	1.283	1.176	1.254	1.063	1.036	1.153	1.208	1.224	1.258	1.377	1.225	1.372	1.277	1.236	1.227	1.116
35:00:33	22.6	0.793	1.005	1.048	1.102	1.150	1.121	1.141	1.130	1.139	1.149	1.151	1.181	1.118	1.199	1.093	1.240	1.145	1.229	1.204	1.099	1.222	1.213	1.191	1.143	1.209	1.191	1.228	1.206	1.243	1.240	1.215	1.246	1.255	1.261	1.246	1.194	1.088	1.192	1.248	1.249	1.226	1.227	0.069	1.139	1.271	1.239	1.225	1.201	1.148	1.147	1.232	1.233	1.244	1.229	1.249	1.200	1.115	0.940	1.264	1.185	1.095	1.289	1.287	1.308	1.204	1.299	1.146	1.293	1.320	1.263	1.275	1.185	1.123	1.225	1.322	1.307	1.250	1.300	1.310	1.311	1.282	1.187	1.265	1.051	1.035	1.147	1.214	1.233	1.256	1.372	1.216	1.351	1.280	1.235	1.223	1.111
36:00:34	22.7	0.798	1.007	1.054	1.107	1.162	1.131	1.144	1.133	1.153	1.154	1.158	1.180	1.127	1.205	1.094	1.241	1.155	1.245	1.217	1.102	1.220	1.229	1.213	1.149	1.218	1.182	1.237	1.211	1.240	1.229	1.226	1.238	1.256	1.266	1.245	1.194	1.095	1.210	1.259	1.259	1.244	1.232	0.069	1.146	1.283	1.242	1.226	1.203	1.151	1.152	1.254	1.250	1.254	1.239	1.261	1.201	1.127	0.940	1.259	1.184	1.099	1.275	1.296	1.319	1.208	1.313	1.155	1.300	1.325	1.268	1.272	1.182	1.125	1.227	1.326	1.316	1.254	1.318	1.308	1.315	1.287	1.194	1.267	1.065	1.038	1.136	1.217	1.214	1.251	1.371	1.210	1.331	1.288	1.229	1.219	1.116
37:00:35	22.8	0.794	1.025	1.071	1.127	1.161	1.147	1.148	1.142	1.156	1.163	1.169	1.185	1.135	1.216	1.107	1.248	1.170	1.229	1.217	1.116	1.223	1.237	1.211	1.152	1.249	1.197	1.239	1.222	1.250	1.235	1.225	1.247	1.257	1.266	1.252	1.192	1.102	1.220	1.279	1.261	1.243	1.236	0.071	1.151	1.281	1.246	1.232	1.204	1.144	1.138	1.257	1.254	1.255	1.233	1.266	1.208	1.147	0.935	1.263	1.186	1.105	1.271	1.290	1.325	1.217	1.329	1.166	1.312	1.329	1.269	1.280	1.183	1.131	1.220	1.332	1.317	1.254	1.321	1.318	1.296	1.286	1.192	1.276	1.044	1.037	1.121	1.228	1.214	1.256	1.351	1.197	1.309	1.287	1.232	1.216	1.118
38:00:36	22.9	0.789	1.011	1.082	1.132	1.168	1.156	1.141	1.151	1.162	1.169	1.175	1.194	1.145	1.203	1.105	1.249	1.177	1.236	1.229	1.134	1.222	1.252	1.210	1.156	1.255	1.165	1.235	1.217	1.250	1.224	1.225	1.262	1.264	1.261	1.257	1.193	1.120	1.215	1.285	1.280	1.245	1.236	0.073	1.156	1.287	1.250	1.237	1.198	1.159	1.170	1.259	1.253	1.260	1.241	1.271	1.211	1.156	0.931	1.269	1.187	1.116	1.265	1.280	1.344	1.209	1.333	1.172	1.312	1.331	1.269	1.285	1.181	1.138	1.242	1.331	1.326	1.264	1.337	1.315	1.290	1.278	1.197	1.288	1.029	1.041	1.119	1.231	1.201	1.246	1.341	1.203	1.284	1.276	1.230	1.208	1.129
39:00:37	22.9	0.786	1.023	1.092	1.146	1.160	1.157	1.135	1.158	1.160	1.172	1.181	1.191	1.149	1.198	1.117	1.254	1.179	1.228	1.230	1.123	1.214	1.218	1.211	1.156	1.256	1.184	1.245	1.227	1.255	1.213	1.212	1.278	1.270	1.261	1.257	1.186	1.119	1.206	1.275	1.269	1.250	1.236	0.076	1.158	1.283	1.257	1.239	1.200	1.167	1.184	1.243	1.245	1.253	1.242	1.273	1.220	1.169	0.931	1.259	1.188	1.107	1.236	1.272	1.334	1.215	1.333	1.167	1.311	1.326	1.260	1.279	1.183	1.136	1.209	1.316	1.314	1.239	1.329	1.299	1.273	1.258	1.206	1.278	1.015	1.044	1.117	1.213	1.208	1.239	1.281	1.164	1.285	1.269	1.218	1.208	1.137
40:00:38	23.2	0.780	1.018	1.092	1.155	1.150	1.149	1.130	1.158	1.165	1.175	1.180	1.200	1.147	1.190	1.118	1.241	1.185	1.235	1.234	1.125	1.222	1.246	1.217	1.157	1.252	1.168	1.262	1.236	1.244	1.224	1.229	1.265	1.289	1.273	1.258	1.186	1.122	1.196	1.274	1.283	1.247	1.237	0.079	1.164	1.280	1.262	1.236	1.195	1.175	1.135	1.254	1.256	1.241	1.240	1.272	1.215	1.173	0.923	1.261	1.186	1.111	1.245	1.263	1.342	1.210	1.341	1.167	1.307	1.322	1.265	1.280	1.182	1.138	1.197	1.298	1.315	1.214	1.336	1.297	1.277	1.264	1.197	1.282	0.998	1.048	1.120	1.221	1.191	1.227	1.253	1.150	1.289	1.264	1.217	1.201	1.148
41:00:39	23.6	0.782	1.037	1.110	1.160	1.135	1.143	1.124	1.156	1.166	1.176	1.182	1.193	1.138	1.192	1.117	1.232	1.184	1.233	1.217	1.113	1.233	1.244	1.215	1.158	1.234	1.179	1.259	1.234	1.249	1.213	1.233	1.272	1.286	1.273	1.255	1.184	1.129	1.168	1.283	1.285	1.244	1.245	0.083	1.164	1.286	1.250	1.234	1.192	1.167	1.120	1.243	1.242	1.249	1.238	1.265	1.212	1.173	0.913	1.259	1.182	1.106	1.245	1.254	1.352	1.215	1.340	1.165	1.300	1.309	1.261	1.276	1.182	1.135	1.190	1.288	1.306	1.209	1.335	1.293	1.272	1.264	1.198	1.279	0.989	1.053	1.125	1.219	1.190	1.214	1.225	1.140	1.271	1.254	1.209	1.199	1.148
42:00:39	23.8	0.775	1.011	1.115	1.156	1.137	1.141	1.123	1.151	1.163	1.172	1.179	1.224	1.139	1.167	1.107	1.217	1.176	1.231	1.222	1.100	1.236	1.245	1.208	1.153	1.227	1.151	1.240	1.215	1.259	1.229	1.242	1.262	1.282	1.265	1.251	1.177	1.146	1.152	1.297	1.284	1.232	1.244	0.090	1.157	1.287	1.252	1.234	1.190	1.171	1.180	1.244	1.235	1.246	1.235	1.269	1.196	1.171	0.902	1.261	1.176	1.116	1.237	1.237	1.336	1.210	1.329	1.163	1.286	1.300	1.250	1.272	1.180	1.138	1.202	1.273	1.285	1.206	1.339	1.280	1.271	1.255	1.198	1.278	0.934	1.064	1.128	1.199	1.169	1.201	1.204	1.140	1.274	1.238	1.201	1.193	1.154
43:00:40	23.8	0.773	1.019	1.143	1.163	1.131	1.141	1.118	1.149	1.166	1.170	1.182	1.220	1.130	1.171	1.112	1.223	1.180	1.220	1.229	1.091	1.239	1.246	1.208	1.157	1.228	1.165	1.234	1.220	1.260	1.235	1.246	1.246	1.283	1.269	1.252	1.175	1.156	1.157	1.296	1.278	1.243	1.235	0.098	1.159	1.312	1.251	1.232	1.184	1.168	1.171	1.250	1.240	1.247	1.240	1.275	1.200	1.171	0.894	1.261	1.176	1.122	1.233	1.230	1.338	1.213	1.321	1.160	1.284	1.299	1.246	1.272	1.179	1.141	1.197	1.259	1.269	1.207	1.330	1.291	1.269	1.259	1.192	1.281	0.910	1.082	1.136	1.197	1.151	1.191	1.190	1.139	1.251	1.228	1.197	1.188	1.152
44:00:41	23.7	0.778	1.012	1.175	1.160	1.121	1.121	1.106	1.141	1.164	1.165	1.181	1.199	1.121	1.182	1.111	1.223	1.194	1.218	1.236	1.086	1.243	1.243	1.212	1.159	1.224	1.166	1.233	1.223	1.261	1.233	1.249	1.244	1.276	1.275	1.251	1.186	1.165	1.171	1.276	1.268	1.233	1.226	0.105	1.165	1.322	1.246	1.237	1.177	1.155	1.133	1.286	1.221	1.228	1.239	1.270	1.204	1.171	0.889	1.261	1.172	1.119	1.248	1.212	1.334	1.213	1.297	1.156	1.277	1.292	1.246	1.266	1.173	1.141	1.197	1.267	1.275	1.192	1.291	1.277	1.268	1.263	1.196	1.279	0.883	1.087	1.136	1.189	1.148	1.179	1.184	1.123	1.228	1.212	1.190	1.185	1.145
45:00:42	23.5	0.777	1.011	1.191	1.161	1.121	1.119	1.100	1.134	1.160	1.161	1.176	1.198	1.117	1.172	1.113	1.216	1.198	1.211	1.239	1.080	1.244	1.246	1.212	1.152	1.239	1.155	1.228	1.225	1.263	1.233	1.248	1.225	1.278	1.275	1.247	1.182	1.169	1.155	1.273	1.261	1.226	1.225	0.113	1.162	1.320	1.249	1.237	1.172	1.159	1.150	1.262	1.220	1.227	1.242	1.272	1.196	1.171	0.884	1.261	1.170	1.125	1.242	1.212	1.326	1.218	1.289	1.154	1.271	1.290	1.248	1.265	1.172	1.141	1.207	1.263	1.255	1.188	1.285	1.284	1.268	1.261	1.193	1.281	0.864	1.088	1.137	1.175	1.125	1.177	1.167	1.132	1.223	1.201	1.187	1.182	1.145
46:00:43	23.6	0.776	1.011	1.204	1.160	1.117	1.120	1.099	1.131	1.157	1.159	1.179	1.191	1.110	1.181	1.116	1.218	1.197	1.206	1.245	1.071	1.248	1.253	1.214	1.152	1.247	1.152	1.229	1.217	1.263	1.228	1.253	1.219	1.280	1.275	1.249	1.178	1.173	1.154	1.268	1.255	1.229	1.222	0.120	1.164	1.316	1.245	1.238	1.168	1.152	1.151	1.278	1.214	1.225	1.248	1.260	1.197	1.176	0.882	1.263	1.168	1.122	1.242	1.205	1.322	1.218	1.284	1.154	1.273	1.287	1.238	1.265	1.170	1.143	1.207	1.271	1.270	1.212	1.275	1.286	1.278	1.261	1.192	1.274	0.881	1.091	1.137	1.165	1.120	1.165	1.153	1.135	1.208	1.189	1.182	1.183	1.134
47:00:44	23.6	0.778	1.011	1.213	1.156	1.110	1.111	1.097	1.127	1.155	1.156	1.176	1.190	1.106	1.169	1.113	1.209	1.192	1.196	1.243	1.062	1.242	1.252	1.214	1.154	1.256	1.157	1.234	1.224	1.260	1.225	1.252	1.214	1.276	1.275	1.245	1.177	1.172	1.156	1.264	1.249	1.220	1.215	0.129	1.162	1.313	1.238	1.234	1.165	1.147	1.146	1.287	1.214	1.219	1.251	1.258	1.194	1.177	0.877	1.259	1.165	1.119	1.242	1.198	1.326	1.215	1.271	1.150	1.271	1.277	1.233	1.257	1.167	1.139	1.201	1.260	1.262	1.209	1.274	1.283	1.274	1.257	1.184	1.275	0.858	1.085	1.138	1.157	1.117	1.159	1.145	1.137	1.182	1.180	1.176	1.183	1.126
48:00:44	23.5	0.780	1.005	1.214	1.142	1.098	1.091	1.085	1.115	1.144	1.150	1.172	1.211	1.099	1.167	1.109	1.205	1.202	1.213	1.254	1.068	1.254	1.254	1.217	1.150	1.260	1.142	1.222	1.213	1.263	1.230	1.249	1.206	1.276	1.279	1.236	1.182	1.169	1.157	1.252	1.239	1.213	1.215	0.138	1.162	1.309	1.234	1.229	1.160	1.171	1.130	1.285	1.208	1.220	1.243	1.244	1.192	1.173	0.874	1.258	1.159	1.118	1.264	1.197	1.317	1.218	1.270	1.144	1.262	1.273	1.230	1.250	1.161	1.141	1.197	1.266	1.268	1.194	1.253	1.260	1.268	1.248	1.184	1.277	0.838	1.076	1.139	1.165	1.116	1.153	1.159	1.106	1.192	1.176	1.168	1.189	1.126
49:00:46	23.5	0.787	1.003	1.208	1.134	1.095	1.090	1.081	1.108	1.139	1.146	1.168	1.208	1.096	1.156	1.106	1.197	1.198	1.205	1.251	1.063	1.250	1.246	1.212	1.152	1.241	1.125	1.216	1.200	1.260	1.228	1.246	1.189	1.270	1.278	1.228	1.173	1.164	1.160	1.256	1.229	1.205	1.208	0.147	1.162	1.304	1.232	1.226	1.157	1.164	1.141	1.281	1.203	1.207	1.241	1.241	1.188	1.170	0.868	1.256	1.154	1.119	1.249	1.191	1.306	1.214	1.262	1.143	1.256	1.265	1.226	1.244	1.156	1.151	1.221	1.256	1.260	1.204	1.242	1.256	1.269	1.244	1.177	1.274	0.844	1.071	1.138	1.157	1.109	1.140	1.187	1.103	1.214	1.167	1.161	1.190	1.115
50:00:46	23.6	0.784	0.999	1.210	1.145	1.091	1.089	1.081	1.102	1.134	1.137	1.166	1.185	1.099	1.146	1.105	1.181	1.193	1.186	1.240	1.047	1.236	1.244	1.203	1.151	1.277	1.132	1.206	1.190	1.252	1.219	1.239	1.207	1.268	1.270	1.229	1.160	1.157	1.137	1.243	1.226	1.204	1.201	0.156	1.156	1.298	1.219	1.224	1.165	1.147	1.129	1.260	1.185	1.210	1.242	1.234	1.181	1.169	0.861	1.251	1.154	1.116	1.238	1.183	1.295	1.212	1.249	1.137	1.253	1.256	1.213	1.239	1.153	1.144	1.178	1.234	1.256	1.178	1.249	1.265	1.262	1.242	1.172	1.260	0.882	1.071	1.142	1.149	1.105	1.146	1.143	1.136	1.202	1.159	1.163	1.187	1.114
51:00:47	23.8	0.784	1.009	1.191	1.127	1.076	1.064	1.075	1.091	1.124	1.134	1.164	1.197	1.102	1.137	1.091	1.177	1.190	1.183	1.237	1.053	1.234	1.233	1.203	1.149	1.255	1.119	1.202	1.182	1.246	1.208	1.234	1.166	1.254	1.272	1.211	1.166	1.145	1.142	1.218	1.212	1.188	1.193	0.165	1.155	1.289	1.219	1.211	1.157	1.165	1.102	1.233	1.183	1.194	1.234	1.212	1.178	1.164	0.858	1.240	1.143	1.117	1.237	1.171	1.276	1.206	1.242	1.132	1.240	1.243	1.218	1.225	1.152	1.150	1.196	1.236	1.230	1.173	1.220	1.225	1.254	1.226	1.166	1.257	0.895	1.059	1.143	1.149	1.099	1.129	1.183	1.096	1.238	1.152	1.151	1.198	1.121
52:00:48	24.0	0.780	1.001	1.189	1.126	1.074	1.060	1.072	1.092	1.120	1.131	1.160	1.193	1.098	1.118	1.086	1.161	1.183	1.162	1.225	1.042	1.226	1.226	1.193	1.148	1.252	1.099	1.187	1.164	1.234	1.189	1.224	1.150	1.245	1.259	1.204	1.161	1.148	1.125	1.202	1.197	1.180	1.181	0.173	1.146	1.282	1.207	1.205	1.152	1.130	1.117	1.235	1.165	1.192	1.227	1.200	1.167	1.161	0.845	1.233	1.143	1.109	1.223	1.163	1.265	1.199	1.229	1.126	1.234	1.230	1.200	1.220	1.150	1.149	1.185	1.215	1.227	1.176	1.215	1.221	1.249	1.221	1.162	1.252	0.920	1.053	1.138	1.148	1.109	1.127	1.209	1.110	1.260	1.143	1.150	1.196	1.121
53:00:49	23.9	0.787	1.002	1.184	1.123	1.064	1.053	1.068	1.080	1.113	1.123	1.157	1.181	1.094	1.107	1.080	1.150	1.177	1.147	1.215	1.036	1.212	1.216	1.188	1.150	1.238	1.095	1.180	1.154	1.228	1.181	1.218	1.141	1.240	1.257	1.196	1.154	1.151	1.118	1.195	1.191	1.172	1.178	0.181	1.147	1.271	1.198	1.202	1.160	1.147	1.111	1.210	1.155	1.186	1.223	1.197	1.159	1.155	0.841	1.229	1.139	1.125	1.214	1.157	1.249	1.192	1.218	1.121	1.228	1.220	1.194	1.215	1.148	1.140	1.172	1.205	1.219	1.157	1.207	1.213	1.243	1.213	1.154	1.242	0.939	1.052	1.142	1.140	1.101	1.127	1.244	1.120	1.254	1.136	1.145	1.198	1.122
54:00:50	23.7	0.784	1.055	1.176	1.113	1.055	1.051	1.066	1.076	1.110	1.118	1.155	1.187	1.093	1.102	1.078	1.142	1.174	1.138	1.211	1.037	1.208	1.211	1.183	1.148	1.216	1.089	1.178	1.143	1.224	1.172	1.217	1.137	1.233	1.253	1.190	1.154	1.190	1.117	1.186	1.179	1.166	1.169	0.189	1.144	1.265	1.192	1.201	1.168	1.176	1.102	1.214	1.147	1.176	1.223	1.191	1.157	1.156	0.837	1.223	1.139	1.115	1.216	1.150	1.236	1.185	1.210	1.122	1.224	1.211	1.187	1.211	1.148	1.159	1.175	1.195	1.206	1.160	1.201	1.214	1.234	1.207	1.149	1.234	0.956	1.042	1.140	1.143	1.101	1.119	1.266	1.118	1.289	1.131	1.145	1.206	1.116
55:00:51	23.5	0.787	1.066	1.170	1.104	1.048	1.043	1.061	1.070	1.105	1.117	1.156	1.186	1.095	1.091	1.071	1.131	1.169	1.129	1.200	1.033	1.198	1.199	1.179	1.141	1.205	1.080	1.168	1.133	1.213	1.160	1.207	1.131	1.222	1.247	1.180	1.148	1.187	1.105	1.177	1.170	1.158	1.164	0.197	1.142	1.253	1.185	1.196	1.165	1.162	1.102	1.190	1.138	1.169	1.218	1.176	1.153	1.151	0.831	1.217	1.136	1.100	1.207	1.146	1.220	1.183	1.201	1.117	1.214	1.202	1.180	1.201	1.143	1.177	1.163	1.184	1.195	1.154	1.188	1.199	1.229	1.198	1.144	1.226	0.919	1.043	1.133	1.141	1.102	1.126	1.265	1.145	1.287	1.123	1.140	1.210	1.115
56:00:52	23.3	0.772	1.112	1.161	1.086	1.044	1.037	1.062	1.070	1.107	1.115	1.160	1.152	1.088	1.097	1.073	1.131	1.168	1.129	1.202	1.037	1.200	1.195	1.184	1.133	1.192	1.085	1.170	1.132	1.216	1.161	1.209	1.129	1.217	1.250	1.177	1.138	1.232	1.108	1.170	1.169	1.159	1.161	0.205	1.141	1.253	1.184	1.190	1.160	1.193	1.109	1.200	1.131	1.164	1.217	1.172	1.150	1.153	0.831	1.216	1.138	1.088	1.207	1.142	1.211	1.183	1.201	1.118	1.212	1.198	1.179	1.196	1.146	1.210	1.179	1.192	1.190	1.158	1.184	1.190	1.232	1.195	1.143	1.225	0.979	1.033	1.130	1.141	1.109	1.124	1.249	1.135	1.290	1.115	1.141	1.209	1.126
57:00:53	23.1	0.785	1.110	1.154	1.077	1.043	1.034	1.060	1.067	1.107	1.114	1.156	1.173	1.087	1.093	1.074	1.122	1.167	1.126	1.196	1.035	1.193	1.186	1.176	1.143	1.197	1.071	1.163	1.125	1.207	1.158	1.206	1.144	1.212	1.245	1.175	1.131	1.250	1.105	1.164	1.163	1.153	1.162	0.212	1.139	1.246	1.180	1.190	1.167	1.210	1.113	1.178	1.127	1.165	1.216	1.168	1.145	1.153	0.826	1.212	1.143	1.089	1.208	1.144	1.205	1.179	1.191	1.117	1.206	1.191	1.171	1.195	1.151	1.255	1.164	1.180	1.183	1.156	1.176	1.187	1.225	1.192	1.140	1.218	0.987	1.023	1.131	1.134	1.092	1.124	1.269	1.125	1.257	1.115	1.142	1.214	1.097
58:00:55	22.8	0.776	1.087	1.145	1.067	1.042	1.029	1.070	1.062	1.106	1.114	1.156	1.168	1.087	1.093	1.072	1.116	1.164	1.120	1.188	1.035	1.189	1.182	1.182	1.146	1.195	1.084	1.165	1.124	1.202	1.149	1.203	1.141	1.212	1.243	1.179	1.127	1.274	1.106	1.161	1.160	1.153	1.159	0.221	1.135	1.241	1.175	1.185	1.181	1.221	1.097	1.180	1.127	1.164	1.216	1.165	1.146	1.154	0.824	1.208	1.158	1.088	1.204	1.142	1.197	1.180	1.192	1.122	1.204	1.187	1.169	1.190	1.167	1.259	1.181	1.179	1.182	1.158	1.172	1.184	1.223	1.183	1.141	1.214	0.984	1.013	1.116	1.132	1.114	1.145	1.261	1.166	1.102	1.119	1.147	1.217	1.097
59:00:55	22.6	0.785	1.056	1.135	1.059	1.048	1.029	1.069	1.060	1.105	1.113	1.153	1.178	1.093	1.091	1.073	1.109	1.165	1.115	1.184	1.037	1.188	1.180	1.179	1.145	1.195	1.079	1.161	1.123	1.199	1.148	1.203	1.152	1.210	1.239	1.175	1.126	1.300	1.104	1.157	1.156	1.149	1.160	0.229	1.134	1.239	1.172	1.182	1.174	1.230	1.097	1.175	1.127	1.164	1.213	1.164	1.144	1.155	0.819	1.202	1.159	1.098	1.204	1.143	1.188	1.183	1.185	1.122	1.199	1.183	1.166	1.186	1.170	1.260	1.174	1.174	1.182	1.148	1.167	1.175	1.218	1.178	1.135	1.207	0.989	1.005	1.121	1.125	1.115	1.158	1.264	1.157	1.085	1.134	1.151	1.222	1.083
60:00:56	22.6	0.779	1.041	1.132	1.062	1.053	1.031	1.058	1.059	1.103	1.112	1.156	1.138	1.095	1.094	1.071	1.104	1.161	1.113	1.176	1.032	1.180	1.179	1.176	1.147	1.193	1.079	1.156	1.117	1.188	1.143	1.199	1.172	1.207	1.230	1.176	1.123	1.310	1.104	1.156	1.153	1.148	1.158	0.236	1.134	1.231	1.166	1.176	1.172	1.253	1.109	1.173	1.123	1.167	1.212	1.154	1.143	1.158	0.816	1.198	1.164	1.111	1.193	1.144	1.183	1.178	1.180	1.120	1.193	1.179	1.161	1.185	1.174	1.269	1.179	1.164	1.185	1.144	1.167	1.169	1.216	1.175	1.134	1.204	0.993	0.999	1.143	1.136	1.145	1.170	1.247	1.161	1.071	1.162	1.155	1.228	1.070
61:00:56	22.7	0.775	1.022	1.125	1.055	1.053	1.027	1.089	1.056	1.102	1.110	1.150	1.186	1.099	1.083	1.064	1.107	1.156	1.121	1.177	1.039	1.180	1.167	1.176	1.143	1.166	1.074	1.152	1.108	1.195	1.142	1.194	1.152	1.196	1.236	1.167	1.123	1.286	1.096	1.151	1.146	1.142	1.154	0.243	1.129	1.226	1.163	1.173	1.175	1.277	1.098	1.160	1.108	1.158	1.204	1.150	1.136	1.153	0.810	1.194	1.172	1.118	1.196	1.140	1.173	1.175	1.176	1.116	1.186	1.168	1.156	1.179	1.181	1.293	1.162	1.154	1.173	1.138	1.154	1.162	1.212	1.166	1.133	1.199	1.002	0.988	1.181	1.142	1.145	1.169	1.221	1.160	1.059	1.173	1.160	1.209	1.069
62:00:57	22.8	0.777	1.029	1.119	1.054	1.051	1.025	1.045	1.052	1.099	1.108	1.153	1.099	1.106	1.085	1.063	1.097	1.153	1.106	1.165	1.032	1.170	1.159	1.166	1.139	1.183	1.057	1.147	1.099	1.188	1.134	1.191	1.148	1.187	1.226	1.161	1.119	1.304	1.092	1.144	1.144	1.136	1.147	0.251	1.132	1.217	1.154	1.168	1.158	1.253	1.112	1.159	1.104	1.163	1.204	1.141	1.132	1.153	0.805	1.192	1.170	1.126	1.194	1.136	1.168	1.169	1.169	1.114	1.178	1.165	1.153	1.175	1.179	1.296	1.184	1.149	1.178	1.127	1.149	1.160	1.209	1.163	1.127	1.193	1.015	0.986	1.167	1.164	1.155	1.160	1.183	1.172	1.052	1.181	1.164	1.195	1.055
63:00:58	23.0	0.766	1.016	1.119	1.053	1.062	1.020	1.112	1.051	1.095	1.098	1.147	1.207	1.103	1.086	1.060	1.103	1.146	1.115	1.158	1.040	1.168	1.155	1.172	1.141	1.132	1.071	1.146	1.102	1.182	1.134	1.185	1.133	1.185	1.233	1.162	1.120	1.267	1.090	1.140	1.138	1.130	1.143	0.259	1.125	1.216	1.156	1.167	1.168	1.338	1.083	1.151	1.097	1.146	1.199	1.141	1.132	1.148	0.803	1.187	1.177	1.150	1.198	1.136	1.163	1.169	1.164	1.114	1.166	1.158	1.150	1.178	1.181	1.261	1.159	1.144	1.159	1.123	1.138	1.148	1.202	1.158	1.129	1.193	1.025	0.970	1.244	1.190	1.170	1.172	1.185	1.132	1.024	1.183	1.168	1.174	1.084
64:00:58	23.1	0.787	1.013	1.119	1.054	1.053	1.015	1.046	1.046	1.094	1.093	1.144	1.088	1.110	1.080	1.057	1.100	1.140	1.108	1.150	1.036	1.157	1.146	1.161	1.135	1.136	1.057	1.136	1.093	1.178	1.128	1.177	1.144	1.174	1.222	1.153	1.110	1.255	1.078	1.132	1.131	1.125	1.138	0.265	1.126	1.204	1.145	1.159	1.157	1.330	1.091	1.146	1.089	1.148	1.192	1.126	1.125	1.144	0.797	1.183	1.178	1.162	1.190	1.131	1.152	1.160	1.153	1.110	1.160	1.150	1.144	1.170	1.184	1.248	1.148	1.137	1.157	1.114	1.133	1.144	1.196	1.155	1.126	1.192	1.040	0.962	1.235	1.217	1.133	1.170	1.162	1.124	1.020	1.180	1.170	1.170	1.035
65:00:59	23.3	0.758	1.020	1.111	1.051	1.057	1.009	1.051	1.046	1.092	1.097	1.149	1.180	1.109	1.081	1.058	1.103	1.135	1.122	1.140	1.037	1.156	1.141	1.156	1.135	1.127	1.064	1.132	1.092	1.173	1.129	1.175	1.135	1.172	1.232	1.150	1.116	1.231	1.084	1.126	1.130	1.118	1.132	0.273	1.123	1.203	1.148	1.159	1.154	1.312	1.075	1.144	1.087	1.137	1.191	1.119	1.125	1.145	0.794	1.181	1.190	1.183	1.203	1.130	1.150	1.163	1.154	1.113	1.151	1.147	1.143	1.173	1.208	1.207	1.141	1.133	1.146	1.097	1.125	1.137	1.196	1.151	1.124	1.190	1.057	0.952	1.217	1.227	1.222	1.162	1.067	1.081	1.022	1.159	1.163	1.150	1.069
66:01:01	23.5	0.756	1.006	1.113	1.052	1.054	1.005	1.039	1.043	1.090	1.092	1.148	1.081	1.115	1.076	1.047	1.087	1.131	1.104	1.133	1.034	1.144	1.139	1.155	1.132	1.112	1.052	1.129	1.078	1.165	1.114	1.168	1.124	1.161	1.218	1.150	1.116	1.231	1.077	1.113	1.118	1.109	1.125	0.279	1.122	1.190	1.136	1.155	1.161	1.315	1.088	1.134	1.077	1.138	1.184	1.110	1.119	1.141	0.786	1.177	1.189	1.164	1.181	1.123	1.141	1.152	1.140	1.106	1.147	1.139	1.138	1.168	1.190	1.212	1.161	1.126	1.143	1.116	1.116	1.129	1.186	1.147	1.122	1.186	1.092	0.938	1.188	1.278	1.203	1.169	1.058	1.068	1.023	1.164	1.153	1.139	1.029
67:01:02	23.9	0.749	1.007	1.109	1.052	1.051	1.002	1.108	1.046	1.097	1.095	1.153	1.121	1.112	1.071	1.044	1.079	1.132	1.094	1.120	1.033	1.139	1.125	1.154	1.125	1.106	1.053	1.125	1.069	1.153	1.103	1.162	1.128	1.155	1.218	1.143	1.109	1.223	1.071	1.104	1.111	1.101	1.118	0.285	1.119	1.183	1.134	1.151	1.158	1.313	1.078	1.125	1.071	1.132	1.182	1.102	1.117	1.138	0.782	1.173	1.200	1.186	1.178	1.119	1.136	1.152	1.131	1.103	1.140	1.135	1.134	1.169	1.201	1.205	1.163	1.113	1.139	1.105	1.109	1.121	1.183	1.139	1.120	1.184	1.118	0.935	1.166	1.232	1.238	1.164	1.044	1.058	1.017	1.155	1.149	1.125	1.042
68:01:03	24.3	0.749	1.000	1.107	1.048	1.042	0.993	1.018	1.042	1.092	1.088	1.147	1.063	1.123	1.064	1.041	1.068	1.125	1.079	1.107	1.028	1.124	1.120	1.146	1.115	1.088	1.044	1.115	1.058	1.142	1.089	1.152	1.119	1.144	1.210	1.133	1.120	1.188	1.065	1.094	1.099	1.093	1.109	0.289	1.117	1.168	1.123	1.146	1.158	1.287	1.076	1.113	1.064	1.124	1.176	1.091	1.107	1.132	0.774	1.169	1.201	1.176	1.177	1.113	1.133	1.146	1.118	1.100	1.131	1.128	1.131	1.162	1.188	1.196	1.140	1.101	1.156	1.085	1.104	1.117	1.176	1.135	1.114	1.179	1.148	0.907	1.123	1.275	1.230	1.167	1.037	1.049	1.012	1.153	1.134	1.112	1.016
69:01:03	24.7	0.736	0.997	1.100	1.039	1.025	0.992	1.071	1.044	1.099	1.094	1.162	1.092	1.126	1.054	1.038	1.071	1.113	1.091	1.096	1.024	1.115	1.106	1.136	1.109	1.099	1.029	1.104	1.050	1.134	1.089	1.145	1.107	1.132	1.211	1.131	1.107	1.178	1.057	1.084	1.094	1.083	1.101	0.293	1.112	1.158	1.118	1.145	1.146	1.255	1.061	1.104	1.055	1.119	1.171	1.079	1.105	1.130	0.767	1.164	1.200	1.203	1.167	1.110	1.121	1.144	1.113	1.095	1.122	1.122	1.126	1.158	1.215	1.161	1.161	1.092	1.143	1.073	1.097	1.110	1.171	1.132	1.107	1.175	1.161	0.898	1.096	1.244	1.209	1.156	1.027	1.047	1.004	1.145	1.133	1.104	1.027
70:01:05	25.2	0.726	0.989	1.094	1.036	1.013	0.990	1.022	1.043	1.097	1.109	1.220	1.069	1.113	1.045	1.034	1.069	1.105	1.084	1.081	1.018	1.101	1.090	1.130	1.101	1.101	1.032	1.099	1.043	1.123	1.080	1.137	1.092	1.122	1.210	1.117	1.096	1.163	1.053	1.071	1.083	1.073	1.096	0.296	1.110	1.146	1.110	1.140	1.134	1.196	1.047	1.091	1.046	1.109	1.165	1.067	1.100	1.127	0.760	1.156	1.206	1.260	1.153	1.103	1.109	1.135	1.105	1.090	1.114	1.115	1.122	1.154	1.222	1.138	1.142	1.083	1.116	1.066	1.087	1.103	1.162	1.127	1.105	1.169	1.182	0.885	1.087	1.241	1.240	1.142	1.019	1.041	1.000	1.132	1.120	1.095	1.012
71:01:04	25.5	0.724	1.004	1.099	1.036	1.002	0.978	0.985	1.040	1.093	1.094	1.149	1.012	1.125	1.037	1.016	1.053	1.100	1.067	1.070	1.008	1.087	1.090	1.119	1.089	1.090	1.008	1.088	1.026	1.108	1.063	1.119	1.078	1.109	1.196	1.108	1.118	1.162	1.051	1.057	1.066	1.059	1.081	0.299	1.102	1.127	1.099	1.130	1.143	1.175	1.057	1.072	1.039	1.104	1.156	1.056	1.085	1.122	0.753	1.152	1.198	1.234	1.140	1.096	1.114	1.132	1.087	1.082	1.105	1.109	1.118	1.145	1.182	1.111	1.113	1.077	1.128	1.045	1.085	1.101	1.154	1.121	1.098	1.162	1.195	0.871	1.073	1.236	1.216	1.114	1.014	1.032	1.005	1.123	1.105	1.077	0.984
72:01:06	25.7	0.719	0.974	1.071	1.009	0.994	0.973	1.049	1.135	1.089	1.138	1.200	1.080	1.119	1.035	1.023	1.050	1.095	1.064	1.059	1.012	1.084	1.079	1.122	1.112	1.077	1.015	1.082	1.027	1.101	1.053	1.116	1.079	1.103	1.195	1.107	1.104	1.133	1.036	1.050	1.062	1.052	1.077	0.300	1.099	1.122	1.098	1.129	1.126	1.129	1.040	1.063	1.030	1.095	1.150	1.048	1.089	1.118	0.746	1.146	1.185	1.210	1.129	1.086	1.099	1.127	1.084	1.081	1.099	1.111	1.115	1.144	1.188	1.098	1.139	1.069	1.116	1.045	1.078	1.094	1.150	1.113	1.091	1.158	1.221	0.870	1.064	1.195	1.168	1.087	1.004	1.020	0.985	1.111	1.091	1.111	0.977

