Time	T° 600	A1	A2	A3	A4	A5	A6	A7	A8	A9	A10	A11	A12	B1	B2	B3	B4	B5	B6	B7	B8	B9	B10	B11	B12	C1	C2	C3	C4	C5	C6	C7	C8	C9	C10	C11	C12	D1	D2	D3	D4	D5	D6	D7	D8	D9	D10	D11	D12	E1	E2	E3	E4	E5	E6	E7	E8	E9	E10	E11	E12	F1	F2	F3	F4	F5	F6	F7	F8	F9	F10	F11	F12	G1	G2	G3	G4	G5	G6	G7	G8	G9	G10	G11	G12	H1	H2	H3	H4	H5	H6	H7	H8	H9	H10	H11	H12
0:00:06	23.8	0.046	0.047	0.050	0.051	0.048	0.049	0.047	0.046	0.048	0.048	0.051	0.047	0.047	0.047	0.048	0.050	0.049	0.048	0.047	0.048	0.049	0.051	0.050	0.050	0.047	0.047	0.047	0.047	0.048	0.048	0.047	0.047	0.049	0.051	0.049	0.051	0.047	0.048	0.048	0.047	0.047	0.055	0.051	0.058	0.048	0.050	0.050	0.050	0.047	0.049	0.049	0.048	0.051	0.050	0.050	0.047	0.049	0.048	0.048	0.053	0.047	0.048	0.051	0.049	0.048	0.048	0.048	0.048	0.047	0.048	0.048	0.048	0.050	0.048	0.051	0.048	0.049	0.048	0.048	0.050	0.051	0.047	0.049	0.048	0.047	0.049	0.047	0.048	0.047	0.048	0.050	0.051	0.050	0.051	0.049	0.049
1:00:03	24.0	0.051	0.054	0.057	0.056	0.055	0.054	0.054	0.051	0.051	0.054	0.056	0.051	0.051	0.054	0.053	0.056	0.055	0.053	0.053	0.053	0.054	0.056	0.056	0.057	0.052	0.052	0.052	0.052	0.053	0.054	0.054	0.053	0.056	0.056	0.056	0.056	0.052	0.053	0.054	0.054	0.054	0.062	0.057	0.063	0.053	0.056	0.055	0.056	0.053	0.054	0.056	0.053	0.058	0.056	0.056	0.053	0.053	0.054	0.055	0.059	0.053	0.054	0.057	0.055	0.054	0.052	0.055	0.053	0.053	0.054	0.056	0.055	0.056	0.055	0.057	0.054	0.055	0.054	0.053	0.054	0.058	0.053	0.056	0.056	0.054	0.056	0.055	0.055	0.053	0.054	0.057	0.056	0.057	0.058	0.055	0.056
2:00:04	24.2	0.061	0.068	0.069	0.068	0.068	0.065	0.068	0.065	0.056	0.070	0.071	0.059	0.061	0.070	0.066	0.072	0.067	0.067	0.066	0.066	0.067	0.070	0.073	0.072	0.065	0.065	0.069	0.065	0.066	0.068	0.067	0.065	0.073	0.070	0.076	0.072	0.068	0.068	0.069	0.071	0.070	0.079	0.076	0.067	0.067	0.072	0.071	0.074	0.067	0.068	0.070	0.070	0.076	0.071	0.071	0.068	0.068	0.071	0.072	0.075	0.064	0.069	0.072	0.066	0.071	0.059	0.072	0.066	0.068	0.070	0.077	0.073	0.069	0.068	0.071	0.067	0.071	0.069	0.067	0.062	0.077	0.069	0.076	0.070	0.071	0.069	0.072	0.065	0.068	0.070	0.073	0.072	0.073	0.075	0.073	0.074
3:00:03	24.1	0.083	0.095	0.096	0.095	0.098	0.090	0.097	0.100	0.067	0.101	0.108	0.078	0.082	0.098	0.093	0.104	0.094	0.095	0.095	0.094	0.097	0.102	0.108	0.105	0.096	0.092	0.094	0.092	0.095	0.096	0.093	0.091	0.106	0.101	0.112	0.107	0.100	0.096	0.097	0.102	0.096	0.109	0.107	0.083	0.096	0.105	0.105	0.111	0.096	0.092	0.097	0.101	0.108	0.100	0.102	0.100	0.098	0.100	0.104	0.113	0.089	0.095	0.103	0.093	0.102	0.079	0.103	0.096	0.102	0.103	0.115	0.110	0.097	0.093	0.099	0.092	0.101	0.098	0.096	0.077	0.112	0.101	0.112	0.100	0.107	0.097	0.104	0.088	0.097	0.100	0.104	0.106	0.109	0.114	0.111	0.109
4:00:04	23.8	0.108	0.122	0.122	0.122	0.128	0.116	0.125	0.138	0.085	0.132	0.141	0.103	0.105	0.126	0.122	0.137	0.122	0.125	0.126	0.125	0.127	0.140	0.144	0.135	0.126	0.119	0.122	0.124	0.124	0.127	0.119	0.117	0.139	0.136	0.152	0.145	0.134	0.126	0.128	0.134	0.125	0.145	0.139	0.101	0.127	0.141	0.144	0.148	0.126	0.118	0.124	0.136	0.140	0.134	0.137	0.132	0.135	0.138	0.136	0.156	0.116	0.123	0.137	0.119	0.134	0.100	0.137	0.126	0.138	0.138	0.157	0.149	0.126	0.123	0.131	0.121	0.135	0.131	0.127	0.090	0.151	0.136	0.153	0.129	0.139	0.126	0.139	0.113	0.130	0.136	0.138	0.148	0.147	0.159	0.151	0.143
5:00:06	23.7	0.138	0.150	0.154	0.149	0.163	0.145	0.163	0.183	0.107	0.164	0.178	0.131	0.134	0.168	0.155	0.184	0.152	0.159	0.163	0.160	0.164	0.184	0.188	0.170	0.161	0.154	0.163	0.165	0.163	0.170	0.153	0.155	0.183	0.189	0.206	0.191	0.172	0.167	0.169	0.177	0.163	0.197	0.179	0.124	0.167	0.189	0.197	0.189	0.163	0.155	0.163	0.182	0.184	0.182	0.182	0.177	0.185	0.191	0.172	0.208	0.149	0.163	0.181	0.152	0.178	0.130	0.183	0.168	0.186	0.182	0.213	0.189	0.162	0.152	0.169	0.151	0.171	0.168	0.166	0.102	0.199	0.185	0.205	0.162	0.180	0.161	0.176	0.140	0.168	0.181	0.178	0.198	0.195	0.211	0.196	0.180
6:00:06	23.5	0.162	0.179	0.181	0.181	0.189	0.179	0.191	0.246	0.131	0.213	0.214	0.157	0.162	0.195	0.191	0.225	0.184	0.189	0.204	0.196	0.206	0.216	0.225	0.196	0.186	0.189	0.197	0.195	0.195	0.209	0.174	0.187	0.222	0.235	0.249	0.231	0.197	0.197	0.206	0.207	0.189	0.220	0.205	0.148	0.202	0.231	0.241	0.226	0.189	0.187	0.184	0.213	0.214	0.218	0.222	0.222	0.222	0.234	0.200	0.253	0.172	0.187	0.220	0.176	0.202	0.152	0.213	0.205	0.232	0.221	0.249	0.226	0.186	0.175	0.200	0.174	0.196	0.198	0.188	0.118	0.240	0.218	0.247	0.186	0.208	0.188	0.195	0.165	0.205	0.219	0.204	0.241	0.236	0.250	0.229	0.212
7:00:08	23.3	0.169	0.183	0.185	0.200	0.200	0.194	0.201	0.300	0.158	0.248	0.240	0.178	0.172	0.216	0.208	0.265	0.205	0.221	0.221	0.222	0.241	0.258	0.264	0.211	0.189	0.212	0.217	0.227	0.221	0.226	0.190	0.208	0.250	0.265	0.268	0.251	0.202	0.218	0.228	0.231	0.207	0.298	0.230	0.170	0.234	0.274	0.285	0.261	0.189	0.206	0.202	0.243	0.243	0.238	0.245	0.252	0.281	0.294	0.224	0.295	0.179	0.205	0.244	0.191	0.224	0.172	0.220	0.225	0.268	0.251	0.288	0.255	0.189	0.193	0.232	0.195	0.214	0.221	0.206	0.135	0.279	0.254	0.287	0.208	0.217	0.197	0.210	0.184	0.217	0.240	0.223	0.270	0.267	0.287	0.248	0.229
8:00:08	23.0	0.185	0.206	0.204	0.217	0.210	0.205	0.211	0.341	0.174	0.259	0.255	0.196	0.191	0.238	0.230	0.282	0.221	0.241	0.240	0.237	0.252	0.285	0.288	0.230	0.204	0.233	0.235	0.253	0.239	0.246	0.212	0.230	0.274	0.296	0.297	0.270	0.219	0.238	0.248	0.254	0.238	0.349	0.255	0.198	0.249	0.302	0.322	0.282	0.208	0.227	0.229	0.275	0.261	0.274	0.273	0.259	0.320	0.353	0.245	0.328	0.200	0.226	0.267	0.209	0.242	0.193	0.247	0.246	0.300	0.280	0.322	0.279	0.209	0.221	0.250	0.219	0.246	0.250	0.240	0.155	0.313	0.288	0.325	0.240	0.233	0.215	0.238	0.204	0.234	0.256	0.253	0.300	0.293	0.319	0.278	0.250
9:00:10	22.7	0.215	0.245	0.236	0.249	0.238	0.234	0.239	0.369	0.194	0.283	0.277	0.219	0.221	0.278	0.258	0.322	0.252	0.268	0.271	0.260	0.276	0.309	0.319	0.262	0.237	0.265	0.271	0.290	0.276	0.282	0.249	0.261	0.309	0.337	0.336	0.303	0.253	0.270	0.279	0.287	0.278	0.400	0.293	0.229	0.273	0.333	0.362	0.315	0.243	0.259	0.266	0.314	0.303	0.316	0.313	0.289	0.364	0.402	0.274	0.356	0.227	0.260	0.307	0.234	0.277	0.226	0.284	0.276	0.335	0.320	0.370	0.319	0.239	0.260	0.283	0.247	0.283	0.286	0.272	0.170	0.354	0.330	0.367	0.281	0.263	0.241	0.278	0.226	0.260	0.283	0.280	0.342	0.330	0.351	0.321	0.289
10:00:11	22.6	0.254	0.293	0.283	0.296	0.277	0.277	0.278	0.411	0.219	0.324	0.312	0.248	0.261	0.331	0.306	0.375	0.299	0.311	0.318	0.301	0.319	0.350	0.361	0.308	0.285	0.312	0.323	0.349	0.323	0.330	0.294	0.305	0.359	0.388	0.383	0.348	0.294	0.324	0.334	0.337	0.321	0.458	0.339	0.259	0.312	0.379	0.410	0.354	0.286	0.307	0.314	0.375	0.356	0.371	0.359	0.336	0.412	0.456	0.319	0.390	0.266	0.311	0.365	0.278	0.327	0.272	0.336	0.320	0.382	0.367	0.418	0.363	0.282	0.308	0.333	0.290	0.331	0.335	0.316	0.183	0.408	0.380	0.419	0.333	0.308	0.283	0.325	0.249	0.302	0.327	0.319	0.391	0.372	0.395	0.372	0.338
11:00:12	22.7	0.308	0.346	0.338	0.346	0.329	0.320	0.331	0.461	0.245	0.375	0.359	0.281	0.320	0.387	0.363	0.436	0.358	0.361	0.384	0.359	0.368	0.404	0.412	0.364	0.341	0.370	0.376	0.414	0.380	0.382	0.349	0.358	0.409	0.446	0.439	0.400	0.347	0.380	0.390	0.388	0.378	0.516	0.392	0.307	0.362	0.428	0.459	0.404	0.341	0.366	0.366	0.436	0.415	0.431	0.420	0.393	0.461	0.515	0.372	0.430	0.325	0.373	0.426	0.337	0.381	0.334	0.396	0.383	0.439	0.422	0.472	0.413	0.339	0.368	0.396	0.352	0.392	0.392	0.369	0.191	0.474	0.440	0.474	0.397	0.375	0.344	0.386	0.285	0.360	0.387	0.376	0.451	0.433	0.449	0.428	0.394
12:00:12	22.7	0.375	0.412	0.405	0.411	0.395	0.391	0.399	0.523	0.272	0.443	0.427	0.324	0.387	0.462	0.435	0.513	0.432	0.430	0.462	0.431	0.443	0.471	0.479	0.436	0.403	0.441	0.451	0.485	0.453	0.452	0.418	0.429	0.481	0.522	0.507	0.471	0.406	0.451	0.461	0.453	0.449	0.590	0.469	0.360	0.431	0.495	0.532	0.470	0.406	0.439	0.440	0.510	0.489	0.504	0.496	0.468	0.537	0.593	0.440	0.495	0.397	0.448	0.496	0.411	0.456	0.403	0.474	0.459	0.513	0.500	0.544	0.483	0.412	0.441	0.475	0.426	0.465	0.464	0.446	0.204	0.549	0.517	0.547	0.475	0.447	0.416	0.459	0.340	0.435	0.459	0.445	0.525	0.511	0.524	0.501	0.465
13:00:13	22.8	0.446	0.482	0.481	0.482	0.466	0.462	0.471	0.586	0.318	0.517	0.501	0.389	0.455	0.543	0.511	0.592	0.509	0.505	0.541	0.507	0.523	0.547	0.553	0.506	0.470	0.521	0.535	0.555	0.533	0.530	0.492	0.499	0.564	0.599	0.586	0.544	0.475	0.528	0.539	0.525	0.519	0.665	0.543	0.423	0.505	0.577	0.613	0.545	0.476	0.521	0.517	0.584	0.568	0.578	0.576	0.550	0.626	0.672	0.513	0.571	0.475	0.526	0.575	0.485	0.536	0.470	0.551	0.539	0.593	0.581	0.626	0.559	0.486	0.515	0.551	0.506	0.542	0.535	0.516	0.219	0.629	0.597	0.630	0.552	0.524	0.495	0.534	0.411	0.511	0.537	0.523	0.604	0.589	0.598	0.582	0.543
14:00:13	22.9	0.508	0.546	0.544	0.550	0.528	0.528	0.531	0.654	0.377	0.580	0.566	0.458	0.517	0.620	0.588	0.662	0.576	0.578	0.614	0.577	0.595	0.617	0.630	0.574	0.533	0.599	0.613	0.623	0.601	0.603	0.558	0.566	0.641	0.671	0.661	0.614	0.545	0.603	0.613	0.596	0.589	0.743	0.613	0.485	0.573	0.653	0.684	0.612	0.538	0.597	0.592	0.657	0.644	0.653	0.647	0.622	0.705	0.747	0.586	0.639	0.546	0.598	0.649	0.552	0.608	0.535	0.627	0.620	0.668	0.657	0.702	0.629	0.556	0.582	0.623	0.581	0.614	0.609	0.585	0.228	0.708	0.674	0.712	0.624	0.604	0.571	0.607	0.478	0.590	0.613	0.598	0.677	0.665	0.674	0.655	0.616
15:00:15	23.0	0.562	0.598	0.598	0.601	0.581	0.578	0.586	0.720	0.439	0.634	0.623	0.520	0.566	0.678	0.644	0.721	0.632	0.639	0.670	0.630	0.653	0.677	0.689	0.623	0.585	0.658	0.672	0.679	0.667	0.668	0.607	0.621	0.700	0.732	0.729	0.673	0.596	0.661	0.674	0.656	0.639	0.798	0.672	0.541	0.635	0.713	0.748	0.666	0.590	0.656	0.649	0.704	0.704	0.717	0.710	0.679	0.775	0.805	0.642	0.694	0.602	0.659	0.714	0.603	0.666	0.591	0.686	0.678	0.731	0.725	0.771	0.687	0.609	0.638	0.688	0.641	0.671	0.667	0.640	0.242	0.767	0.736	0.777	0.678	0.660	0.625	0.661	0.527	0.647	0.673	0.651	0.738	0.721	0.737	0.716	0.672
16:00:16	23.1	0.612	0.652	0.648	0.649	0.635	0.626	0.639	0.777	0.495	0.689	0.676	0.583	0.615	0.729	0.698	0.768	0.687	0.697	0.721	0.681	0.702	0.734	0.743	0.683	0.647	0.708	0.724	0.725	0.715	0.721	0.656	0.676	0.761	0.784	0.790	0.728	0.650	0.712	0.727	0.710	0.692	0.842	0.735	0.602	0.684	0.770	0.801	0.722	0.643	0.710	0.700	0.752	0.755	0.773	0.765	0.734	0.832	0.859	0.697	0.747	0.650	0.705	0.770	0.651	0.720	0.633	0.734	0.735	0.782	0.780	0.828	0.741	0.657	0.690	0.739	0.693	0.730	0.722	0.698	0.259	0.815	0.792	0.837	0.739	0.714	0.679	0.718	0.571	0.698	0.729	0.701	0.796	0.778	0.802	0.774	0.730
17:00:17	23.5	0.654	0.692	0.689	0.689	0.678	0.670	0.680	0.816	0.546	0.736	0.729	0.642	0.659	0.775	0.742	0.810	0.734	0.749	0.766	0.726	0.751	0.780	0.782	0.726	0.689	0.747	0.771	0.768	0.765	0.767	0.697	0.720	0.810	0.825	0.834	0.779	0.693	0.756	0.777	0.764	0.744	0.882	0.779	0.660	0.738	0.815	0.846	0.768	0.686	0.753	0.752	0.796	0.803	0.817	0.807	0.781	0.864	0.891	0.751	0.797	0.696	0.757	0.811	0.695	0.768	0.675	0.790	0.779	0.831	0.834	0.879	0.791	0.705	0.733	0.783	0.744	0.775	0.776	0.752	0.290	0.864	0.837	0.885	0.800	0.763	0.729	0.766	0.609	0.747	0.780	0.749	0.846	0.822	0.857	0.827	0.776
18:00:18	24.0	0.702	0.728	0.722	0.721	0.709	0.703	0.714	0.858	0.600	0.771	0.765	0.688	0.696	0.804	0.777	0.847	0.772	0.786	0.795	0.760	0.786	0.813	0.823	0.763	0.721	0.776	0.802	0.801	0.804	0.803	0.729	0.755	0.848	0.861	0.869	0.815	0.724	0.793	0.813	0.801	0.785	0.907	0.817	0.708	0.778	0.845	0.887	0.805	0.722	0.789	0.789	0.829	0.837	0.849	0.841	0.814	0.915	0.929	0.794	0.836	0.736	0.799	0.850	0.728	0.805	0.719	0.825	0.816	0.871	0.869	0.915	0.827	0.746	0.776	0.822	0.780	0.826	0.819	0.784	0.335	0.913	0.878	0.927	0.838	0.809	0.778	0.820	0.648	0.793	0.819	0.792	0.888	0.870	0.899	0.864	0.818
19:00:18	24.0	0.742	0.758	0.754	0.748	0.741	0.725	0.749	0.898	0.640	0.808	0.799	0.727	0.728	0.832	0.806	0.879	0.811	0.818	0.824	0.793	0.811	0.848	0.856	0.797	0.751	0.807	0.838	0.838	0.834	0.833	0.765	0.783	0.880	0.896	0.902	0.846	0.758	0.825	0.847	0.844	0.827	0.962	0.863	0.751	0.811	0.880	0.919	0.838	0.754	0.823	0.827	0.873	0.875	0.890	0.879	0.846	0.953	0.963	0.832	0.865	0.770	0.834	0.888	0.763	0.839	0.754	0.869	0.849	0.909	0.908	0.961	0.855	0.774	0.811	0.860	0.814	0.852	0.849	0.824	0.379	0.952	0.906	0.958	0.874	0.847	0.807	0.881	0.686	0.828	0.846	0.827	0.925	0.911	0.938	0.898	0.854
20:00:19	24.0	0.779	0.788	0.782	0.774	0.770	0.744	0.783	0.911	0.681	0.831	0.826	0.768	0.761	0.859	0.835	0.902	0.837	0.849	0.854	0.827	0.835	0.880	0.885	0.829	0.792	0.842	0.860	0.864	0.860	0.857	0.791	0.817	0.904	0.924	0.937	0.880	0.802	0.855	0.876	0.870	0.862	0.973	0.887	0.803	0.838	0.915	0.948	0.865	0.793	0.852	0.862	0.901	0.906	0.909	0.910	0.883	0.987	0.996	0.859	0.892	0.803	0.863	0.914	0.798	0.868	0.783	0.908	0.886	0.940	0.936	0.990	0.889	0.805	0.846	0.894	0.854	0.901	0.899	0.863	0.424	0.988	0.943	0.998	0.917	0.882	0.848	0.915	0.719	0.870	0.894	0.866	0.954	0.944	0.979	0.940	0.894
21:00:21	24.1	0.818	0.813	0.805	0.801	0.800	0.780	0.817	0.957	0.716	0.862	0.858	0.803	0.792	0.887	0.870	0.939	0.873	0.879	0.886	0.854	0.867	0.904	0.918	0.859	0.810	0.869	0.897	0.898	0.893	0.889	0.820	0.847	0.948	0.951	0.983	0.908	0.825	0.889	0.904	0.916	0.902	1.011	0.925	0.856	0.877	0.939	0.979	0.902	0.820	0.887	0.900	0.935	0.944	0.939	0.950	0.916	1.012	1.022	0.901	0.921	0.835	0.903	0.959	0.832	0.904	0.821	0.950	0.921	0.980	0.979	1.030	0.920	0.840	0.885	0.928	0.895	0.933	0.938	0.904	0.467	1.024	0.982	1.038	0.959	0.917	0.885	0.956	0.746	0.904	0.936	0.912	1.003	1.000	1.012	0.985	0.935
22:00:22	24.1	0.852	0.842	0.833	0.829	0.827	0.798	0.845	0.982	0.751	0.887	0.883	0.840	0.825	0.914	0.897	0.953	0.900	0.907	0.907	0.882	0.894	0.932	0.938	0.888	0.850	0.898	0.916	0.926	0.915	0.912	0.845	0.873	0.968	0.976	1.008	0.937	0.861	0.915	0.938	0.933	0.935	1.029	0.956	0.891	0.904	0.964	1.003	0.930	0.857	0.915	0.929	0.965	0.966	0.973	0.973	0.953	1.042	1.053	0.928	0.953	0.866	0.934	0.992	0.862	0.938	0.855	0.978	0.953	0.999	1.011	1.053	0.955	0.879	0.931	0.958	0.927	0.975	0.973	0.938	0.509	1.061	1.006	1.058	0.991	0.949	0.921	1.000	0.773	0.937	0.973	0.956	1.036	1.018	1.044	1.012	0.979
23:00:21	24.1	0.881	0.865	0.853	0.849	0.852	0.825	0.873	0.998	0.787	0.910	0.906	0.871	0.852	0.932	0.923	0.982	0.921	0.928	0.927	0.903	0.916	0.955	0.963	0.913	0.861	0.920	0.940	0.952	0.944	0.941	0.868	0.897	0.992	1.003	1.035	0.956	0.877	0.936	0.961	0.964	0.955	1.064	0.975	0.937	0.929	0.995	1.029	0.957	0.875	0.939	0.955	0.984	0.992	0.997	1.004	0.970	1.065	1.081	0.953	0.973	0.892	0.963	1.020	0.892	0.973	0.880	1.013	0.970	1.023	1.029	1.083	0.975	0.901	0.945	0.983	0.943	0.993	0.986	0.968	0.545	1.086	1.020	1.085	1.017	0.966	0.951	1.054	0.792	0.951	0.995	0.968	1.071	1.057	1.059	1.030	1.000
24:00:22	24.1	0.904	0.889	0.872	0.872	0.877	0.847	0.900	1.011	0.814	0.930	0.929	0.904	0.878	0.958	0.943	1.002	0.935	0.950	0.946	0.925	0.938	0.973	0.976	0.939	0.886	0.939	0.959	0.970	0.969	0.957	0.889	0.915	1.004	1.010	1.043	0.981	0.902	0.967	0.979	0.981	0.979	1.090	0.998	0.966	0.956	1.003	1.051	0.980	0.901	0.954	0.979	0.995	1.014	1.023	1.024	0.994	1.085	1.103	0.979	0.993	0.918	0.989	1.046	0.919	0.987	0.916	1.036	0.997	1.050	1.055	1.104	1.002	0.944	0.970	1.015	0.967	1.020	1.012	0.993	0.578	1.108	1.056	1.113	1.039	0.982	0.992	1.099	0.818	0.977	1.028	1.008	1.092	1.074	1.089	1.067	1.037
25:00:24	24.1	0.924	0.901	0.885	0.876	0.891	0.845	0.912	1.015	0.837	0.944	0.945	0.931	0.897	0.968	0.953	1.006	0.953	0.965	0.965	0.939	0.950	0.990	0.989	0.959	0.905	0.953	0.980	0.991	0.984	0.974	0.906	0.933	1.032	1.041	1.064	1.002	0.918	0.987	0.992	0.996	0.998	1.111	1.012	0.994	0.967	1.028	1.066	0.995	0.922	0.972	0.991	1.045	1.030	1.048	1.043	1.001	1.117	1.121	0.996	1.009	0.932	1.006	1.054	0.938	1.009	0.943	1.057	1.010	1.071	1.063	1.125	1.013	0.961	0.978	1.030	0.982	1.039	1.042	1.005	0.612	1.128	1.079	1.129	1.058	0.988	1.019	1.115	0.838	0.998	1.037	1.015	1.106	1.089	1.106	1.075	1.059
26:00:25	24.1	0.945	0.921	0.903	0.897	0.911	0.859	0.938	1.034	0.862	0.964	0.967	0.958	0.926	0.979	0.970	1.032	0.972	0.982	0.983	0.963	0.973	1.005	1.012	0.987	0.929	0.965	0.990	1.022	1.007	0.998	0.918	0.950	1.047	1.055	1.087	1.031	0.955	1.008	1.015	1.026	1.025	1.130	1.029	1.024	0.989	1.045	1.093	1.017	0.957	0.985	1.004	1.057	1.051	1.066	1.067	1.014	1.129	1.131	1.021	1.034	0.953	1.019	1.078	0.958	1.030	0.961	1.086	1.037	1.090	1.096	1.146	1.037	0.990	0.989	1.040	1.009	1.045	1.052	1.033	0.639	1.153	1.094	1.150	1.085	1.005	1.029	1.129	0.851	1.014	1.066	1.055	1.124	1.113	1.128	1.108	1.089
27:00:26	24.1	0.972	0.941	0.923	0.912	0.939	0.879	0.961	1.060	0.889	0.984	0.990	0.985	0.950	1.006	0.993	1.041	0.989	1.006	0.998	0.980	0.984	1.028	1.026	1.008	0.948	0.986	1.018	1.041	1.030	1.012	0.942	0.980	1.063	1.081	1.093	1.044	0.982	1.026	1.033	1.043	1.041	1.159	1.044	1.053	1.007	1.075	1.109	1.037	0.967	1.011	1.029	1.081	1.063	1.098	1.082	1.037	1.161	1.169	1.038	1.052	0.981	1.044	1.100	0.980	1.046	0.990	1.095	1.048	1.107	1.114	1.171	1.059	1.018	1.026	1.082	1.016	1.075	1.083	1.050	0.676	1.176	1.120	1.179	1.108	1.024	1.071	1.160	0.869	1.034	1.090	1.088	1.146	1.120	1.138	1.125	1.125
28:00:27	24.2	0.996	0.960	0.940	0.920	0.961	0.894	0.988	1.088	0.906	0.999	1.007	1.008	0.972	1.013	1.006	1.058	0.997	1.024	1.016	0.996	1.001	1.045	1.039	1.027	0.958	1.002	1.028	1.054	1.037	1.030	0.960	0.995	1.071	1.093	1.108	1.050	0.988	1.039	1.057	1.060	1.054	1.182	1.047	1.087	1.018	1.088	1.123	1.057	0.985	1.026	1.044	1.098	1.064	1.117	1.106	1.052	1.180	1.188	1.055	1.070	0.999	1.062	1.116	1.003	1.059	1.017	1.110	1.066	1.120	1.131	1.184	1.074	1.042	1.041	1.085	1.039	1.095	1.098	1.073	0.703	1.203	1.135	1.193	1.126	1.034	1.103	1.205	0.879	1.040	1.121	1.108	1.168	1.140	1.152	1.147	1.155
29:00:28	24.0	1.004	0.980	0.955	0.932	0.978	0.903	1.002	1.103	0.922	1.017	1.026	1.027	0.993	1.022	1.017	1.065	1.010	1.036	1.025	1.005	1.013	1.062	1.055	1.042	0.968	1.017	1.033	1.056	1.053	1.043	0.970	1.009	1.091	1.105	1.120	1.064	1.005	1.053	1.064	1.073	1.067	1.197	1.058	1.104	1.030	1.103	1.135	1.071	1.004	1.032	1.056	1.117	1.076	1.128	1.119	1.061	1.192	1.205	1.073	1.085	1.018	1.080	1.119	1.022	1.076	1.048	1.122	1.083	1.127	1.139	1.199	1.099	1.064	1.060	1.101	1.054	1.114	1.108	1.087	0.731	1.213	1.152	1.213	1.139	1.042	1.125	1.238	0.885	1.068	1.127	1.127	1.178	1.156	1.167	1.169	1.175
30:00:29	23.7	1.011	1.005	0.975	0.948	0.999	0.919	1.022	1.127	0.943	1.037	1.045	1.040	1.022	1.040	1.036	1.081	1.031	1.059	1.047	1.026	1.030	1.076	1.070	1.067	0.986	1.029	1.050	1.075	1.071	1.060	0.985	1.028	1.098	1.125	1.138	1.078	1.036	1.076	1.087	1.079	1.087	1.228	1.070	1.135	1.051	1.115	1.155	1.091	1.020	1.047	1.069	1.127	1.098	1.153	1.139	1.082	1.216	1.233	1.093	1.105	1.039	1.096	1.144	1.039	1.088	1.064	1.136	1.093	1.149	1.157	1.219	1.116	1.083	1.083	1.130	1.064	1.122	1.129	1.107	0.756	1.235	1.164	1.229	1.160	1.048	1.146	1.235	0.890	1.092	1.133	1.146	1.198	1.168	1.190	1.188	1.187
31:00:30	23.5	1.022	1.027	0.992	0.957	1.018	0.935	1.042	1.134	0.961	1.063	1.065	1.057	1.042	1.049	1.049	1.090	1.047	1.073	1.061	1.038	1.045	1.094	1.077	1.080	0.999	1.040	1.062	1.089	1.084	1.072	1.002	1.041	1.107	1.143	1.149	1.099	1.034	1.080	1.097	1.093	1.084	1.232	1.085	1.157	1.067	1.131	1.168	1.110	1.022	1.060	1.080	1.140	1.099	1.172	1.144	1.088	1.237	1.240	1.111	1.123	1.056	1.103	1.151	1.056	1.092	1.087	1.140	1.109	1.163	1.164	1.222	1.132	1.108	1.106	1.145	1.084	1.143	1.144	1.123	0.782	1.256	1.182	1.230	1.174	1.056	1.157	1.245	0.895	1.102	1.148	1.163	1.210	1.194	1.198	1.201	1.186
32:00:29	23.3	1.037	1.047	1.011	0.969	1.033	0.936	1.054	1.154	0.976	1.076	1.079	1.063	1.065	1.062	1.063	1.099	1.054	1.087	1.071	1.052	1.057	1.107	1.093	1.090	1.019	1.056	1.074	1.096	1.089	1.081	1.011	1.045	1.113	1.149	1.143	1.111	1.077	1.085	1.108	1.106	1.089	1.246	1.091	1.181	1.073	1.130	1.176	1.120	1.077	1.072	1.100	1.152	1.108	1.183	1.154	1.103	1.244	1.258	1.125	1.136	1.071	1.115	1.158	1.075	1.108	1.108	1.131	1.122	1.168	1.178	1.237	1.145	1.118	1.109	1.156	1.082	1.144	1.142	1.122	0.806	1.271	1.197	1.241	1.184	1.062	1.183	1.263	0.904	1.111	1.168	1.190	1.223	1.186	1.212	1.222	1.192
33:00:31	23.0	1.061	1.066	1.030	0.982	1.049	0.946	1.070	1.180	0.998	1.093	1.090	1.084	1.087	1.072	1.075	1.106	1.065	1.101	1.081	1.065	1.066	1.121	1.109	1.097	1.022	1.069	1.084	1.109	1.097	1.093	1.018	1.063	1.124	1.169	1.151	1.126	1.068	1.097	1.119	1.123	1.097	1.256	1.093	1.192	1.090	1.152	1.188	1.136	1.051	1.085	1.114	1.184	1.110	1.193	1.169	1.110	1.263	1.272	1.139	1.148	1.085	1.122	1.173	1.087	1.120	1.121	1.142	1.135	1.179	1.185	1.232	1.157	1.126	1.131	1.167	1.092	1.143	1.143	1.138	0.827	1.271	1.205	1.253	1.198	1.069	1.181	1.258	0.905	1.130	1.174	1.193	1.214	1.208	1.220	1.224	1.190
34:00:32	22.8	1.073	1.079	1.050	1.001	1.057	0.950	1.078	1.178	1.012	1.117	1.101	1.093	1.106	1.081	1.087	1.115	1.079	1.111	1.092	1.073	1.077	1.129	1.124	1.105	1.040	1.083	1.093	1.117	1.103	1.103	1.032	1.069	1.126	1.164	1.159	1.137	1.122	1.107	1.129	1.128	1.107	1.271	1.092	1.214	1.093	1.160	1.188	1.145	1.095	1.096	1.124	1.182	1.115	1.190	1.173	1.120	1.271	1.282	1.149	1.152	1.099	1.125	1.180	1.094	1.137	1.133	1.152	1.142	1.181	1.193	1.236	1.169	1.129	1.136	1.177	1.106	1.150	1.146	1.144	0.851	1.314	1.223	1.256	1.206	1.077	1.189	1.247	0.920	1.144	1.196	1.211	1.217	1.203	1.225	1.223	1.193
35:00:33	22.5	1.108	1.088	1.069	1.014	1.069	0.969	1.086	1.189	1.042	1.115	1.103	1.121	1.119	1.090	1.096	1.121	1.089	1.120	1.103	1.086	1.085	1.138	1.127	1.111	1.046	1.094	1.101	1.118	1.114	1.108	1.036	1.083	1.135	1.171	1.168	1.149	1.077	1.117	1.139	1.144	1.108	1.270	1.102	1.235	1.107	1.170	1.194	1.152	1.081	1.106	1.119	1.171	1.114	1.194	1.181	1.129	1.281	1.283	1.158	1.161	1.105	1.130	1.178	1.108	1.144	1.141	1.155	1.143	1.186	1.188	1.226	1.174	1.125	1.142	1.179	1.106	1.141	1.144	1.153	0.866	1.276	1.222	1.250	1.215	1.082	1.187	1.220	0.920	1.152	1.184	1.221	1.226	1.230	1.231	1.218	1.183
36:00:34	22.7	1.134	1.093	1.081	1.024	1.071	0.980	1.089	1.200	1.057	1.106	1.107	1.141	1.129	1.090	1.101	1.125	1.093	1.123	1.106	1.090	1.095	1.142	1.137	1.114	1.047	1.097	1.106	1.122	1.116	1.113	1.042	1.090	1.135	1.169	1.170	1.150	1.145	1.118	1.141	1.147	1.109	1.283	1.101	1.244	1.111	1.171	1.194	1.157	1.138	1.112	1.120	1.182	1.123	1.193	1.181	1.141	1.294	1.291	1.164	1.162	1.115	1.133	1.179	1.114	1.144	1.153	1.161	1.139	1.191	1.196	1.224	1.176	1.128	1.144	1.179	1.119	1.147	1.143	1.157	0.885	1.272	1.225	1.246	1.219	1.085	1.188	1.191	0.927	1.157	1.208	1.218	1.227	1.219	1.229	1.219	1.176
37:00:35	22.7	1.150	1.095	1.094	1.040	1.078	0.994	1.094	1.202	1.083	1.100	1.110	1.165	1.140	1.093	1.105	1.132	1.099	1.128	1.113	1.097	1.096	1.148	1.146	1.123	1.056	1.102	1.111	1.117	1.118	1.114	1.047	1.093	1.135	1.173	1.174	1.156	1.137	1.121	1.143	1.154	1.110	1.284	1.099	1.256	1.116	1.178	1.196	1.160	1.113	1.116	1.115	1.169	1.118	1.190	1.173	1.145	1.300	1.295	1.168	1.165	1.125	1.136	1.180	1.122	1.149	1.154	1.165	1.140	1.190	1.198	1.226	1.177	1.129	1.152	1.176	1.122	1.145	1.142	1.160	0.903	1.269	1.220	1.246	1.228	1.091	1.195	1.162	0.935	1.165	1.204	1.223	1.237	1.232	1.230	1.221	1.176
38:00:36	22.8	1.183	1.097	1.102	1.060	1.086	1.027	1.099	1.196	1.173	1.098	1.117	1.202	1.144	1.100	1.111	1.139	1.102	1.132	1.118	1.102	1.104	1.156	1.149	1.128	1.071	1.111	1.117	1.121	1.122	1.117	1.053	1.099	1.142	1.174	1.176	1.165	1.141	1.128	1.147	1.157	1.111	1.283	1.100	1.251	1.117	1.177	1.205	1.165	1.106	1.124	1.120	1.160	1.120	1.186	1.160	1.146	1.311	1.290	1.173	1.170	1.132	1.135	1.176	1.133	1.145	1.164	1.162	1.144	1.192	1.199	1.230	1.177	1.129	1.156	1.163	1.132	1.145	1.147	1.166	0.920	1.273	1.216	1.248	1.237	1.096	1.194	1.132	0.938	1.164	1.205	1.235	1.232	1.236	1.230	1.221	1.178
39:00:37	22.9	1.188	1.094	1.106	1.076	1.092	1.052	1.101	1.202	1.236	1.102	1.120	1.237	1.150	1.110	1.115	1.134	1.110	1.135	1.123	1.105	1.113	1.153	1.156	1.127	1.088	1.116	1.121	1.130	1.119	1.121	1.055	1.107	1.145	1.171	1.182	1.168	1.141	1.129	1.150	1.158	1.118	1.294	1.096	1.253	1.120	1.185	1.202	1.163	1.135	1.127	1.125	1.167	1.118	1.194	1.161	1.141	1.307	1.283	1.176	1.172	1.140	1.137	1.183	1.132	1.153	1.175	1.164	1.144	1.190	1.204	1.228	1.179	1.132	1.168	1.166	1.137	1.141	1.146	1.168	0.938	1.262	1.207	1.249	1.241	1.107	1.184	1.113	0.943	1.169	1.198	1.231	1.242	1.251	1.230	1.216	1.177
40:00:38	23.1	1.205	1.098	1.109	1.088	1.097	1.049	1.098	1.198	1.268	1.097	1.123	1.269	1.152	1.112	1.113	1.141	1.111	1.136	1.124	1.107	1.111	1.158	1.158	1.134	1.105	1.117	1.124	1.123	1.124	1.120	1.058	1.108	1.145	1.168	1.178	1.171	1.157	1.129	1.151	1.157	1.117	1.288	1.094	1.238	1.118	1.180	1.202	1.160	1.134	1.128	1.125	1.157	1.118	1.186	1.159	1.142	1.309	1.276	1.177	1.174	1.144	1.135	1.175	1.133	1.146	1.179	1.159	1.145	1.188	1.204	1.229	1.176	1.136	1.156	1.159	1.134	1.137	1.143	1.177	0.955	1.267	1.203	1.246	1.244	1.107	1.175	1.101	0.946	1.170	1.197	1.228	1.238	1.247	1.227	1.213	1.183
41:00:39	23.6	1.192	1.099	1.111	1.096	1.104	1.047	1.098	1.188	1.293	1.088	1.123	1.301	1.152	1.113	1.108	1.135	1.111	1.136	1.125	1.107	1.113	1.157	1.158	1.136	1.121	1.116	1.122	1.124	1.124	1.119	1.061	1.108	1.144	1.166	1.179	1.170	1.165	1.133	1.150	1.154	1.116	1.280	1.086	1.232	1.119	1.180	1.202	1.156	1.148	1.128	1.127	1.152	1.114	1.181	1.156	1.138	1.312	1.275	1.175	1.171	1.150	1.137	1.175	1.135	1.149	1.183	1.154	1.144	1.187	1.203	1.225	1.172	1.135	1.161	1.153	1.137	1.134	1.136	1.180	0.966	1.260	1.204	1.246	1.247	1.111	1.172	1.092	0.952	1.173	1.190	1.212	1.236	1.259	1.226	1.206	1.189
42:00:39	23.8	1.167	1.102	1.113	1.105	1.111	1.042	1.102	1.176	1.293	1.078	1.122	1.279	1.153	1.116	1.107	1.133	1.112	1.133	1.127	1.109	1.116	1.159	1.158	1.143	1.137	1.116	1.121	1.123	1.121	1.118	1.062	1.111	1.142	1.163	1.179	1.170	1.151	1.130	1.149	1.154	1.113	1.270	1.074	1.224	1.116	1.183	1.197	1.154	1.163	1.127	1.125	1.160	1.109	1.173	1.155	1.134	1.298	1.276	1.175	1.169	1.158	1.135	1.172	1.137	1.145	1.183	1.156	1.142	1.188	1.203	1.220	1.171	1.134	1.160	1.149	1.139	1.143	1.132	1.171	0.984	1.272	1.206	1.247	1.251	1.121	1.178	1.086	0.962	1.178	1.187	1.200	1.238	1.249	1.220	1.203	1.198
43:00:40	23.7	1.158	1.106	1.121	1.111	1.119	1.049	1.105	1.164	1.282	1.060	1.127	1.233	1.153	1.129	1.109	1.133	1.121	1.141	1.129	1.114	1.122	1.160	1.160	1.148	1.152	1.123	1.122	1.120	1.126	1.118	1.066	1.117	1.148	1.163	1.177	1.176	1.156	1.132	1.151	1.154	1.120	1.268	1.075	1.207	1.120	1.183	1.202	1.155	1.193	1.132	1.126	1.153	1.107	1.170	1.153	1.131	1.282	1.284	1.176	1.173	1.159	1.132	1.172	1.132	1.141	1.188	1.151	1.144	1.185	1.204	1.224	1.173	1.133	1.148	1.145	1.138	1.137	1.131	1.177	0.995	1.266	1.204	1.244	1.253	1.206	1.172	1.080	0.963	1.176	1.182	1.188	1.240	1.255	1.220	1.195	1.209
44:00:41	23.7	1.130	1.103	1.119	1.108	1.120	1.030	1.103	1.154	1.282	1.041	1.129	1.233	1.149	1.130	1.106	1.122	1.121	1.139	1.131	1.113	1.121	1.156	1.155	1.150	1.148	1.128	1.121	1.122	1.123	1.115	1.064	1.120	1.141	1.159	1.176	1.174	1.137	1.135	1.155	1.151	1.117	1.258	1.065	1.197	1.120	1.184	1.198	1.150	1.178	1.133	1.128	1.152	1.104	1.169	1.154	1.124	1.278	1.281	1.172	1.172	1.156	1.135	1.170	1.125	1.141	1.187	1.150	1.145	1.185	1.199	1.219	1.168	1.129	1.131	1.143	1.136	1.131	1.128	1.163	1.005	1.265	1.197	1.241	1.248	1.147	1.164	1.073	0.961	1.173	1.171	1.175	1.220	1.232	1.217	1.186	1.217
45:00:42	23.5	1.120	1.105	1.122	1.100	1.120	1.063	1.104	1.138	1.258	1.025	1.131	1.180	1.144	1.138	1.103	1.131	1.129	1.148	1.136	1.119	1.126	1.158	1.150	1.155	1.160	1.133	1.124	1.117	1.127	1.118	1.067	1.125	1.148	1.165	1.170	1.176	1.132	1.135	1.157	1.155	1.121	1.259	1.067	1.190	1.126	1.183	1.202	1.148	1.211	1.134	1.130	1.154	1.105	1.173	1.153	1.123	1.288	1.288	1.173	1.173	1.154	1.129	1.170	1.126	1.140	1.195	1.144	1.149	1.184	1.200	1.219	1.168	1.126	1.133	1.134	1.130	1.129	1.133	1.201	1.024	1.269	1.198	1.240	1.256	1.136	1.158	1.068	0.958	1.172	1.172	1.154	1.214	1.253	1.215	1.178	1.228
46:00:43	23.5	1.107	1.104	1.121	1.097	1.118	1.061	1.106	1.126	1.252	1.022	1.132	1.217	1.144	1.139	1.101	1.126	1.127	1.147	1.136	1.122	1.123	1.155	1.141	1.160	1.161	1.136	1.118	1.110	1.129	1.116	1.065	1.129	1.143	1.160	1.166	1.171	1.129	1.136	1.156	1.152	1.118	1.253	1.062	1.175	1.124	1.182	1.203	1.146	1.190	1.133	1.130	1.154	1.102	1.168	1.153	1.116	1.281	1.286	1.169	1.171	1.149	1.131	1.171	1.122	1.134	1.197	1.137	1.148	1.182	1.197	1.214	1.165	1.125	1.126	1.137	1.127	1.126	1.129	1.161	1.029	1.254	1.196	1.234	1.253	1.124	1.152	1.072	0.955	1.166	1.169	1.136	1.205	1.216	1.211	1.169	1.238
47:00:44	23.5	1.109	1.101	1.114	1.091	1.113	1.052	1.104	1.114	1.251	1.018	1.129	1.232	1.142	1.132	1.094	1.116	1.125	1.143	1.134	1.121	1.117	1.150	1.135	1.162	1.150	1.132	1.113	1.107	1.123	1.114	1.061	1.127	1.132	1.151	1.160	1.165	1.121	1.129	1.151	1.141	1.111	1.244	1.055	1.166	1.120	1.178	1.196	1.144	1.171	1.130	1.123	1.145	1.095	1.166	1.147	1.108	1.282	1.280	1.162	1.169	1.146	1.130	1.164	1.116	1.128	1.194	1.135	1.146	1.177	1.190	1.210	1.163	1.120	1.119	1.119	1.128	1.124	1.121	1.144	1.036	1.252	1.190	1.226	1.249	1.123	1.146	1.068	0.950	1.165	1.159	1.127	1.196	1.201	1.203	1.162	1.223
48:00:44	23.5	1.097	1.103	1.114	1.085	1.113	1.058	1.106	1.100	1.237	1.016	1.134	1.210	1.139	1.127	1.089	1.119	1.121	1.145	1.135	1.121	1.119	1.150	1.126	1.169	1.161	1.132	1.108	1.103	1.119	1.113	1.062	1.121	1.132	1.152	1.150	1.167	1.134	1.133	1.149	1.140	1.110	1.243	1.057	1.163	1.121	1.171	1.194	1.146	1.196	1.129	1.122	1.146	1.091	1.159	1.143	1.105	1.279	1.279	1.161	1.168	1.142	1.122	1.160	1.114	1.125	1.195	1.130	1.145	1.175	1.191	1.204	1.166	1.125	1.119	1.123	1.122	1.121	1.122	1.153	1.048	1.236	1.192	1.222	1.249	1.118	1.141	1.065	0.947	1.167	1.149	1.118	1.188	1.217	1.203	1.158	1.228
49:00:46	23.5	1.085	1.111	1.110	1.078	1.108	1.031	1.114	1.090	1.228	1.021	1.134	1.177	1.141	1.119	1.084	1.123	1.116	1.146	1.133	1.119	1.116	1.145	1.114	1.175	1.151	1.129	1.113	1.097	1.121	1.113	1.061	1.119	1.129	1.157	1.139	1.163	1.179	1.132	1.148	1.138	1.104	1.240	1.059	1.164	1.119	1.161	1.191	1.148	1.201	1.127	1.121	1.138	1.085	1.156	1.143	1.102	1.277	1.283	1.153	1.162	1.139	1.119	1.157	1.115	1.123	1.196	1.124	1.142	1.174	1.192	1.198	1.160	1.121	1.118	1.124	1.119	1.117	1.120	1.169	1.059	1.231	1.187	1.215	1.254	1.120	1.133	1.064	0.943	1.166	1.142	1.112	1.177	1.229	1.197	1.155	1.233
50:00:46	23.6	1.067	1.117	1.109	1.081	1.106	1.028	1.114	1.080	1.221	1.016	1.134	1.230	1.141	1.112	1.079	1.111	1.112	1.139	1.127	1.116	1.108	1.141	1.109	1.176	1.146	1.125	1.103	1.091	1.111	1.109	1.059	1.113	1.119	1.141	1.138	1.161	1.184	1.125	1.139	1.129	1.099	1.228	1.054	1.154	1.113	1.158	1.184	1.149	1.216	1.123	1.117	1.124	1.077	1.153	1.137	1.093	1.265	1.275	1.149	1.158	1.135	1.119	1.150	1.109	1.115	1.191	1.119	1.137	1.166	1.181	1.194	1.161	1.119	1.109	1.117	1.115	1.111	1.109	1.140	1.064	1.223	1.180	1.206	1.249	1.116	1.129	1.063	0.938	1.162	1.139	1.107	1.167	1.203	1.192	1.151	1.220
51:00:48	23.7	1.060	1.128	1.106	1.072	1.104	1.035	1.119	1.071	1.206	1.023	1.138	1.204	1.146	1.109	1.076	1.110	1.106	1.138	1.123	1.111	1.108	1.136	1.100	1.187	1.135	1.122	1.100	1.085	1.107	1.101	1.058	1.107	1.118	1.141	1.130	1.156	1.157	1.122	1.137	1.124	1.094	1.226	1.053	1.162	1.109	1.146	1.178	1.150	1.192	1.120	1.115	1.121	1.072	1.141	1.136	1.091	1.259	1.274	1.146	1.154	1.134	1.114	1.146	1.108	1.112	1.186	1.112	1.131	1.165	1.179	1.185	1.160	1.115	1.106	1.119	1.112	1.108	1.108	1.151	1.072	1.222	1.174	1.200	1.255	1.112	1.125	1.067	0.936	1.159	1.141	1.105	1.161	1.221	1.191	1.154	1.206
52:00:48	24.0	1.046	1.129	1.101	1.071	1.098	1.018	1.113	1.075	1.195	1.020	1.141	1.163	1.145	1.099	1.066	1.104	1.099	1.131	1.116	1.107	1.101	1.132	1.093	1.190	1.158	1.111	1.091	1.079	1.103	1.098	1.055	1.103	1.108	1.134	1.122	1.153	1.143	1.113	1.130	1.116	1.089	1.213	1.045	1.147	1.103	1.140	1.168	1.151	1.179	1.114	1.109	1.120	1.063	1.135	1.124	1.088	1.243	1.264	1.139	1.152	1.135	1.109	1.138	1.102	1.103	1.175	1.103	1.125	1.155	1.173	1.175	1.160	1.109	1.100	1.105	1.109	1.101	1.100	1.135	1.084	1.207	1.165	1.190	1.253	1.108	1.121	1.061	0.929	1.155	1.130	1.101	1.150	1.207	1.182	1.153	1.186
53:00:49	23.9	1.041	1.134	1.098	1.067	1.097	1.020	1.111	1.066	1.193	1.020	1.142	1.091	1.144	1.095	1.063	1.092	1.095	1.124	1.111	1.101	1.091	1.132	1.087	1.187	1.175	1.109	1.082	1.066	1.092	1.088	1.051	1.098	1.099	1.119	1.119	1.152	1.149	1.104	1.118	1.112	1.085	1.198	1.042	1.143	1.095	1.135	1.159	1.152	1.186	1.111	1.102	1.100	1.052	1.131	1.116	1.079	1.231	1.253	1.135	1.152	1.131	1.106	1.129	1.098	1.095	1.170	1.098	1.120	1.147	1.164	1.170	1.163	1.111	1.095	1.098	1.107	1.097	1.095	1.120	1.096	1.206	1.159	1.184	1.253	1.101	1.120	1.063	0.924	1.154	1.125	1.101	1.142	1.175	1.180	1.153	1.168
54:00:49	23.7	1.030	1.142	1.096	1.061	1.093	1.007	1.125	1.065	1.178	1.023	1.150	1.204	1.150	1.096	1.060	1.090	1.095	1.122	1.109	1.098	1.092	1.125	1.079	1.203	1.197	1.104	1.079	1.072	1.092	1.088	1.055	1.096	1.097	1.123	1.113	1.155	1.144	1.101	1.115	1.103	1.083	1.195	1.043	1.143	1.093	1.129	1.154	1.143	1.179	1.110	1.099	1.101	1.049	1.122	1.112	1.079	1.222	1.250	1.134	1.166	1.129	1.102	1.124	1.095	1.093	1.159	1.092	1.115	1.143	1.162	1.165	1.166	1.139	1.093	1.095	1.105	1.092	1.091	1.130	1.098	1.193	1.155	1.178	1.260	1.095	1.119	1.062	0.918	1.150	1.122	1.120	1.135	1.195	1.169	1.155	1.166
55:00:51	23.5	1.027	1.145	1.098	1.063	1.099	1.008	1.145	1.065	1.173	1.027	1.159	1.192	1.155	1.094	1.060	1.094	1.091	1.121	1.106	1.099	1.092	1.122	1.073	1.226	1.236	1.100	1.081	1.063	1.094	1.089	1.060	1.099	1.095	1.124	1.112	1.155	1.139	1.101	1.115	1.103	1.082	1.191	1.046	1.135	1.091	1.124	1.151	1.146	1.187	1.110	1.098	1.109	1.045	1.120	1.111	1.078	1.217	1.249	1.132	1.174	1.129	1.099	1.123	1.096	1.090	1.150	1.089	1.113	1.140	1.160	1.159	1.167	1.247	1.093	1.100	1.108	1.092	1.094	1.126	1.101	1.182	1.155	1.175	1.270	1.095	1.113	1.069	0.915	1.150	1.121	1.158	1.134	1.195	1.164	1.161	1.141
56:00:52	23.3	1.021	1.145	1.105	1.058	1.103	1.013	1.169	1.062	1.152	1.034	1.170	1.137	1.164	1.097	1.062	1.093	1.087	1.122	1.105	1.096	1.096	1.119	1.059	1.248	1.245	1.101	1.081	1.063	1.095	1.086	1.063	1.097	1.094	1.125	1.109	1.153	1.115	1.103	1.112	1.106	1.083	1.189	1.052	1.151	1.089	1.122	1.145	1.153	1.172	1.113	1.100	1.092	1.043	1.119	1.116	1.079	1.212	1.253	1.132	1.188	1.128	1.101	1.123	1.098	1.091	1.146	1.088	1.112	1.137	1.161	1.156	1.180	1.252	1.095	1.099	1.109	1.090	1.094	1.118	1.100	1.175	1.148	1.171	1.326	1.090	1.152	1.077	0.912	1.148	1.119	1.150	1.128	1.218	1.178	1.165	1.131
57:00:53	23.1	1.024	1.122	1.108	1.059	1.104	1.015	1.125	1.068	1.105	1.032	1.161	1.063	1.158	1.099	1.065	1.082	1.093	1.120	1.105	1.098	1.085	1.119	1.072	1.230	1.264	1.100	1.074	1.062	1.091	1.079	1.067	1.098	1.090	1.112	1.113	1.152	1.115	1.101	1.103	1.100	1.085	1.180	1.048	1.165	1.083	1.124	1.141	1.152	1.169	1.113	1.098	1.079	1.039	1.116	1.104	1.077	1.205	1.242	1.132	1.189	1.127	1.103	1.119	1.101	1.086	1.159	1.085	1.112	1.132	1.155	1.153	1.180	1.259	1.095	1.098	1.112	1.092	1.091	1.118	1.101	1.175	1.150	1.168	1.336	1.086	1.169	1.087	0.909	1.150	1.117	1.141	1.125	1.177	1.170	1.168	1.109
58:00:55	22.8	1.022	1.116	1.105	1.058	1.107	1.013	1.113	1.062	1.100	1.027	1.163	1.063	1.158	1.091	1.064	1.085	1.095	1.118	1.108	1.097	1.087	1.115	1.059	1.259	1.259	1.093	1.076	1.063	1.093	1.084	1.072	1.097	1.091	1.115	1.111	1.157	1.113	1.099	1.103	1.102	1.087	1.178	1.053	1.167	1.080	1.119	1.140	1.157	1.176	1.115	1.100	1.093	1.037	1.115	1.103	1.080	1.200	1.237	1.131	1.186	1.125	1.100	1.117	1.102	1.084	1.156	1.083	1.109	1.131	1.156	1.154	1.189	1.251	1.094	1.096	1.117	1.091	1.088	1.113	1.088	1.172	1.143	1.166	1.319	1.081	1.200	1.085	0.906	1.146	1.114	1.131	1.124	1.177	1.171	1.172	1.100
59:00:55	22.6	1.012	1.106	1.112	1.059	1.111	1.014	1.109	1.061	1.080	1.030	1.165	1.059	1.161	1.087	1.062	1.085	1.091	1.117	1.107	1.097	1.089	1.111	1.056	1.254	1.234	1.088	1.077	1.064	1.096	1.086	1.075	1.098	1.094	1.117	1.112	1.162	1.115	1.099	1.101	1.101	1.087	1.175	1.057	1.176	1.079	1.115	1.136	1.167	1.179	1.115	1.102	1.110	1.034	1.114	1.100	1.078	1.200	1.239	1.129	1.199	1.125	1.099	1.114	1.102	1.085	1.134	1.084	1.107	1.127	1.155	1.153	1.194	1.227	1.092	1.095	1.117	1.094	1.087	1.111	1.080	1.170	1.143	1.163	1.338	1.076	1.199	1.079	0.901	1.144	1.111	1.120	1.125	1.183	1.181	1.181	1.103
60:00:56	22.6	1.087	1.106	1.122	1.059	1.116	1.017	1.094	1.059	1.058	1.028	1.168	1.022	1.167	1.089	1.065	1.087	1.086	1.120	1.105	1.096	1.094	1.112	1.051	1.209	1.238	1.092	1.079	1.063	1.098	1.087	1.081	1.101	1.091	1.118	1.116	1.158	1.115	1.100	1.101	1.106	1.089	1.172	1.061	1.188	1.081	1.115	1.136	1.181	1.179	1.120	1.105	1.091	1.032	1.109	1.098	1.084	1.202	1.241	1.132	1.207	1.143	1.106	1.114	1.106	1.086	1.149	1.085	1.108	1.123	1.155	1.154	1.205	1.210	1.100	1.099	1.122	1.094	1.090	1.123	1.069	1.212	1.142	1.164	1.383	1.076	1.240	1.087	0.904	1.146	1.121	1.164	1.131	1.200	1.196	1.195	1.101
61:00:56	22.7	0.994	1.103	1.132	1.060	1.117	1.016	1.115	1.052	1.064	1.024	1.175	1.061	1.172	1.087	1.063	1.084	1.086	1.115	1.101	1.094	1.092	1.106	1.047	1.245	1.194	1.091	1.077	1.054	1.095	1.079	1.080	1.100	1.087	1.117	1.111	1.167	1.110	1.100	1.099	1.104	1.090	1.168	1.064	1.189	1.079	1.111	1.133	1.189	1.170	1.120	1.104	1.102	1.028	1.106	1.098	1.083	1.196	1.239	1.129	1.202	1.167	1.105	1.109	1.105	1.086	1.145	1.084	1.103	1.120	1.156	1.148	1.206	1.168	1.097	1.094	1.120	1.095	1.088	1.121	1.060	1.195	1.136	1.162	1.430	1.065	1.206	1.100	0.894	1.142	1.129	1.106	1.127	1.218	1.188	1.204	1.101
62:00:57	22.8	0.988	1.100	1.148	1.062	1.132	1.017	1.112	1.048	1.051	1.024	1.174	1.029	1.181	1.087	1.065	1.085	1.081	1.116	1.099	1.092	1.095	1.106	1.043	1.235	1.159	1.091	1.079	1.059	1.100	1.079	1.085	1.099	1.087	1.115	1.114	1.179	1.117	1.102	1.096	1.101	1.086	1.166	1.064	1.187	1.082	1.109	1.131	1.196	1.146	1.121	1.105	1.120	1.023	1.104	1.094	1.082	1.195	1.242	1.131	1.213	1.208	1.106	1.107	1.107	1.086	1.135	1.083	1.101	1.116	1.155	1.148	1.216	1.164	1.100	1.097	1.123	1.096	1.091	1.136	1.056	1.179	1.136	1.161	1.453	1.057	1.176	1.158	0.894	1.143	1.208	1.107	1.129	1.194	1.194	1.214	1.097
63:00:58	22.9	0.972	1.097	1.164	1.065	1.148	1.015	1.103	1.041	1.047	1.025	1.228	1.045	1.198	1.088	1.070	1.081	1.081	1.115	1.097	1.091	1.096	1.107	1.044	1.231	1.154	1.093	1.075	1.052	1.098	1.074	1.086	1.102	1.084	1.112	1.113	1.190	1.120	1.101	1.095	1.101	1.088	1.162	1.064	1.179	1.081	1.108	1.130	1.212	1.145	1.123	1.106	1.134	1.020	1.100	1.091	1.085	1.188	1.241	1.132	1.214	1.285	1.108	1.107	1.111	1.085	1.134	1.084	1.100	1.112	1.156	1.145	1.230	1.179	1.105	1.096	1.125	1.097	1.091	1.139	1.053	1.161	1.133	1.160	1.438	1.052	1.162	1.190	0.889	1.144	1.178	1.105	1.132	1.161	1.196	1.229	1.099
64:00:58	23.1	1.017	1.093	1.193	1.063	1.128	1.010	1.051	1.021	1.021	1.027	1.156	0.997	1.188	1.093	1.067	1.076	1.083	1.114	1.095	1.092	1.086	1.106	1.046	1.140	1.176	1.096	1.072	1.039	1.088	1.063	1.090	1.101	1.081	1.094	1.114	1.193	1.119	1.099	1.091	1.092	1.089	1.149	1.056	1.201	1.075	1.106	1.125	1.219	1.147	1.122	1.103	1.067	1.012	1.091	1.080	1.070	1.178	1.227	1.132	1.200	1.238	1.109	1.101	1.110	1.082	1.122	1.085	1.098	1.103	1.148	1.144	1.222	1.164	1.102	1.092	1.125	1.100	1.090	1.107	1.048	1.202	1.133	1.156	1.444	1.049	1.127	1.201	0.891	1.142	1.225	1.105	1.127	1.201	1.198	1.228	1.074
65:00:59	23.3	0.969	1.099	1.279	1.064	1.153	1.009	1.058	1.016	1.035	1.008	1.156	0.998	1.187	1.083	1.067	1.074	1.080	1.111	1.091	1.087	1.093	1.107	1.040	1.154	1.144	1.093	1.072	1.036	1.093	1.065	1.087	1.097	1.081	1.100	1.111	1.203	1.120	1.099	1.089	1.093	1.087	1.145	1.062	1.200	1.078	1.099	1.123	1.223	1.139	1.118	1.105	1.071	1.010	1.087	1.082	1.080	1.175	1.230	1.133	1.206	1.257	1.108	1.101	1.109	1.081	1.128	1.084	1.096	1.102	1.151	1.142	1.226	1.181	1.104	1.088	1.129	1.102	1.090	1.118	1.042	1.186	1.129	1.158	1.446	1.032	1.169	1.179	0.886	1.141	1.164	1.106	1.130	1.170	1.206	1.240	1.073
66:01:01	23.5	0.964	1.088	1.293	1.071	1.153	0.995	1.066	1.023	1.032	1.006	1.154	0.994	1.183	1.085	1.073	1.071	1.087	1.109	1.094	1.090	1.094	1.109	1.047	1.163	1.140	1.092	1.071	1.029	1.093	1.063	1.090	1.097	1.082	1.098	1.113	1.215	1.115	1.099	1.084	1.091	1.092	1.140	1.060	1.197	1.077	1.098	1.124	1.229	1.154	1.121	1.104	1.067	1.006	1.083	1.077	1.075	1.171	1.226	1.134	1.206	1.227	1.107	1.098	1.108	1.079	1.115	1.085	1.095	1.100	1.149	1.145	1.238	1.181	1.100	1.086	1.130	1.102	1.091	1.100	1.038	1.168	1.130	1.158	1.427	1.025	1.175	1.177	0.883	1.139	1.207	1.113	1.132	1.157	1.211	1.249	1.069
67:01:02	23.9	0.941	1.089	1.150	1.073	1.162	0.992	1.064	1.013	1.052	1.027	1.191	0.984	1.185	1.079	1.074	1.070	1.081	1.105	1.092	1.089	1.091	1.108	1.042	1.205	1.142	1.091	1.069	1.025	1.091	1.058	1.084	1.093	1.080	1.094	1.107	1.252	1.111	1.098	1.083	1.087	1.088	1.134	1.059	1.181	1.080	1.095	1.121	1.228	1.140	1.117	1.103	1.059	1.001	1.078	1.077	1.074	1.167	1.221	1.132	1.199	1.202	1.109	1.093	1.109	1.078	1.122	1.082	1.091	1.096	1.147	1.141	1.248	1.140	1.101	1.085	1.131	1.102	1.090	1.103	1.036	1.160	1.128	1.153	1.385	1.013	1.182	1.165	0.879	1.135	1.206	1.125	1.131	1.138	1.217	1.249	1.063
68:01:03	24.3	0.944	1.050	1.165	1.078	1.157	0.988	1.016	1.001	0.991	0.989	1.123	0.968	1.166	1.078	1.071	1.062	1.081	1.102	1.088	1.087	1.086	1.107	1.042	1.109	1.136	1.089	1.066	1.015	1.086	1.052	1.083	1.091	1.076	1.085	1.107	1.275	1.100	1.095	1.078	1.087	1.088	1.120	1.053	1.112	1.076	1.094	1.116	1.248	1.133	1.117	1.100	1.048	0.995	1.072	1.068	1.065	1.156	1.214	1.131	1.191	1.199	1.106	1.089	1.108	1.074	1.122	1.081	1.091	1.092	1.144	1.141	1.249	1.127	1.097	1.082	1.135	1.103	1.088	1.091	1.037	1.195	1.127	1.151	1.389	1.016	1.160	1.166	0.879	1.137	1.199	1.126	1.135	1.151	1.221	1.252	1.048
69:01:04	24.6	0.938	1.046	1.145	1.105	1.163	0.970	1.023	1.003	0.988	0.994	1.117	0.965	1.154	1.074	1.070	1.055	1.079	1.097	1.087	1.084	1.083	1.107	1.041	1.119	1.130	1.087	1.060	1.010	1.083	1.047	1.078	1.086	1.072	1.082	1.101	1.311	1.090	1.094	1.074	1.079	1.084	1.115	1.051	1.125	1.074	1.085	1.114	1.223	1.137	1.115	1.096	1.044	0.989	1.064	1.063	1.061	1.150	1.211	1.127	1.182	1.192	1.108	1.089	1.109	1.072	1.134	1.079	1.087	1.088	1.142	1.133	1.266	1.113	1.097	1.080	1.136	1.102	1.087	1.091	1.035	1.175	1.126	1.151	1.309	1.002	1.126	1.141	0.899	1.132	1.151	1.119	1.136	1.137	1.227	1.251	1.034
70:01:05	25.1	0.921	1.041	1.115	1.177	1.156	0.964	1.024	0.991	1.000	1.032	1.133	0.953	1.173	1.069	1.067	1.052	1.077	1.091	1.083	1.082	1.079	1.106	1.038	1.181	1.135	1.085	1.056	0.999	1.080	1.042	1.075	1.084	1.066	1.074	1.098	1.330	1.082	1.090	1.068	1.072	1.081	1.105	1.045	1.133	1.072	1.081	1.111	1.190	1.139	1.110	1.091	1.033	0.985	1.059	1.060	1.058	1.139	1.200	1.125	1.179	1.161	1.105	1.084	1.105	1.070	1.118	1.076	1.084	1.082	1.137	1.129	1.305	1.101	1.094	1.076	1.139	1.099	1.084	1.085	1.035	1.170	1.122	1.146	1.280	0.982	1.105	1.085	0.916	1.125	1.129	1.118	1.138	1.110	1.240	1.246	1.039
71:01:04	25.5	0.910	1.016	1.085	1.206	1.126	0.962	0.993	0.979	0.960	0.958	1.076	0.937	1.161	1.069	1.068	1.042	1.076	1.087	1.081	1.079	1.071	1.100	1.036	1.074	1.130	1.085	1.049	0.995	1.073	1.035	1.071	1.079	1.059	1.063	1.097	1.339	1.067	1.087	1.064	1.074	1.075	1.088	1.037	1.162	1.065	1.077	1.104	1.195	1.131	1.108	1.088	1.019	0.979	1.056	1.052	1.048	1.124	1.186	1.123	1.144	1.183	1.107	1.079	1.106	1.068	1.114	1.081	1.082	1.078	1.133	1.123	1.305	1.092	1.094	1.076	1.148	1.105	1.085	1.082	1.034	1.184	1.127	1.144	1.277	0.977	1.091	1.090	0.914	1.126	1.123	1.104	1.141	1.115	1.239	1.232	1.007
72:01:06	25.7	0.952	1.043	1.060	1.110	1.052	0.978	0.972	0.955	1.019	1.161	1.115	0.946	1.138	1.077	1.059	1.019	1.076	1.065	1.076	1.073	1.042	1.097	1.040	1.151	1.167	1.081	1.019	0.997	1.063	1.029	1.051	1.069	1.036	1.048	1.078	1.320	1.059	1.071	1.053	1.060	1.060	1.059	1.037	1.053	1.066	1.060	1.082	1.206	1.119	1.099	1.069	0.999	0.962	1.053	1.065	1.039	1.100	1.148	1.115	1.117	1.212	1.124	1.074	1.097	1.134	1.092	1.086	1.074	1.067	1.125	1.109	1.203	1.074	1.088	1.070	1.143	1.089	1.077	1.065	1.027	1.110	1.154	1.147	1.255	0.966	1.061	1.175	0.867	1.122	1.152	1.080	1.115	1.148	1.183	1.167	0.997

