Time	T° 600	A1	A2	A3	A4	A5	A6	A7	A8	A9	A10	A11	A12	B1	B2	B3	B4	B5	B6	B7	B8	B9	B10	B11	B12	C1	C2	C3	C4	C5	C6	C7	C8	C9	C10	C11	C12	D1	D2	D3	D4	D5	D6	D7	D8	D9	D10	D11	D12	E1	E2	E3	E4	E5	E6	E7	E8	E9	E10	E11	E12	F1	F2	F3	F4	F5	F6	F7	F8	F9	F10	F11	F12	G1	G2	G3	G4	G5	G6	G7	G8	G9	G10	G11	G12	H1	H2	H3	H4	H5	H6	H7	H8	H9	H10	H11	H12
0:00:06	23.8	0.047	0.048	0.053	0.050	0.050	0.051	0.048	0.049	0.049	0.050	0.056	0.051	0.048	0.048	0.048	0.050	0.048	0.049	0.049	0.052	0.049	0.052	0.050	0.052	0.047	0.048	0.048	0.048	0.050	0.052	0.049	0.050	0.050	0.051	0.051	0.051	0.047	0.049	0.049	0.049	0.049	0.050	0.049	0.052	0.052	0.050	0.050	0.058	0.050	0.050	0.049	0.050	0.051	0.053	0.049	0.049	0.051	0.048	0.049	0.051	0.053	0.050	0.050	0.049	0.051	0.049	0.051	0.050	0.050	0.050	0.050	0.050	0.052	0.050	0.056	0.050	0.052	0.050	0.051	0.050	0.051	0.049	0.052	0.049	0.048	0.052	0.051	0.049	0.049	0.049	0.052	0.053	0.052	0.053	0.049	0.050
1:00:02	24.1	0.052	0.053	0.058	0.056	0.054	0.058	0.054	0.055	0.054	0.055	0.062	0.058	0.053	0.052	0.052	0.055	0.049	0.054	0.054	0.056	0.054	0.056	0.054	0.057	0.052	0.052	0.053	0.053	0.054	0.058	0.056	0.055	0.055	0.056	0.056	0.056	0.052	0.053	0.054	0.055	0.054	0.054	0.054	0.057	0.057	0.054	0.056	0.063	0.052	0.055	0.054	0.056	0.056	0.057	0.054	0.054	0.055	0.054	0.055	0.056	0.058	0.055	0.055	0.054	0.056	0.056	0.056	0.056	0.055	0.055	0.056	0.055	0.058	0.056	0.061	0.055	0.059	0.054	0.055	0.057	0.057	0.055	0.058	0.055	0.054	0.059	0.056	0.055	0.055	0.055	0.059	0.059	0.058	0.060	0.055	0.056
2:00:04	24.3	0.067	0.068	0.072	0.070	0.067	0.073	0.071	0.070	0.067	0.070	0.077	0.079	0.065	0.063	0.066	0.068	0.050	0.066	0.066	0.068	0.067	0.072	0.069	0.073	0.067	0.067	0.065	0.067	0.067	0.070	0.069	0.067	0.067	0.069	0.074	0.073	0.066	0.067	0.067	0.068	0.070	0.070	0.067	0.069	0.070	0.070	0.072	0.080	0.068	0.070	0.069	0.072	0.073	0.071	0.068	0.069	0.068	0.068	0.068	0.072	0.073	0.068	0.071	0.068	0.070	0.071	0.070	0.073	0.070	0.072	0.075	0.074	0.074	0.075	0.077	0.070	0.075	0.069	0.070	0.073	0.074	0.069	0.076	0.073	0.070	0.077	0.071	0.071	0.073	0.072	0.074	0.077	0.075	0.080	0.073	0.079
3:00:03	24.1	0.095	0.094	0.103	0.102	0.097	0.107	0.106	0.100	0.104	0.103	0.111	0.113	0.098	0.091	0.098	0.095	0.053	0.092	0.091	0.094	0.095	0.105	0.101	0.108	0.099	0.095	0.091	0.095	0.091	0.094	0.092	0.089	0.094	0.096	0.106	0.109	0.100	0.094	0.094	0.096	0.098	0.097	0.095	0.092	0.096	0.096	0.105	0.110	0.102	0.099	0.096	0.101	0.102	0.096	0.091	0.095	0.094	0.088	0.098	0.107	0.105	0.092	0.101	0.096	0.097	0.096	0.099	0.104	0.100	0.102	0.110	0.110	0.104	0.105	0.107	0.096	0.103	0.096	0.098	0.106	0.106	0.097	0.113	0.110	0.101	0.111	0.104	0.101	0.106	0.100	0.105	0.109	0.112	0.116	0.109	0.122
4:00:04	23.9	0.120	0.123	0.138	0.137	0.130	0.146	0.144	0.130	0.135	0.138	0.148	0.161	0.131	0.116	0.129	0.126	0.055	0.123	0.119	0.123	0.127	0.137	0.135	0.150	0.134	0.122	0.115	0.124	0.119	0.122	0.118	0.114	0.122	0.128	0.143	0.153	0.133	0.124	0.122	0.127	0.128	0.127	0.125	0.117	0.124	0.126	0.140	0.152	0.141	0.130	0.126	0.130	0.136	0.126	0.119	0.125	0.123	0.113	0.133	0.150	0.140	0.118	0.133	0.126	0.126	0.121	0.131	0.139	0.133	0.137	0.149	0.155	0.133	0.137	0.141	0.126	0.136	0.125	0.128	0.140	0.143	0.129	0.154	0.155	0.130	0.153	0.141	0.139	0.144	0.131	0.146	0.148	0.154	0.157	0.151	0.168
5:00:06	23.7	0.145	0.156	0.184	0.176	0.173	0.188	0.191	0.167	0.179	0.183	0.191	0.220	0.165	0.149	0.175	0.166	0.057	0.163	0.162	0.162	0.170	0.185	0.181	0.200	0.165	0.154	0.151	0.166	0.157	0.164	0.158	0.151	0.163	0.173	0.193	0.211	0.168	0.157	0.159	0.167	0.169	0.169	0.166	0.153	0.166	0.170	0.188	0.208	0.182	0.171	0.168	0.172	0.178	0.166	0.155	0.166	0.161	0.152	0.179	0.210	0.190	0.146	0.174	0.167	0.165	0.150	0.174	0.179	0.179	0.185	0.199	0.209	0.166	0.182	0.186	0.169	0.184	0.164	0.171	0.186	0.188	0.172	0.196	0.208	0.165	0.190	0.185	0.191	0.184	0.164	0.193	0.188	0.206	0.200	0.196	0.215
6:00:06	23.5	0.173	0.176	0.228	0.204	0.218	0.228	0.231	0.218	0.223	0.227	0.239	0.265	0.194	0.183	0.209	0.196	0.058	0.209	0.204	0.202	0.214	0.225	0.230	0.246	0.189	0.187	0.191	0.202	0.195	0.193	0.194	0.172	0.199	0.215	0.239	0.256	0.199	0.200	0.187	0.203	0.203	0.206	0.202	0.170	0.193	0.194	0.229	0.253	0.227	0.204	0.197	0.205	0.219	0.209	0.184	0.200	0.194	0.177	0.214	0.258	0.237	0.176	0.211	0.200	0.202	0.179	0.188	0.199	0.213	0.218	0.230	0.253	0.191	0.213	0.213	0.199	0.206	0.199	0.193	0.204	0.211	0.211	0.233	0.253	0.188	0.215	0.220	0.233	0.226	0.197	0.236	0.228	0.256	0.236	0.243	0.252
7:00:07	23.2	0.192	0.199	0.251	0.217	0.257	0.241	0.249	0.267	0.255	0.267	0.284	0.312	0.207	0.201	0.235	0.230	0.060	0.221	0.236	0.236	0.261	0.265	0.270	0.291	0.194	0.206	0.227	0.236	0.226	0.235	0.208	0.191	0.246	0.259	0.291	0.301	0.220	0.234	0.225	0.242	0.257	0.253	0.240	0.220	0.249	0.248	0.280	0.293	0.257	0.237	0.235	0.225	0.251	0.247	0.215	0.249	0.221	0.222	0.264	0.309	0.274	0.186	0.242	0.233	0.233	0.199	0.245	0.239	0.279	0.280	0.291	0.300	0.208	0.243	0.250	0.233	0.249	0.241	0.240	0.255	0.256	0.265	0.277	0.313	0.205	0.228	0.252	0.262	0.252	0.220	0.266	0.252	0.299	0.279	0.269	0.271
8:00:08	22.9	0.214	0.220	0.292	0.237	0.278	0.265	0.263	0.321	0.290	0.308	0.332	0.340	0.235	0.234	0.280	0.254	0.061	0.285	0.276	0.274	0.307	0.309	0.322	0.331	0.218	0.239	0.265	0.272	0.264	0.270	0.269	0.227	0.287	0.308	0.341	0.346	0.238	0.270	0.266	0.277	0.297	0.292	0.284	0.262	0.301	0.305	0.326	0.351	0.282	0.269	0.276	0.255	0.288	0.281	0.243	0.294	0.276	0.264	0.303	0.350	0.314	0.209	0.284	0.273	0.264	0.224	0.296	0.278	0.326	0.332	0.338	0.334	0.223	0.280	0.288	0.268	0.299	0.275	0.282	0.308	0.285	0.311	0.325	0.358	0.217	0.251	0.273	0.310	0.274	0.237	0.289	0.276	0.335	0.298	0.292	0.299
9:00:10	22.6	0.241	0.257	0.335	0.274	0.322	0.306	0.300	0.360	0.345	0.346	0.382	0.380	0.267	0.277	0.332	0.293	0.063	0.331	0.323	0.315	0.354	0.363	0.373	0.370	0.256	0.287	0.314	0.310	0.308	0.312	0.320	0.244	0.339	0.359	0.395	0.377	0.267	0.318	0.320	0.328	0.351	0.352	0.336	0.306	0.349	0.360	0.379	0.401	0.310	0.314	0.326	0.293	0.347	0.342	0.287	0.349	0.333	0.303	0.354	0.387	0.352	0.240	0.341	0.319	0.310	0.247	0.355	0.335	0.381	0.392	0.396	0.366	0.252	0.332	0.342	0.320	0.357	0.323	0.332	0.371	0.326	0.366	0.368	0.407	0.246	0.288	0.302	0.361	0.305	0.265	0.321	0.312	0.379	0.333	0.334	0.341
10:00:10	22.7	0.277	0.312	0.369	0.325	0.379	0.360	0.353	0.403	0.402	0.401	0.437	0.420	0.317	0.333	0.392	0.347	0.063	0.376	0.375	0.368	0.408	0.427	0.425	0.416	0.311	0.351	0.370	0.358	0.366	0.367	0.368	0.270	0.394	0.411	0.447	0.415	0.315	0.368	0.384	0.391	0.406	0.412	0.395	0.356	0.408	0.409	0.432	0.445	0.351	0.369	0.383	0.344	0.409	0.398	0.340	0.409	0.390	0.345	0.408	0.428	0.403	0.288	0.403	0.377	0.365	0.287	0.421	0.395	0.437	0.450	0.449	0.406	0.292	0.380	0.402	0.382	0.415	0.379	0.394	0.430	0.383	0.423	0.420	0.462	0.287	0.335	0.346	0.417	0.350	0.307	0.369	0.356	0.427	0.382	0.387	0.387
11:00:11	22.7	0.326	0.372	0.430	0.396	0.447	0.424	0.414	0.455	0.467	0.458	0.519	0.475	0.375	0.409	0.468	0.424	0.064	0.438	0.441	0.445	0.479	0.499	0.483	0.466	0.375	0.418	0.434	0.421	0.436	0.440	0.437	0.319	0.463	0.477	0.513	0.469	0.381	0.445	0.452	0.464	0.467	0.489	0.470	0.427	0.476	0.479	0.496	0.498	0.399	0.429	0.440	0.399	0.493	0.475	0.418	0.488	0.457	0.411	0.473	0.482	0.461	0.359	0.486	0.455	0.441	0.347	0.499	0.469	0.514	0.520	0.516	0.462	0.350	0.452	0.486	0.454	0.489	0.456	0.468	0.507	0.459	0.491	0.474	0.527	0.342	0.406	0.410	0.490	0.419	0.368	0.442	0.424	0.494	0.439	0.453	0.447
12:00:12	22.8	0.395	0.443	0.504	0.475	0.519	0.501	0.491	0.532	0.538	0.523	0.605	0.539	0.446	0.484	0.551	0.501	0.064	0.514	0.527	0.526	0.556	0.580	0.564	0.535	0.449	0.499	0.509	0.497	0.518	0.528	0.523	0.397	0.545	0.556	0.593	0.531	0.446	0.513	0.541	0.542	0.547	0.580	0.551	0.521	0.561	0.556	0.571	0.566	0.464	0.503	0.510	0.474	0.577	0.555	0.508	0.579	0.544	0.491	0.549	0.546	0.524	0.442	0.570	0.539	0.523	0.420	0.589	0.544	0.594	0.608	0.594	0.527	0.420	0.517	0.563	0.538	0.565	0.542	0.562	0.591	0.542	0.581	0.547	0.592	0.409	0.478	0.481	0.570	0.497	0.445	0.517	0.500	0.562	0.507	0.529	0.517
13:00:12	22.9	0.475	0.514	0.602	0.552	0.590	0.577	0.570	0.607	0.626	0.597	0.692	0.613	0.529	0.574	0.639	0.591	0.065	0.594	0.620	0.616	0.645	0.666	0.650	0.610	0.531	0.589	0.589	0.583	0.609	0.615	0.606	0.480	0.626	0.638	0.678	0.602	0.525	0.604	0.627	0.630	0.636	0.669	0.635	0.603	0.638	0.644	0.655	0.645	0.540	0.584	0.587	0.563	0.665	0.648	0.595	0.667	0.629	0.576	0.637	0.617	0.599	0.529	0.656	0.633	0.611	0.501	0.678	0.628	0.685	0.691	0.676	0.606	0.496	0.596	0.656	0.625	0.652	0.631	0.653	0.674	0.630	0.666	0.617	0.670	0.486	0.555	0.559	0.651	0.578	0.523	0.603	0.573	0.642	0.588	0.619	0.598
14:00:13	23.0	0.545	0.585	0.677	0.621	0.665	0.641	0.633	0.678	0.691	0.670	0.753	0.685	0.596	0.652	0.717	0.666	0.066	0.668	0.687	0.691	0.725	0.740	0.718	0.679	0.596	0.661	0.671	0.658	0.695	0.684	0.688	0.554	0.710	0.715	0.742	0.675	0.589	0.679	0.705	0.710	0.709	0.743	0.718	0.686	0.728	0.726	0.731	0.714	0.612	0.660	0.663	0.635	0.741	0.730	0.679	0.746	0.709	0.656	0.709	0.687	0.670	0.604	0.732	0.710	0.686	0.576	0.751	0.704	0.759	0.773	0.751	0.680	0.567	0.664	0.730	0.705	0.730	0.709	0.731	0.751	0.710	0.746	0.687	0.741	0.554	0.625	0.630	0.722	0.653	0.597	0.675	0.643	0.711	0.659	0.695	0.669
15:00:15	23.0	0.603	0.640	0.731	0.671	0.722	0.688	0.680	0.738	0.745	0.724	0.801	0.735	0.651	0.714	0.778	0.729	0.066	0.729	0.753	0.748	0.776	0.807	0.782	0.742	0.648	0.721	0.730	0.725	0.738	0.740	0.747	0.608	0.765	0.780	0.804	0.734	0.644	0.738	0.762	0.774	0.772	0.799	0.779	0.743	0.780	0.791	0.792	0.782	0.670	0.730	0.727	0.697	0.801	0.793	0.739	0.796	0.768	0.708	0.772	0.751	0.728	0.668	0.786	0.777	0.748	0.642	0.815	0.765	0.816	0.826	0.813	0.742	0.623	0.723	0.791	0.769	0.790	0.776	0.793	0.812	0.782	0.809	0.727	0.805	0.605	0.682	0.687	0.781	0.708	0.660	0.734	0.703	0.769	0.724	0.757	0.730
16:00:15	23.2	0.643	0.680	0.766	0.710	0.757	0.728	0.725	0.779	0.784	0.770	0.846	0.780	0.699	0.760	0.832	0.775	0.065	0.775	0.791	0.806	0.831	0.844	0.827	0.799	0.696	0.769	0.775	0.774	0.803	0.791	0.789	0.653	0.813	0.825	0.848	0.781	0.692	0.788	0.819	0.811	0.815	0.849	0.830	0.796	0.841	0.814	0.837	0.827	0.718	0.780	0.770	0.754	0.848	0.831	0.790	0.827	0.821	0.748	0.821	0.801	0.773	0.719	0.834	0.820	0.796	0.704	0.850	0.821	0.862	0.873	0.859	0.782	0.667	0.767	0.831	0.808	0.839	0.822	0.836	0.855	0.835	0.859	0.772	0.850	0.649	0.729	0.723	0.824	0.747	0.706	0.776	0.750	0.817	0.780	0.808	0.780
17:00:17	23.6	0.695	0.726	0.805	0.749	0.789	0.771	0.770	0.822	0.822	0.812	0.885	0.827	0.746	0.798	0.862	0.813	0.064	0.798	0.823	0.839	0.864	0.875	0.857	0.853	0.744	0.814	0.810	0.818	0.825	0.822	0.821	0.691	0.856	0.861	0.888	0.825	0.736	0.829	0.854	0.860	0.855	0.883	0.860	0.830	0.864	0.849	0.882	0.871	0.777	0.826	0.817	0.807	0.873	0.877	0.824	0.863	0.851	0.772	0.867	0.854	0.823	0.771	0.867	0.859	0.840	0.772	0.885	0.866	0.894	0.904	0.899	0.840	0.715	0.818	0.874	0.850	0.875	0.853	0.867	0.891	0.877	0.892	0.811	0.900	0.701	0.787	0.790	0.877	0.802	0.756	0.828	0.811	0.864	0.831	0.866	0.838
18:00:18	24.0	0.725	0.767	0.826	0.771	0.819	0.796	0.796	0.848	0.838	0.850	0.926	0.866	0.778	0.843	0.905	0.843	0.064	0.844	0.862	0.877	0.904	0.906	0.888	0.889	0.776	0.850	0.854	0.852	0.864	0.870	0.850	0.732	0.882	0.891	0.921	0.864	0.784	0.870	0.893	0.894	0.891	0.927	0.902	0.867	0.904	0.904	0.916	0.907	0.811	0.868	0.857	0.847	0.913	0.906	0.866	0.912	0.890	0.802	0.906	0.893	0.862	0.804	0.910	0.892	0.875	0.831	0.924	0.899	0.925	0.947	0.942	0.878	0.759	0.860	0.915	0.881	0.922	0.887	0.906	0.926	0.917	0.934	0.845	0.945	0.735	0.831	0.828	0.921	0.842	0.795	0.859	0.840	0.907	0.872	0.896	0.880
19:00:18	24.0	0.758	0.799	0.853	0.807	0.845	0.834	0.831	0.877	0.875	0.876	0.955	0.897	0.811	0.868	0.941	0.872	0.063	0.868	0.904	0.906	0.928	0.942	0.921	0.927	0.809	0.880	0.884	0.888	0.908	0.898	0.882	0.771	0.917	0.935	0.962	0.893	0.802	0.902	0.923	0.929	0.928	0.943	0.934	0.904	0.947	0.940	0.952	0.946	0.840	0.900	0.895	0.886	0.950	0.949	0.899	0.941	0.926	0.834	0.947	0.931	0.903	0.839	0.950	0.929	0.913	0.886	0.965	0.932	0.969	0.982	0.987	0.911	0.796	0.900	0.959	0.930	0.955	0.926	0.942	0.967	0.959	0.971	0.873	0.986	0.767	0.870	0.860	0.961	0.885	0.844	0.898	0.882	0.943	0.910	0.937	0.926
20:00:19	24.0	0.791	0.831	0.878	0.835	0.893	0.864	0.865	0.906	0.903	0.920	0.994	0.921	0.841	0.911	0.975	0.905	0.063	0.901	0.940	0.945	0.966	0.975	0.953	0.962	0.845	0.914	0.919	0.924	0.937	0.937	0.909	0.800	0.952	0.963	0.986	0.939	0.860	0.932	0.958	0.969	0.965	0.984	0.965	0.935	0.975	0.965	0.983	0.979	0.871	0.940	0.928	0.922	0.983	0.978	0.935	0.971	0.953	0.862	0.976	0.970	0.942	0.876	0.990	0.962	0.948	0.952	0.994	0.976	0.999	1.019	1.027	0.949	0.828	0.937	0.991	0.958	0.987	0.958	0.979	1.000	1.002	1.004	0.914	1.024	0.794	0.908	0.928	0.998	0.931	0.888	0.934	0.921	0.986	0.945	0.972	0.965
21:00:21	24.1	0.819	0.864	0.908	0.868	0.919	0.897	0.895	0.931	0.936	0.941	1.018	0.946	0.874	0.940	1.006	0.938	0.062	0.931	0.950	0.968	0.984	0.997	0.978	0.982	0.875	0.946	0.938	0.953	0.973	0.959	0.940	0.834	0.981	0.994	1.019	0.967	0.877	0.965	0.989	0.989	0.995	1.022	0.986	0.945	1.000	1.000	1.005	1.001	0.912	0.970	0.965	0.954	1.013	0.998	0.957	1.000	0.980	0.887	1.010	1.003	0.962	0.910	1.017	0.997	0.980	1.012	1.018	1.004	1.034	1.048	1.048	0.983	0.859	0.982	1.032	0.992	1.008	0.995	0.997	1.033	1.039	1.035	0.931	1.053	0.823	0.954	0.965	1.010	0.983	0.930	0.988	0.962	1.029	0.981	1.029	1.002
22:00:21	24.1	0.854	0.895	0.918	0.889	0.950	0.914	0.912	0.947	0.965	0.973	1.048	0.967	0.906	0.963	1.018	0.952	0.062	0.952	0.979	0.993	1.016	1.025	1.002	0.990	0.903	0.971	0.976	0.978	0.991	0.989	0.977	0.859	1.006	1.007	1.044	0.995	0.918	0.996	1.014	1.011	1.023	1.049	1.022	0.973	1.020	1.027	1.039	1.028	0.934	0.998	0.977	0.980	1.052	1.032	0.980	1.027	1.013	0.907	1.036	1.025	0.994	0.940	1.051	1.017	1.009	1.061	1.046	1.034	1.057	1.067	1.071	1.009	0.891	0.992	1.064	1.011	1.043	1.026	1.029	1.053	1.069	1.063	0.950	1.090	0.844	1.002	0.986	1.052	1.016	0.944	1.026	1.012	1.050	1.016	1.051	1.031
23:00:21	24.2	0.869	0.909	0.925	0.908	0.957	0.940	0.935	0.964	0.971	0.969	1.054	0.989	0.916	0.976	1.045	0.961	0.061	0.966	1.005	1.012	1.039	1.040	1.022	1.007	0.915	0.986	0.998	0.993	1.025	1.003	0.984	0.867	1.023	1.023	1.060	1.014	0.927	1.021	1.044	1.034	1.040	1.066	1.030	0.999	1.046	1.049	1.041	1.042	0.943	1.022	1.012	1.002	1.062	1.049	1.007	1.050	1.031	0.939	1.049	1.048	1.016	0.961	1.067	1.042	1.023	1.101	1.062	1.051	1.086	1.097	1.084	1.028	0.914	1.024	1.090	1.039	1.058	1.041	1.046	1.083	1.087	1.081	0.952	1.103	0.865	1.026	1.011	1.067	1.047	0.982	1.029	1.027	1.077	1.024	1.070	1.035
24:00:22	24.2	0.896	0.928	0.947	0.921	0.979	0.951	0.947	0.981	0.995	0.994	1.077	1.005	0.944	1.009	1.068	0.988	0.061	0.983	1.028	1.032	1.068	1.057	1.038	1.025	0.937	1.000	1.024	1.012	1.035	1.032	1.008	0.881	1.052	1.051	1.083	1.039	0.953	1.039	1.065	1.057	1.067	1.084	1.063	1.026	1.073	1.073	1.071	1.061	0.955	1.036	1.043	1.018	1.086	1.082	1.025	1.075	1.054	0.975	1.072	1.082	1.034	0.983	1.098	1.074	1.053	1.136	1.096	1.067	1.109	1.120	1.112	1.057	0.943	1.051	1.108	1.065	1.080	1.069	1.076	1.103	1.117	1.106	0.957	1.134	0.884	1.063	1.048	1.095	1.080	1.016	1.049	1.039	1.087	1.062	1.105	1.062
25:00:24	24.1	0.917	0.940	0.965	0.939	0.994	0.970	0.974	0.993	1.005	1.004	1.096	1.023	0.962	1.025	1.087	1.000	0.061	1.008	1.049	1.052	1.092	1.074	1.062	1.042	0.959	1.023	1.046	1.047	1.068	1.054	1.035	0.884	1.072	1.080	1.108	1.058	0.971	1.064	1.086	1.089	1.087	1.121	1.091	1.044	1.090	1.080	1.088	1.084	0.977	1.061	1.063	1.050	1.117	1.104	1.047	1.099	1.071	0.996	1.093	1.097	1.057	1.018	1.125	1.096	1.081	1.161	1.126	1.093	1.139	1.152	1.138	1.078	0.970	1.071	1.151	1.087	1.115	1.103	1.106	1.137	1.137	1.138	0.965	1.157	0.907	1.097	1.099	1.120	1.102	1.054	1.075	1.088	1.113	1.072	1.120	1.081
26:00:25	24.1	0.938	0.939	0.978	0.962	0.988	0.982	0.976	1.018	1.023	1.022	1.096	1.035	0.979	1.046	1.111	1.024	0.061	1.014	1.070	1.079	1.106	1.081	1.074	1.051	0.977	1.034	1.063	1.058	1.080	1.073	1.035	0.891	1.099	1.102	1.130	1.077	0.992	1.089	1.100	1.115	1.093	1.138	1.113	1.070	1.111	1.110	1.096	1.103	0.995	1.072	1.087	1.068	1.131	1.123	1.062	1.115	1.095	1.012	1.119	1.112	1.058	1.028	1.153	1.120	1.091	1.187	1.137	1.111	1.167	1.174	1.169	1.099	0.986	1.091	1.160	1.130	1.131	1.115	1.132	1.137	1.169	1.146	0.976	1.168	0.929	1.140	1.113	1.145	1.119	1.052	1.105	1.099	1.131	1.095	1.157	1.091
27:00:26	24.2	0.958	0.966	0.991	0.981	1.004	0.996	0.998	1.029	1.034	1.032	1.105	1.053	0.998	1.052	1.143	1.027	0.060	1.021	1.099	1.103	1.125	1.090	1.090	1.066	0.998	1.050	1.093	1.083	1.110	1.078	1.043	0.887	1.110	1.118	1.145	1.091	0.997	1.110	1.126	1.137	1.090	1.152	1.138	1.086	1.132	1.134	1.117	1.120	1.005	1.104	1.119	1.080	1.158	1.149	1.075	1.131	1.121	1.028	1.127	1.135	1.079	1.053	1.177	1.139	1.124	1.215	1.167	1.134	1.186	1.188	1.169	1.113	1.010	1.114	1.184	1.152	1.160	1.140	1.148	1.170	1.195	1.172	0.976	1.190	0.948	1.154	1.132	1.151	1.148	1.117	1.133	1.131	1.157	1.111	1.160	1.102
28:00:27	24.3	0.981	0.979	0.993	1.022	1.015	1.020	1.008	1.050	1.051	1.042	1.115	1.068	1.015	1.082	1.156	1.042	0.060	1.025	1.122	1.114	1.131	1.104	1.114	1.075	1.010	1.065	1.103	1.098	1.127	1.114	1.030	0.894	1.137	1.122	1.163	1.115	1.016	1.117	1.147	1.162	1.098	1.180	1.156	1.105	1.147	1.166	1.135	1.141	1.020	1.114	1.138	1.100	1.179	1.177	1.092	1.155	1.148	1.042	1.151	1.152	1.078	1.071	1.194	1.162	1.136	1.236	1.195	1.166	1.202	1.214	1.192	1.136	1.031	1.125	1.206	1.171	1.185	1.159	1.171	1.196	1.216	1.200	0.980	1.198	0.970	1.206	1.182	1.180	1.163	1.119	1.133	1.138	1.169	1.129	1.185	1.117
29:00:28	24.0	1.001	1.004	1.006	1.048	1.032	1.050	1.032	1.066	1.074	1.059	1.129	1.083	1.032	1.103	1.173	1.068	0.061	1.043	1.125	1.131	1.154	1.119	1.121	1.096	1.033	1.085	1.120	1.113	1.138	1.123	1.043	0.892	1.155	1.156	1.182	1.131	1.030	1.120	1.173	1.178	1.082	1.190	1.172	1.118	1.176	1.186	1.144	1.158	1.036	1.125	1.154	1.110	1.195	1.186	1.096	1.178	1.164	1.052	1.169	1.174	1.079	1.085	1.216	1.183	1.156	1.244	1.202	1.167	1.219	1.235	1.216	1.153	1.064	1.148	1.232	1.193	1.203	1.188	1.189	1.213	1.228	1.214	0.987	1.225	0.992	1.223	1.202	1.179	1.192	1.149	1.164	1.169	1.203	1.143	1.205	1.125
30:00:29	23.7	1.021	1.028	1.024	1.082	1.048	1.078	1.057	1.084	1.080	1.065	1.143	1.098	1.057	1.111	1.190	1.078	0.062	1.059	1.146	1.142	1.166	1.132	1.133	1.112	1.054	1.095	1.150	1.138	1.161	1.148	1.014	0.897	1.179	1.171	1.202	1.153	1.053	1.160	1.199	1.203	1.105	1.215	1.194	1.142	1.195	1.197	1.151	1.172	1.053	1.135	1.174	1.125	1.215	1.210	1.111	1.187	1.183	1.050	1.185	1.198	1.087	1.094	1.238	1.201	1.178	1.253	1.232	1.189	1.245	1.253	1.233	1.167	1.079	1.147	1.246	1.206	1.227	1.206	1.220	1.226	1.242	1.249	0.995	1.241	1.008	1.239	1.215	1.201	1.213	1.139	1.174	1.179	1.210	1.158	1.211	1.131
31:00:29	23.5	1.033	1.050	1.034	1.095	1.050	1.099	1.079	1.091	1.089	1.078	1.153	1.101	1.064	1.121	1.201	1.095	0.062	1.065	1.155	1.149	1.182	1.137	1.150	1.117	1.067	1.105	1.155	1.147	1.171	1.152	0.998	0.903	1.189	1.181	1.201	1.157	1.054	1.168	1.208	1.218	1.098	1.215	1.210	1.164	1.190	1.211	1.169	1.183	1.063	1.151	1.183	1.145	1.231	1.224	1.125	1.200	1.200	1.077	1.194	1.210	1.095	1.100	1.248	1.207	1.188	1.274	1.243	1.198	1.262	1.260	1.241	1.170	1.092	1.156	1.254	1.219	1.222	1.219	1.228	1.248	1.257	1.253	1.000	1.244	1.026	1.239	1.240	1.197	1.250	1.168	1.199	1.199	1.222	1.157	1.223	1.135
32:00:29	23.3	1.029	1.087	1.061	1.114	1.081	1.120	1.104	1.113	1.108	1.093	1.176	1.112	1.090	1.132	1.224	1.116	0.063	1.091	1.169	1.165	1.191	1.155	1.153	1.137	1.086	1.122	1.174	1.169	1.197	1.165	0.966	0.889	1.213	1.190	1.218	1.173	1.085	1.178	1.228	1.242	1.108	1.246	1.232	1.183	1.220	1.231	1.190	1.194	1.081	1.170	1.216	1.146	1.248	1.243	1.137	1.222	1.228	1.086	1.209	1.223	1.110	1.116	1.267	1.239	1.208	1.276	1.276	1.220	1.279	1.284	1.256	1.186	1.110	1.160	1.275	1.238	1.244	1.241	1.245	1.261	1.279	1.274	1.011	1.258	1.034	1.235	1.234	1.218	1.264	1.122	1.209	1.214	1.243	1.167	1.237	1.147
33:00:31	23.0	1.036	1.101	1.075	1.124	1.087	1.134	1.123	1.122	1.118	1.109	1.185	1.113	1.105	1.131	1.236	1.122	0.064	1.095	1.184	1.167	1.206	1.184	1.157	1.142	1.103	1.126	1.188	1.180	1.198	1.181	1.028	0.896	1.228	1.204	1.234	1.175	1.091	1.199	1.240	1.251	1.067	1.246	1.235	1.189	1.223	1.238	1.191	1.199	1.100	1.179	1.212	1.151	1.283	1.260	1.146	1.230	1.241	1.111	1.220	1.230	1.121	1.128	1.287	1.243	1.218	1.274	1.288	1.227	1.296	1.302	1.264	1.193	1.119	1.149	1.293	1.254	1.244	1.258	1.262	1.276	1.282	1.293	1.020	1.262	1.044	1.235	1.261	1.226	1.279	1.132	1.222	1.237	1.262	1.170	1.244	1.157
34:00:32	22.8	1.035	1.111	1.094	1.141	1.110	1.147	1.139	1.125	1.127	1.123	1.198	1.113	1.129	1.129	1.236	1.137	0.064	1.109	1.200	1.184	1.208	1.168	1.163	1.151	1.126	1.129	1.186	1.193	1.216	1.188	0.988	0.890	1.227	1.213	1.239	1.184	1.111	1.186	1.259	1.264	1.068	1.254	1.252	1.201	1.231	1.245	1.197	1.209	1.101	1.181	1.228	1.150	1.274	1.264	1.149	1.241	1.243	1.115	1.233	1.231	1.126	1.135	1.288	1.240	1.204	1.279	1.298	1.223	1.301	1.308	1.259	1.199	1.118	1.147	1.288	1.259	1.234	1.268	1.278	1.278	1.285	1.299	1.024	1.256	1.047	1.226	1.251	1.229	1.294	1.123	1.226	1.233	1.254	1.168	1.246	1.173
35:00:33	22.6	1.038	1.114	1.109	1.146	1.121	1.147	1.141	1.133	1.135	1.133	1.201	1.122	1.142	1.132	1.232	1.140	0.066	1.121	1.204	1.184	1.199	1.188	1.170	1.155	1.147	1.140	1.185	1.202	1.230	1.204	1.002	0.897	1.238	1.226	1.239	1.185	1.116	1.191	1.272	1.279	1.087	1.262	1.262	1.218	1.248	1.259	1.204	1.213	1.107	1.175	1.220	1.164	1.278	1.279	1.161	1.255	1.255	1.103	1.239	1.238	1.131	1.136	1.292	1.250	1.210	1.285	1.307	1.229	1.314	1.306	1.263	1.203	1.118	1.150	1.295	1.266	1.242	1.260	1.288	1.285	1.295	1.298	1.030	1.258	1.048	1.217	1.299	1.226	1.292	1.096	1.231	1.236	1.258	1.173	1.251	1.174
36:00:34	22.7	1.047	1.121	1.121	1.155	1.137	1.153	1.149	1.137	1.141	1.141	1.206	1.122	1.155	1.143	1.230	1.148	0.066	1.119	1.214	1.186	1.210	1.192	1.181	1.161	1.157	1.146	1.190	1.212	1.240	1.191	1.065	0.895	1.245	1.232	1.240	1.192	1.115	1.196	1.277	1.286	1.114	1.281	1.261	1.222	1.268	1.265	1.210	1.217	1.115	1.192	1.217	1.159	1.299	1.288	1.166	1.273	1.267	1.140	1.234	1.237	1.130	1.135	1.300	1.251	1.205	1.273	1.328	1.223	1.322	1.323	1.267	1.201	1.122	1.167	1.299	1.275	1.243	1.267	1.300	1.277	1.296	1.301	1.035	1.252	1.050	1.186	1.292	1.220	1.281	1.098	1.228	1.252	1.253	1.177	1.239	1.172
37:00:35	22.8	1.050	1.123	1.133	1.151	1.141	1.146	1.141	1.139	1.141	1.141	1.201	1.132	1.151	1.143	1.226	1.151	0.067	1.129	1.207	1.178	1.210	1.182	1.183	1.161	1.171	1.142	1.191	1.210	1.231	1.208	1.025	0.882	1.244	1.234	1.236	1.188	1.125	1.196	1.276	1.292	1.132	1.273	1.267	1.220	1.262	1.268	1.215	1.217	1.124	1.188	1.222	1.159	1.296	1.294	1.169	1.272	1.273	1.132	1.232	1.236	1.132	1.140	1.295	1.256	1.204	1.259	1.322	1.214	1.322	1.317	1.271	1.204	1.128	1.164	1.291	1.275	1.215	1.256	1.287	1.261	1.302	1.289	1.037	1.249	1.058	1.173	1.305	1.225	1.298	1.071	1.231	1.241	1.247	1.172	1.243	1.183
38:00:36	22.9	1.053	1.125	1.156	1.154	1.150	1.146	1.141	1.145	1.139	1.144	1.203	1.140	1.159	1.142	1.228	1.164	0.069	1.135	1.216	1.175	1.208	1.194	1.188	1.163	1.185	1.152	1.186	1.217	1.236	1.211	0.967	0.846	1.256	1.225	1.237	1.189	1.129	1.194	1.277	1.286	1.142	1.270	1.264	1.233	1.265	1.269	1.221	1.218	1.134	1.194	1.228	1.162	1.286	1.300	1.173	1.275	1.275	1.161	1.235	1.236	1.143	1.145	1.267	1.249	1.199	1.242	1.329	1.205	1.314	1.318	1.267	1.205	1.135	1.162	1.272	1.272	1.214	1.242	1.290	1.249	1.305	1.293	1.041	1.241	1.064	1.132	1.296	1.208	1.274	1.071	1.210	1.245	1.227	1.169	1.235	1.194
39:00:37	23.0	1.048	1.127	1.158	1.151	1.155	1.143	1.133	1.140	1.132	1.141	1.200	1.164	1.157	1.146	1.214	1.163	0.071	1.138	1.217	1.183	1.211	1.190	1.190	1.162	1.187	1.153	1.184	1.219	1.228	1.212	0.946	0.855	1.264	1.225	1.238	1.186	1.134	1.189	1.278	1.268	1.146	1.266	1.270	1.228	1.261	1.269	1.216	1.217	1.141	1.182	1.235	1.160	1.272	1.290	1.167	1.266	1.269	1.166	1.238	1.234	1.133	1.148	1.253	1.247	1.190	1.228	1.325	1.198	1.315	1.303	1.268	1.202	1.138	1.160	1.254	1.263	1.212	1.235	1.283	1.247	1.310	1.280	1.044	1.236	1.072	1.117	1.314	1.195	1.266	1.059	1.203	1.221	1.214	1.164	1.231	1.213
40:00:38	23.2	1.058	1.128	1.159	1.146	1.157	1.138	1.128	1.146	1.126	1.138	1.196	1.166	1.149	1.148	1.208	1.163	0.073	1.138	1.214	1.179	1.205	1.187	1.191	1.161	1.180	1.165	1.185	1.221	1.240	1.199	0.973	0.813	1.277	1.220	1.237	1.183	1.138	1.194	1.289	1.261	1.150	1.262	1.265	1.212	1.267	1.279	1.220	1.220	1.143	1.192	1.219	1.164	1.267	1.301	1.163	1.282	1.267	1.128	1.243	1.228	1.142	1.153	1.248	1.241	1.182	1.217	1.331	1.192	1.317	1.290	1.264	1.199	1.138	1.163	1.250	1.250	1.217	1.217	1.268	1.230	1.317	1.277	1.043	1.233	1.075	1.109	1.321	1.202	1.276	1.050	1.195	1.201	1.199	1.160	1.229	1.208
41:00:39	23.6	1.050	1.131	1.172	1.148	1.162	1.135	1.128	1.151	1.124	1.140	1.196	1.165	1.152	1.151	1.201	1.155	0.076	1.140	1.216	1.184	1.204	1.187	1.189	1.162	1.179	1.154	1.181	1.209	1.237	1.202	1.032	0.791	1.269	1.210	1.231	1.180	1.138	1.196	1.286	1.248	1.150	1.271	1.259	1.217	1.258	1.260	1.214	1.216	1.139	1.188	1.230	1.167	1.259	1.298	1.151	1.272	1.262	1.117	1.239	1.222	1.143	1.154	1.241	1.234	1.179	1.200	1.329	1.188	1.306	1.283	1.266	1.199	1.139	1.171	1.247	1.235	1.206	1.216	1.257	1.232	1.308	1.266	1.040	1.224	1.073	1.101	1.258	1.175	1.271	1.049	1.191	1.207	1.183	1.160	1.221	1.171
42:00:38	23.8	1.059	1.133	1.169	1.137	1.158	1.134	1.125	1.157	1.116	1.136	1.193	1.183	1.147	1.155	1.197	1.165	0.080	1.136	1.237	1.178	1.205	1.190	1.188	1.163	1.171	1.165	1.185	1.216	1.236	1.216	1.010	0.772	1.257	1.207	1.232	1.180	1.150	1.195	1.282	1.249	1.152	1.280	1.246	1.220	1.263	1.269	1.219	1.218	1.143	1.186	1.215	1.173	1.246	1.288	1.147	1.284	1.256	1.100	1.242	1.220	1.145	1.162	1.242	1.224	1.181	1.095	1.321	1.185	1.294	1.276	1.267	1.200	1.144	1.170	1.232	1.224	1.221	1.206	1.232	1.227	1.322	1.270	1.042	1.225	1.072	1.095	1.278	1.163	1.275	1.065	1.171	1.177	1.162	1.160	1.219	1.188
43:00:40	23.8	1.061	1.135	1.158	1.135	1.153	1.125	1.125	1.159	1.107	1.127	1.190	1.215	1.136	1.156	1.192	1.166	0.087	1.136	1.243	1.184	1.205	1.193	1.187	1.167	1.159	1.168	1.180	1.214	1.250	1.209	1.003	0.761	1.246	1.206	1.228	1.184	1.162	1.192	1.275	1.246	1.148	1.267	1.244	1.213	1.262	1.261	1.218	1.222	1.139	1.190	1.202	1.174	1.244	1.289	1.152	1.288	1.240	1.081	1.241	1.219	1.133	1.156	1.242	1.230	1.177	1.097	1.306	1.179	1.279	1.272	1.266	1.198	1.147	1.164	1.219	1.218	1.212	1.195	1.224	1.213	1.324	1.269	1.043	1.220	1.082	1.093	1.287	1.167	1.271	1.034	1.160	1.159	1.151	1.159	1.208	1.182
44:00:41	23.7	1.057	1.137	1.153	1.129	1.153	1.120	1.121	1.156	1.104	1.133	1.184	1.216	1.137	1.153	1.187	1.169	0.094	1.136	1.232	1.178	1.198	1.190	1.185	1.173	1.162	1.169	1.178	1.220	1.236	1.207	1.029	0.794	1.254	1.209	1.230	1.184	1.172	1.195	1.287	1.241	1.147	1.259	1.241	1.215	1.260	1.257	1.220	1.222	1.131	1.193	1.212	1.175	1.224	1.271	1.139	1.279	1.244	1.057	1.243	1.212	1.131	1.156	1.225	1.218	1.175	1.080	1.287	1.181	1.272	1.273	1.262	1.194	1.153	1.171	1.224	1.210	1.209	1.200	1.216	1.214	1.321	1.276	1.045	1.214	1.147	1.100	1.231	1.149	1.233	1.048	1.158	1.152	1.141	1.156	1.193	1.180
45:00:42	23.6	1.063	1.138	1.153	1.128	1.151	1.112	1.111	1.145	1.102	1.129	1.178	1.232	1.155	1.158	1.184	1.166	0.101	1.134	1.235	1.172	1.195	1.183	1.186	1.169	1.157	1.166	1.177	1.218	1.234	1.203	1.056	0.811	1.250	1.206	1.227	1.183	1.166	1.198	1.273	1.242	1.147	1.249	1.238	1.221	1.249	1.252	1.217	1.221	1.126	1.193	1.215	1.181	1.222	1.261	1.137	1.273	1.240	1.049	1.244	1.208	1.130	1.165	1.230	1.213	1.171	1.105	1.278	1.180	1.262	1.270	1.260	1.186	1.158	1.174	1.242	1.206	1.205	1.194	1.215	1.222	1.323	1.274	1.047	1.208	1.121	1.104	1.220	1.148	1.213	1.062	1.148	1.146	1.132	1.148	1.182	1.159
46:00:43	23.6	1.059	1.138	1.149	1.124	1.147	1.105	1.107	1.135	1.114	1.130	1.169	1.225	1.162	1.158	1.176	1.167	0.108	1.136	1.235	1.166	1.193	1.180	1.186	1.179	1.171	1.174	1.179	1.220	1.231	1.200	1.083	0.827	1.250	1.206	1.224	1.183	1.166	1.201	1.269	1.246	1.145	1.242	1.238	1.229	1.253	1.258	1.220	1.221	1.125	1.200	1.207	1.187	1.218	1.262	1.138	1.272	1.242	1.042	1.250	1.200	1.130	1.169	1.224	1.218	1.165	1.103	1.274	1.175	1.264	1.273	1.260	1.181	1.161	1.170	1.222	1.211	1.208	1.197	1.218	1.211	1.322	1.277	1.047	1.206	1.080	1.100	1.199	1.136	1.184	1.065	1.139	1.139	1.129	1.146	1.177	1.149
47:00:44	23.6	1.061	1.136	1.114	1.120	1.138	1.095	1.096	1.127	1.110	1.127	1.161	1.230	1.162	1.158	1.179	1.164	0.115	1.135	1.234	1.162	1.191	1.179	1.179	1.181	1.168	1.170	1.179	1.221	1.229	1.198	1.094	0.835	1.249	1.203	1.218	1.188	1.161	1.192	1.258	1.240	1.145	1.236	1.237	1.216	1.245	1.251	1.213	1.229	1.123	1.197	1.190	1.185	1.214	1.263	1.136	1.260	1.236	1.009	1.242	1.203	1.121	1.171	1.226	1.220	1.166	1.124	1.264	1.172	1.256	1.271	1.252	1.179	1.174	1.162	1.223	1.213	1.205	1.188	1.205	1.200	1.321	1.275	1.047	1.205	1.076	1.103	1.205	1.130	1.169	1.032	1.131	1.129	1.125	1.141	1.176	1.138
48:00:44	23.5	1.055	1.133	1.112	1.118	1.137	1.092	1.095	1.113	1.108	1.129	1.163	1.228	1.155	1.155	1.167	1.164	0.125	1.135	1.228	1.156	1.184	1.176	1.178	1.184	1.175	1.165	1.170	1.222	1.229	1.190	1.103	0.840	1.245	1.201	1.218	1.189	1.156	1.189	1.249	1.238	1.139	1.225	1.228	1.212	1.237	1.248	1.211	1.228	1.118	1.192	1.197	1.183	1.209	1.246	1.127	1.256	1.238	1.015	1.241	1.197	1.119	1.168	1.217	1.217	1.161	1.194	1.254	1.166	1.253	1.269	1.250	1.177	1.177	1.162	1.231	1.206	1.199	1.183	1.204	1.199	1.315	1.276	1.043	1.208	1.073	1.112	1.188	1.122	1.138	1.030	1.127	1.128	1.121	1.145	1.174	1.131
49:00:46	23.5	1.058	1.130	1.091	1.117	1.130	1.090	1.084	1.117	1.107	1.129	1.158	1.213	1.143	1.150	1.161	1.161	0.133	1.132	1.224	1.152	1.178	1.165	1.174	1.177	1.160	1.160	1.160	1.216	1.219	1.183	1.104	0.834	1.241	1.197	1.214	1.184	1.162	1.190	1.243	1.237	1.139	1.218	1.215	1.211	1.234	1.247	1.210	1.223	1.118	1.189	1.187	1.180	1.198	1.234	1.128	1.250	1.237	1.035	1.240	1.194	1.126	1.169	1.217	1.221	1.157	1.182	1.249	1.161	1.248	1.261	1.243	1.170	1.177	1.156	1.253	1.194	1.195	1.182	1.219	1.205	1.305	1.264	1.041	1.200	1.068	1.136	1.137	1.120	1.126	1.041	1.124	1.135	1.119	1.144	1.172	1.125
50:00:46	23.6	1.049	1.122	1.071	1.113	1.116	1.073	1.076	1.109	1.097	1.123	1.150	1.198	1.131	1.154	1.159	1.154	0.141	1.126	1.222	1.146	1.177	1.165	1.166	1.177	1.165	1.153	1.160	1.216	1.217	1.182	1.105	0.837	1.234	1.186	1.200	1.186	1.180	1.183	1.236	1.227	1.134	1.208	1.222	1.190	1.225	1.234	1.198	1.226	1.117	1.183	1.157	1.172	1.192	1.236	1.119	1.239	1.224	1.037	1.230	1.200	1.115	1.164	1.205	1.206	1.152	1.058	1.238	1.157	1.237	1.254	1.234	1.172	1.179	1.149	1.202	1.196	1.187	1.175	1.194	1.184	1.307	1.264	1.045	1.203	1.062	1.133	1.175	1.114	1.122	1.033	1.126	1.116	1.113	1.138	1.175	1.127
51:00:48	23.8	1.042	1.119	1.062	1.110	1.113	1.068	1.075	1.109	1.096	1.125	1.146	1.179	1.118	1.142	1.154	1.146	0.149	1.124	1.217	1.135	1.170	1.158	1.158	1.175	1.159	1.146	1.150	1.212	1.210	1.173	1.099	0.835	1.227	1.182	1.195	1.181	1.180	1.180	1.235	1.221	1.133	1.198	1.218	1.181	1.220	1.231	1.194	1.223	1.116	1.176	1.140	1.168	1.183	1.234	1.119	1.235	1.218	1.087	1.228	1.206	1.114	1.155	1.200	1.199	1.144	1.130	1.230	1.148	1.228	1.249	1.227	1.174	1.187	1.135	1.189	1.189	1.179	1.169	1.183	1.172	1.296	1.261	1.045	1.203	1.055	1.139	1.174	1.110	1.126	1.019	1.127	1.112	1.116	1.140	1.178	1.131
52:00:48	24.0	1.044	1.118	1.063	1.100	1.116	1.065	1.069	1.090	1.090	1.124	1.147	1.183	1.114	1.136	1.135	1.142	0.155	1.121	1.205	1.130	1.160	1.151	1.155	1.173	1.163	1.145	1.136	1.201	1.198	1.159	1.093	0.823	1.220	1.176	1.192	1.183	1.182	1.174	1.223	1.215	1.125	1.186	1.195	1.174	1.209	1.225	1.191	1.216	1.117	1.169	1.154	1.161	1.168	1.208	1.107	1.215	1.215	1.109	1.222	1.203	1.115	1.150	1.179	1.194	1.136	1.084	1.213	1.139	1.222	1.238	1.220	1.165	1.186	1.137	1.206	1.166	1.163	1.160	1.191	1.174	1.282	1.245	1.039	1.205	1.053	1.143	1.136	1.109	1.112	1.023	1.128	1.113	1.110	1.139	1.175	1.112
53:00:49	23.9	1.031	1.122	1.062	1.091	1.107	1.055	1.060	1.091	1.084	1.138	1.144	1.164	1.104	1.131	1.135	1.135	0.162	1.118	1.199	1.123	1.153	1.143	1.147	1.152	1.139	1.134	1.133	1.202	1.191	1.157	1.093	0.824	1.212	1.168	1.179	1.177	1.198	1.171	1.218	1.207	1.123	1.178	1.197	1.157	1.203	1.214	1.182	1.216	1.118	1.165	1.129	1.159	1.165	1.208	1.105	1.213	1.205	1.132	1.220	1.204	1.119	1.146	1.176	1.188	1.129	1.129	1.211	1.133	1.212	1.232	1.217	1.181	1.230	1.133	1.190	1.155	1.165	1.158	1.177	1.161	1.277	1.242	1.045	1.202	1.046	1.171	1.174	1.102	1.121	1.026	1.131	1.114	1.115	1.134	1.179	1.116
54:00:50	23.7	1.028	1.129	1.061	1.086	1.102	1.053	1.054	1.084	1.075	1.140	1.144	1.153	1.103	1.127	1.129	1.131	0.167	1.113	1.192	1.115	1.146	1.142	1.139	1.143	1.128	1.138	1.126	1.200	1.186	1.147	1.088	0.820	1.206	1.164	1.178	1.170	1.204	1.162	1.207	1.202	1.119	1.168	1.187	1.150	1.194	1.210	1.177	1.207	1.122	1.158	1.119	1.154	1.159	1.196	1.098	1.199	1.199	1.063	1.216	1.204	1.119	1.144	1.172	1.175	1.122	1.150	1.202	1.129	1.203	1.224	1.209	1.181	1.243	1.131	1.188	1.158	1.157	1.150	1.167	1.151	1.270	1.234	1.047	1.209	1.039	1.198	1.182	1.115	1.123	1.024	1.136	1.112	1.113	1.140	1.179	1.116
55:00:51	23.5	1.013	1.139	1.048	1.082	1.107	1.061	1.053	1.085	1.066	1.135	1.144	1.120	1.104	1.130	1.133	1.124	0.173	1.111	1.189	1.111	1.147	1.148	1.135	1.142	1.099	1.129	1.126	1.200	1.181	1.149	1.089	0.826	1.199	1.158	1.168	1.173	1.199	1.158	1.202	1.194	1.122	1.161	1.193	1.140	1.187	1.205	1.172	1.202	1.124	1.155	1.084	1.149	1.157	1.204	1.095	1.198	1.194	1.003	1.214	1.202	1.117	1.137	1.175	1.165	1.122	1.160	1.198	1.125	1.201	1.216	1.206	1.178	1.278	1.127	1.157	1.165	1.154	1.148	1.153	1.147	1.263	1.228	1.049	1.218	1.025	1.181	1.186	1.102	1.165	1.030	1.153	1.109	1.116	1.151	1.188	1.148
56:00:51	23.3	1.020	1.133	1.047	1.080	1.113	1.055	1.046	1.064	1.060	1.129	1.143	1.154	1.108	1.125	1.116	1.129	0.179	1.109	1.181	1.104	1.140	1.141	1.134	1.142	1.112	1.138	1.116	1.195	1.178	1.136	1.087	0.819	1.196	1.161	1.173	1.170	1.220	1.156	1.196	1.191	1.116	1.158	1.174	1.145	1.182	1.205	1.173	1.193	1.124	1.147	1.121	1.147	1.153	1.189	1.094	1.188	1.192	1.020	1.212	1.198	1.108	1.135	1.161	1.165	1.119	1.151	1.187	1.120	1.196	1.212	1.196	1.184	1.285	1.129	1.178	1.161	1.147	1.141	1.155	1.138	1.251	1.216	1.047	1.222	1.022	1.230	1.170	1.114	1.124	1.028	1.154	1.113	1.119	1.153	1.190	1.115
57:00:53	23.1	1.054	1.130	1.046	1.078	1.121	1.050	1.043	1.055	1.056	1.135	1.138	1.210	1.119	1.117	1.112	1.126	0.184	1.109	1.175	1.099	1.131	1.134	1.132	1.141	1.117	1.140	1.114	1.192	1.172	1.132	1.086	0.817	1.193	1.159	1.169	1.164	1.217	1.153	1.192	1.188	1.116	1.155	1.168	1.139	1.179	1.198	1.171	1.185	1.126	1.144	1.115	1.143	1.148	1.178	1.092	1.180	1.188	1.063	1.208	1.196	1.126	1.134	1.158	1.163	1.118	1.143	1.183	1.117	1.193	1.207	1.196	1.189	1.340	1.149	1.183	1.147	1.147	1.140	1.161	1.137	1.244	1.211	1.049	1.227	1.024	1.287	1.179	1.122	1.159	1.026	1.155	1.119	1.129	1.143	1.200	1.095
58:00:55	22.9	1.037	1.144	1.046	1.084	1.126	1.054	1.047	1.053	1.047	1.107	1.146	1.202	1.130	1.121	1.111	1.121	0.190	1.107	1.171	1.092	1.132	1.135	1.125	1.141	1.120	1.135	1.113	1.197	1.168	1.135	1.086	0.815	1.185	1.150	1.164	1.169	1.194	1.152	1.190	1.187	1.118	1.147	1.177	1.129	1.175	1.195	1.166	1.182	1.133	1.139	1.117	1.142	1.147	1.180	1.090	1.177	1.182	1.093	1.208	1.202	1.149	1.133	1.161	1.164	1.117	1.142	1.179	1.117	1.187	1.202	1.195	1.201	1.318	1.150	1.186	1.144	1.148	1.137	1.154	1.133	1.235	1.209	1.048	1.234	1.012	1.251	1.182	1.117	1.198	1.031	1.171	1.131	1.144	1.149	1.222	1.091
59:00:55	22.7	1.067	1.141	1.041	1.081	1.128	1.049	1.044	1.043	1.044	1.110	1.149	1.098	1.142	1.116	1.109	1.123	0.195	1.111	1.168	1.094	1.124	1.131	1.126	1.145	1.125	1.140	1.111	1.193	1.163	1.123	1.083	0.811	1.182	1.151	1.163	1.162	1.203	1.152	1.187	1.183	1.114	1.146	1.162	1.128	1.166	1.191	1.168	1.178	1.134	1.136	1.119	1.139	1.142	1.174	1.089	1.166	1.183	1.115	1.202	1.203	1.151	1.133	1.149	1.166	1.114	1.139	1.172	1.112	1.187	1.196	1.192	1.205	1.305	1.166	1.208	1.135	1.148	1.133	1.161	1.132	1.226	1.200	1.050	1.236	1.007	1.234	1.193	1.111	1.218	1.031	1.174	1.143	1.147	1.141	1.226	1.083
60:00:56	22.6	1.023	1.153	1.043	1.088	1.116	1.057	1.052	1.043	1.045	1.103	1.159	1.235	1.143	1.126	1.112	1.119	0.202	1.104	1.169	1.092	1.132	1.140	1.130	1.148	1.130	1.134	1.116	1.191	1.167	1.131	1.093	0.817	1.180	1.152	1.159	1.171	1.193	1.149	1.179	1.179	1.120	1.145	1.170	1.127	1.170	1.189	1.164	1.174	1.158	1.133	1.110	1.136	1.143	1.181	1.089	1.177	1.175	1.125	1.205	1.215	1.179	1.133	1.165	1.159	1.119	1.139	1.175	1.115	1.182	1.192	1.192	1.211	1.298	1.155	1.171	1.143	1.151	1.136	1.141	1.131	1.224	1.196	1.052	1.238	0.995	1.178	1.155	1.090	1.187	1.022	1.180	1.144	1.168	1.139	1.236	1.083
61:00:56	22.8	1.010	1.165	1.043	1.098	1.110	1.059	1.052	1.039	1.045	1.099	1.166	1.215	1.141	1.128	1.111	1.115	0.208	1.099	1.161	1.089	1.128	1.140	1.129	1.156	1.135	1.130	1.111	1.187	1.160	1.128	1.092	0.813	1.178	1.148	1.153	1.169	1.190	1.144	1.173	1.173	1.118	1.142	1.168	1.123	1.162	1.181	1.161	1.168	1.157	1.130	1.105	1.132	1.140	1.178	1.082	1.172	1.170	1.138	1.202	1.223	1.189	1.130	1.159	1.148	1.114	1.135	1.169	1.113	1.179	1.186	1.188	1.207	1.276	1.150	1.157	1.142	1.145	1.126	1.133	1.127	1.218	1.187	1.052	1.240	0.985	1.148	1.144	1.090	1.180	1.019	1.172	1.150	1.163	1.139	1.234	1.090
62:00:57	22.8	0.979	1.176	1.040	1.109	1.101	1.064	1.057	1.040	1.049	1.101	1.248	1.177	1.142	1.129	1.114	1.111	0.214	1.098	1.151	1.090	1.128	1.135	1.124	1.165	1.151	1.121	1.107	1.183	1.151	1.128	1.092	0.816	1.166	1.138	1.147	1.180	1.178	1.138	1.164	1.165	1.119	1.134	1.162	1.111	1.157	1.172	1.152	1.214	1.240	1.125	1.076	1.129	1.133	1.177	1.077	1.163	1.163	1.138	1.198	1.235	1.196	1.129	1.156	1.140	1.113	1.142	1.164	1.110	1.173	1.180	1.185	1.217	1.239	1.135	1.149	1.142	1.140	1.124	1.122	1.126	1.216	1.186	1.050	1.250	0.973	1.114	1.142	1.093	1.172	1.019	1.171	1.132	1.146	1.135	1.240	1.090
63:00:58	23.0	1.007	1.159	1.034	1.099	1.096	1.049	1.049	1.023	1.040	1.099	1.174	1.082	1.151	1.117	1.105	1.109	0.219	1.099	1.147	1.075	1.106	1.125	1.125	1.156	1.139	1.129	1.100	1.170	1.147	1.107	1.085	0.799	1.167	1.133	1.136	1.155	1.185	1.137	1.159	1.161	1.107	1.124	1.145	1.105	1.142	1.165	1.150	1.174	1.199	1.121	1.095	1.127	1.123	1.148	1.073	1.147	1.157	1.141	1.191	1.218	1.212	1.128	1.137	1.142	1.102	1.126	1.145	1.106	1.165	1.172	1.176	1.206	1.230	1.176	1.174	1.114	1.131	1.113	1.129	1.116	1.204	1.172	1.047	1.242	0.969	1.087	1.136	1.088	1.174	1.015	1.183	1.144	1.151	1.118	1.246	1.049
64:00:59	23.2	0.979	1.173	1.029	1.101	1.087	1.040	1.041	1.019	1.039	1.098	1.236	1.094	1.161	1.125	1.101	1.107	0.225	1.099	1.138	1.075	1.107	1.131	1.124	1.156	1.168	1.123	1.100	1.173	1.140	1.114	1.084	0.802	1.156	1.132	1.138	1.164	1.189	1.135	1.152	1.154	1.111	1.123	1.149	1.098	1.139	1.156	1.152	1.166	1.253	1.120	1.090	1.125	1.120	1.154	1.065	1.148	1.151	1.138	1.193	1.222	1.194	1.128	1.140	1.135	1.103	1.111	1.145	1.106	1.160	1.171	1.180	1.208	1.171	1.161	1.159	1.113	1.132	1.110	1.118	1.118	1.204	1.170	1.048	1.245	0.957	1.087	1.134	1.085	1.157	0.998	1.185	1.135	1.145	1.117	1.247	1.055
65:00:59	23.3	0.978	1.159	1.024	1.095	1.077	1.026	1.034	1.011	1.030	1.092	1.225	1.056	1.159	1.119	1.097	1.107	0.230	1.101	1.131	1.069	1.101	1.130	1.121	1.151	1.151	1.127	1.097	1.166	1.132	1.105	1.082	0.791	1.152	1.126	1.134	1.157	1.192	1.131	1.148	1.150	1.105	1.114	1.141	1.091	1.131	1.150	1.150	1.166	1.287	1.121	1.087	1.123	1.112	1.140	1.064	1.130	1.145	1.139	1.190	1.221	1.188	1.126	1.129	1.132	1.097	1.090	1.136	1.105	1.154	1.166	1.178	1.199	1.159	1.180	1.194	1.103	1.129	1.106	1.120	1.114	1.199	1.164	1.047	1.237	0.940	1.085	1.122	1.086	1.168	0.995	1.183	1.126	1.139	1.099	1.244	1.039
66:01:01	23.5	0.965	1.151	1.020	1.081	1.068	1.012	1.022	1.005	1.027	1.085	1.212	1.039	1.170	1.119	1.101	1.110	0.234	1.103	1.128	1.067	1.093	1.118	1.122	1.147	1.149	1.131	1.090	1.159	1.128	1.090	1.080	0.779	1.143	1.118	1.130	1.159	1.188	1.130	1.143	1.144	1.099	1.107	1.121	1.084	1.121	1.146	1.145	1.171	1.337	1.120	1.086	1.117	1.102	1.127	1.055	1.115	1.140	1.145	1.183	1.215	1.201	1.127	1.114	1.136	1.092	1.085	1.123	1.101	1.150	1.156	1.171	1.192	1.132	1.185	1.196	1.084	1.117	1.101	1.124	1.114	1.190	1.156	1.046	1.215	0.923	1.074	1.118	1.085	1.162	0.993	1.173	1.116	1.133	1.089	1.231	1.029
67:01:02	23.9	0.968	1.141	1.015	1.082	1.067	1.007	1.017	1.003	1.018	1.086	1.220	1.043	1.159	1.118	1.099	1.105	0.237	1.098	1.121	1.062	1.091	1.116	1.115	1.150	1.152	1.116	1.085	1.152	1.121	1.088	1.069	0.777	1.133	1.109	1.120	1.145	1.175	1.124	1.133	1.138	1.097	1.100	1.119	1.074	1.115	1.136	1.139	1.167	1.342	1.120	1.071	1.121	1.098	1.116	1.051	1.113	1.135	1.131	1.182	1.209	1.250	1.123	1.113	1.127	1.090	1.079	1.119	1.101	1.140	1.154	1.169	1.195	1.107	1.187	1.163	1.082	1.117	1.099	1.113	1.109	1.190	1.154	1.044	1.202	0.910	1.064	1.105	1.084	1.148	0.992	1.164	1.105	1.123	1.081	1.217	1.022
68:01:03	24.3	0.949	1.134	1.012	1.073	1.059	0.997	1.006	0.996	1.012	1.077	1.191	1.020	1.157	1.116	1.091	1.103	0.241	1.097	1.111	1.057	1.088	1.116	1.117	1.135	1.144	1.115	1.078	1.148	1.112	1.085	1.064	0.769	1.124	1.103	1.118	1.145	1.168	1.117	1.126	1.129	1.093	1.094	1.116	1.062	1.107	1.127	1.137	1.160	1.331	1.124	1.060	1.118	1.091	1.111	1.048	1.101	1.127	1.127	1.178	1.211	1.279	1.122	1.108	1.121	1.087	1.077	1.113	1.098	1.137	1.150	1.167	1.181	1.103	1.184	1.167	1.074	1.110	1.096	1.109	1.107	1.187	1.148	1.041	1.192	0.901	1.055	1.098	1.088	1.148	0.990	1.155	1.086	1.108	1.076	1.204	1.017
69:01:03	24.7	0.939	1.128	1.010	1.075	1.059	0.998	1.016	0.997	1.016	1.084	1.202	1.053	1.147	1.114	1.093	1.098	0.245	1.091	1.098	1.057	1.087	1.113	1.112	1.226	1.140	1.101	1.075	1.138	1.105	1.084	1.060	0.769	1.116	1.097	1.115	1.133	1.144	1.111	1.116	1.119	1.089	1.088	1.111	1.050	1.103	1.115	1.132	1.156	1.280	1.123	1.045	1.116	1.087	1.104	1.043	1.101	1.119	1.112	1.175	1.213	1.252	1.121	1.108	1.109	1.083	1.071	1.111	1.096	1.132	1.144	1.160	1.202	1.090	1.150	1.163	1.070	1.111	1.094	1.095	1.101	1.184	1.143	1.039	1.202	0.895	1.051	1.090	1.124	1.139	0.978	1.109	1.069	1.084	1.084	1.193	1.020
70:01:05	25.2	0.927	1.112	0.998	1.053	1.045	0.975	0.985	0.984	1.007	1.065	1.101	0.991	1.165	1.103	1.075	1.097	0.245	1.093	1.091	1.047	1.070	1.104	1.111	1.108	1.154	1.107	1.065	1.135	1.093	1.067	1.045	0.751	1.104	1.090	1.111	1.129	1.136	1.109	1.108	1.115	1.080	1.074	1.093	1.042	1.088	1.108	1.129	1.139	1.272	1.125	1.048	1.110	1.077	1.089	1.034	1.066	1.110	1.111	1.168	1.179	1.224	1.118	1.089	1.106	1.077	1.059	1.091	1.088	1.121	1.137	1.158	1.154	1.079	1.179	1.147	1.062	1.093	1.087	1.109	1.100	1.175	1.132	1.036	1.166	0.878	1.057	1.084	1.114	1.092	0.971	1.098	1.058	1.072	1.061	1.174	0.991
71:01:04	25.5	0.922	1.101	0.992	1.063	1.038	0.977	0.994	0.983	1.018	1.062	1.177	0.998	1.169	1.099	1.082	1.092	0.249	1.089	1.079	1.046	1.069	1.100	1.108	1.207	1.151	1.093	1.059	1.129	1.085	1.069	1.041	0.753	1.098	1.091	1.109	1.118	1.110	1.102	1.101	1.107	1.079	1.067	1.092	1.029	1.083	1.098	1.126	1.134	1.257	1.121	1.033	1.107	1.074	1.086	1.035	1.065	1.105	1.098	1.170	1.190	1.172	1.116	1.089	1.102	1.075	1.056	1.091	1.087	1.117	1.136	1.155	1.183	1.072	1.133	1.146	1.053	1.099	1.088	1.090	1.095	1.170	1.131	1.038	1.185	0.866	1.045	1.074	1.181	1.105	0.964	1.082	1.046	1.057	1.060	1.160	0.992
72:01:06	25.7	0.910	1.084	0.981	1.030	1.030	0.959	0.973	0.980	0.997	1.055	1.184	0.995	1.147	1.095	1.068	1.090	0.249	1.086	1.076	1.043	1.066	1.089	1.102	1.169	1.136	1.099	1.049	1.113	1.075	1.047	1.029	0.731	1.086	1.078	1.103	1.114	1.105	1.097	1.093	1.100	1.068	1.056	1.074	1.018	1.073	1.094	1.123	1.125	1.234	1.119	1.022	1.104	1.060	1.070	1.024	1.051	1.095	1.089	1.158	1.176	1.152	1.115	1.077	1.093	1.068	1.043	1.083	1.082	1.112	1.127	1.143	1.157	1.060	1.162	1.124	1.043	1.084	1.084	1.126	1.093	1.164	1.121	1.034	1.170	0.846	1.034	1.067	1.183	1.082	0.960	1.079	1.038	1.045	1.050	1.139	0.972

