Time	T° 600	A1	A2	A3	A4	A5	A6	A7	A8	A9	A10	A11	A12	B1	B2	B3	B4	B5	B6	B7	B8	B9	B10	B11	B12	C1	C2	C3	C4	C5	C6	C7	C8	C9	C10	C11	C12	D1	D2	D3	D4	D5	D6	D7	D8	D9	D10	D11	D12	E1	E2	E3	E4	E5	E6	E7	E8	E9	E10	E11	E12	F1	F2	F3	F4	F5	F6	F7	F8	F9	F10	F11	F12	G1	G2	G3	G4	G5	G6	G7	G8	G9	G10	G11	G12	H1	H2	H3	H4	H5	H6	H7	H8	H9	H10	H11	H12
0:00:06	20.7	0.049	0.042	0.042	0.048	0.052	0.046	0.042	0.042	0.044	0.043	0.047	0.045	0.044	0.043	0.044	0.044	0.053	0.044	0.043	0.045	0.043	0.048	0.051	0.047	0.045	0.044	0.045	0.044	0.056	0.045	0.043	0.042	0.047	0.047	0.045	0.046	0.042	0.044	0.043	0.043	0.042	0.044	0.045	0.046	0.045	0.045	0.046	0.051	0.049	0.046	0.042	0.045	0.043	0.044	0.043	0.043	0.044	0.045	0.043	0.043	0.043	0.053	0.045	0.051	0.043	0.044	0.044	0.043	0.044	0.044	0.043	0.043	0.047	0.046	0.043	0.043	0.046	0.043	0.043	0.051	0.047	0.041	0.048	0.042	0.042	0.046	0.055	0.044	0.043	0.042	0.047	0.047	0.046	0.046	0.044	0.043
1:00:04	21.9	0.052	0.042	0.043	0.048	0.052	0.046	0.042	0.042	0.045	0.043	0.047	0.044	0.044	0.043	0.044	0.044	0.053	0.043	0.043	0.045	0.043	0.048	0.050	0.047	0.045	0.044	0.045	0.045	0.058	0.045	0.043	0.042	0.046	0.047	0.045	0.046	0.042	0.044	0.043	0.043	0.042	0.044	0.045	0.046	0.045	0.045	0.046	0.050	0.049	0.046	0.043	0.046	0.044	0.044	0.044	0.043	0.044	0.045	0.043	0.043	0.043	0.053	0.046	0.052	0.043	0.045	0.044	0.043	0.044	0.044	0.043	0.043	0.047	0.045	0.044	0.043	0.046	0.043	0.043	0.051	0.045	0.042	0.048	0.042	0.042	0.046	0.055	0.045	0.043	0.042	0.047	0.047	0.046	0.046	0.044	0.043
2:00:06	22.6	0.053	0.042	0.043	0.048	0.053	0.046	0.042	0.042	0.044	0.043	0.047	0.045	0.044	0.043	0.044	0.044	0.051	0.044	0.043	0.045	0.043	0.048	0.050	0.050	0.045	0.044	0.045	0.045	0.058	0.045	0.043	0.043	0.047	0.046	0.045	0.046	0.043	0.044	0.044	0.043	0.042	0.044	0.045	0.046	0.045	0.045	0.046	0.051	0.048	0.046	0.043	0.045	0.043	0.044	0.044	0.044	0.044	0.045	0.043	0.044	0.043	0.053	0.046	0.053	0.044	0.045	0.044	0.043	0.044	0.044	0.043	0.043	0.047	0.046	0.044	0.043	0.046	0.043	0.044	0.051	0.046	0.042	0.047	0.042	0.043	0.046	0.053	0.045	0.043	0.043	0.047	0.047	0.046	0.047	0.044	0.043
3:00:06	22.9	0.053	0.043	0.043	0.048	0.054	0.046	0.043	0.043	0.046	0.044	0.047	0.045	0.045	0.043	0.045	0.044	0.051	0.044	0.043	0.046	0.043	0.048	0.051	0.048	0.046	0.045	0.046	0.046	0.059	0.045	0.044	0.043	0.047	0.047	0.046	0.046	0.043	0.044	0.044	0.044	0.043	0.045	0.046	0.047	0.046	0.046	0.047	0.051	0.048	0.047	0.043	0.046	0.044	0.045	0.045	0.044	0.045	0.046	0.044	0.044	0.044	0.053	0.047	0.054	0.044	0.045	0.045	0.044	0.045	0.044	0.044	0.044	0.048	0.046	0.044	0.044	0.047	0.044	0.044	0.052	0.047	0.043	0.047	0.043	0.043	0.047	0.054	0.045	0.044	0.043	0.048	0.048	0.047	0.047	0.045	0.044
4:00:07	23.0	0.053	0.043	0.044	0.048	0.055	0.047	0.043	0.043	0.046	0.044	0.048	0.046	0.045	0.043	0.045	0.045	0.051	0.044	0.043	0.046	0.043	0.048	0.051	0.048	0.046	0.045	0.046	0.046	0.060	0.045	0.044	0.043	0.047	0.047	0.047	0.047	0.043	0.045	0.044	0.044	0.043	0.044	0.046	0.047	0.046	0.046	0.047	0.052	0.048	0.047	0.044	0.047	0.045	0.045	0.045	0.045	0.045	0.046	0.045	0.045	0.044	0.053	0.047	0.055	0.045	0.046	0.045	0.044	0.045	0.044	0.044	0.044	0.048	0.046	0.045	0.044	0.047	0.044	0.045	0.053	0.047	0.043	0.048	0.043	0.043	0.047	0.053	0.046	0.044	0.051	0.048	0.048	0.047	0.048	0.044	0.045
5:00:08	23.0	0.054	0.044	0.044	0.049	0.055	0.047	0.044	0.044	0.047	0.045	0.049	0.047	0.046	0.044	0.046	0.045	0.051	0.045	0.044	0.047	0.044	0.049	0.052	0.050	0.047	0.045	0.046	0.047	0.061	0.046	0.045	0.044	0.048	0.047	0.047	0.048	0.044	0.046	0.045	0.045	0.044	0.045	0.045	0.048	0.047	0.047	0.048	0.052	0.049	0.048	0.044	0.047	0.046	0.046	0.046	0.045	0.046	0.046	0.046	0.046	0.045	0.054	0.048	0.055	0.045	0.047	0.047	0.045	0.046	0.045	0.046	0.046	0.049	0.047	0.045	0.045	0.049	0.045	0.046	0.054	0.048	0.044	0.048	0.043	0.045	0.048	0.054	0.047	0.045	0.051	0.050	0.049	0.048	0.049	0.045	0.046
6:00:09	23.0	0.055	0.045	0.046	0.050	0.057	0.049	0.046	0.046	0.048	0.047	0.052	0.049	0.047	0.045	0.048	0.047	0.052	0.047	0.045	0.049	0.046	0.051	0.053	0.051	0.049	0.046	0.047	0.047	0.063	0.047	0.046	0.045	0.050	0.049	0.048	0.050	0.046	0.047	0.046	0.047	0.045	0.047	0.046	0.050	0.048	0.048	0.050	0.054	0.050	0.049	0.045	0.048	0.048	0.048	0.048	0.047	0.048	0.047	0.048	0.048	0.048	0.055	0.049	0.058	0.047	0.048	0.049	0.047	0.048	0.047	0.048	0.048	0.051	0.049	0.047	0.046	0.051	0.046	0.048	0.055	0.050	0.046	0.050	0.044	0.047	0.051	0.055	0.049	0.047	0.053	0.052	0.050	0.050	0.051	0.047	0.048
7:00:11	23.0	0.057	0.048	0.049	0.052	0.060	0.052	0.050	0.050	0.052	0.050	0.055	0.052	0.050	0.047	0.051	0.049	0.054	0.048	0.048	0.052	0.050	0.054	0.056	0.053	0.051	0.048	0.049	0.049	0.066	0.048	0.048	0.049	0.054	0.051	0.051	0.053	0.048	0.051	0.049	0.050	0.049	0.049	0.046	0.053	0.052	0.051	0.053	0.057	0.053	0.052	0.047	0.050	0.052	0.051	0.050	0.050	0.051	0.048	0.051	0.051	0.051	0.058	0.052	0.060	0.050	0.050	0.052	0.051	0.051	0.051	0.052	0.052	0.054	0.052	0.050	0.048	0.054	0.049	0.051	0.059	0.053	0.049	0.053	0.045	0.050	0.053	0.059	0.052	0.050	0.056	0.055	0.053	0.053	0.053	0.051	0.051
8:00:10	22.9	0.060	0.050	0.053	0.055	0.063	0.056	0.056	0.054	0.057	0.053	0.059	0.055	0.052	0.050	0.055	0.053	0.058	0.052	0.051	0.057	0.055	0.059	0.059	0.056	0.055	0.050	0.052	0.052	0.070	0.050	0.052	0.053	0.057	0.056	0.055	0.056	0.051	0.055	0.052	0.054	0.053	0.053	0.045	0.056	0.057	0.056	0.058	0.060	0.056	0.055	0.050	0.052	0.057	0.054	0.053	0.055	0.055	0.050	0.055	0.055	0.054	0.063	0.056	0.064	0.053	0.054	0.056	0.055	0.055	0.055	0.055	0.054	0.058	0.055	0.054	0.051	0.058	0.052	0.055	0.063	0.056	0.052	0.056	0.047	0.053	0.057	0.062	0.055	0.053	0.060	0.058	0.055	0.057	0.056	0.053	0.053
9:00:11	22.7	0.064	0.055	0.059	0.061	0.069	0.063	0.062	0.061	0.063	0.060	0.065	0.059	0.057	0.054	0.060	0.058	0.064	0.057	0.057	0.063	0.061	0.065	0.065	0.060	0.060	0.054	0.057	0.056	0.077	0.053	0.057	0.060	0.062	0.062	0.060	0.060	0.056	0.061	0.058	0.061	0.060	0.060	0.046	0.062	0.063	0.063	0.064	0.065	0.061	0.060	0.055	0.057	0.063	0.059	0.059	0.062	0.061	0.053	0.060	0.059	0.059	0.070	0.062	0.070	0.060	0.062	0.062	0.062	0.060	0.061	0.060	0.060	0.063	0.060	0.060	0.057	0.063	0.059	0.060	0.070	0.062	0.057	0.061	0.050	0.058	0.062	0.068	0.060	0.058	0.066	0.063	0.059	0.062	0.061	0.059	0.058
10:00:12	22.7	0.072	0.063	0.068	0.070	0.077	0.072	0.070	0.069	0.070	0.068	0.072	0.065	0.064	0.061	0.066	0.067	0.072	0.065	0.066	0.070	0.069	0.071	0.072	0.066	0.068	0.059	0.064	0.062	0.087	0.057	0.064	0.065	0.070	0.069	0.066	0.067	0.061	0.069	0.066	0.070	0.068	0.068	0.046	0.069	0.070	0.069	0.070	0.071	0.068	0.065	0.063	0.063	0.071	0.065	0.066	0.070	0.069	0.056	0.067	0.066	0.066	0.078	0.069	0.076	0.066	0.069	0.069	0.071	0.066	0.067	0.065	0.065	0.070	0.066	0.067	0.064	0.070	0.065	0.066	0.077	0.068	0.062	0.068	0.055	0.065	0.070	0.076	0.067	0.065	0.073	0.070	0.066	0.068	0.067	0.064	0.065
11:00:13	22.9	0.085	0.076	0.082	0.082	0.088	0.083	0.082	0.081	0.082	0.081	0.086	0.079	0.073	0.072	0.076	0.081	0.083	0.077	0.079	0.083	0.081	0.083	0.086	0.080	0.079	0.067	0.074	0.072	0.099	0.064	0.072	0.076	0.082	0.079	0.075	0.079	0.071	0.081	0.080	0.083	0.080	0.078	0.046	0.082	0.082	0.080	0.081	0.083	0.078	0.073	0.075	0.074	0.084	0.078	0.076	0.081	0.085	0.061	0.081	0.078	0.077	0.091	0.082	0.088	0.078	0.079	0.083	0.085	0.078	0.083	0.081	0.079	0.083	0.078	0.079	0.075	0.085	0.075	0.080	0.089	0.079	0.077	0.083	0.064	0.077	0.085	0.088	0.081	0.079	0.086	0.084	0.081	0.082	0.083	0.079	0.080
12:00:15	22.9	0.108	0.091	0.100	0.099	0.105	0.099	0.100	0.098	0.099	0.097	0.109	0.106	0.091	0.091	0.094	0.098	0.099	0.094	0.095	0.102	0.096	0.098	0.107	0.105	0.094	0.084	0.090	0.089	0.114	0.074	0.087	0.091	0.101	0.095	0.091	0.103	0.089	0.098	0.097	0.097	0.097	0.091	0.046	0.103	0.098	0.095	0.099	0.105	0.093	0.092	0.091	0.090	0.100	0.099	0.092	0.097	0.110	0.070	0.105	0.103	0.095	0.107	0.098	0.107	0.093	0.095	0.105	0.100	0.096	0.104	0.103	0.103	0.102	0.097	0.095	0.092	0.106	0.092	0.100	0.105	0.098	0.098	0.108	0.081	0.099	0.106	0.108	0.103	0.099	0.107	0.107	0.108	0.105	0.107	0.103	0.109
13:00:15	22.9	0.134	0.113	0.123	0.119	0.125	0.123	0.132	0.125	0.120	0.121	0.140	0.136	0.114	0.106	0.121	0.109	0.122	0.110	0.108	0.127	0.118	0.118	0.136	0.140	0.110	0.101	0.108	0.105	0.130	0.089	0.107	0.108	0.129	0.119	0.114	0.135	0.115	0.117	0.111	0.114	0.119	0.105	0.045	0.128	0.119	0.112	0.121	0.131	0.109	0.118	0.105	0.105	0.122	0.124	0.109	0.115	0.134	0.087	0.133	0.129	0.115	0.129	0.115	0.126	0.113	0.110	0.129	0.121	0.115	0.121	0.127	0.129	0.130	0.117	0.115	0.111	0.126	0.111	0.122	0.123	0.118	0.123	0.133	0.098	0.125	0.130	0.134	0.131	0.126	0.129	0.138	0.135	0.131	0.131	0.128	0.141
14:00:16	22.9	0.162	0.139	0.151	0.143	0.153	0.151	0.159	0.149	0.147	0.145	0.175	0.178	0.137	0.116	0.148	0.121	0.139	0.121	0.130	0.145	0.131	0.134	0.171	0.172	0.131	0.112	0.128	0.116	0.151	0.106	0.132	0.122	0.151	0.147	0.141	0.168	0.140	0.140	0.131	0.129	0.146	0.130	0.046	0.156	0.144	0.134	0.141	0.165	0.123	0.142	0.122	0.121	0.149	0.150	0.127	0.141	0.166	0.109	0.162	0.164	0.140	0.149	0.133	0.147	0.131	0.133	0.159	0.145	0.137	0.154	0.156	0.162	0.158	0.133	0.139	0.123	0.153	0.125	0.150	0.142	0.147	0.144	0.162	0.115	0.164	0.164	0.171	0.169	0.159	0.166	0.178	0.178	0.163	0.164	0.156	0.176
15:00:17	22.8	0.186	0.167	0.185	0.171	0.181	0.176	0.190	0.185	0.176	0.174	0.216	0.217	0.163	0.139	0.174	0.146	0.175	0.147	0.150	0.176	0.161	0.162	0.205	0.202	0.155	0.134	0.153	0.141	0.169	0.123	0.158	0.145	0.179	0.181	0.161	0.194	0.161	0.166	0.147	0.156	0.171	0.150	0.046	0.189	0.172	0.160	0.173	0.193	0.148	0.167	0.142	0.145	0.177	0.186	0.150	0.169	0.202	0.133	0.203	0.192	0.177	0.174	0.158	0.178	0.164	0.151	0.195	0.180	0.169	0.190	0.195	0.189	0.187	0.162	0.166	0.155	0.190	0.151	0.184	0.176	0.179	0.181	0.200	0.129	0.194	0.199	0.203	0.201	0.192	0.201	0.210	0.202	0.199	0.195	0.189	0.205
16:00:19	22.8	0.211	0.203	0.220	0.206	0.216	0.212	0.231	0.224	0.210	0.210	0.250	0.243	0.195	0.165	0.205	0.176	0.210	0.173	0.179	0.214	0.198	0.196	0.241	0.234	0.191	0.159	0.185	0.167	0.190	0.140	0.191	0.177	0.212	0.214	0.195	0.228	0.193	0.196	0.172	0.185	0.206	0.178	0.046	0.224	0.206	0.193	0.209	0.225	0.184	0.198	0.168	0.172	0.214	0.220	0.179	0.202	0.242	0.158	0.246	0.225	0.213	0.209	0.189	0.215	0.193	0.180	0.235	0.218	0.203	0.230	0.235	0.222	0.218	0.199	0.195	0.185	0.226	0.181	0.222	0.214	0.214	0.217	0.236	0.151	0.222	0.227	0.238	0.233	0.221	0.234	0.240	0.231	0.235	0.230	0.221	0.236
17:00:20	22.7	0.237	0.240	0.257	0.245	0.258	0.253	0.270	0.267	0.245	0.253	0.287	0.279	0.225	0.202	0.237	0.217	0.253	0.207	0.217	0.262	0.243	0.237	0.278	0.264	0.233	0.190	0.221	0.201	0.219	0.166	0.232	0.220	0.250	0.256	0.236	0.261	0.221	0.235	0.207	0.229	0.252	0.212	0.046	0.258	0.248	0.235	0.251	0.260	0.219	0.232	0.202	0.206	0.258	0.258	0.218	0.247	0.283	0.186	0.295	0.258	0.253	0.250	0.228	0.256	0.232	0.215	0.277	0.264	0.247	0.279	0.284	0.256	0.249	0.239	0.231	0.225	0.273	0.218	0.268	0.260	0.260	0.256	0.273	0.192	0.254	0.265	0.279	0.268	0.254	0.275	0.273	0.261	0.273	0.266	0.257	0.267
18:00:21	22.6	0.258	0.282	0.304	0.289	0.301	0.298	0.310	0.323	0.290	0.305	0.333	0.321	0.263	0.248	0.271	0.267	0.299	0.250	0.263	0.317	0.292	0.287	0.318	0.301	0.278	0.224	0.261	0.242	0.253	0.198	0.270	0.268	0.293	0.302	0.278	0.299	0.254	0.280	0.252	0.278	0.309	0.256	0.046	0.297	0.297	0.284	0.300	0.302	0.256	0.264	0.245	0.249	0.307	0.297	0.262	0.294	0.321	0.213	0.351	0.297	0.293	0.296	0.274	0.300	0.280	0.259	0.328	0.313	0.294	0.333	0.342	0.299	0.283	0.283	0.275	0.270	0.320	0.259	0.318	0.309	0.312	0.306	0.319	0.240	0.288	0.304	0.320	0.304	0.294	0.314	0.311	0.306	0.317	0.307	0.300	0.309
19:00:23	22.6	0.287	0.341	0.367	0.353	0.368	0.355	0.363	0.400	0.348	0.363	0.396	0.378	0.324	0.311	0.319	0.327	0.357	0.304	0.322	0.386	0.352	0.354	0.367	0.353	0.348	0.268	0.311	0.295	0.299	0.243	0.317	0.326	0.351	0.360	0.334	0.351	0.304	0.336	0.312	0.346	0.371	0.304	0.046	0.350	0.355	0.346	0.363	0.355	0.318	0.310	0.304	0.302	0.359	0.350	0.319	0.349	0.375	0.243	0.419	0.355	0.345	0.349	0.335	0.362	0.344	0.312	0.386	0.367	0.354	0.399	0.408	0.363	0.332	0.343	0.339	0.336	0.390	0.319	0.381	0.366	0.379	0.367	0.376	0.313	0.335	0.359	0.372	0.356	0.353	0.369	0.365	0.368	0.373	0.360	0.363	0.364
20:00:23	22.6	0.343	0.416	0.435	0.429	0.450	0.430	0.436	0.491	0.422	0.443	0.483	0.442	0.393	0.390	0.379	0.412	0.419	0.380	0.395	0.457	0.429	0.433	0.427	0.427	0.430	0.331	0.374	0.369	0.365	0.300	0.375	0.401	0.424	0.425	0.398	0.416	0.362	0.402	0.388	0.429	0.457	0.365	0.046	0.413	0.431	0.414	0.436	0.427	0.391	0.366	0.379	0.378	0.434	0.415	0.395	0.422	0.444	0.284	0.486	0.434	0.417	0.420	0.424	0.440	0.428	0.384	0.455	0.431	0.422	0.470	0.482	0.433	0.393	0.413	0.418	0.419	0.465	0.396	0.448	0.436	0.459	0.438	0.446	0.401	0.407	0.433	0.442	0.419	0.428	0.434	0.432	0.439	0.446	0.431	0.438	0.441
21:00:25	22.7	0.389	0.498	0.504	0.507	0.517	0.508	0.516	0.540	0.495	0.517	0.561	0.527	0.470	0.475	0.460	0.487	0.504	0.471	0.471	0.521	0.506	0.509	0.496	0.512	0.509	0.417	0.456	0.451	0.448	0.380	0.442	0.477	0.502	0.505	0.475	0.508	0.432	0.482	0.475	0.508	0.530	0.445	0.046	0.507	0.497	0.490	0.505	0.521	0.470	0.436	0.459	0.468	0.514	0.493	0.474	0.497	0.531	0.340	0.559	0.530	0.495	0.509	0.503	0.512	0.500	0.459	0.526	0.508	0.494	0.547	0.551	0.524	0.486	0.498	0.503	0.502	0.538	0.478	0.525	0.518	0.537	0.520	0.540	0.498	0.510	0.542	0.529	0.512	0.524	0.523	0.522	0.505	0.541	0.528	0.536	0.530
22:00:25	22.9	0.470	0.548	0.572	0.545	0.543	0.560	0.572	0.577	0.565	0.571	0.611	0.583	0.542	0.544	0.536	0.558	0.562	0.539	0.536	0.575	0.570	0.566	0.584	0.564	0.555	0.510	0.518	0.519	0.524	0.466	0.531	0.550	0.565	0.559	0.541	0.578	0.517	0.568	0.549	0.574	0.591	0.519	0.046	0.582	0.560	0.554	0.559	0.598	0.542	0.524	0.532	0.534	0.586	0.585	0.543	0.564	0.603	0.421	0.623	0.608	0.593	0.589	0.571	0.582	0.569	0.535	0.601	0.570	0.562	0.606	0.610	0.607	0.586	0.594	0.576	0.585	0.622	0.562	0.595	0.590	0.601	0.611	0.629	0.576	0.608	0.623	0.626	0.613	0.613	0.605	0.611	0.568	0.632	0.625	0.625	0.584
23:00:26	22.9	0.523	0.583	0.610	0.579	0.589	0.599	0.612	0.621	0.608	0.607	0.654	0.618	0.579	0.601	0.582	0.619	0.609	0.605	0.592	0.622	0.619	0.609	0.631	0.604	0.586	0.561	0.590	0.596	0.603	0.538	0.582	0.611	0.595	0.621	0.583	0.614	0.572	0.625	0.609	0.626	0.634	0.583	0.046	0.637	0.607	0.604	0.602	0.627	0.590	0.575	0.595	0.606	0.635	0.641	0.608	0.604	0.645	0.485	0.656	0.637	0.625	0.634	0.633	0.630	0.633	0.602	0.650	0.622	0.606	0.652	0.648	0.628	0.620	0.621	0.631	0.633	0.656	0.614	0.635	0.641	0.641	0.639	0.658	0.614	0.621	0.646	0.650	0.627	0.632	0.630	0.629	0.609	0.639	0.647	0.634	0.602
24:00:27	23.1	0.554	0.630	0.659	0.639	0.639	0.657	0.668	0.679	0.661	0.654	0.705	0.667	0.626	0.643	0.639	0.640	0.670	0.661	0.645	0.670	0.663	0.664	0.681	0.653	0.631	0.624	0.633	0.644	0.649	0.585	0.634	0.649	0.651	0.678	0.637	0.654	0.611	0.667	0.652	0.657	0.679	0.625	0.046	0.681	0.667	0.660	0.649	0.669	0.621	0.627	0.633	0.657	0.683	0.679	0.661	0.666	0.698	0.528	0.707	0.670	0.675	0.686	0.670	0.670	0.663	0.641	0.699	0.684	0.655	0.695	0.699	0.672	0.655	0.666	0.651	0.682	0.681	0.654	0.673	0.686	0.689	0.667	0.700	0.650	0.647	0.688	0.688	0.666	0.669	0.668	0.664	0.638	0.674	0.683	0.667	0.645
25:00:29	23.1	0.593	0.677	0.706	0.682	0.688	0.698	0.707	0.722	0.705	0.704	0.750	0.708	0.672	0.659	0.679	0.657	0.709	0.675	0.663	0.715	0.688	0.694	0.725	0.701	0.676	0.658	0.654	0.656	0.684	0.634	0.679	0.678	0.693	0.703	0.680	0.700	0.655	0.689	0.686	0.686	0.723	0.663	0.046	0.711	0.701	0.686	0.689	0.716	0.656	0.666	0.655	0.688	0.712	0.725	0.697	0.701	0.736	0.550	0.760	0.712	0.718	0.711	0.691	0.708	0.691	0.682	0.736	0.728	0.691	0.740	0.754	0.718	0.704	0.707	0.676	0.701	0.720	0.679	0.718	0.710	0.720	0.701	0.742	0.691	0.689	0.731	0.728	0.712	0.715	0.716	0.709	0.681	0.716	0.725	0.707	0.687
26:00:29	23.0	0.613	0.719	0.748	0.723	0.733	0.740	0.742	0.763	0.753	0.752	0.789	0.739	0.713	0.677	0.727	0.692	0.746	0.697	0.698	0.754	0.726	0.719	0.764	0.740	0.721	0.670	0.688	0.678	0.719	0.672	0.711	0.702	0.735	0.740	0.733	0.748	0.704	0.713	0.703	0.724	0.764	0.697	0.046	0.752	0.735	0.720	0.742	0.762	0.706	0.711	0.680	0.708	0.744	0.764	0.711	0.742	0.777	0.584	0.803	0.754	0.760	0.734	0.721	0.756	0.721	0.700	0.775	0.761	0.732	0.788	0.806	0.756	0.740	0.747	0.718	0.720	0.757	0.698	0.767	0.743	0.756	0.742	0.789	0.726	0.724	0.764	0.777	0.756	0.764	0.771	0.748	0.724	0.768	0.765	0.753	0.720
27:00:31	23.0	0.640	0.753	0.787	0.764	0.770	0.775	0.779	0.798	0.798	0.794	0.823	0.769	0.751	0.704	0.767	0.731	0.791	0.717	0.734	0.790	0.769	0.755	0.796	0.774	0.764	0.687	0.723	0.705	0.737	0.700	0.742	0.732	0.776	0.784	0.783	0.790	0.745	0.749	0.730	0.766	0.805	0.739	0.046	0.789	0.770	0.754	0.786	0.805	0.752	0.750	0.716	0.733	0.781	0.808	0.731	0.781	0.812	0.623	0.852	0.789	0.789	0.759	0.754	0.801	0.763	0.730	0.809	0.798	0.774	0.835	0.855	0.796	0.768	0.783	0.761	0.747	0.795	0.726	0.811	0.784	0.795	0.780	0.833	0.758	0.748	0.805	0.820	0.788	0.802	0.816	0.778	0.761	0.811	0.800	0.796	0.746
28:00:31	23.0	0.646	0.781	0.816	0.791	0.794	0.804	0.800	0.819	0.831	0.826	0.847	0.785	0.776	0.738	0.793	0.764	0.824	0.740	0.770	0.806	0.806	0.782	0.821	0.794	0.796	0.704	0.761	0.738	0.751	0.721	0.783	0.757	0.811	0.813	0.823	0.819	0.772	0.781	0.758	0.802	0.840	0.776	0.046	0.817	0.806	0.790	0.825	0.840	0.789	0.776	0.748	0.765	0.797	0.843	0.752	0.818	0.827	0.663	0.886	0.818	0.819	0.801	0.791	0.830	0.798	0.761	0.824	0.820	0.816	0.869	0.887	0.829	0.796	0.807	0.796	0.783	0.823	0.757	0.845	0.826	0.827	0.815	0.867	0.791	0.768	0.821	0.853	0.818	0.832	0.850	0.804	0.790	0.847	0.829	0.831	0.762
29:00:33	23.1	0.661	0.806	0.834	0.809	0.818	0.824	0.819	0.836	0.854	0.853	0.865	0.797	0.795	0.767	0.817	0.794	0.848	0.756	0.799	0.828	0.836	0.808	0.847	0.813	0.825	0.722	0.792	0.763	0.776	0.747	0.814	0.791	0.836	0.824	0.856	0.842	0.793	0.809	0.792	0.833	0.870	0.812	0.046	0.826	0.838	0.821	0.854	0.863	0.823	0.797	0.783	0.801	0.817	0.867	0.780	0.842	0.848	0.705	0.910	0.839	0.848	0.827	0.829	0.854	0.830	0.796	0.847	0.831	0.852	0.890	0.910	0.854	0.814	0.827	0.824	0.817	0.845	0.789	0.870	0.861	0.858	0.842	0.897	0.821	0.781	0.844	0.877	0.838	0.864	0.873	0.821	0.806	0.880	0.855	0.863	0.776
30:00:33	23.1	0.661	0.824	0.854	0.829	0.836	0.844	0.837	0.852	0.878	0.877	0.884	0.803	0.812	0.794	0.840	0.816	0.866	0.781	0.824	0.844	0.863	0.833	0.865	0.826	0.848	0.750	0.816	0.787	0.796	0.775	0.838	0.817	0.859	0.846	0.882	0.861	0.809	0.833	0.818	0.855	0.889	0.837	0.046	0.845	0.863	0.850	0.877	0.881	0.846	0.818	0.811	0.823	0.841	0.888	0.808	0.860	0.869	0.730	0.929	0.858	0.862	0.852	0.854	0.874	0.854	0.825	0.871	0.853	0.880	0.919	0.930	0.873	0.828	0.846	0.844	0.838	0.866	0.810	0.892	0.887	0.887	0.864	0.919	0.847	0.788	0.860	0.898	0.853	0.883	0.891	0.838	0.820	0.899	0.874	0.883	0.784
31:00:34	23.0	0.668	0.833	0.857	0.840	0.842	0.851	0.842	0.858	0.889	0.892	0.891	0.809	0.819	0.811	0.856	0.830	0.879	0.802	0.842	0.855	0.880	0.851	0.876	0.835	0.858	0.756	0.834	0.806	0.815	0.789	0.855	0.837	0.876	0.861	0.899	0.872	0.815	0.849	0.838	0.870	0.900	0.855	0.046	0.864	0.879	0.868	0.893	0.896	0.861	0.832	0.831	0.841	0.853	0.906	0.830	0.873	0.886	0.742	0.943	0.869	0.880	0.866	0.874	0.888	0.870	0.849	0.886	0.872	0.897	0.927	0.943	0.885	0.839	0.859	0.861	0.855	0.877	0.830	0.906	0.902	0.904	0.880	0.935	0.862	0.790	0.880	0.909	0.864	0.898	0.903	0.847	0.832	0.911	0.883	0.898	0.796
32:00:36	22.9	0.664	0.850	0.867	0.860	0.856	0.862	0.860	0.869	0.903	0.907	0.899	0.819	0.831	0.828	0.873	0.847	0.896	0.823	0.861	0.866	0.890	0.865	0.886	0.845	0.874	0.782	0.851	0.823	0.839	0.815	0.871	0.856	0.893	0.878	0.915	0.886	0.827	0.866	0.861	0.877	0.913	0.873	0.046	0.880	0.897	0.885	0.911	0.905	0.879	0.850	0.849	0.853	0.868	0.923	0.853	0.889	0.902	0.757	0.956	0.883	0.894	0.878	0.887	0.900	0.881	0.864	0.903	0.887	0.913	0.943	0.956	0.893	0.850	0.875	0.872	0.868	0.887	0.847	0.921	0.916	0.918	0.894	0.950	0.879	0.795	0.873	0.922	0.873	0.911	0.915	0.859	0.844	0.927	0.894	0.913	0.809
33:00:36	22.8	0.669	0.860	0.869	0.863	0.856	0.864	0.859	0.871	0.913	0.916	0.909	0.819	0.832	0.833	0.883	0.854	0.904	0.836	0.875	0.871	0.898	0.876	0.898	0.853	0.883	0.788	0.862	0.839	0.861	0.836	0.884	0.868	0.903	0.893	0.928	0.895	0.826	0.878	0.871	0.888	0.923	0.886	0.046	0.891	0.907	0.894	0.921	0.912	0.879	0.857	0.858	0.867	0.880	0.935	0.867	0.896	0.914	0.766	0.964	0.885	0.902	0.887	0.902	0.912	0.891	0.880	0.912	0.901	0.928	0.948	0.967	0.897	0.862	0.882	0.883	0.880	0.900	0.858	0.930	0.926	0.927	0.906	0.964	0.890	0.803	0.889	0.929	0.881	0.918	0.920	0.865	0.849	0.936	0.902	0.918	0.814
34:00:36	22.8	0.675	0.873	0.877	0.878	0.866	0.872	0.873	0.878	0.919	0.927	0.912	0.819	0.842	0.847	0.891	0.865	0.917	0.847	0.881	0.877	0.908	0.887	0.902	0.860	0.893	0.807	0.873	0.850	0.870	0.850	0.894	0.875	0.913	0.904	0.940	0.903	0.830	0.889	0.881	0.893	0.930	0.896	0.046	0.901	0.918	0.903	0.931	0.922	0.892	0.865	0.868	0.874	0.889	0.946	0.883	0.906	0.925	0.772	0.973	0.890	0.907	0.897	0.911	0.918	0.899	0.888	0.923	0.912	0.936	0.958	0.974	0.904	0.858	0.888	0.892	0.888	0.907	0.867	0.941	0.936	0.939	0.915	0.973	0.906	0.808	0.894	0.932	0.883	0.925	0.931	0.866	0.854	0.938	0.908	0.914	0.819
35:00:37	23.0	0.684	0.876	0.884	0.880	0.859	0.876	0.879	0.881	0.921	0.930	0.912	0.818	0.841	0.850	0.899	0.865	0.920	0.851	0.884	0.876	0.908	0.886	0.907	0.864	0.892	0.810	0.876	0.856	0.877	0.853	0.896	0.881	0.917	0.910	0.945	0.901	0.830	0.894	0.888	0.900	0.934	0.902	0.046	0.905	0.919	0.905	0.936	0.918	0.893	0.871	0.870	0.879	0.896	0.948	0.890	0.911	0.929	0.772	0.976	0.888	0.901	0.903	0.915	0.925	0.902	0.893	0.926	0.916	0.941	0.958	0.978	0.896	0.878	0.895	0.896	0.892	0.910	0.875	0.947	0.943	0.942	0.923	0.978	0.906	0.813	0.889	0.937	0.890	0.923	0.924	0.862	0.862	0.934	0.910	0.909	0.823
36:00:38	22.9	0.702	0.879	0.891	0.886	0.871	0.891	0.891	0.887	0.920	0.934	0.915	0.821	0.855	0.855	0.910	0.871	0.927	0.856	0.890	0.880	0.917	0.894	0.910	0.873	0.909	0.815	0.881	0.857	0.879	0.859	0.901	0.883	0.924	0.916	0.954	0.913	0.833	0.902	0.893	0.898	0.936	0.907	0.046	0.911	0.923	0.911	0.943	0.924	0.897	0.880	0.879	0.882	0.901	0.959	0.896	0.917	0.933	0.772	0.982	0.892	0.899	0.906	0.918	0.927	0.907	0.899	0.929	0.923	0.950	0.969	0.984	0.900	0.856	0.898	0.901	0.888	0.913	0.879	0.951	0.951	0.949	0.927	0.984	0.915	0.820	0.884	0.941	0.887	0.921	0.925	0.865	0.873	0.936	0.914	0.913	0.828
37:00:40	23.0	0.706	0.884	0.895	0.886	0.867	0.894	0.901	0.882	0.921	0.937	0.918	0.824	0.850	0.857	0.912	0.873	0.928	0.859	0.895	0.879	0.916	0.895	0.915	0.880	0.902	0.818	0.883	0.860	0.884	0.861	0.908	0.886	0.931	0.920	0.959	0.916	0.834	0.905	0.895	0.902	0.940	0.912	0.047	0.913	0.928	0.916	0.948	0.926	0.899	0.883	0.883	0.882	0.905	0.963	0.900	0.921	0.936	0.768	0.986	0.893	0.909	0.912	0.925	0.934	0.910	0.902	0.930	0.929	0.957	0.969	0.987	0.900	0.862	0.905	0.909	0.895	0.915	0.887	0.955	0.956	0.954	0.934	0.991	0.923	0.817	0.876	0.941	0.890	0.921	0.928	0.860	0.876	0.935	0.916	0.909	0.832
38:00:40	22.9	0.701	0.888	0.904	0.891	0.869	0.899	0.904	0.892	0.923	0.940	0.922	0.832	0.850	0.863	0.920	0.872	0.931	0.861	0.897	0.879	0.917	0.899	0.921	0.889	0.902	0.823	0.886	0.867	0.887	0.865	0.909	0.888	0.934	0.922	0.963	0.919	0.836	0.907	0.900	0.905	0.945	0.915	0.046	0.914	0.933	0.920	0.949	0.928	0.896	0.887	0.882	0.886	0.908	0.966	0.905	0.922	0.937	0.761	0.989	0.895	0.899	0.916	0.927	0.937	0.909	0.907	0.931	0.929	0.961	0.972	0.992	0.902	0.862	0.911	0.914	0.901	0.918	0.893	0.960	0.961	0.959	0.942	0.996	0.927	0.827	0.876	0.947	0.896	0.916	0.923	0.864	0.883	0.937	0.917	0.908	0.837
39:00:41	22.9	0.713	0.890	0.915	0.893	0.888	0.903	0.904	0.897	0.920	0.939	0.923	0.825	0.856	0.864	0.924	0.872	0.933	0.863	0.900	0.878	0.921	0.901	0.922	0.893	0.912	0.825	0.889	0.864	0.890	0.864	0.908	0.886	0.941	0.925	0.966	0.924	0.836	0.910	0.898	0.901	0.944	0.917	0.046	0.919	0.936	0.920	0.955	0.931	0.890	0.891	0.885	0.884	0.911	0.974	0.905	0.924	0.940	0.752	0.992	0.899	0.895	0.922	0.929	0.937	0.912	0.908	0.930	0.934	0.965	0.970	0.993	0.904	0.869	0.912	0.919	0.897	0.917	0.894	0.960	0.963	0.959	0.944	1.000	0.930	0.834	0.882	0.947	0.898	0.926	0.916	0.866	0.889	0.934	0.921	0.910	0.840
40:00:42	22.9	0.699	0.896	0.919	0.898	0.893	0.907	0.908	0.906	0.921	0.939	0.928	0.831	0.864	0.861	0.928	0.870	0.936	0.859	0.899	0.875	0.916	0.903	0.927	0.904	0.916	0.830	0.890	0.862	0.890	0.862	0.909	0.887	0.944	0.924	0.972	0.925	0.841	0.911	0.899	0.900	0.946	0.915	0.046	0.923	0.937	0.921	0.957	0.934	0.888	0.897	0.887	0.883	0.914	0.977	0.904	0.924	0.941	0.744	0.994	0.902	0.890	0.925	0.927	0.938	0.911	0.910	0.930	0.937	0.965	0.971	0.993	0.906	0.881	0.918	0.922	0.899	0.919	0.901	0.964	0.967	0.961	0.945	1.004	0.933	0.839	0.873	0.950	0.905	0.930	0.918	0.870	0.895	0.939	0.924	0.913	0.845
41:00:43	22.8	0.696	0.904	0.928	0.901	0.902	0.913	0.916	0.911	0.927	0.943	0.939	0.832	0.868	0.862	0.933	0.869	0.940	0.860	0.902	0.879	0.918	0.902	0.930	0.915	0.921	0.831	0.891	0.864	0.890	0.862	0.909	0.886	0.948	0.925	0.975	0.929	0.844	0.913	0.900	0.897	0.949	0.915	0.046	0.921	0.939	0.921	0.964	0.936	0.886	0.903	0.884	0.878	0.912	0.984	0.904	0.929	0.943	0.734	1.001	0.906	0.893	0.925	0.927	0.942	0.914	0.912	0.933	0.937	0.970	0.977	1.000	0.909	0.874	0.923	0.920	0.895	0.918	0.906	0.968	0.971	0.966	0.954	1.011	0.938	0.843	0.883	0.952	0.911	0.929	0.919	0.873	0.901	0.943	0.928	0.913	0.845
42:00:44	22.7	0.692	0.893	0.936	0.902	0.891	0.922	0.916	0.896	0.924	0.932	0.932	0.842	0.869	0.860	0.937	0.867	0.935	0.857	0.901	0.880	0.917	0.904	0.934	0.921	0.923	0.830	0.891	0.862	0.892	0.858	0.905	0.884	0.947	0.927	0.979	0.931	0.852	0.912	0.900	0.890	0.948	0.915	0.046	0.921	0.936	0.923	0.967	0.936	0.882	0.907	0.882	0.878	0.914	0.990	0.903	0.930	0.944	0.723	1.004	0.906	0.889	0.925	0.923	0.937	0.912	0.912	0.932	0.935	0.972	0.977	1.004	0.912	0.875	0.926	0.920	0.893	0.916	0.905	0.974	0.969	0.967	0.958	1.014	0.938	0.843	0.892	0.951	0.912	0.935	0.918	0.873	0.908	0.944	0.932	0.916	0.848
43:00:45	22.7	0.683	0.892	0.944	0.905	0.893	0.917	0.916	0.892	0.925	0.925	0.932	0.840	0.877	0.859	0.941	0.864	0.936	0.849	0.898	0.878	0.921	0.908	0.935	0.925	0.926	0.826	0.890	0.856	0.889	0.855	0.904	0.881	0.950	0.927	0.982	0.936	0.855	0.914	0.900	0.884	0.950	0.911	0.046	0.925	0.937	0.925	0.971	0.935	0.885	0.908	0.881	0.876	0.914	0.995	0.901	0.930	0.945	0.711	1.005	0.911	0.891	0.927	0.923	0.943	0.904	0.910	0.933	0.935	0.974	0.976	1.005	0.913	0.885	0.929	0.922	0.892	0.917	0.904	0.975	0.972	0.967	0.959	1.016	0.939	0.851	0.896	0.953	0.912	0.932	0.916	0.877	0.910	0.941	0.935	0.919	0.851
44:00:46	22.7	0.684	0.892	0.948	0.911	0.894	0.915	0.918	0.896	0.925	0.924	0.930	0.845	0.880	0.854	0.943	0.859	0.938	0.845	0.896	0.878	0.921	0.907	0.941	0.930	0.926	0.822	0.888	0.851	0.889	0.850	0.903	0.878	0.951	0.929	0.983	0.939	0.860	0.914	0.897	0.878	0.949	0.908	0.046	0.927	0.936	0.923	0.972	0.940	0.880	0.911	0.877	0.873	0.917	0.998	0.894	0.931	0.947	0.701	1.009	0.913	0.896	0.931	0.919	0.944	0.906	0.908	0.932	0.936	0.975	0.979	1.009	0.917	0.885	0.932	0.919	0.893	0.916	0.905	0.976	0.971	0.968	0.962	1.020	0.939	0.869	0.906	0.953	0.912	0.932	0.916	0.880	0.914	0.940	0.940	0.920	0.858
45:00:47	22.8	0.672	0.894	0.950	0.912	0.902	0.917	0.925	0.900	0.926	0.925	0.935	0.842	0.883	0.851	0.948	0.858	0.943	0.847	0.898	0.880	0.920	0.906	0.945	0.935	0.924	0.818	0.888	0.846	0.890	0.849	0.903	0.876	0.955	0.929	0.986	0.940	0.865	0.917	0.897	0.881	0.951	0.905	0.046	0.928	0.936	0.923	0.976	0.947	0.876	0.912	0.875	0.870	0.919	1.000	0.891	0.933	0.945	0.694	1.015	0.920	0.890	0.931	0.927	0.937	0.906	0.907	0.933	0.935	0.978	0.982	1.011	0.920	0.884	0.939	0.918	0.886	0.919	0.908	0.980	0.973	0.970	0.968	1.025	0.944	0.876	0.915	0.951	0.914	0.939	0.917	0.885	0.920	0.943	0.945	0.925	0.866
46:00:48	22.9	0.665	0.899	0.958	0.922	0.906	0.919	0.929	0.910	0.928	0.924	0.936	0.842	0.887	0.844	0.947	0.850	0.943	0.843	0.893	0.878	0.913	0.903	0.948	0.943	0.926	0.815	0.885	0.841	0.886	0.844	0.899	0.870	0.954	0.927	0.987	0.941	0.874	0.916	0.895	0.881	0.952	0.901	0.047	0.925	0.934	0.920	0.975	0.947	0.868	0.918	0.867	0.869	0.919	1.003	0.887	0.930	0.946	0.685	1.015	0.922	0.890	0.934	0.917	0.935	0.901	0.901	0.932	0.935	0.976	0.976	1.014	0.923	0.893	0.942	0.915	0.888	0.920	0.911	0.983	0.973	0.967	0.972	1.026	0.944	0.889	0.915	0.954	0.921	0.946	0.919	0.886	0.927	0.942	0.947	0.928	0.869
47:00:48	23.0	0.653	0.888	0.949	0.933	0.909	0.906	0.919	0.900	0.925	0.921	0.924	0.840	0.891	0.837	0.947	0.843	0.943	0.838	0.889	0.878	0.915	0.907	0.948	0.944	0.929	0.798	0.889	0.834	0.882	0.837	0.894	0.863	0.953	0.927	0.987	0.942	0.874	0.917	0.888	0.871	0.947	0.895	0.046	0.923	0.931	0.919	0.977	0.949	0.869	0.919	0.861	0.865	0.929	1.006	0.878	0.928	0.943	0.674	1.017	0.927	0.900	0.931	0.909	0.939	0.891	0.894	0.930	0.931	0.976	0.980	1.014	0.924	0.897	0.941	0.912	0.873	0.912	0.905	0.983	0.969	0.969	0.970	1.028	0.941	0.901	0.939	0.949	0.917	0.947	0.919	0.887	0.935	0.940	0.949	0.933	0.870
48:00:50	22.9	0.651	0.900	0.957	0.939	0.914	0.906	0.927	0.913	0.930	0.922	0.929	0.837	0.889	0.831	0.949	0.839	0.944	0.841	0.888	0.879	0.906	0.908	0.955	0.951	0.923	0.799	0.889	0.830	0.883	0.839	0.891	0.859	0.954	0.926	0.988	0.943	0.881	0.915	0.886	0.873	0.950	0.892	0.046	0.925	0.928	0.919	0.980	0.954	0.861	0.917	0.861	0.863	0.923	1.007	0.874	0.929	0.940	0.670	1.023	0.934	0.901	0.932	0.912	0.933	0.891	0.892	0.930	0.927	0.978	0.979	1.017	0.930	0.897	0.947	0.908	0.866	0.917	0.907	0.989	0.972	0.969	0.981	1.033	0.949	0.923	0.937	0.951	0.924	0.951	0.924	0.893	0.943	0.942	0.955	0.936	0.872
49:00:50	22.9	0.646	0.902	0.962	0.948	0.915	0.902	0.929	0.913	0.934	0.922	0.924	0.834	0.894	0.822	0.948	0.832	0.939	0.835	0.882	0.876	0.900	0.904	0.955	0.954	0.927	0.786	0.890	0.823	0.877	0.831	0.884	0.854	0.952	0.925	0.989	0.941	0.882	0.912	0.873	0.870	0.949	0.886	0.046	0.919	0.926	0.914	0.980	0.956	0.871	0.922	0.856	0.860	0.924	1.009	0.865	0.926	0.941	0.661	1.022	0.939	0.910	0.935	0.906	0.929	0.882	0.887	0.929	0.925	0.976	0.973	1.018	0.932	0.907	0.948	0.906	0.858	0.915	0.903	0.987	0.969	0.967	0.983	1.032	0.943	0.910	0.956	0.951	0.931	0.957	0.928	0.895	0.948	0.939	0.953	0.940	0.872
50:00:51	23.0	0.641	0.897	0.965	0.951	0.913	0.906	0.924	0.905	0.936	0.921	0.909	0.833	0.892	0.824	0.947	0.831	0.932	0.835	0.883	0.880	0.895	0.907	0.954	0.960	0.924	0.788	0.896	0.822	0.878	0.834	0.879	0.850	0.956	0.927	0.987	0.939	0.886	0.913	0.872	0.872	0.947	0.886	0.046	0.916	0.926	0.918	0.980	0.955	0.861	0.926	0.848	0.864	0.922	1.013	0.865	0.932	0.941	0.661	1.030	0.941	0.884	0.940	0.904	0.923	0.878	0.885	0.931	0.921	0.978	0.976	1.024	0.933	0.914	0.954	0.904	0.865	0.912	0.905	0.994	0.973	0.971	0.985	1.038	0.947	0.930	0.973	0.954	0.932	0.957	0.932	0.895	0.951	0.942	0.958	0.945	0.874
51:00:52	23.1	0.634	0.906	0.966	0.956	0.924	0.906	0.935	0.922	0.939	0.926	0.915	0.832	0.901	0.819	0.949	0.826	0.939	0.832	0.878	0.880	0.894	0.904	0.961	0.964	0.930	0.784	0.892	0.818	0.875	0.831	0.877	0.849	0.953	0.926	0.989	0.939	0.895	0.913	0.865	0.873	0.947	0.885	0.046	0.916	0.922	0.912	0.978	0.962	0.873	0.927	0.850	0.860	0.923	1.013	0.859	0.928	0.939	0.651	1.030	0.947	0.943	0.926	0.902	0.915	0.876	0.883	0.930	0.919	0.973	0.979	1.022	0.938	0.919	0.953	0.909	0.860	0.910	0.903	0.990	0.971	0.971	0.987	1.039	0.943	0.927	0.966	0.954	0.932	0.965	0.934	0.898	0.955	0.942	0.959	0.951	0.875
52:00:54	23.1	0.632	0.906	0.972	0.961	0.921	0.900	0.932	0.929	0.940	0.927	0.912	0.826	0.906	0.814	0.949	0.826	0.940	0.829	0.878	0.881	0.889	0.904	0.963	0.967	0.932	0.786	0.895	0.815	0.876	0.829	0.874	0.845	0.953	0.924	0.987	0.941	0.897	0.916	0.862	0.869	0.947	0.881	0.046	0.918	0.923	0.913	0.982	0.970	0.874	0.929	0.837	0.865	0.925	1.015	0.856	0.928	0.940	0.649	1.035	0.952	0.898	0.927	0.898	0.921	0.869	0.880	0.928	0.918	0.972	0.982	1.025	0.942	0.919	0.957	0.902	0.848	0.913	0.899	0.994	0.970	0.971	0.988	1.042	0.938	0.930	0.960	0.953	0.941	0.977	0.935	0.900	0.959	0.943	0.963	0.954	0.877
53:00:53	23.1	0.628	0.907	0.965	0.958	0.940	0.901	0.934	0.933	0.945	0.938	0.912	0.831	0.915	0.814	0.948	0.823	0.937	0.827	0.881	0.891	0.888	0.907	0.970	0.971	0.931	0.785	0.901	0.815	0.881	0.828	0.875	0.844	0.953	0.928	0.986	0.941	0.898	0.917	0.862	0.863	0.951	0.883	0.046	0.920	0.928	0.913	0.987	0.977	0.875	0.930	0.825	0.852	0.920	1.018	0.856	0.937	0.941	0.647	1.038	0.957	0.914	0.938	0.887	0.914	0.865	0.876	0.929	0.918	0.974	0.988	1.031	0.953	0.917	0.957	0.899	0.856	0.905	0.891	0.997	0.973	0.974	0.993	1.044	0.939	0.917	0.978	0.950	0.938	0.966	0.938	0.909	0.963	0.948	0.971	0.959	0.883
54:00:54	23.1	0.622	0.911	0.971	0.966	0.931	0.913	0.927	0.941	0.949	0.944	0.913	0.820	0.921	0.813	0.948	0.824	0.942	0.828	0.877	0.893	0.887	0.910	0.973	0.968	0.936	0.786	0.900	0.814	0.880	0.827	0.873	0.847	0.957	0.930	0.986	0.938	0.902	0.916	0.862	0.859	0.950	0.882	0.046	0.918	0.926	0.914	0.986	0.977	0.878	0.933	0.822	0.855	0.922	1.019	0.857	0.940	0.941	0.643	1.042	0.959	0.915	0.931	0.877	0.924	0.876	0.876	0.927	0.918	0.972	0.987	1.034	0.956	0.919	0.957	0.889	0.853	0.903	0.888	0.999	0.975	0.972	0.995	1.046	0.931	0.885	0.982	0.947	0.939	0.958	0.936	0.908	0.964	0.951	0.973	0.962	0.881
55:00:55	23.0	0.622	0.909	0.974	0.967	0.924	0.919	0.929	0.930	0.948	0.940	0.912	0.817	0.929	0.814	0.948	0.821	0.937	0.829	0.875	0.890	0.889	0.912	0.975	0.969	0.942	0.786	0.899	0.813	0.882	0.825	0.875	0.845	0.953	0.932	0.984	0.941	0.910	0.916	0.859	0.856	0.947	0.884	0.046	0.919	0.927	0.912	0.985	0.979	0.880	0.936	0.828	0.853	0.919	1.020	0.856	0.939	0.942	0.637	1.042	0.963	0.938	0.928	0.869	0.919	0.873	0.874	0.929	0.919	0.971	0.992	1.034	0.958	0.922	0.958	0.896	0.862	0.902	0.891	0.998	0.971	0.969	0.998	1.045	0.934	0.885	0.989	0.945	0.943	0.966	0.936	0.914	0.968	0.952	0.977	0.965	0.883
56:00:56	22.7	0.619	0.907	0.964	0.959	0.910	0.929	0.932	0.929	0.947	0.943	0.915	0.819	0.928	0.817	0.947	0.827	0.942	0.835	0.880	0.896	0.891	0.917	0.980	0.971	0.933	0.793	0.896	0.819	0.886	0.829	0.875	0.851	0.956	0.937	0.986	0.941	0.912	0.916	0.864	0.851	0.954	0.885	0.047	0.916	0.927	0.916	0.992	0.983	0.866	0.940	0.826	0.849	0.914	1.019	0.860	0.939	0.946	0.641	1.048	0.969	0.939	0.937	0.866	0.922	0.875	0.876	0.933	0.920	0.973	0.995	1.037	0.967	0.935	0.957	0.897	0.865	0.906	0.892	1.005	0.975	0.972	1.005	1.053	0.947	0.889	0.991	0.946	0.949	0.977	0.941	0.915	0.973	0.955	0.981	0.972	0.880
57:00:57	22.3	0.619	0.909	0.967	0.963	0.906	0.932	0.934	0.930	0.952	0.944	0.911	0.819	0.936	0.821	0.950	0.828	0.942	0.836	0.880	0.896	0.892	0.918	0.984	0.971	0.938	0.801	0.897	0.821	0.886	0.833	0.879	0.854	0.956	0.939	0.989	0.948	0.925	0.917	0.869	0.855	0.955	0.886	0.046	0.917	0.926	0.918	0.993	0.990	0.869	0.945	0.828	0.850	0.927	1.026	0.865	0.941	0.951	0.643	1.052	0.975	0.941	0.933	0.872	0.915	0.870	0.880	0.937	0.923	0.974	0.997	1.040	0.972	0.933	0.966	0.897	0.862	0.912	0.901	1.010	0.976	0.974	1.007	1.056	0.955	0.894	1.002	0.949	0.952	0.982	0.945	0.919	0.978	0.955	0.981	0.974	0.875
58:00:58	21.8	0.620	0.912	0.966	0.959	0.900	0.942	0.930	0.918	0.951	0.948	0.911	0.824	0.946	0.830	0.951	0.829	0.947	0.845	0.883	0.897	0.897	0.920	0.991	0.973	0.941	0.810	0.900	0.830	0.892	0.839	0.884	0.860	0.961	0.946	0.991	0.950	0.934	0.922	0.877	0.861	0.961	0.892	0.046	0.922	0.930	0.923	0.999	0.992	0.873	0.948	0.833	0.853	0.926	1.029	0.871	0.945	0.956	0.645	1.056	0.981	0.949	0.938	0.881	0.918	0.879	0.885	0.940	0.926	0.977	1.002	1.043	0.980	0.943	0.968	0.906	0.880	0.915	0.903	1.015	0.980	0.978	1.015	1.061	0.964	0.892	0.997	0.952	0.961	0.987	0.949	0.919	0.982	0.959	0.989	0.983	0.881
59:00:59	21.5	0.622	0.917	0.956	0.953	0.910	0.943	0.932	0.919	0.955	0.956	0.919	0.828	0.957	0.840	0.955	0.835	0.956	0.853	0.886	0.897	0.902	0.932	1.004	0.981	0.952	0.819	0.906	0.838	0.901	0.849	0.891	0.871	0.964	0.954	0.995	0.954	0.941	0.927	0.886	0.866	0.969	0.898	0.046	0.926	0.937	0.932	1.005	0.998	0.872	0.951	0.838	0.857	0.933	1.034	0.880	0.949	0.960	0.648	1.062	0.986	0.950	0.943	0.883	0.929	0.886	0.894	0.944	0.933	0.985	1.011	1.050	0.986	0.936	0.967	0.910	0.883	0.915	0.907	1.018	0.983	0.984	1.024	1.069	0.972	0.892	0.976	0.954	0.964	0.980	0.949	0.921	0.988	0.965	0.995	0.986	0.885
60:01:00	21.5	0.620	0.924	0.970	0.968	0.926	0.946	0.947	0.921	0.955	0.950	0.916	0.820	0.959	0.842	0.960	0.832	0.959	0.850	0.884	0.890	0.905	0.921	0.999	0.977	0.953	0.818	0.902	0.837	0.900	0.847	0.895	0.868	0.962	0.953	0.995	0.959	0.955	0.929	0.889	0.882	0.967	0.900	0.046	0.926	0.943	0.930	1.005	1.006	0.897	0.958	0.841	0.861	0.937	1.036	0.877	0.941	0.964	0.647	1.057	0.987	0.951	0.932	0.907	0.909	0.882	0.895	0.945	0.937	0.982	1.005	1.048	0.986	0.944	0.981	0.912	0.894	0.923	0.914	1.014	0.980	0.979	1.018	1.065	0.970	0.901	0.965	0.957	0.959	0.982	0.955	0.935	0.988	0.962	0.993	0.986	0.881
61:01:01	21.7	0.617	0.921	0.969	0.964	0.919	0.960	0.937	0.919	0.960	0.955	0.916	0.829	0.963	0.847	0.961	0.836	0.959	0.859	0.889	0.896	0.909	0.930	1.007	0.980	0.952	0.827	0.908	0.850	0.909	0.859	0.897	0.877	0.969	0.965	0.997	0.957	0.957	0.929	0.892	0.882	0.971	0.906	0.046	0.930	0.942	0.935	1.005	0.997	0.884	0.954	0.847	0.864	0.938	1.040	0.885	0.955	0.965	0.651	1.063	0.993	0.952	0.942	0.906	0.919	0.891	0.899	0.948	0.939	0.989	1.015	1.051	0.990	0.938	0.985	0.916	0.895	0.924	0.915	1.019	0.989	0.986	1.030	1.073	0.983	0.914	1.002	0.965	0.979	0.995	0.962	0.932	0.996	0.969	0.998	0.993	0.884
62:01:02	21.8	0.618	0.930	0.959	0.961	0.935	0.956	0.944	0.923	0.961	0.960	0.919	0.829	0.973	0.858	0.964	0.840	0.964	0.864	0.891	0.899	0.916	0.935	1.012	0.984	0.970	0.833	0.913	0.853	0.913	0.864	0.906	0.882	0.969	0.969	1.000	0.960	0.967	0.934	0.898	0.892	0.972	0.910	0.046	0.933	0.947	0.935	1.006	1.003	0.897	0.961	0.858	0.869	0.943	1.042	0.887	0.956	0.966	0.650	1.065	0.996	0.944	0.942	0.948	0.928	0.901	0.903	0.948	0.943	0.991	1.019	1.056	0.995	0.940	0.984	0.942	0.919	0.923	0.915	1.019	0.988	0.988	1.029	1.071	0.981	0.903	0.971	0.965	0.967	0.988	0.962	0.936	0.998	0.972	1.003	0.996	0.886
63:01:02	21.9	0.615	0.926	0.957	0.965	0.923	0.957	0.942	0.910	0.962	0.957	0.913	0.832	0.965	0.873	0.965	0.837	0.969	0.862	0.892	0.893	0.916	0.931	1.013	0.980	0.951	0.836	0.911	0.851	0.917	0.861	0.905	0.881	0.967	0.969	1.000	0.963	0.973	0.931	0.899	0.902	0.970	0.909	0.046	0.938	0.950	0.938	1.007	1.001	0.901	0.965	0.857	0.881	0.940	1.042	0.888	0.950	0.967	0.651	1.066	0.996	0.959	0.941	0.935	0.911	0.902	0.904	0.952	0.946	0.991	1.015	1.054	0.996	0.952	0.990	0.921	0.929	0.932	0.922	1.018	0.984	0.989	1.031	1.074	0.990	0.918	1.006	0.967	0.982	0.983	0.975	0.943	0.995	0.974	1.004	0.997	0.885
64:01:03	21.9	0.618	0.923	0.957	0.964	0.915	0.945	0.927	0.903	0.964	0.957	0.911	0.832	0.962	0.868	0.966	0.841	0.968	0.869	0.895	0.898	0.921	0.939	1.016	0.979	0.953	0.843	0.920	0.859	0.923	0.868	0.907	0.886	0.975	0.974	1.001	0.964	0.978	0.933	0.905	0.899	0.980	0.914	0.046	0.938	0.952	0.942	1.011	1.002	0.893	0.969	0.864	0.884	0.943	1.045	0.894	0.957	0.972	0.654	1.072	1.002	0.973	0.945	0.950	0.927	0.907	0.908	0.952	0.951	0.995	1.025	1.059	1.002	0.959	0.994	0.931	0.945	0.931	0.925	1.022	0.990	0.992	1.038	1.079	0.992	0.911	1.013	0.965	0.979	1.004	0.983	0.946	0.999	0.977	1.011	1.002	0.888
65:01:04	21.9	0.613	0.931	0.961	0.969	0.932	0.962	0.939	0.902	0.965	0.957	0.911	0.831	0.984	0.867	0.969	0.843	0.970	0.873	0.896	0.898	0.928	0.942	1.019	0.981	0.968	0.848	0.923	0.862	0.924	0.870	0.914	0.891	0.973	0.979	1.002	0.968	0.997	0.938	0.908	0.912	0.979	0.916	0.046	0.942	0.957	0.943	1.012	1.005	0.913	0.974	0.871	0.881	0.945	1.049	0.897	0.957	0.975	0.655	1.071	1.003	0.966	0.950	0.955	0.921	0.913	0.912	0.955	0.954	0.995	1.024	1.061	1.005	0.961	0.997	0.945	0.932	0.934	0.928	1.022	0.991	0.991	1.039	1.082	0.994	0.906	1.004	0.975	0.975	0.996	0.975	0.951	0.998	0.979	1.012	1.003	0.890
66:01:05	21.8	0.615	0.931	0.949	0.963	0.935	0.948	0.932	0.906	0.964	0.959	0.913	0.832	0.978	0.885	0.969	0.845	0.977	0.879	0.901	0.901	0.929	0.946	1.023	0.982	0.968	0.852	0.925	0.869	0.932	0.873	0.919	0.895	0.976	0.983	1.005	0.968	0.993	0.942	0.912	0.920	0.986	0.918	0.046	0.946	0.960	0.948	1.016	1.002	0.912	0.977	0.876	0.889	0.948	1.050	0.901	0.964	0.978	0.657	1.073	1.007	0.971	0.953	0.966	0.931	0.920	0.915	0.956	0.957	0.999	1.028	1.062	1.009	0.962	1.001	0.953	0.952	0.939	0.931	1.023	0.992	0.994	1.042	1.085	1.002	0.905	1.017	0.974	0.983	0.992	0.982	0.952	1.000	0.981	1.018	1.008	0.894
67:01:06	21.8	0.618	0.937	0.947	0.966	0.936	0.951	0.938	0.894	0.964	0.954	0.916	0.835	0.974	0.890	0.973	0.846	0.978	0.880	0.903	0.900	0.932	0.945	1.025	0.981	0.967	0.857	0.928	0.872	0.935	0.878	0.921	0.897	0.980	0.986	1.006	0.973	1.004	0.942	0.916	0.925	0.987	0.921	0.046	0.947	0.965	0.950	1.019	1.009	0.924	0.980	0.875	0.892	0.947	1.052	0.903	0.959	0.979	0.659	1.074	1.011	0.983	0.954	0.957	0.930	0.922	0.918	0.959	0.959	1.001	1.026	1.065	1.011	0.964	1.002	0.942	0.940	0.941	0.933	1.024	0.993	0.995	1.045	1.087	1.008	0.907	1.005	0.984	0.986	0.999	0.985	0.958	1.003	0.986	1.021	1.011	0.899
68:01:08	21.9	0.614	0.934	0.956	0.968	0.939	0.944	0.924	0.893	0.963	0.954	0.914	0.832	0.984	0.900	0.972	0.847	0.974	0.884	0.904	0.902	0.934	0.950	1.027	0.981	0.970	0.862	0.933	0.876	0.936	0.876	0.923	0.900	0.981	0.991	1.006	0.974	1.007	0.943	0.918	0.929	0.993	0.923	0.046	0.947	0.964	0.953	1.018	1.007	0.926	0.981	0.882	0.900	0.950	1.053	0.906	0.962	0.980	0.659	1.076	1.015	0.975	0.959	0.959	0.938	0.933	0.919	0.959	0.961	1.002	1.031	1.064	1.013	0.965	1.007	0.953	0.954	0.942	0.937	1.022	0.993	0.995	1.048	1.088	1.009	0.904	1.020	0.978	0.987	1.001	0.987	0.960	1.004	0.989	1.026	1.015	0.896
69:01:09	22.2	0.611	0.929	0.978	0.971	0.940	0.943	0.914	0.894	0.965	0.953	0.914	0.830	0.985	0.889	0.975	0.855	0.977	0.893	0.907	0.905	0.936	0.954	1.032	0.982	0.982	0.869	0.939	0.883	0.944	0.886	0.927	0.904	0.986	0.995	1.008	0.975	1.002	0.947	0.923	0.931	0.995	0.929	0.046	0.952	0.966	0.957	1.026	1.011	0.942	0.983	0.890	0.905	0.955	1.056	0.911	0.964	0.986	0.660	1.077	1.015	0.967	0.962	0.970	0.945	0.935	0.923	0.961	0.964	1.005	1.036	1.066	1.014	0.959	1.010	0.964	0.940	0.944	0.936	1.022	0.996	0.997	1.051	1.089	1.008	0.909	1.025	0.978	0.988	1.003	0.990	0.964	1.006	0.992	1.027	1.020	0.890
70:01:10	22.3	0.611	0.931	0.963	0.963	0.944	0.933	0.914	0.892	0.960	0.951	0.915	0.830	0.985	0.896	0.976	0.851	0.979	0.895	0.905	0.904	0.936	0.956	1.034	0.981	0.979	0.872	0.940	0.879	0.944	0.886	0.927	0.902	0.985	0.997	1.006	0.977	1.002	0.943	0.920	0.933	0.993	0.927	0.046	0.953	0.965	0.955	1.021	1.004	0.934	0.985	0.892	0.907	0.955	1.056	0.911	0.965	0.985	0.660	1.077	1.012	0.973	0.966	0.968	0.942	0.943	0.921	0.963	0.964	1.005	1.038	1.066	1.016	0.959	1.011	0.951	0.956	0.944	0.939	1.021	0.992	0.994	1.052	1.089	1.011	0.905	1.026	0.973	0.986	1.000	0.989	0.960	1.010	0.996	1.029	1.023	0.892
71:01:10	22.1	0.620	0.914	0.974	0.965	0.944	0.906	0.895	0.894	0.963	0.960	0.915	0.837	0.998	0.885	0.973	0.862	0.979	0.905	0.912	0.912	0.942	0.965	1.046	0.974	0.982	0.878	0.943	0.889	0.950	0.893	0.938	0.909	0.990	1.004	1.010	0.976	1.010	0.946	0.925	0.928	0.994	0.930	0.047	0.960	0.966	0.964	1.029	1.004	0.920	0.988	0.889	0.902	0.959	1.062	0.915	0.972	0.991	0.664	1.083	1.017	0.977	0.968	0.973	0.957	0.944	0.929	0.966	0.965	1.014	1.045	1.073	1.023	0.965	1.007	0.971	0.955	0.948	0.939	1.029	0.995	1.000	1.061	1.099	1.022	0.902	1.006	0.991	0.990	1.016	0.999	0.961	1.012	1.002	1.034	1.029	0.891
72:01:12	21.9	0.618	0.923	0.979	0.966	0.961	0.926	0.898	0.895	0.961	0.957	0.917	0.838	1.003	0.897	0.982	0.868	0.991	0.908	0.914	0.911	0.943	0.967	1.050	0.980	1.006	0.879	0.949	0.890	0.953	0.890	0.937	0.912	0.991	1.006	1.010	0.978	1.013	0.954	0.927	0.944	1.002	0.931	0.047	0.964	0.972	0.966	1.033	1.009	0.949	0.989	0.905	0.908	0.965	1.064	0.918	0.972	0.992	0.663	1.084	1.020	0.980	0.971	0.963	0.960	0.955	0.930	0.965	0.973	1.011	1.045	1.071	1.027	0.958	1.013	0.956	0.953	0.947	0.941	1.025	0.995	0.999	1.057	1.097	1.002	0.902	0.983	0.973	0.990	0.996	0.992	0.963	1.013	1.003	1.034	1.031	0.890

