Time	T° 600	A1	A2	A3	A4	A5	A6	A7	A8	A9	A10	A11	A12	B1	B2	B3	B4	B5	B6	B7	B8	B9	B10	B11	B12	C1	C2	C3	C4	C5	C6	C7	C8	C9	C10	C11	C12	D1	D2	D3	D4	D5	D6	D7	D8	D9	D10	D11	D12	E1	E2	E3	E4	E5	E6	E7	E8	E9	E10	E11	E12	F1	F2	F3	F4	F5	F6	F7	F8	F9	F10	F11	F12	G1	G2	G3	G4	G5	G6	G7	G8	G9	G10	G11	G12	H1	H2	H3	H4	H5	H6	H7	H8	H9	H10	H11	H12
0:00:06	20.8	0.043	0.042	0.045	0.046	0.044	0.046	0.041	0.043	0.043	0.043	0.047	0.043	0.043	0.042	0.042	0.046	0.050	0.047	0.044	0.047	0.043	0.046	0.044	0.046	0.045	0.046	0.047	0.045	0.045	0.047	0.044	0.044	0.043	0.045	0.043	0.046	0.043	0.043	0.045	0.044	0.043	0.050	0.044	0.046	0.049	0.046	0.045	0.046	0.043	0.044	0.043	0.044	0.049	0.044	0.044	0.042	0.046	0.047	0.047	0.048	0.042	0.048	0.045	0.043	0.045	0.044	0.043	0.046	0.043	0.046	0.043	0.044	0.048	0.045	0.047	0.047	0.047	0.044	0.044	0.046	0.045	0.043	0.046	0.043	0.044	0.047	0.042	0.044	0.045	0.042	0.046	0.047	0.046	0.047	0.043	0.044
1:00:04	22.0	0.043	0.043	0.045	0.046	0.044	0.046	0.042	0.043	0.043	0.044	0.047	0.043	0.043	0.043	0.042	0.046	0.051	0.045	0.044	0.047	0.043	0.046	0.044	0.047	0.045	0.047	0.048	0.046	0.045	0.047	0.044	0.044	0.043	0.045	0.043	0.047	0.043	0.043	0.046	0.045	0.043	0.050	0.043	0.046	0.049	0.045	0.045	0.045	0.043	0.045	0.044	0.044	0.049	0.044	0.044	0.042	0.046	0.047	0.047	0.048	0.043	0.048	0.045	0.044	0.045	0.045	0.043	0.046	0.044	0.046	0.043	0.045	0.048	0.045	0.048	0.047	0.047	0.044	0.044	0.046	0.045	0.043	0.046	0.043	0.045	0.048	0.043	0.044	0.045	0.042	0.047	0.047	0.046	0.047	0.043	0.043
2:00:06	22.6	0.043	0.043	0.045	0.046	0.044	0.046	0.042	0.043	0.043	0.044	0.047	0.043	0.043	0.043	0.042	0.046	0.051	0.046	0.044	0.047	0.043	0.047	0.044	0.047	0.045	0.047	0.049	0.046	0.046	0.048	0.044	0.044	0.043	0.045	0.044	0.047	0.044	0.043	0.046	0.045	0.043	0.050	0.044	0.046	0.049	0.046	0.046	0.046	0.043	0.045	0.044	0.044	0.049	0.044	0.044	0.043	0.046	0.047	0.048	0.048	0.043	0.049	0.046	0.044	0.046	0.045	0.043	0.047	0.044	0.046	0.043	0.045	0.048	0.045	0.048	0.048	0.047	0.045	0.045	0.046	0.045	0.043	0.047	0.043	0.045	0.048	0.043	0.044	0.045	0.042	0.047	0.047	0.047	0.047	0.043	0.044
3:00:06	23.0	0.043	0.044	0.046	0.047	0.044	0.047	0.042	0.043	0.044	0.045	0.047	0.044	0.044	0.043	0.043	0.047	0.052	0.045	0.045	0.047	0.043	0.047	0.044	0.047	0.046	0.047	0.049	0.046	0.046	0.048	0.044	0.044	0.044	0.046	0.044	0.047	0.044	0.043	0.046	0.045	0.043	0.050	0.044	0.046	0.050	0.046	0.046	0.046	0.044	0.045	0.046	0.044	0.049	0.044	0.045	0.043	0.046	0.047	0.048	0.048	0.043	0.049	0.046	0.045	0.046	0.046	0.044	0.047	0.044	0.047	0.044	0.046	0.048	0.046	0.048	0.048	0.048	0.045	0.045	0.046	0.046	0.043	0.047	0.044	0.045	0.048	0.043	0.044	0.046	0.043	0.047	0.048	0.047	0.048	0.044	0.044
4:00:08	23.0	0.044	0.044	0.046	0.047	0.045	0.047	0.043	0.044	0.044	0.045	0.047	0.044	0.044	0.043	0.043	0.047	0.052	0.045	0.045	0.047	0.044	0.048	0.045	0.048	0.046	0.047	0.049	0.047	0.046	0.048	0.045	0.045	0.044	0.046	0.044	0.047	0.044	0.044	0.046	0.046	0.044	0.050	0.044	0.046	0.050	0.047	0.046	0.046	0.044	0.046	0.047	0.045	0.049	0.045	0.045	0.043	0.048	0.047	0.049	0.049	0.043	0.049	0.046	0.045	0.046	0.046	0.044	0.048	0.045	0.047	0.044	0.047	0.048	0.046	0.048	0.049	0.048	0.045	0.046	0.046	0.046	0.044	0.048	0.045	0.046	0.049	0.044	0.045	0.046	0.043	0.048	0.048	0.047	0.048	0.044	0.045
5:00:08	23.1	0.044	0.044	0.047	0.047	0.045	0.047	0.043	0.044	0.043	0.045	0.048	0.045	0.045	0.044	0.044	0.047	0.053	0.046	0.045	0.048	0.045	0.049	0.045	0.049	0.046	0.048	0.050	0.047	0.047	0.048	0.045	0.045	0.044	0.046	0.045	0.048	0.045	0.044	0.046	0.047	0.045	0.051	0.045	0.047	0.051	0.047	0.047	0.047	0.044	0.046	0.048	0.045	0.050	0.045	0.046	0.044	0.048	0.048	0.050	0.050	0.044	0.050	0.047	0.046	0.047	0.046	0.045	0.048	0.045	0.048	0.045	0.047	0.049	0.047	0.049	0.050	0.048	0.046	0.047	0.046	0.047	0.044	0.048	0.046	0.047	0.049	0.044	0.045	0.046	0.044	0.049	0.049	0.048	0.049	0.045	0.046
6:00:10	23.1	0.046	0.045	0.048	0.049	0.047	0.049	0.045	0.045	0.044	0.047	0.050	0.047	0.047	0.045	0.045	0.048	0.054	0.048	0.047	0.049	0.046	0.051	0.048	0.051	0.047	0.049	0.051	0.048	0.048	0.050	0.046	0.046	0.046	0.048	0.047	0.050	0.048	0.046	0.048	0.049	0.047	0.052	0.047	0.049	0.052	0.050	0.048	0.049	0.046	0.047	0.049	0.047	0.052	0.047	0.047	0.046	0.049	0.050	0.052	0.052	0.046	0.051	0.049	0.048	0.049	0.047	0.047	0.050	0.047	0.050	0.047	0.050	0.051	0.048	0.050	0.051	0.050	0.047	0.048	0.046	0.049	0.046	0.050	0.047	0.049	0.051	0.046	0.047	0.048	0.045	0.051	0.051	0.050	0.051	0.048	0.048
7:00:11	23.0	0.048	0.047	0.050	0.051	0.048	0.052	0.047	0.047	0.045	0.050	0.052	0.049	0.049	0.047	0.048	0.051	0.057	0.050	0.050	0.051	0.049	0.053	0.051	0.055	0.049	0.050	0.053	0.050	0.050	0.052	0.049	0.049	0.049	0.051	0.050	0.053	0.050	0.048	0.049	0.052	0.050	0.055	0.049	0.051	0.056	0.053	0.051	0.052	0.048	0.050	0.052	0.050	0.054	0.049	0.050	0.049	0.053	0.052	0.054	0.055	0.049	0.054	0.051	0.052	0.052	0.049	0.049	0.054	0.049	0.053	0.049	0.052	0.053	0.051	0.053	0.054	0.053	0.050	0.052	0.046	0.052	0.049	0.053	0.050	0.051	0.054	0.049	0.049	0.051	0.048	0.054	0.053	0.053	0.053	0.051	0.050
8:00:10	22.9	0.052	0.050	0.053	0.055	0.051	0.056	0.050	0.051	0.045	0.055	0.056	0.053	0.052	0.050	0.053	0.054	0.062	0.052	0.056	0.054	0.051	0.056	0.056	0.058	0.051	0.053	0.058	0.053	0.052	0.056	0.052	0.052	0.052	0.055	0.054	0.057	0.053	0.051	0.052	0.057	0.054	0.059	0.052	0.053	0.058	0.057	0.054	0.056	0.051	0.053	0.057	0.054	0.058	0.052	0.053	0.052	0.055	0.056	0.056	0.060	0.053	0.058	0.055	0.057	0.057	0.051	0.053	0.059	0.052	0.056	0.051	0.056	0.057	0.055	0.057	0.058	0.056	0.054	0.055	0.046	0.055	0.051	0.056	0.052	0.053	0.058	0.054	0.051	0.054	0.052	0.058	0.057	0.056	0.057	0.054	0.052
9:00:12	22.7	0.056	0.054	0.058	0.059	0.056	0.061	0.056	0.056	0.047	0.060	0.061	0.058	0.056	0.054	0.060	0.058	0.069	0.057	0.062	0.058	0.056	0.060	0.061	0.063	0.055	0.056	0.063	0.056	0.056	0.062	0.056	0.057	0.057	0.060	0.057	0.061	0.057	0.056	0.058	0.062	0.059	0.064	0.057	0.057	0.062	0.062	0.057	0.061	0.055	0.058	0.062	0.060	0.063	0.058	0.058	0.057	0.061	0.060	0.061	0.065	0.057	0.063	0.061	0.063	0.062	0.055	0.057	0.064	0.056	0.060	0.055	0.059	0.061	0.060	0.062	0.064	0.061	0.059	0.060	0.046	0.059	0.056	0.060	0.056	0.057	0.063	0.060	0.054	0.058	0.056	0.063	0.061	0.061	0.061	0.059	0.057
10:00:12	22.8	0.062	0.059	0.065	0.067	0.062	0.069	0.063	0.063	0.049	0.067	0.067	0.067	0.063	0.060	0.067	0.065	0.076	0.063	0.072	0.065	0.062	0.067	0.069	0.070	0.061	0.061	0.070	0.061	0.060	0.070	0.062	0.063	0.062	0.067	0.063	0.067	0.063	0.062	0.064	0.070	0.066	0.071	0.065	0.063	0.069	0.070	0.062	0.067	0.062	0.064	0.070	0.068	0.069	0.065	0.064	0.063	0.068	0.066	0.068	0.071	0.063	0.070	0.070	0.070	0.069	0.061	0.063	0.070	0.062	0.066	0.061	0.065	0.067	0.067	0.067	0.070	0.067	0.064	0.067	0.046	0.065	0.061	0.067	0.062	0.063	0.070	0.067	0.060	0.063	0.062	0.069	0.067	0.066	0.069	0.066	0.063
11:00:14	22.9	0.072	0.070	0.076	0.080	0.075	0.080	0.074	0.075	0.051	0.079	0.079	0.083	0.073	0.071	0.078	0.077	0.087	0.075	0.084	0.075	0.074	0.080	0.083	0.085	0.069	0.069	0.079	0.069	0.068	0.079	0.072	0.073	0.072	0.075	0.073	0.077	0.074	0.071	0.073	0.083	0.079	0.084	0.077	0.074	0.080	0.083	0.070	0.079	0.071	0.073	0.081	0.081	0.079	0.076	0.074	0.074	0.083	0.080	0.082	0.084	0.072	0.079	0.081	0.080	0.083	0.072	0.074	0.081	0.072	0.076	0.074	0.076	0.076	0.076	0.077	0.079	0.078	0.075	0.079	0.045	0.079	0.072	0.078	0.073	0.073	0.080	0.076	0.070	0.071	0.073	0.082	0.080	0.077	0.084	0.080	0.075
12:00:15	22.9	0.089	0.086	0.092	0.096	0.095	0.101	0.098	0.095	0.058	0.095	0.103	0.110	0.091	0.089	0.094	0.094	0.103	0.096	0.099	0.095	0.093	0.101	0.104	0.108	0.084	0.084	0.094	0.085	0.082	0.092	0.089	0.089	0.086	0.089	0.089	0.095	0.092	0.084	0.084	0.099	0.096	0.101	0.096	0.092	0.098	0.102	0.089	0.097	0.086	0.089	0.097	0.097	0.095	0.091	0.091	0.094	0.107	0.100	0.106	0.105	0.089	0.094	0.095	0.096	0.098	0.091	0.091	0.097	0.092	0.094	0.096	0.098	0.094	0.092	0.095	0.098	0.097	0.094	0.098	0.045	0.098	0.092	0.100	0.096	0.097	0.098	0.095	0.087	0.088	0.095	0.105	0.105	0.098	0.109	0.103	0.102
13:00:16	22.9	0.109	0.105	0.106	0.109	0.123	0.125	0.129	0.114	0.068	0.120	0.135	0.145	0.111	0.101	0.109	0.108	0.123	0.119	0.116	0.123	0.117	0.127	0.129	0.133	0.099	0.098	0.107	0.102	0.097	0.109	0.112	0.108	0.105	0.106	0.110	0.114	0.115	0.099	0.098	0.120	0.119	0.125	0.120	0.116	0.126	0.127	0.107	0.116	0.102	0.103	0.115	0.111	0.115	0.100	0.103	0.110	0.135	0.127	0.134	0.136	0.107	0.105	0.111	0.116	0.118	0.113	0.105	0.115	0.109	0.110	0.117	0.119	0.111	0.106	0.111	0.111	0.113	0.109	0.118	0.045	0.116	0.107	0.119	0.124	0.125	0.118	0.113	0.112	0.109	0.117	0.134	0.130	0.118	0.139	0.129	0.132
14:00:17	22.9	0.127	0.127	0.123	0.128	0.148	0.147	0.155	0.141	0.091	0.149	0.166	0.173	0.128	0.112	0.132	0.129	0.142	0.141	0.130	0.149	0.142	0.152	0.155	0.157	0.113	0.110	0.121	0.116	0.114	0.125	0.132	0.126	0.118	0.129	0.121	0.135	0.138	0.115	0.120	0.144	0.145	0.156	0.148	0.137	0.151	0.152	0.123	0.141	0.120	0.119	0.127	0.123	0.130	0.115	0.124	0.130	0.165	0.156	0.158	0.168	0.123	0.120	0.119	0.126	0.140	0.133	0.119	0.142	0.126	0.129	0.133	0.147	0.126	0.121	0.122	0.125	0.127	0.127	0.134	0.045	0.136	0.127	0.136	0.149	0.149	0.140	0.139	0.141	0.128	0.136	0.163	0.156	0.142	0.168	0.152	0.154
15:00:17	22.9	0.142	0.147	0.146	0.148	0.172	0.167	0.180	0.182	0.127	0.176	0.193	0.193	0.148	0.135	0.158	0.148	0.167	0.164	0.150	0.173	0.170	0.180	0.181	0.183	0.132	0.126	0.140	0.128	0.134	0.145	0.154	0.143	0.138	0.153	0.143	0.165	0.156	0.134	0.141	0.165	0.171	0.186	0.174	0.162	0.173	0.179	0.148	0.171	0.137	0.142	0.153	0.155	0.152	0.140	0.152	0.160	0.196	0.185	0.182	0.198	0.144	0.143	0.140	0.155	0.169	0.150	0.144	0.167	0.151	0.155	0.165	0.173	0.147	0.144	0.144	0.152	0.152	0.154	0.165	0.045	0.164	0.155	0.168	0.173	0.171	0.168	0.169	0.166	0.152	0.162	0.188	0.182	0.168	0.195	0.183	0.175
16:00:19	22.8	0.163	0.173	0.177	0.178	0.200	0.192	0.204	0.218	0.162	0.209	0.223	0.214	0.169	0.161	0.189	0.175	0.197	0.191	0.177	0.203	0.200	0.210	0.213	0.211	0.154	0.150	0.164	0.152	0.156	0.173	0.179	0.169	0.165	0.180	0.176	0.196	0.180	0.165	0.166	0.196	0.202	0.221	0.208	0.186	0.203	0.211	0.182	0.201	0.164	0.169	0.186	0.190	0.190	0.173	0.185	0.193	0.227	0.216	0.209	0.230	0.175	0.172	0.170	0.190	0.202	0.169	0.179	0.200	0.185	0.187	0.201	0.202	0.179	0.177	0.178	0.186	0.186	0.190	0.199	0.045	0.193	0.189	0.204	0.204	0.192	0.198	0.201	0.186	0.185	0.193	0.216	0.210	0.202	0.224	0.216	0.202
17:00:21	22.7	0.191	0.207	0.214	0.217	0.237	0.224	0.237	0.257	0.186	0.248	0.259	0.237	0.197	0.197	0.227	0.211	0.236	0.224	0.211	0.233	0.233	0.244	0.253	0.244	0.184	0.179	0.194	0.179	0.187	0.207	0.213	0.202	0.197	0.217	0.215	0.229	0.209	0.202	0.197	0.232	0.240	0.265	0.247	0.215	0.238	0.251	0.221	0.237	0.196	0.202	0.222	0.231	0.231	0.209	0.227	0.230	0.262	0.254	0.241	0.263	0.208	0.207	0.204	0.229	0.243	0.195	0.217	0.238	0.226	0.226	0.243	0.233	0.207	0.211	0.215	0.222	0.224	0.227	0.238	0.045	0.228	0.227	0.246	0.236	0.215	0.230	0.234	0.201	0.221	0.228	0.247	0.243	0.237	0.256	0.253	0.231
18:00:23	22.7	0.226	0.249	0.259	0.268	0.279	0.267	0.276	0.302	0.206	0.293	0.303	0.266	0.233	0.241	0.272	0.254	0.284	0.262	0.253	0.269	0.271	0.283	0.300	0.285	0.217	0.214	0.227	0.211	0.221	0.246	0.252	0.238	0.235	0.258	0.264	0.268	0.242	0.243	0.233	0.275	0.279	0.310	0.292	0.246	0.279	0.295	0.269	0.279	0.238	0.242	0.267	0.281	0.271	0.255	0.279	0.275	0.303	0.303	0.278	0.300	0.247	0.248	0.245	0.274	0.290	0.225	0.266	0.284	0.275	0.271	0.295	0.270	0.242	0.250	0.259	0.266	0.270	0.274	0.284	0.045	0.267	0.271	0.295	0.275	0.246	0.270	0.271	0.215	0.264	0.271	0.281	0.280	0.281	0.293	0.295	0.267
19:00:23	22.6	0.278	0.304	0.330	0.341	0.333	0.322	0.329	0.360	0.227	0.352	0.358	0.301	0.282	0.300	0.325	0.306	0.342	0.314	0.305	0.319	0.322	0.336	0.364	0.344	0.272	0.261	0.272	0.252	0.265	0.290	0.302	0.282	0.287	0.309	0.328	0.320	0.293	0.297	0.275	0.330	0.331	0.363	0.342	0.292	0.333	0.352	0.334	0.337	0.299	0.301	0.323	0.340	0.321	0.310	0.342	0.333	0.353	0.366	0.326	0.353	0.298	0.303	0.295	0.327	0.346	0.266	0.324	0.341	0.334	0.332	0.362	0.320	0.288	0.306	0.320	0.323	0.329	0.334	0.344	0.045	0.321	0.332	0.360	0.324	0.286	0.318	0.319	0.231	0.319	0.324	0.325	0.328	0.334	0.344	0.354	0.317
20:00:23	22.7	0.350	0.371	0.412	0.430	0.392	0.391	0.396	0.429	0.246	0.420	0.428	0.357	0.345	0.378	0.401	0.382	0.416	0.384	0.378	0.377	0.383	0.404	0.437	0.417	0.343	0.323	0.331	0.306	0.327	0.354	0.361	0.341	0.351	0.380	0.399	0.387	0.354	0.365	0.326	0.395	0.391	0.436	0.399	0.345	0.395	0.412	0.404	0.409	0.369	0.376	0.399	0.428	0.390	0.384	0.412	0.405	0.422	0.441	0.388	0.421	0.367	0.380	0.370	0.398	0.411	0.311	0.394	0.411	0.404	0.404	0.431	0.389	0.350	0.389	0.396	0.395	0.405	0.409	0.413	0.046	0.397	0.399	0.432	0.395	0.345	0.384	0.386	0.249	0.384	0.399	0.384	0.398	0.405	0.420	0.443	0.396
21:00:25	22.8	0.440	0.451	0.470	0.494	0.465	0.460	0.467	0.516	0.262	0.502	0.522	0.431	0.423	0.460	0.482	0.467	0.501	0.478	0.463	0.450	0.456	0.487	0.521	0.505	0.432	0.407	0.416	0.379	0.407	0.435	0.416	0.405	0.414	0.468	0.479	0.475	0.429	0.454	0.393	0.476	0.460	0.511	0.475	0.408	0.461	0.483	0.474	0.492	0.437	0.455	0.481	0.513	0.473	0.469	0.492	0.475	0.500	0.509	0.474	0.522	0.448	0.459	0.453	0.482	0.487	0.364	0.478	0.500	0.479	0.484	0.515	0.490	0.427	0.474	0.478	0.472	0.485	0.489	0.493	0.046	0.485	0.484	0.519	0.487	0.428	0.480	0.479	0.273	0.472	0.499	0.471	0.495	0.498	0.511	0.543	0.485
22:00:25	22.9	0.498	0.508	0.517	0.526	0.526	0.524	0.525	0.577	0.276	0.561	0.570	0.495	0.495	0.523	0.548	0.542	0.563	0.560	0.540	0.517	0.522	0.556	0.579	0.569	0.491	0.486	0.503	0.465	0.496	0.514	0.484	0.478	0.485	0.534	0.532	0.554	0.505	0.512	0.475	0.539	0.517	0.569	0.552	0.471	0.530	0.550	0.538	0.568	0.509	0.518	0.553	0.574	0.539	0.539	0.558	0.543	0.585	0.573	0.564	0.595	0.526	0.530	0.531	0.556	0.552	0.424	0.539	0.578	0.543	0.555	0.588	0.573	0.530	0.544	0.549	0.548	0.559	0.568	0.572	0.046	0.578	0.570	0.600	0.561	0.499	0.582	0.590	0.311	0.559	0.595	0.572	0.597	0.594	0.591	0.627	0.545
23:00:27	23.0	0.540	0.548	0.538	0.554	0.567	0.562	0.576	0.618	0.278	0.588	0.622	0.542	0.540	0.569	0.578	0.581	0.597	0.592	0.585	0.565	0.579	0.603	0.606	0.619	0.526	0.544	0.572	0.548	0.577	0.581	0.548	0.534	0.536	0.590	0.567	0.601	0.563	0.556	0.529	0.591	0.584	0.602	0.611	0.530	0.584	0.598	0.577	0.615	0.556	0.572	0.607	0.630	0.603	0.605	0.607	0.584	0.637	0.638	0.626	0.626	0.568	0.594	0.592	0.608	0.607	0.484	0.593	0.623	0.601	0.599	0.614	0.608	0.589	0.601	0.616	0.605	0.608	0.596	0.618	0.046	0.633	0.600	0.627	0.602	0.541	0.616	0.632	0.373	0.627	0.618	0.644	0.638	0.629	0.634	0.646	0.577
24:00:27	23.1	0.577	0.603	0.593	0.605	0.613	0.618	0.624	0.665	0.308	0.654	0.661	0.574	0.586	0.612	0.622	0.624	0.642	0.633	0.624	0.610	0.623	0.641	0.669	0.657	0.564	0.571	0.600	0.595	0.615	0.611	0.581	0.575	0.575	0.621	0.626	0.643	0.604	0.603	0.581	0.631	0.620	0.659	0.655	0.564	0.625	0.640	0.619	0.656	0.590	0.609	0.669	0.688	0.639	0.652	0.652	0.623	0.683	0.667	0.658	0.668	0.595	0.653	0.637	0.653	0.657	0.536	0.641	0.672	0.636	0.641	0.655	0.642	0.626	0.632	0.659	0.641	0.659	0.639	0.652	0.045	0.674	0.628	0.655	0.631	0.582	0.639	0.662	0.463	0.647	0.641	0.676	0.663	0.660	0.670	0.683	0.621
25:00:29	23.1	0.609	0.644	0.638	0.648	0.655	0.660	0.666	0.710	0.349	0.692	0.705	0.616	0.628	0.642	0.659	0.661	0.671	0.665	0.662	0.656	0.670	0.675	0.715	0.703	0.606	0.609	0.650	0.648	0.646	0.658	0.624	0.614	0.614	0.664	0.664	0.688	0.648	0.643	0.628	0.674	0.664	0.700	0.685	0.612	0.671	0.687	0.664	0.703	0.633	0.640	0.689	0.720	0.681	0.693	0.688	0.663	0.720	0.700	0.699	0.715	0.637	0.676	0.674	0.685	0.687	0.580	0.671	0.718	0.665	0.684	0.700	0.684	0.664	0.656	0.689	0.677	0.686	0.666	0.688	0.045	0.709	0.663	0.704	0.674	0.621	0.676	0.700	0.538	0.674	0.687	0.722	0.703	0.703	0.712	0.725	0.663
26:00:29	23.1	0.638	0.679	0.679	0.690	0.690	0.701	0.700	0.741	0.398	0.737	0.751	0.661	0.669	0.655	0.683	0.679	0.694	0.699	0.681	0.700	0.709	0.713	0.755	0.749	0.645	0.632	0.674	0.663	0.656	0.678	0.667	0.654	0.650	0.689	0.694	0.735	0.690	0.680	0.657	0.712	0.705	0.733	0.700	0.648	0.716	0.729	0.714	0.752	0.675	0.672	0.699	0.730	0.685	0.707	0.698	0.698	0.752	0.738	0.739	0.762	0.688	0.683	0.693	0.705	0.715	0.615	0.698	0.744	0.700	0.721	0.750	0.733	0.716	0.680	0.709	0.718	0.711	0.703	0.727	0.046	0.746	0.705	0.752	0.713	0.654	0.718	0.736	0.541	0.720	0.744	0.770	0.746	0.749	0.750	0.770	0.700
27:00:31	23.1	0.669	0.723	0.716	0.725	0.722	0.738	0.728	0.771	0.448	0.776	0.786	0.701	0.706	0.674	0.720	0.696	0.726	0.732	0.694	0.737	0.749	0.746	0.797	0.789	0.693	0.652	0.684	0.673	0.681	0.697	0.709	0.688	0.686	0.713	0.737	0.782	0.721	0.719	0.699	0.749	0.744	0.775	0.721	0.685	0.755	0.770	0.759	0.796	0.719	0.709	0.721	0.739	0.677	0.715	0.715	0.730	0.787	0.772	0.773	0.798	0.722	0.699	0.705	0.727	0.748	0.650	0.720	0.773	0.739	0.757	0.792	0.773	0.758	0.710	0.731	0.747	0.732	0.736	0.766	0.045	0.786	0.744	0.800	0.746	0.682	0.754	0.781	0.564	0.752	0.782	0.807	0.780	0.797	0.781	0.806	0.726
28:00:32	23.1	0.697	0.751	0.744	0.755	0.746	0.764	0.753	0.796	0.489	0.805	0.810	0.729	0.735	0.704	0.755	0.720	0.762	0.761	0.718	0.766	0.778	0.773	0.831	0.817	0.730	0.670	0.696	0.674	0.702	0.711	0.740	0.717	0.714	0.740	0.775	0.824	0.747	0.753	0.738	0.783	0.774	0.818	0.747	0.716	0.787	0.802	0.795	0.834	0.755	0.740	0.748	0.762	0.682	0.731	0.742	0.750	0.816	0.804	0.797	0.827	0.750	0.718	0.722	0.761	0.786	0.676	0.751	0.809	0.778	0.791	0.830	0.802	0.789	0.735	0.757	0.777	0.764	0.772	0.796	0.046	0.820	0.779	0.842	0.772	0.702	0.784	0.809	0.604	0.778	0.814	0.837	0.809	0.830	0.808	0.835	0.746
29:00:33	23.1	0.726	0.772	0.767	0.781	0.763	0.783	0.775	0.819	0.526	0.835	0.839	0.751	0.758	0.733	0.774	0.748	0.787	0.785	0.744	0.793	0.804	0.795	0.859	0.842	0.762	0.699	0.715	0.684	0.730	0.722	0.767	0.744	0.738	0.767	0.806	0.860	0.767	0.785	0.772	0.811	0.795	0.849	0.767	0.749	0.814	0.826	0.827	0.864	0.786	0.769	0.782	0.791	0.689	0.760	0.771	0.772	0.838	0.832	0.823	0.849	0.770	0.746	0.754	0.793	0.823	0.705	0.785	0.844	0.815	0.823	0.859	0.827	0.813	0.760	0.788	0.798	0.793	0.799	0.820	0.046	0.853	0.809	0.870	0.792	0.722	0.814	0.833	0.615	0.806	0.839	0.864	0.833	0.862	0.833	0.864	0.764
30:00:33	23.2	0.748	0.789	0.780	0.799	0.776	0.800	0.790	0.831	0.562	0.854	0.849	0.767	0.774	0.751	0.796	0.770	0.805	0.802	0.763	0.813	0.824	0.817	0.884	0.856	0.787	0.728	0.732	0.690	0.753	0.737	0.788	0.765	0.759	0.794	0.829	0.883	0.781	0.810	0.800	0.829	0.815	0.870	0.774	0.776	0.837	0.848	0.852	0.887	0.806	0.788	0.801	0.814	0.698	0.789	0.796	0.797	0.855	0.855	0.845	0.864	0.792	0.773	0.781	0.819	0.850	0.733	0.812	0.858	0.841	0.847	0.880	0.848	0.842	0.779	0.815	0.814	0.818	0.824	0.840	0.046	0.878	0.833	0.899	0.807	0.742	0.835	0.857	0.636	0.825	0.862	0.881	0.851	0.888	0.852	0.884	0.778
31:00:34	23.0	0.761	0.804	0.786	0.807	0.787	0.817	0.813	0.845	0.590	0.869	0.862	0.786	0.792	0.772	0.809	0.790	0.818	0.818	0.786	0.827	0.841	0.829	0.902	0.867	0.809	0.740	0.750	0.700	0.769	0.758	0.806	0.779	0.779	0.816	0.850	0.902	0.794	0.827	0.822	0.845	0.835	0.886	0.788	0.797	0.857	0.867	0.871	0.905	0.824	0.803	0.817	0.835	0.705	0.810	0.819	0.813	0.871	0.874	0.862	0.874	0.807	0.792	0.806	0.841	0.868	0.754	0.832	0.875	0.862	0.868	0.899	0.867	0.872	0.792	0.835	0.827	0.834	0.840	0.855	0.046	0.894	0.851	0.919	0.817	0.752	0.844	0.870	0.660	0.842	0.882	0.896	0.865	0.904	0.867	0.904	0.789
32:00:36	23.0	0.771	0.817	0.787	0.813	0.796	0.827	0.818	0.849	0.610	0.879	0.873	0.792	0.798	0.789	0.818	0.804	0.828	0.830	0.806	0.837	0.851	0.840	0.911	0.875	0.819	0.755	0.766	0.707	0.780	0.769	0.821	0.793	0.795	0.835	0.867	0.915	0.797	0.839	0.841	0.858	0.848	0.897	0.790	0.811	0.871	0.881	0.886	0.910	0.830	0.810	0.829	0.846	0.711	0.825	0.831	0.828	0.882	0.888	0.874	0.878	0.818	0.810	0.816	0.859	0.876	0.771	0.848	0.881	0.877	0.880	0.915	0.871	0.879	0.803	0.846	0.842	0.844	0.853	0.869	0.046	0.910	0.867	0.933	0.827	0.761	0.857	0.880	0.684	0.854	0.894	0.904	0.875	0.916	0.876	0.912	0.797
33:00:36	22.8	0.774	0.828	0.789	0.819	0.800	0.831	0.825	0.851	0.631	0.888	0.875	0.798	0.805	0.795	0.829	0.814	0.834	0.840	0.822	0.846	0.858	0.852	0.922	0.881	0.828	0.766	0.777	0.718	0.795	0.791	0.833	0.806	0.807	0.849	0.878	0.926	0.800	0.849	0.855	0.867	0.861	0.907	0.797	0.824	0.881	0.893	0.898	0.920	0.834	0.818	0.843	0.854	0.716	0.842	0.846	0.842	0.894	0.901	0.887	0.882	0.821	0.822	0.832	0.870	0.887	0.793	0.861	0.889	0.890	0.894	0.924	0.880	0.893	0.815	0.857	0.852	0.857	0.863	0.883	0.046	0.922	0.879	0.943	0.832	0.761	0.861	0.881	0.701	0.856	0.895	0.914	0.883	0.925	0.884	0.916	0.804
34:00:37	22.9	0.777	0.832	0.797	0.830	0.813	0.836	0.830	0.860	0.650	0.893	0.872	0.805	0.818	0.807	0.839	0.826	0.840	0.852	0.833	0.856	0.869	0.858	0.931	0.886	0.844	0.780	0.790	0.728	0.808	0.805	0.846	0.815	0.819	0.862	0.890	0.932	0.809	0.864	0.868	0.878	0.873	0.920	0.800	0.836	0.896	0.906	0.909	0.926	0.849	0.830	0.849	0.869	0.720	0.858	0.857	0.853	0.905	0.914	0.897	0.889	0.832	0.840	0.853	0.877	0.898	0.811	0.871	0.900	0.901	0.904	0.936	0.889	0.901	0.829	0.865	0.865	0.867	0.875	0.895	0.046	0.934	0.891	0.954	0.843	0.772	0.869	0.892	0.723	0.867	0.905	0.927	0.890	0.937	0.892	0.925	0.813
35:00:37	23.0	0.780	0.831	0.799	0.833	0.815	0.834	0.833	0.863	0.662	0.891	0.867	0.807	0.821	0.808	0.841	0.828	0.842	0.859	0.834	0.858	0.875	0.864	0.934	0.886	0.846	0.782	0.795	0.731	0.809	0.806	0.850	0.823	0.824	0.868	0.896	0.936	0.811	0.867	0.875	0.885	0.878	0.923	0.801	0.843	0.900	0.912	0.915	0.927	0.852	0.832	0.853	0.872	0.720	0.862	0.865	0.858	0.911	0.920	0.905	0.890	0.836	0.844	0.863	0.884	0.902	0.822	0.879	0.905	0.911	0.911	0.940	0.892	0.922	0.833	0.873	0.871	0.874	0.880	0.901	0.046	0.938	0.896	0.959	0.848	0.769	0.871	0.893	0.732	0.869	0.908	0.932	0.894	0.938	0.897	0.918	0.817
36:00:38	23.0	0.787	0.834	0.802	0.841	0.823	0.837	0.843	0.865	0.682	0.895	0.864	0.813	0.825	0.812	0.848	0.832	0.848	0.863	0.841	0.864	0.879	0.871	0.937	0.894	0.852	0.788	0.800	0.737	0.812	0.814	0.856	0.829	0.832	0.874	0.905	0.943	0.814	0.877	0.884	0.892	0.885	0.930	0.803	0.851	0.908	0.919	0.921	0.931	0.853	0.832	0.860	0.873	0.722	0.868	0.872	0.868	0.915	0.926	0.912	0.892	0.836	0.850	0.871	0.891	0.910	0.838	0.888	0.912	0.916	0.916	0.947	0.894	0.917	0.842	0.876	0.872	0.879	0.891	0.908	0.046	0.946	0.905	0.969	0.854	0.769	0.869	0.884	0.740	0.866	0.904	0.937	0.899	0.941	0.900	0.924	0.826
37:00:40	23.0	0.798	0.834	0.805	0.844	0.823	0.840	0.854	0.864	0.696	0.898	0.866	0.816	0.828	0.819	0.855	0.833	0.851	0.874	0.846	0.870	0.882	0.880	0.943	0.901	0.857	0.795	0.807	0.745	0.817	0.819	0.865	0.837	0.839	0.881	0.913	0.947	0.822	0.884	0.894	0.899	0.893	0.937	0.806	0.858	0.913	0.927	0.929	0.937	0.851	0.837	0.866	0.880	0.725	0.874	0.874	0.875	0.922	0.933	0.922	0.897	0.850	0.857	0.878	0.890	0.915	0.850	0.890	0.922	0.923	0.928	0.953	0.900	0.930	0.847	0.883	0.881	0.886	0.894	0.915	0.045	0.955	0.912	0.976	0.862	0.777	0.877	0.882	0.747	0.878	0.914	0.941	0.905	0.948	0.904	0.927	0.829
38:00:41	22.9	0.796	0.838	0.812	0.865	0.830	0.847	0.855	0.867	0.708	0.893	0.869	0.825	0.835	0.822	0.856	0.834	0.855	0.879	0.846	0.876	0.890	0.886	0.945	0.904	0.861	0.796	0.809	0.740	0.815	0.822	0.869	0.840	0.842	0.885	0.916	0.955	0.826	0.887	0.899	0.902	0.895	0.941	0.805	0.862	0.921	0.931	0.930	0.945	0.859	0.837	0.864	0.882	0.729	0.875	0.872	0.878	0.930	0.940	0.928	0.901	0.849	0.857	0.886	0.892	0.919	0.858	0.894	0.924	0.928	0.930	0.959	0.906	0.934	0.854	0.882	0.882	0.891	0.898	0.921	0.046	0.962	0.920	0.981	0.871	0.777	0.867	0.886	0.752	0.877	0.911	0.947	0.905	0.944	0.912	0.925	0.833
39:00:42	22.9	0.803	0.848	0.812	0.866	0.837	0.855	0.854	0.865	0.721	0.895	0.868	0.826	0.838	0.823	0.857	0.833	0.856	0.880	0.842	0.880	0.894	0.892	0.949	0.907	0.858	0.801	0.809	0.756	0.817	0.822	0.873	0.843	0.847	0.888	0.921	0.956	0.835	0.891	0.902	0.907	0.901	0.942	0.808	0.866	0.924	0.934	0.935	0.943	0.850	0.836	0.866	0.874	0.739	0.878	0.880	0.878	0.930	0.944	0.934	0.903	0.850	0.857	0.890	0.895	0.922	0.862	0.901	0.927	0.934	0.934	0.965	0.901	0.941	0.859	0.886	0.888	0.894	0.904	0.927	0.046	0.965	0.919	0.985	0.876	0.787	0.874	0.884	0.753	0.876	0.903	0.952	0.905	0.945	0.915	0.923	0.840
40:00:43	22.9	0.805	0.850	0.818	0.871	0.840	0.861	0.848	0.870	0.730	0.892	0.873	0.835	0.842	0.825	0.857	0.836	0.855	0.887	0.843	0.884	0.898	0.897	0.952	0.912	0.860	0.802	0.811	0.752	0.816	0.823	0.879	0.848	0.853	0.893	0.926	0.962	0.840	0.894	0.909	0.911	0.904	0.945	0.806	0.871	0.930	0.940	0.943	0.947	0.851	0.839	0.867	0.874	0.744	0.876	0.877	0.881	0.935	0.949	0.940	0.909	0.857	0.858	0.891	0.896	0.925	0.871	0.904	0.930	0.937	0.940	0.974	0.907	0.941	0.862	0.886	0.888	0.897	0.908	0.928	0.046	0.970	0.926	0.988	0.881	0.791	0.869	0.882	0.752	0.874	0.906	0.953	0.907	0.939	0.917	0.925	0.841
41:00:43	22.8	0.805	0.853	0.828	0.875	0.842	0.869	0.837	0.866	0.742	0.891	0.873	0.840	0.845	0.823	0.859	0.844	0.857	0.898	0.846	0.894	0.905	0.905	0.953	0.917	0.864	0.807	0.814	0.763	0.817	0.829	0.887	0.852	0.858	0.896	0.931	0.969	0.851	0.898	0.916	0.916	0.907	0.950	0.813	0.879	0.936	0.948	0.946	0.947	0.849	0.842	0.869	0.880	0.748	0.881	0.880	0.881	0.939	0.957	0.950	0.915	0.861	0.855	0.895	0.896	0.928	0.883	0.906	0.934	0.942	0.943	0.979	0.909	0.933	0.864	0.890	0.897	0.898	0.911	0.937	0.046	0.978	0.931	0.993	0.890	0.799	0.888	0.882	0.755	0.880	0.908	0.953	0.919	0.938	0.927	0.928	0.849
42:00:45	22.7	0.801	0.860	0.836	0.879	0.851	0.877	0.840	0.866	0.751	0.892	0.881	0.850	0.851	0.816	0.857	0.828	0.852	0.900	0.832	0.896	0.906	0.908	0.956	0.922	0.866	0.807	0.803	0.764	0.808	0.820	0.886	0.854	0.859	0.897	0.934	0.972	0.856	0.899	0.916	0.920	0.907	0.951	0.806	0.878	0.937	0.945	0.948	0.953	0.855	0.835	0.864	0.862	0.757	0.872	0.875	0.883	0.944	0.957	0.952	0.917	0.862	0.845	0.898	0.892	0.929	0.885	0.906	0.934	0.945	0.943	0.982	0.913	0.949	0.864	0.888	0.889	0.898	0.910	0.937	0.047	0.978	0.931	0.996	0.895	0.804	0.873	0.882	0.749	0.877	0.906	0.952	0.916	0.931	0.926	0.920	0.853
43:00:46	22.7	0.807	0.863	0.841	0.864	0.849	0.870	0.836	0.866	0.759	0.891	0.883	0.851	0.852	0.816	0.858	0.832	0.855	0.904	0.838	0.901	0.911	0.915	0.957	0.927	0.870	0.808	0.803	0.771	0.806	0.822	0.893	0.856	0.863	0.902	0.939	0.976	0.860	0.902	0.922	0.923	0.910	0.952	0.809	0.885	0.940	0.951	0.951	0.954	0.859	0.834	0.863	0.867	0.770	0.873	0.876	0.884	0.948	0.960	0.956	0.919	0.864	0.848	0.903	0.893	0.930	0.896	0.908	0.939	0.949	0.945	0.987	0.919	0.951	0.869	0.886	0.897	0.904	0.913	0.940	0.046	0.983	0.938	1.000	0.906	0.802	0.870	0.882	0.747	0.876	0.905	0.948	0.922	0.928	0.928	0.923	0.860
44:00:46	22.8	0.802	0.859	0.844	0.874	0.859	0.875	0.842	0.867	0.772	0.896	0.887	0.852	0.856	0.812	0.858	0.828	0.854	0.911	0.828	0.905	0.914	0.918	0.959	0.930	0.872	0.811	0.795	0.777	0.801	0.819	0.895	0.859	0.866	0.903	0.939	0.980	0.865	0.905	0.924	0.925	0.912	0.955	0.811	0.889	0.944	0.953	0.953	0.956	0.860	0.824	0.861	0.857	0.783	0.869	0.874	0.885	0.952	0.966	0.962	0.922	0.875	0.838	0.904	0.894	0.932	0.903	0.911	0.940	0.950	0.949	0.991	0.918	0.951	0.868	0.884	0.893	0.898	0.917	0.944	0.047	0.986	0.941	1.003	0.910	0.811	0.873	0.885	0.745	0.882	0.902	0.945	0.928	0.928	0.930	0.924	0.864
45:00:47	22.8	0.805	0.858	0.851	0.879	0.864	0.874	0.844	0.861	0.785	0.897	0.887	0.856	0.860	0.811	0.857	0.826	0.855	0.918	0.825	0.912	0.919	0.924	0.961	0.934	0.872	0.810	0.791	0.780	0.795	0.820	0.897	0.861	0.866	0.903	0.942	0.984	0.871	0.907	0.927	0.928	0.914	0.955	0.811	0.889	0.948	0.958	0.955	0.959	0.861	0.823	0.860	0.857	0.792	0.868	0.873	0.885	0.957	0.971	0.965	0.926	0.884	0.832	0.906	0.894	0.931	0.914	0.909	0.943	0.952	0.950	0.996	0.925	0.950	0.867	0.880	0.900	0.899	0.917	0.946	0.047	0.992	0.944	1.008	0.916	0.810	0.874	0.889	0.745	0.888	0.904	0.946	0.933	0.931	0.937	0.928	0.868
46:00:48	22.9	0.805	0.862	0.848	0.882	0.869	0.878	0.847	0.855	0.791	0.897	0.890	0.856	0.862	0.804	0.854	0.817	0.848	0.919	0.816	0.915	0.921	0.928	0.958	0.936	0.876	0.808	0.777	0.780	0.785	0.814	0.897	0.859	0.862	0.902	0.942	0.986	0.873	0.903	0.928	0.927	0.913	0.954	0.804	0.888	0.947	0.954	0.951	0.965	0.869	0.816	0.856	0.843	0.799	0.855	0.864	0.884	0.961	0.967	0.965	0.926	0.887	0.818	0.902	0.888	0.927	0.918	0.904	0.942	0.950	0.946	0.994	0.927	0.959	0.865	0.871	0.902	0.893	0.912	0.948	0.047	0.991	0.943	1.008	0.921	0.818	0.886	0.892	0.739	0.884	0.902	0.948	0.935	0.929	0.939	0.929	0.868
47:00:48	23.1	0.819	0.862	0.855	0.886	0.878	0.877	0.849	0.857	0.803	0.900	0.894	0.857	0.866	0.799	0.853	0.816	0.847	0.923	0.816	0.920	0.926	0.932	0.958	0.938	0.881	0.805	0.773	0.784	0.778	0.814	0.902	0.860	0.863	0.901	0.945	0.991	0.878	0.905	0.935	0.932	0.917	0.959	0.805	0.891	0.952	0.961	0.956	0.965	0.873	0.813	0.853	0.840	0.804	0.852	0.862	0.885	0.964	0.974	0.969	0.923	0.895	0.814	0.905	0.890	0.928	0.921	0.902	0.946	0.951	0.946	0.998	0.929	0.964	0.865	0.876	0.901	0.900	0.916	0.950	0.048	0.995	0.947	1.009	0.927	0.820	0.884	0.893	0.737	0.883	0.903	0.954	0.939	0.931	0.945	0.931	0.870
48:00:50	22.9	0.818	0.867	0.855	0.891	0.879	0.882	0.851	0.858	0.814	0.902	0.899	0.858	0.867	0.794	0.852	0.814	0.846	0.928	0.814	0.924	0.926	0.935	0.957	0.941	0.881	0.802	0.769	0.788	0.771	0.815	0.901	0.857	0.862	0.900	0.943	0.994	0.880	0.904	0.935	0.933	0.916	0.957	0.803	0.890	0.953	0.962	0.956	0.969	0.877	0.806	0.851	0.841	0.810	0.850	0.858	0.886	0.967	0.977	0.970	0.923	0.900	0.810	0.909	0.888	0.925	0.930	0.900	0.944	0.950	0.947	1.003	0.935	0.953	0.864	0.872	0.901	0.894	0.915	0.951	0.048	1.000	0.947	1.012	0.933	0.824	0.899	0.896	0.734	0.881	0.905	0.966	0.946	0.934	0.950	0.934	0.873
49:00:51	23.0	0.821	0.858	0.865	0.897	0.887	0.886	0.854	0.859	0.822	0.905	0.904	0.862	0.872	0.794	0.853	0.813	0.845	0.932	0.814	0.929	0.931	0.939	0.959	0.944	0.881	0.802	0.764	0.790	0.765	0.815	0.904	0.856	0.862	0.900	0.945	0.996	0.883	0.903	0.936	0.935	0.917	0.960	0.802	0.891	0.956	0.963	0.961	0.973	0.877	0.803	0.848	0.832	0.812	0.845	0.852	0.885	0.970	0.981	0.971	0.923	0.902	0.809	0.906	0.885	0.924	0.932	0.896	0.945	0.948	0.947	1.008	0.940	0.954	0.865	0.864	0.901	0.890	0.912	0.955	0.049	1.003	0.951	1.013	0.939	0.830	0.899	0.898	0.733	0.890	0.909	0.961	0.948	0.937	0.952	0.938	0.878
50:00:52	23.1	0.835	0.859	0.867	0.902	0.888	0.888	0.855	0.862	0.831	0.904	0.907	0.860	0.877	0.788	0.853	0.809	0.845	0.934	0.813	0.934	0.934	0.942	0.960	0.945	0.880	0.798	0.762	0.794	0.759	0.815	0.905	0.854	0.860	0.899	0.945	0.995	0.887	0.898	0.936	0.934	0.915	0.958	0.800	0.892	0.958	0.965	0.963	0.973	0.876	0.807	0.850	0.833	0.815	0.839	0.850	0.886	0.974	0.983	0.973	0.924	0.902	0.808	0.912	0.880	0.920	0.939	0.891	0.944	0.945	0.948	1.009	0.939	0.957	0.866	0.874	0.901	0.894	0.913	0.956	0.049	1.002	0.952	1.013	0.940	0.831	0.926	0.895	0.729	0.891	0.914	0.958	0.949	0.938	0.954	0.939	0.876
51:00:52	23.1	0.825	0.856	0.869	0.901	0.893	0.893	0.856	0.860	0.839	0.905	0.910	0.855	0.878	0.785	0.853	0.808	0.844	0.938	0.812	0.939	0.936	0.943	0.961	0.949	0.880	0.795	0.761	0.797	0.759	0.817	0.904	0.854	0.859	0.898	0.943	0.997	0.891	0.898	0.939	0.936	0.916	0.959	0.800	0.894	0.960	0.970	0.965	0.977	0.882	0.803	0.848	0.833	0.818	0.835	0.843	0.885	0.973	0.982	0.974	0.926	0.901	0.805	0.912	0.876	0.919	0.943	0.888	0.944	0.944	0.945	1.012	0.945	0.946	0.865	0.870	0.907	0.893	0.912	0.958	0.049	1.004	0.954	1.015	0.948	0.839	0.919	0.899	0.726	0.900	0.914	0.959	0.956	0.942	0.960	0.941	0.875
52:00:54	23.2	0.824	0.864	0.869	0.909	0.895	0.894	0.857	0.863	0.852	0.908	0.917	0.850	0.883	0.784	0.855	0.808	0.844	0.942	0.813	0.945	0.942	0.949	0.962	0.953	0.880	0.794	0.765	0.802	0.754	0.822	0.910	0.853	0.860	0.897	0.945	0.998	0.898	0.902	0.939	0.936	0.919	0.961	0.804	0.898	0.964	0.970	0.971	0.981	0.884	0.802	0.851	0.832	0.822	0.836	0.844	0.888	0.979	0.990	0.977	0.929	0.915	0.802	0.902	0.877	0.919	0.949	0.889	0.943	0.944	0.946	1.016	0.949	0.942	0.863	0.855	0.905	0.884	0.912	0.959	0.050	1.009	0.958	1.020	0.954	0.843	0.939	0.907	0.731	0.902	0.917	0.961	0.961	0.947	0.971	0.946	0.876
53:00:54	23.2	0.828	0.853	0.867	0.910	0.903	0.897	0.862	0.877	0.858	0.914	0.935	0.855	0.889	0.780	0.858	0.810	0.846	0.945	0.818	0.955	0.947	0.952	0.961	0.953	0.883	0.789	0.766	0.802	0.747	0.819	0.912	0.850	0.859	0.900	0.947	1.002	0.901	0.902	0.936	0.940	0.921	0.960	0.803	0.898	0.967	0.974	0.975	0.989	0.892	0.809	0.848	0.826	0.822	0.832	0.843	0.884	0.979	0.994	0.980	0.935	0.897	0.805	0.908	0.873	0.920	0.952	0.883	0.939	0.947	0.947	1.019	0.957	0.942	0.859	0.866	0.905	0.885	0.911	0.958	0.050	1.008	0.962	1.018	0.958	0.855	0.916	0.915	0.732	0.897	0.924	0.962	0.965	0.947	0.978	0.947	0.877
54:00:54	23.2	0.808	0.847	0.870	0.904	0.900	0.900	0.865	0.869	0.865	0.914	0.936	0.850	0.882	0.776	0.855	0.807	0.842	0.947	0.814	0.954	0.946	0.954	0.959	0.959	0.885	0.786	0.768	0.801	0.750	0.820	0.911	0.851	0.856	0.899	0.945	1.002	0.906	0.897	0.940	0.937	0.921	0.959	0.806	0.896	0.965	0.975	0.973	0.989	0.879	0.801	0.859	0.835	0.827	0.831	0.834	0.888	0.985	0.997	0.981	0.935	0.917	0.799	0.901	0.870	0.918	0.954	0.881	0.940	0.942	0.945	1.017	0.960	0.951	0.863	0.861	0.906	0.883	0.911	0.961	0.051	1.010	0.961	1.017	0.963	0.863	0.960	0.921	0.735	0.914	0.924	0.964	0.969	0.947	0.990	0.952	0.878
55:00:56	23.0	0.817	0.858	0.864	0.905	0.906	0.906	0.868	0.880	0.874	0.918	0.943	0.855	0.892	0.774	0.857	0.808	0.845	0.947	0.816	0.962	0.951	0.959	0.965	0.960	0.885	0.790	0.773	0.801	0.745	0.822	0.916	0.848	0.859	0.898	0.949	1.001	0.911	0.898	0.937	0.939	0.923	0.961	0.805	0.901	0.972	0.976	0.979	0.993	0.887	0.810	0.859	0.837	0.830	0.833	0.836	0.887	0.987	0.997	0.983	0.937	0.913	0.801	0.900	0.870	0.919	0.960	0.880	0.937	0.947	0.947	1.024	0.964	0.962	0.868	0.868	0.906	0.883	0.912	0.964	0.051	1.012	0.967	1.023	0.970	0.864	0.950	0.933	0.731	0.910	0.929	0.959	0.971	0.953	0.993	0.954	0.880
56:00:57	22.7	0.809	0.844	0.877	0.896	0.904	0.917	0.874	0.882	0.882	0.923	0.952	0.858	0.890	0.776	0.869	0.813	0.850	0.952	0.829	0.970	0.960	0.964	0.966	0.962	0.894	0.798	0.780	0.804	0.740	0.828	0.925	0.848	0.862	0.905	0.956	1.005	0.917	0.908	0.938	0.945	0.935	0.965	0.816	0.906	0.978	0.982	0.985	1.005	0.891	0.819	0.863	0.849	0.834	0.840	0.846	0.890	0.993	1.008	0.990	0.942	0.915	0.804	0.900	0.875	0.922	0.968	0.884	0.938	0.955	0.952	1.033	0.977	0.950	0.864	0.866	0.905	0.883	0.919	0.968	0.052	1.021	0.977	1.033	0.978	0.866	0.948	0.938	0.741	0.916	0.934	0.958	0.976	0.954	1.000	0.961	0.884
57:00:58	22.3	0.809	0.853	0.871	0.894	0.909	0.923	0.876	0.878	0.890	0.921	0.953	0.849	0.900	0.776	0.867	0.813	0.850	0.956	0.824	0.971	0.959	0.969	0.968	0.970	0.891	0.796	0.783	0.801	0.745	0.827	0.925	0.851	0.862	0.903	0.952	1.005	0.925	0.905	0.940	0.944	0.933	0.963	0.816	0.906	0.975	0.984	0.984	1.008	0.894	0.817	0.864	0.863	0.837	0.839	0.840	0.892	0.996	1.007	0.993	0.947	0.925	0.806	0.900	0.877	0.920	0.969	0.882	0.939	0.953	0.953	1.034	0.979	0.955	0.867	0.865	0.911	0.882	0.916	0.971	0.052	1.021	0.976	1.034	0.983	0.871	0.936	0.940	0.743	0.919	0.936	0.960	0.978	0.956	1.003	0.965	0.886
58:00:58	21.8	0.803	0.856	0.874	0.891	0.910	0.926	0.880	0.884	0.899	0.925	0.949	0.855	0.907	0.778	0.870	0.819	0.853	0.961	0.829	0.977	0.965	0.974	0.973	0.975	0.892	0.801	0.792	0.804	0.743	0.833	0.929	0.857	0.867	0.908	0.956	1.007	0.931	0.910	0.940	0.949	0.935	0.967	0.822	0.914	0.982	0.987	0.990	1.009	0.901	0.816	0.872	0.865	0.842	0.849	0.848	0.895	0.999	1.012	1.000	0.951	0.924	0.807	0.902	0.880	0.924	0.975	0.890	0.942	0.960	0.956	1.042	0.985	0.955	0.873	0.874	0.918	0.894	0.922	0.975	0.053	1.028	0.979	1.039	0.990	0.871	0.948	0.954	0.748	0.925	0.938	0.961	0.979	0.960	1.004	0.971	0.890
59:01:00	21.5	0.802	0.861	0.887	0.893	0.913	0.935	0.883	0.886	0.906	0.927	0.954	0.852	0.907	0.791	0.877	0.827	0.858	0.968	0.837	0.985	0.973	0.982	0.976	0.978	0.901	0.810	0.801	0.807	0.749	0.839	0.934	0.860	0.871	0.915	0.961	1.013	0.937	0.913	0.944	0.953	0.940	0.970	0.830	0.918	0.988	0.990	0.995	1.016	0.903	0.827	0.877	0.905	0.847	0.854	0.851	0.895	1.006	1.017	1.003	0.952	0.917	0.817	0.902	0.886	0.929	0.981	0.890	0.945	0.965	0.961	1.050	0.989	0.945	0.873	0.876	0.919	0.892	0.927	0.979	0.054	1.035	0.988	1.046	0.994	0.868	0.936	0.958	0.751	0.917	0.941	0.958	0.985	0.964	1.005	0.978	0.888
60:01:01	21.5	0.803	0.858	0.897	0.903	0.916	0.939	0.886	0.889	0.911	0.929	0.957	0.854	0.920	0.791	0.878	0.831	0.860	0.975	0.839	0.986	0.977	0.984	0.979	0.981	0.901	0.812	0.808	0.811	0.753	0.841	0.935	0.866	0.876	0.917	0.967	1.013	0.941	0.916	0.947	0.956	0.943	0.973	0.837	0.921	0.994	0.995	0.999	1.017	0.912	0.829	0.875	0.899	0.854	0.866	0.857	0.900	1.011	1.022	1.006	0.956	0.919	0.823	0.907	0.893	0.933	0.988	0.899	0.947	0.972	0.968	1.058	0.994	0.953	0.881	0.880	0.928	0.898	0.929	0.983	0.055	1.039	0.994	1.051	0.999	0.869	0.950	0.961	0.752	0.925	0.942	0.964	0.988	0.966	1.006	0.985	0.889
61:01:02	21.7	0.797	0.863	0.909	0.914	0.928	0.952	0.893	0.894	0.914	0.931	0.953	0.852	0.926	0.802	0.881	0.834	0.864	0.977	0.848	0.992	0.977	0.991	0.979	0.988	0.912	0.817	0.813	0.806	0.759	0.844	0.939	0.868	0.877	0.917	0.962	1.017	0.948	0.916	0.949	0.959	0.944	0.979	0.837	0.922	0.995	0.997	1.000	1.020	0.921	0.828	0.882	0.894	0.857	0.865	0.855	0.896	1.011	1.020	1.010	0.960	0.911	0.825	0.903	0.897	0.937	0.990	0.901	0.949	0.973	0.970	1.057	0.994	0.958	0.888	0.887	0.924	0.908	0.933	0.988	0.055	1.040	0.995	1.053	1.006	0.872	0.930	0.947	0.753	0.930	0.947	0.966	0.990	0.968	1.012	0.989	0.888
62:01:03	21.9	0.797	0.863	0.903	0.912	0.927	0.949	0.889	0.890	0.917	0.930	0.951	0.852	0.925	0.811	0.883	0.839	0.865	0.980	0.852	0.993	0.978	0.993	0.983	0.993	0.912	0.823	0.817	0.805	0.762	0.846	0.940	0.872	0.877	0.918	0.962	1.017	0.950	0.919	0.952	0.962	0.945	0.979	0.835	0.927	0.995	0.999	1.002	1.023	0.928	0.828	0.884	0.881	0.861	0.871	0.861	0.900	1.015	1.021	1.011	0.962	0.924	0.854	0.910	0.901	0.940	0.996	0.903	0.954	0.974	0.973	1.061	0.998	0.978	0.890	0.891	0.931	0.915	0.934	0.989	0.056	1.042	0.995	1.055	1.010	0.875	0.929	0.942	0.751	0.927	0.945	0.967	0.991	0.971	1.008	0.991	0.890
63:01:02	22.0	0.794	0.858	0.917	0.922	0.927	0.955	0.891	0.888	0.921	0.928	0.952	0.848	0.921	0.816	0.887	0.841	0.868	0.986	0.856	0.995	0.981	0.998	0.981	0.998	0.913	0.826	0.820	0.804	0.765	0.850	0.943	0.872	0.878	0.925	0.969	1.016	0.950	0.922	0.953	0.966	0.949	0.982	0.838	0.929	0.998	1.000	1.005	1.027	0.936	0.835	0.891	0.868	0.859	0.875	0.865	0.901	1.016	1.027	1.013	0.963	0.917	0.846	0.914	0.902	0.943	0.999	0.906	0.954	0.977	0.975	1.063	1.000	0.977	0.895	0.897	0.933	0.915	0.934	0.989	0.056	1.045	0.999	1.055	1.012	0.874	0.931	0.950	0.746	0.915	0.947	0.970	0.990	0.973	1.015	0.994	0.891
64:01:04	21.9	0.789	0.865	0.901	0.908	0.918	0.944	0.883	0.890	0.925	0.927	0.950	0.847	0.915	0.819	0.889	0.847	0.869	0.991	0.859	0.998	0.982	1.000	0.985	1.002	0.902	0.831	0.827	0.812	0.778	0.854	0.944	0.878	0.883	0.925	0.969	1.017	0.954	0.925	0.951	0.965	0.951	0.984	0.846	0.932	1.002	1.001	1.009	1.022	0.929	0.838	0.892	0.882	0.868	0.877	0.866	0.910	1.022	1.031	1.015	0.966	0.933	0.852	0.922	0.906	0.944	1.003	0.911	0.956	0.980	0.980	1.067	1.003	0.956	0.896	0.904	0.932	0.922	0.939	0.991	0.057	1.050	1.002	1.062	1.019	0.873	0.963	0.978	0.748	0.929	0.955	0.976	0.992	0.978	1.022	0.999	0.895
65:01:05	21.9	0.794	0.867	0.916	0.924	0.925	0.949	0.886	0.893	0.930	0.924	0.952	0.847	0.924	0.825	0.894	0.852	0.873	0.995	0.863	0.999	0.985	1.007	0.988	1.004	0.920	0.833	0.831	0.815	0.778	0.855	0.948	0.878	0.882	0.930	0.974	1.020	0.963	0.930	0.957	0.970	0.955	0.986	0.847	0.933	1.003	1.004	1.009	1.028	0.942	0.837	0.901	0.874	0.864	0.881	0.874	0.911	1.025	1.032	1.018	0.971	0.926	0.871	0.928	0.909	0.947	1.006	0.912	0.962	0.984	0.983	1.073	1.006	0.966	0.905	0.912	0.939	0.932	0.937	0.993	0.058	1.055	1.004	1.065	1.020	0.873	0.938	0.963	0.756	0.930	0.959	0.975	0.995	0.982	1.023	1.003	0.895
66:01:06	21.8	0.790	0.867	0.921	0.932	0.931	0.952	0.885	0.891	0.934	0.925	0.951	0.847	0.936	0.829	0.895	0.854	0.876	0.998	0.867	1.003	0.989	1.013	0.990	1.006	0.931	0.839	0.832	0.819	0.784	0.857	0.950	0.883	0.886	0.930	0.972	1.013	0.969	0.931	0.955	0.972	0.957	0.995	0.847	0.934	1.007	1.007	1.013	1.022	0.955	0.840	0.899	0.900	0.868	0.885	0.873	0.910	1.026	1.033	1.020	0.974	0.922	0.878	0.922	0.912	0.950	1.008	0.916	0.962	0.986	0.985	1.075	1.010	0.961	0.910	0.921	0.934	0.937	0.937	0.996	0.059	1.054	1.005	1.065	1.024	0.865	0.939	0.958	0.754	0.930	0.961	0.976	0.996	0.986	1.023	1.008	0.899
67:01:07	21.8	0.790	0.869	0.929	0.928	0.929	0.948	0.882	0.892	0.940	0.924	0.952	0.846	0.935	0.833	0.899	0.858	0.879	1.006	0.870	1.005	0.993	1.016	0.994	1.007	0.928	0.843	0.838	0.826	0.787	0.860	0.952	0.885	0.888	0.934	0.975	1.009	0.972	0.932	0.957	0.973	0.958	0.992	0.849	0.938	1.011	1.009	1.016	1.017	0.958	0.844	0.901	0.910	0.869	0.887	0.876	0.912	1.027	1.038	1.021	0.976	0.922	0.880	0.929	0.918	0.952	1.013	0.918	0.965	0.990	0.988	1.080	1.012	0.954	0.909	0.919	0.935	0.933	0.941	0.999	0.059	1.060	1.009	1.069	1.028	0.863	0.947	0.961	0.751	0.924	0.967	0.976	0.998	0.991	1.029	1.012	0.899
68:01:08	22.0	0.789	0.882	0.906	0.916	0.924	0.941	0.878	0.893	0.940	0.925	0.954	0.844	0.927	0.840	0.906	0.861	0.881	1.017	0.871	1.011	0.996	1.017	0.994	1.010	0.932	0.853	0.841	0.833	0.792	0.866	0.955	0.890	0.889	0.937	0.976	1.011	0.975	0.940	0.962	0.975	0.960	0.993	0.851	0.940	1.015	1.007	1.018	1.021	0.961	0.847	0.906	0.908	0.869	0.893	0.881	0.915	1.025	1.039	1.023	0.978	0.934	0.890	0.934	0.919	0.956	1.017	0.922	0.966	0.993	0.991	1.082	1.015	0.967	0.907	0.925	0.941	0.939	0.946	1.001	0.060	1.062	1.012	1.069	1.033	0.863	0.952	0.964	0.752	0.924	0.966	0.981	1.000	0.996	1.025	1.013	0.901
69:01:09	22.3	0.787	0.860	0.938	0.940	0.934	0.954	0.887	0.888	0.936	0.921	0.952	0.846	0.936	0.844	0.906	0.864	0.884	1.018	0.879	1.009	0.995	1.020	0.995	1.012	0.939	0.852	0.842	0.836	0.798	0.865	0.959	0.889	0.889	0.937	0.978	1.011	0.964	0.938	0.965	0.978	0.962	0.999	0.855	0.939	1.014	1.010	1.020	1.021	0.975	0.846	0.921	0.922	0.870	0.889	0.879	0.914	1.029	1.039	1.023	0.979	0.924	0.893	0.938	0.922	0.957	1.016	0.925	0.970	0.992	0.991	1.082	1.012	0.974	0.916	0.929	0.940	0.943	0.941	1.003	0.061	1.063	1.011	1.067	1.034	0.864	0.954	0.963	0.747	0.929	0.972	0.984	1.002	0.998	1.031	1.015	0.905
70:01:10	22.2	0.785	0.858	0.932	0.937	0.932	0.951	0.881	0.886	0.942	0.920	0.955	0.842	0.933	0.845	0.908	0.864	0.883	1.022	0.881	1.008	0.996	1.023	0.995	1.015	0.939	0.855	0.842	0.839	0.801	0.868	0.959	0.891	0.887	0.937	0.975	1.008	0.963	0.938	0.963	0.979	0.964	1.000	0.857	0.939	1.013	1.008	1.019	1.022	0.971	0.849	0.922	0.919	0.866	0.892	0.881	0.914	1.038	1.041	1.025	0.979	0.929	0.893	0.936	0.923	0.954	1.013	0.927	0.967	0.991	0.991	1.083	1.013	0.975	0.913	0.929	0.943	0.939	0.939	1.003	0.062	1.056	1.007	1.067	1.033	0.860	0.956	0.968	0.743	0.935	0.971	0.982	1.003	1.000	1.024	1.018	0.904
71:01:11	22.0	0.785	0.863	0.963	0.949	0.937	0.960	0.883	0.889	0.948	0.925	0.957	0.838	0.942	0.853	0.916	0.871	0.890	1.019	0.885	1.018	1.006	1.028	1.000	1.016	0.952	0.859	0.848	0.845	0.803	0.875	0.962	0.895	0.895	0.942	0.978	1.005	0.974	0.945	0.967	0.981	0.964	1.003	0.861	0.942	1.017	1.009	1.027	1.022	0.984	0.855	0.911	0.906	0.867	0.896	0.887	0.912	1.030	1.043	1.028	0.986	0.930	0.901	0.945	0.927	0.965	1.021	0.923	0.969	0.995	0.996	1.089	1.016	0.963	0.913	0.934	0.944	0.933	0.943	1.008	0.063	1.063	1.014	1.070	1.035	0.862	0.955	0.962	0.740	0.924	0.973	0.984	1.006	1.004	1.030	1.022	0.904
72:01:12	21.9	0.775	0.846	0.965	0.951	0.937	0.960	0.887	0.882	0.947	0.921	0.954	0.840	0.934	0.851	0.918	0.873	0.892	1.022	0.887	1.018	1.006	1.028	1.002	1.016	0.951	0.858	0.850	0.849	0.812	0.875	0.963	0.899	0.897	0.944	0.981	1.005	0.960	0.947	0.971	0.985	0.966	1.003	0.866	0.947	1.021	1.012	1.031	1.028	0.986	0.856	0.924	0.925	0.869	0.901	0.890	0.915	1.033	1.046	1.032	0.986	0.931	0.914	0.958	0.932	0.963	1.026	0.931	0.975	1.001	0.999	1.090	1.018	0.964	0.922	0.944	0.959	0.948	0.945	1.011	0.063	1.068	1.015	1.073	1.036	0.857	0.969	0.970	0.742	0.934	0.976	0.991	1.009	1.008	1.028	1.028	0.906

