Time	T° 600	A1	A2	A3	A4	A5	A6	A7	A8	A9	A10	A11	A12	B1	B2	B3	B4	B5	B6	B7	B8	B9	B10	B11	B12	C1	C2	C3	C4	C5	C6	C7	C8	C9	C10	C11	C12	D1	D2	D3	D4	D5	D6	D7	D8	D9	D10	D11	D12	E1	E2	E3	E4	E5	E6	E7	E8	E9	E10	E11	E12	F1	F2	F3	F4	F5	F6	F7	F8	F9	F10	F11	F12	G1	G2	G3	G4	G5	G6	G7	G8	G9	G10	G11	G12	H1	H2	H3	H4	H5	H6	H7	H8	H9	H10	H11	H12
0:00:06	20.8	0.048	0.043	0.046	0.050	0.045	0.051	0.046	0.043	0.042	0.047	0.048	0.044	0.042	0.043	0.042	0.045	0.044	0.046	0.046	0.046	0.043	0.046	0.044	0.047	0.043	0.043	0.042	0.043	0.043	0.048	0.043	0.042	0.044	0.048	0.046	0.044	0.047	0.044	0.044	0.045	0.043	0.043	0.044	0.049	0.045	0.044	0.044	0.048	0.042	0.047	0.042	0.046	0.048	0.045	0.045	0.043	0.043	0.043	0.043	0.043	0.043	0.045	0.045	0.043	0.048	0.043	0.046	0.051	0.049	0.043	0.043	0.049	0.048	0.051	0.046	0.043	0.048	0.043	0.048	0.043	0.056	0.042	0.049	0.047	0.042	0.047	0.042	0.043	0.042	0.042	0.048	0.047	0.051	0.048	0.044	0.044
1:00:04	22.0	0.048	0.043	0.046	0.050	0.045	0.052	0.046	0.043	0.043	0.047	0.048	0.044	0.043	0.043	0.043	0.045	0.044	0.046	0.046	0.047	0.043	0.047	0.045	0.047	0.043	0.043	0.042	0.044	0.043	0.048	0.043	0.043	0.044	0.047	0.046	0.044	0.048	0.044	0.044	0.045	0.043	0.043	0.044	0.049	0.046	0.044	0.044	0.048	0.043	0.047	0.042	0.046	0.048	0.045	0.045	0.043	0.043	0.044	0.043	0.044	0.043	0.045	0.046	0.043	0.048	0.044	0.047	0.050	0.049	0.043	0.043	0.049	0.048	0.051	0.046	0.044	0.049	0.043	0.048	0.043	0.067	0.043	0.048	0.047	0.043	0.047	0.042	0.044	0.043	0.043	0.049	0.047	0.050	0.048	0.044	0.045
2:00:06	22.6	0.049	0.043	0.046	0.050	0.045	0.052	0.046	0.043	0.043	0.047	0.047	0.044	0.043	0.043	0.043	0.045	0.044	0.046	0.046	0.047	0.043	0.046	0.045	0.047	0.044	0.043	0.043	0.044	0.043	0.047	0.043	0.043	0.044	0.047	0.046	0.044	0.048	0.044	0.044	0.045	0.043	0.043	0.044	0.048	0.045	0.044	0.044	0.048	0.043	0.047	0.043	0.046	0.048	0.045	0.045	0.043	0.043	0.044	0.043	0.044	0.043	0.045	0.046	0.043	0.048	0.044	0.047	0.050	0.050	0.043	0.044	0.049	0.048	0.051	0.046	0.044	0.050	0.043	0.048	0.043	0.079	0.043	0.047	0.047	0.043	0.047	0.042	0.043	0.043	0.043	0.048	0.047	0.051	0.048	0.044	0.045
3:00:07	23.0	0.049	0.043	0.046	0.050	0.045	0.052	0.046	0.043	0.043	0.047	0.048	0.044	0.043	0.043	0.043	0.045	0.044	0.046	0.046	0.047	0.043	0.047	0.045	0.047	0.044	0.043	0.043	0.044	0.043	0.048	0.043	0.043	0.044	0.047	0.046	0.044	0.048	0.044	0.044	0.045	0.043	0.043	0.044	0.047	0.046	0.044	0.045	0.048	0.043	0.047	0.042	0.047	0.048	0.045	0.045	0.043	0.043	0.044	0.043	0.044	0.044	0.045	0.046	0.043	0.048	0.044	0.047	0.050	0.049	0.043	0.044	0.049	0.048	0.052	0.046	0.044	0.050	0.044	0.048	0.043	0.088	0.043	0.048	0.047	0.044	0.047	0.043	0.044	0.043	0.043	0.049	0.047	0.050	0.048	0.044	0.045
4:00:08	23.0	0.049	0.044	0.047	0.050	0.046	0.053	0.047	0.044	0.043	0.046	0.049	0.045	0.044	0.044	0.043	0.045	0.044	0.046	0.046	0.047	0.044	0.047	0.045	0.047	0.044	0.044	0.043	0.044	0.044	0.048	0.044	0.043	0.045	0.047	0.046	0.045	0.049	0.045	0.045	0.046	0.044	0.043	0.044	0.048	0.046	0.045	0.045	0.049	0.043	0.047	0.043	0.047	0.048	0.046	0.046	0.043	0.043	0.045	0.043	0.044	0.044	0.046	0.047	0.044	0.048	0.045	0.047	0.050	0.050	0.044	0.044	0.050	0.049	0.052	0.047	0.045	0.050	0.044	0.048	0.044	0.097	0.043	0.048	0.047	0.044	0.048	0.043	0.044	0.044	0.044	0.049	0.047	0.051	0.049	0.045	0.046
5:00:09	23.1	0.050	0.045	0.048	0.051	0.047	0.054	0.048	0.044	0.045	0.047	0.049	0.046	0.045	0.045	0.044	0.046	0.045	0.047	0.047	0.048	0.045	0.048	0.047	0.049	0.046	0.045	0.044	0.045	0.045	0.049	0.045	0.044	0.046	0.049	0.047	0.047	0.050	0.046	0.046	0.047	0.045	0.044	0.046	0.049	0.047	0.046	0.047	0.051	0.044	0.048	0.044	0.047	0.049	0.046	0.046	0.044	0.044	0.045	0.045	0.046	0.046	0.046	0.048	0.045	0.049	0.046	0.049	0.051	0.051	0.045	0.046	0.051	0.050	0.053	0.048	0.046	0.052	0.045	0.049	0.045	0.104	0.045	0.049	0.048	0.045	0.050	0.045	0.045	0.045	0.045	0.050	0.048	0.052	0.050	0.046	0.048
6:00:10	23.1	0.051	0.047	0.050	0.053	0.048	0.056	0.049	0.046	0.046	0.046	0.051	0.048	0.046	0.046	0.046	0.047	0.047	0.047	0.048	0.049	0.047	0.050	0.049	0.051	0.047	0.046	0.045	0.046	0.046	0.050	0.047	0.046	0.048	0.051	0.047	0.048	0.052	0.048	0.048	0.048	0.047	0.045	0.048	0.050	0.049	0.048	0.049	0.052	0.045	0.049	0.045	0.049	0.050	0.048	0.047	0.045	0.045	0.047	0.046	0.047	0.047	0.047	0.049	0.046	0.050	0.047	0.050	0.053	0.052	0.047	0.048	0.053	0.051	0.055	0.049	0.047	0.053	0.046	0.050	0.046	0.109	0.047	0.050	0.050	0.047	0.051	0.047	0.047	0.046	0.048	0.052	0.049	0.054	0.052	0.048	0.049
7:00:11	23.0	0.053	0.048	0.052	0.055	0.050	0.059	0.051	0.049	0.048	0.046	0.054	0.051	0.047	0.047	0.048	0.049	0.049	0.048	0.049	0.051	0.049	0.053	0.051	0.054	0.050	0.049	0.048	0.047	0.048	0.051	0.049	0.049	0.051	0.053	0.048	0.050	0.054	0.050	0.050	0.050	0.050	0.048	0.051	0.052	0.051	0.051	0.051	0.053	0.047	0.049	0.046	0.050	0.052	0.050	0.048	0.048	0.047	0.049	0.049	0.049	0.049	0.049	0.052	0.049	0.052	0.050	0.052	0.056	0.055	0.049	0.050	0.055	0.053	0.057	0.051	0.050	0.056	0.048	0.052	0.049	0.111	0.049	0.053	0.052	0.049	0.052	0.049	0.050	0.048	0.050	0.054	0.050	0.056	0.054	0.051	0.051
8:00:10	22.9	0.057	0.052	0.057	0.059	0.054	0.063	0.055	0.053	0.052	0.046	0.059	0.054	0.050	0.050	0.052	0.052	0.052	0.050	0.051	0.057	0.052	0.057	0.055	0.058	0.053	0.052	0.052	0.050	0.052	0.055	0.052	0.053	0.054	0.058	0.048	0.054	0.058	0.054	0.055	0.053	0.054	0.051	0.054	0.055	0.056	0.056	0.054	0.056	0.050	0.051	0.049	0.053	0.056	0.053	0.051	0.051	0.051	0.053	0.053	0.052	0.052	0.053	0.056	0.054	0.055	0.053	0.055	0.061	0.059	0.051	0.053	0.058	0.055	0.061	0.054	0.053	0.060	0.051	0.054	0.052	0.111	0.052	0.056	0.055	0.053	0.055	0.053	0.054	0.051	0.054	0.058	0.052	0.059	0.058	0.054	0.054
9:00:12	22.7	0.062	0.056	0.063	0.065	0.059	0.068	0.060	0.059	0.057	0.045	0.065	0.059	0.054	0.054	0.059	0.056	0.057	0.053	0.054	0.063	0.057	0.062	0.060	0.062	0.057	0.056	0.058	0.054	0.057	0.059	0.057	0.059	0.059	0.064	0.050	0.058	0.062	0.060	0.061	0.057	0.059	0.056	0.059	0.059	0.061	0.060	0.058	0.060	0.054	0.054	0.053	0.058	0.063	0.057	0.053	0.055	0.055	0.057	0.057	0.056	0.056	0.057	0.061	0.059	0.059	0.057	0.058	0.066	0.063	0.055	0.058	0.062	0.058	0.066	0.059	0.058	0.065	0.056	0.057	0.056	0.106	0.057	0.061	0.059	0.057	0.057	0.058	0.059	0.055	0.059	0.061	0.056	0.064	0.062	0.058	0.058
10:00:13	22.8	0.069	0.064	0.070	0.074	0.068	0.076	0.068	0.066	0.065	0.046	0.074	0.066	0.060	0.061	0.066	0.063	0.065	0.058	0.059	0.070	0.064	0.068	0.067	0.069	0.064	0.064	0.066	0.060	0.064	0.067	0.063	0.066	0.066	0.071	0.052	0.064	0.068	0.068	0.069	0.063	0.067	0.065	0.067	0.065	0.068	0.067	0.064	0.066	0.059	0.059	0.059	0.064	0.072	0.063	0.058	0.061	0.060	0.063	0.063	0.060	0.063	0.063	0.068	0.066	0.064	0.064	0.064	0.073	0.070	0.062	0.065	0.068	0.065	0.073	0.066	0.064	0.072	0.061	0.062	0.062	0.098	0.063	0.068	0.065	0.062	0.062	0.064	0.065	0.061	0.064	0.068	0.062	0.069	0.069	0.065	0.065
11:00:14	22.9	0.079	0.075	0.081	0.087	0.080	0.087	0.080	0.078	0.079	0.045	0.090	0.079	0.070	0.072	0.077	0.075	0.076	0.066	0.067	0.081	0.075	0.082	0.079	0.085	0.074	0.076	0.075	0.071	0.075	0.078	0.077	0.077	0.079	0.085	0.055	0.075	0.078	0.080	0.080	0.074	0.078	0.077	0.079	0.077	0.078	0.080	0.077	0.076	0.068	0.066	0.068	0.072	0.082	0.073	0.065	0.069	0.070	0.073	0.074	0.068	0.072	0.074	0.080	0.077	0.072	0.075	0.077	0.085	0.083	0.075	0.080	0.080	0.076	0.083	0.075	0.073	0.083	0.072	0.071	0.073	0.092	0.075	0.081	0.078	0.072	0.069	0.075	0.075	0.072	0.075	0.079	0.073	0.080	0.079	0.076	0.076
12:00:15	22.9	0.098	0.092	0.095	0.107	0.095	0.106	0.100	0.096	0.103	0.046	0.121	0.101	0.087	0.091	0.094	0.093	0.095	0.085	0.085	0.095	0.092	0.102	0.096	0.109	0.090	0.093	0.089	0.089	0.090	0.096	0.096	0.092	0.098	0.103	0.061	0.096	0.094	0.096	0.094	0.092	0.095	0.092	0.096	0.096	0.092	0.097	0.098	0.105	0.082	0.081	0.085	0.086	0.093	0.088	0.080	0.084	0.087	0.089	0.089	0.089	0.089	0.091	0.095	0.092	0.083	0.094	0.096	0.101	0.103	0.097	0.102	0.105	0.098	0.097	0.091	0.090	0.101	0.089	0.088	0.092	0.096	0.095	0.102	0.105	0.094	0.085	0.094	0.092	0.092	0.096	0.101	0.098	0.101	0.103	0.098	0.102
13:00:16	22.9	0.118	0.103	0.107	0.122	0.111	0.127	0.120	0.119	0.130	0.045	0.150	0.132	0.103	0.105	0.114	0.107	0.108	0.104	0.106	0.109	0.117	0.126	0.122	0.139	0.111	0.111	0.101	0.105	0.099	0.107	0.119	0.111	0.122	0.126	0.072	0.123	0.113	0.116	0.111	0.110	0.111	0.104	0.114	0.118	0.107	0.121	0.127	0.134	0.099	0.096	0.099	0.101	0.106	0.102	0.094	0.099	0.107	0.111	0.111	0.112	0.107	0.104	0.114	0.109	0.099	0.112	0.117	0.128	0.128	0.123	0.130	0.137	0.127	0.115	0.108	0.106	0.116	0.104	0.106	0.111	0.108	0.120	0.129	0.137	0.118	0.108	0.116	0.110	0.114	0.117	0.122	0.123	0.121	0.131	0.125	0.132
14:00:18	22.9	0.141	0.125	0.128	0.130	0.133	0.148	0.141	0.150	0.155	0.045	0.181	0.163	0.122	0.120	0.137	0.128	0.129	0.124	0.122	0.128	0.142	0.152	0.146	0.167	0.129	0.127	0.120	0.118	0.116	0.127	0.146	0.128	0.150	0.151	0.097	0.153	0.131	0.129	0.127	0.120	0.128	0.122	0.138	0.141	0.131	0.144	0.153	0.161	0.110	0.106	0.108	0.111	0.118	0.114	0.103	0.119	0.129	0.135	0.135	0.134	0.122	0.116	0.131	0.123	0.117	0.136	0.143	0.154	0.153	0.147	0.154	0.160	0.149	0.129	0.123	0.123	0.137	0.121	0.118	0.129	0.137	0.149	0.159	0.170	0.140	0.137	0.140	0.131	0.133	0.137	0.149	0.147	0.147	0.157	0.151	0.160
15:00:18	22.9	0.158	0.149	0.152	0.152	0.161	0.170	0.166	0.178	0.179	0.045	0.208	0.191	0.143	0.144	0.163	0.152	0.151	0.141	0.144	0.152	0.169	0.182	0.170	0.192	0.148	0.140	0.143	0.139	0.141	0.150	0.170	0.154	0.175	0.182	0.127	0.179	0.150	0.156	0.150	0.144	0.152	0.153	0.162	0.168	0.157	0.171	0.175	0.186	0.123	0.120	0.129	0.125	0.139	0.133	0.120	0.143	0.151	0.157	0.158	0.155	0.140	0.140	0.158	0.150	0.141	0.160	0.165	0.183	0.177	0.171	0.178	0.180	0.168	0.156	0.145	0.147	0.164	0.146	0.135	0.156	0.170	0.174	0.188	0.198	0.162	0.162	0.164	0.158	0.157	0.161	0.169	0.164	0.176	0.183	0.176	0.183
16:00:19	22.8	0.184	0.177	0.184	0.190	0.191	0.199	0.201	0.212	0.210	0.046	0.242	0.221	0.169	0.176	0.197	0.181	0.179	0.155	0.175	0.181	0.203	0.220	0.203	0.223	0.173	0.160	0.173	0.167	0.171	0.180	0.199	0.189	0.204	0.218	0.161	0.214	0.174	0.191	0.177	0.174	0.182	0.182	0.193	0.201	0.188	0.204	0.203	0.209	0.143	0.143	0.154	0.151	0.168	0.160	0.142	0.174	0.172	0.184	0.187	0.177	0.169	0.168	0.191	0.183	0.168	0.189	0.189	0.220	0.208	0.194	0.210	0.207	0.191	0.190	0.174	0.178	0.196	0.177	0.160	0.192	0.205	0.207	0.217	0.226	0.187	0.190	0.191	0.188	0.188	0.189	0.194	0.184	0.209	0.213	0.205	0.209
17:00:21	22.7	0.216	0.212	0.222	0.228	0.226	0.236	0.239	0.252	0.246	0.045	0.277	0.253	0.199	0.213	0.237	0.215	0.215	0.169	0.209	0.220	0.235	0.258	0.243	0.255	0.201	0.182	0.206	0.205	0.205	0.214	0.232	0.229	0.237	0.258	0.180	0.251	0.203	0.227	0.216	0.214	0.220	0.220	0.231	0.237	0.229	0.242	0.234	0.238	0.169	0.171	0.184	0.181	0.200	0.193	0.167	0.210	0.199	0.214	0.222	0.203	0.202	0.203	0.226	0.223	0.198	0.221	0.216	0.262	0.244	0.219	0.245	0.240	0.214	0.230	0.208	0.212	0.232	0.213	0.189	0.235	0.250	0.242	0.249	0.260	0.215	0.222	0.225	0.221	0.226	0.222	0.228	0.211	0.248	0.248	0.241	0.238
18:00:23	22.7	0.258	0.258	0.270	0.277	0.269	0.286	0.286	0.301	0.295	0.046	0.323	0.294	0.238	0.258	0.286	0.256	0.258	0.185	0.255	0.264	0.280	0.303	0.290	0.294	0.239	0.210	0.251	0.248	0.250	0.258	0.270	0.279	0.280	0.302	0.196	0.294	0.242	0.274	0.261	0.254	0.265	0.269	0.272	0.282	0.274	0.288	0.268	0.274	0.199	0.204	0.222	0.218	0.238	0.235	0.198	0.255	0.232	0.248	0.263	0.234	0.240	0.243	0.268	0.268	0.234	0.258	0.249	0.308	0.285	0.254	0.288	0.278	0.245	0.271	0.250	0.253	0.275	0.258	0.225	0.287	0.307	0.282	0.287	0.305	0.247	0.256	0.267	0.262	0.269	0.266	0.265	0.246	0.293	0.287	0.282	0.272
19:00:23	22.6	0.315	0.333	0.336	0.334	0.341	0.348	0.348	0.367	0.357	0.046	0.383	0.349	0.301	0.319	0.347	0.313	0.312	0.201	0.309	0.318	0.342	0.358	0.351	0.347	0.289	0.246	0.309	0.303	0.306	0.313	0.323	0.340	0.338	0.356	0.211	0.347	0.295	0.337	0.313	0.301	0.325	0.324	0.336	0.338	0.327	0.344	0.315	0.323	0.240	0.247	0.267	0.260	0.284	0.287	0.240	0.308	0.273	0.290	0.312	0.272	0.294	0.298	0.323	0.322	0.278	0.312	0.293	0.366	0.334	0.295	0.340	0.322	0.290	0.323	0.307	0.314	0.331	0.316	0.272	0.345	0.372	0.340	0.335	0.367	0.291	0.301	0.318	0.320	0.325	0.321	0.315	0.292	0.353	0.337	0.338	0.322
20:00:24	22.7	0.387	0.425	0.418	0.420	0.436	0.422	0.426	0.440	0.438	0.045	0.456	0.420	0.385	0.407	0.419	0.393	0.390	0.222	0.374	0.393	0.416	0.429	0.432	0.427	0.356	0.290	0.383	0.376	0.379	0.391	0.384	0.414	0.402	0.423	0.231	0.414	0.364	0.412	0.381	0.370	0.401	0.394	0.412	0.404	0.391	0.409	0.370	0.390	0.296	0.303	0.328	0.311	0.342	0.350	0.301	0.373	0.326	0.343	0.371	0.327	0.366	0.372	0.391	0.393	0.327	0.375	0.348	0.436	0.392	0.349	0.408	0.383	0.352	0.388	0.380	0.391	0.399	0.391	0.334	0.420	0.454	0.408	0.395	0.446	0.356	0.365	0.387	0.393	0.399	0.388	0.379	0.352	0.424	0.406	0.413	0.398
21:00:25	22.8	0.478	0.501	0.490	0.511	0.506	0.506	0.515	0.519	0.522	0.046	0.535	0.510	0.469	0.497	0.490	0.481	0.480	0.248	0.457	0.482	0.502	0.509	0.515	0.520	0.433	0.350	0.464	0.464	0.462	0.471	0.449	0.491	0.479	0.516	0.250	0.500	0.443	0.497	0.467	0.453	0.487	0.473	0.492	0.483	0.478	0.487	0.442	0.471	0.375	0.379	0.411	0.384	0.423	0.428	0.378	0.441	0.394	0.410	0.444	0.405	0.449	0.453	0.470	0.468	0.391	0.452	0.423	0.516	0.473	0.421	0.493	0.472	0.431	0.469	0.467	0.471	0.485	0.476	0.424	0.493	0.537	0.498	0.478	0.519	0.452	0.445	0.486	0.481	0.499	0.485	0.466	0.428	0.514	0.500	0.512	0.486
22:00:26	22.9	0.539	0.532	0.565	0.567	0.555	0.552	0.572	0.552	0.571	0.046	0.613	0.578	0.524	0.551	0.561	0.542	0.553	0.286	0.518	0.547	0.557	0.584	0.553	0.589	0.513	0.432	0.519	0.536	0.530	0.546	0.513	0.546	0.527	0.597	0.263	0.574	0.522	0.562	0.530	0.524	0.554	0.531	0.552	0.540	0.544	0.543	0.525	0.524	0.460	0.461	0.496	0.465	0.505	0.503	0.456	0.505	0.474	0.490	0.522	0.504	0.525	0.514	0.541	0.530	0.468	0.530	0.511	0.590	0.563	0.503	0.586	0.550	0.495	0.531	0.530	0.545	0.560	0.541	0.518	0.555	0.595	0.583	0.573	0.566	0.535	0.517	0.577	0.562	0.586	0.580	0.553	0.503	0.601	0.592	0.602	0.548
23:00:27	23.0	0.587	0.568	0.588	0.627	0.584	0.603	0.607	0.593	0.621	0.046	0.663	0.617	0.549	0.591	0.602	0.587	0.590	0.341	0.578	0.592	0.600	0.619	0.586	0.626	0.555	0.505	0.578	0.583	0.585	0.600	0.571	0.594	0.578	0.650	0.278	0.606	0.577	0.608	0.576	0.587	0.592	0.586	0.592	0.580	0.600	0.596	0.592	0.567	0.536	0.527	0.567	0.535	0.584	0.570	0.514	0.564	0.540	0.562	0.578	0.576	0.557	0.585	0.586	0.584	0.529	0.593	0.589	0.636	0.627	0.576	0.630	0.599	0.546	0.579	0.587	0.597	0.613	0.602	0.591	0.609	0.636	0.622	0.645	0.610	0.572	0.549	0.613	0.604	0.611	0.608	0.600	0.563	0.626	0.634	0.628	0.577
24:00:28	23.2	0.629	0.608	0.617	0.679	0.630	0.651	0.650	0.641	0.670	0.046	0.704	0.657	0.600	0.641	0.644	0.650	0.640	0.396	0.623	0.635	0.660	0.676	0.640	0.666	0.606	0.534	0.626	0.646	0.622	0.647	0.612	0.639	0.620	0.707	0.315	0.648	0.619	0.667	0.633	0.646	0.644	0.631	0.638	0.625	0.635	0.647	0.634	0.613	0.564	0.575	0.615	0.589	0.637	0.612	0.555	0.597	0.583	0.603	0.606	0.602	0.592	0.624	0.633	0.633	0.570	0.630	0.622	0.687	0.670	0.609	0.672	0.634	0.584	0.638	0.646	0.626	0.651	0.644	0.628	0.652	0.670	0.656	0.684	0.645	0.601	0.579	0.647	0.628	0.631	0.633	0.631	0.610	0.660	0.665	0.653	0.615
25:00:29	23.1	0.667	0.650	0.662	0.707	0.661	0.698	0.697	0.691	0.711	0.045	0.749	0.705	0.653	0.664	0.677	0.669	0.678	0.441	0.660	0.669	0.709	0.714	0.688	0.712	0.654	0.571	0.637	0.670	0.651	0.677	0.657	0.667	0.666	0.743	0.358	0.701	0.669	0.703	0.673	0.686	0.688	0.661	0.672	0.670	0.676	0.693	0.678	0.660	0.589	0.618	0.652	0.645	0.693	0.643	0.593	0.637	0.618	0.650	0.659	0.640	0.635	0.637	0.666	0.666	0.610	0.672	0.657	0.734	0.703	0.651	0.716	0.683	0.628	0.664	0.660	0.658	0.680	0.671	0.658	0.677	0.709	0.694	0.719	0.690	0.645	0.620	0.690	0.660	0.673	0.679	0.673	0.656	0.707	0.700	0.699	0.658
26:00:30	23.1	0.709	0.688	0.709	0.739	0.700	0.740	0.741	0.731	0.753	0.045	0.790	0.753	0.701	0.693	0.708	0.692	0.698	0.479	0.683	0.696	0.745	0.758	0.735	0.756	0.702	0.610	0.668	0.689	0.675	0.701	0.701	0.697	0.711	0.774	0.409	0.752	0.715	0.741	0.703	0.708	0.725	0.697	0.708	0.709	0.705	0.734	0.723	0.699	0.628	0.633	0.672	0.677	0.713	0.671	0.637	0.674	0.654	0.688	0.699	0.691	0.685	0.665	0.703	0.702	0.640	0.714	0.698	0.764	0.732	0.694	0.762	0.733	0.664	0.695	0.683	0.693	0.716	0.694	0.677	0.711	0.744	0.733	0.763	0.737	0.685	0.678	0.731	0.705	0.729	0.731	0.717	0.699	0.758	0.744	0.752	0.693
27:00:31	23.1	0.735	0.717	0.745	0.785	0.731	0.769	0.780	0.759	0.783	0.046	0.824	0.782	0.736	0.724	0.739	0.712	0.716	0.518	0.713	0.713	0.786	0.794	0.776	0.789	0.738	0.642	0.703	0.713	0.699	0.721	0.736	0.723	0.746	0.807	0.459	0.791	0.751	0.773	0.733	0.730	0.758	0.737	0.745	0.742	0.730	0.770	0.763	0.734	0.672	0.658	0.688	0.702	0.723	0.696	0.672	0.704	0.684	0.721	0.737	0.743	0.727	0.699	0.740	0.740	0.686	0.750	0.732	0.796	0.755	0.732	0.799	0.769	0.692	0.733	0.724	0.727	0.750	0.720	0.691	0.745	0.776	0.765	0.804	0.779	0.715	0.714	0.770	0.743	0.778	0.763	0.749	0.735	0.799	0.780	0.795	0.716
28:00:32	23.1	0.759	0.742	0.776	0.815	0.761	0.791	0.807	0.779	0.812	0.046	0.852	0.809	0.763	0.750	0.775	0.728	0.738	0.538	0.735	0.731	0.826	0.819	0.813	0.815	0.763	0.668	0.726	0.730	0.729	0.742	0.763	0.757	0.780	0.841	0.502	0.822	0.783	0.806	0.763	0.752	0.790	0.772	0.777	0.774	0.760	0.806	0.794	0.756	0.705	0.684	0.705	0.711	0.733	0.722	0.699	0.726	0.711	0.749	0.770	0.780	0.760	0.736	0.771	0.777	0.727	0.777	0.762	0.830	0.783	0.762	0.831	0.799	0.709	0.767	0.758	0.755	0.780	0.754	0.707	0.779	0.813	0.792	0.835	0.807	0.742	0.750	0.792	0.780	0.809	0.789	0.776	0.768	0.827	0.808	0.829	0.733
29:00:34	23.1	0.777	0.768	0.806	0.834	0.785	0.817	0.824	0.809	0.841	0.046	0.881	0.828	0.789	0.773	0.801	0.757	0.766	0.551	0.764	0.756	0.860	0.843	0.844	0.835	0.789	0.690	0.754	0.751	0.756	0.768	0.787	0.789	0.805	0.872	0.544	0.849	0.810	0.834	0.792	0.781	0.811	0.805	0.802	0.797	0.794	0.840	0.824	0.772	0.736	0.717	0.727	0.729	0.751	0.754	0.730	0.757	0.739	0.781	0.797	0.816	0.788	0.766	0.794	0.806	0.765	0.803	0.788	0.859	0.801	0.796	0.861	0.823	0.731	0.798	0.791	0.776	0.808	0.787	0.728	0.812	0.845	0.821	0.863	0.827	0.774	0.781	0.816	0.812	0.832	0.811	0.799	0.801	0.857	0.833	0.856	0.746
30:00:34	23.2	0.800	0.781	0.831	0.857	0.805	0.831	0.844	0.827	0.859	0.046	0.905	0.840	0.805	0.791	0.817	0.783	0.787	0.584	0.787	0.785	0.884	0.864	0.867	0.854	0.807	0.709	0.770	0.776	0.777	0.788	0.808	0.811	0.827	0.890	0.583	0.879	0.826	0.852	0.816	0.797	0.829	0.832	0.821	0.817	0.818	0.865	0.848	0.780	0.760	0.745	0.750	0.738	0.762	0.779	0.752	0.776	0.763	0.804	0.823	0.841	0.811	0.796	0.811	0.828	0.795	0.822	0.810	0.883	0.814	0.823	0.884	0.843	0.743	0.816	0.815	0.796	0.826	0.808	0.749	0.835	0.868	0.846	0.891	0.844	0.804	0.810	0.831	0.835	0.853	0.832	0.817	0.832	0.881	0.847	0.874	0.760
31:00:35	23.0	0.809	0.792	0.846	0.854	0.816	0.841	0.845	0.839	0.876	0.046	0.924	0.843	0.817	0.802	0.829	0.801	0.806	0.608	0.799	0.806	0.901	0.878	0.887	0.870	0.823	0.725	0.779	0.789	0.794	0.805	0.825	0.827	0.848	0.908	0.613	0.895	0.837	0.873	0.834	0.821	0.846	0.852	0.837	0.834	0.842	0.886	0.870	0.798	0.777	0.767	0.770	0.751	0.781	0.797	0.773	0.791	0.781	0.830	0.842	0.860	0.828	0.815	0.831	0.847	0.822	0.842	0.829	0.903	0.825	0.847	0.903	0.853	0.758	0.829	0.833	0.809	0.844	0.830	0.764	0.857	0.882	0.866	0.911	0.855	0.827	0.804	0.855	0.852	0.868	0.845	0.827	0.857	0.899	0.860	0.886	0.771
32:00:36	23.0	0.817	0.794	0.861	0.871	0.822	0.850	0.860	0.846	0.882	0.045	0.930	0.853	0.826	0.813	0.843	0.814	0.817	0.630	0.810	0.825	0.923	0.895	0.901	0.871	0.830	0.740	0.798	0.807	0.814	0.820	0.840	0.840	0.863	0.921	0.642	0.905	0.842	0.884	0.850	0.834	0.860	0.868	0.852	0.846	0.859	0.900	0.880	0.806	0.791	0.789	0.793	0.781	0.796	0.818	0.790	0.810	0.800	0.850	0.862	0.876	0.838	0.830	0.839	0.859	0.841	0.856	0.846	0.913	0.833	0.863	0.914	0.867	0.771	0.849	0.851	0.821	0.855	0.843	0.783	0.870	0.898	0.876	0.927	0.860	0.848	0.831	0.867	0.871	0.884	0.859	0.840	0.874	0.915	0.873	0.898	0.786
33:00:37	22.8	0.820	0.802	0.874	0.872	0.828	0.857	0.860	0.853	0.886	0.045	0.951	0.857	0.833	0.821	0.850	0.822	0.826	0.650	0.816	0.837	0.934	0.902	0.915	0.883	0.840	0.757	0.802	0.818	0.822	0.829	0.852	0.851	0.877	0.927	0.665	0.915	0.847	0.899	0.860	0.843	0.868	0.877	0.861	0.859	0.872	0.913	0.897	0.816	0.800	0.797	0.802	0.790	0.811	0.832	0.803	0.822	0.815	0.865	0.875	0.889	0.850	0.841	0.854	0.872	0.859	0.869	0.857	0.926	0.840	0.878	0.926	0.873	0.780	0.860	0.864	0.832	0.865	0.858	0.792	0.882	0.907	0.891	0.940	0.867	0.842	0.829	0.866	0.886	0.892	0.858	0.847	0.893	0.920	0.877	0.903	0.787
34:00:38	22.9	0.832	0.811	0.884	0.875	0.835	0.866	0.870	0.856	0.893	0.045	0.954	0.859	0.839	0.829	0.862	0.831	0.835	0.667	0.824	0.848	0.949	0.915	0.927	0.889	0.847	0.767	0.814	0.826	0.835	0.840	0.862	0.862	0.885	0.934	0.690	0.922	0.852	0.908	0.869	0.855	0.879	0.889	0.871	0.870	0.885	0.924	0.907	0.823	0.813	0.813	0.818	0.808	0.820	0.846	0.818	0.837	0.831	0.879	0.888	0.898	0.862	0.853	0.862	0.883	0.874	0.882	0.870	0.937	0.847	0.893	0.936	0.879	0.792	0.873	0.875	0.840	0.877	0.870	0.808	0.896	0.918	0.899	0.951	0.876	0.859	0.837	0.874	0.895	0.898	0.863	0.854	0.908	0.932	0.884	0.909	0.799
35:00:38	23.1	0.839	0.824	0.894	0.881	0.839	0.874	0.866	0.862	0.888	0.046	0.956	0.862	0.844	0.834	0.868	0.836	0.837	0.678	0.826	0.856	0.955	0.918	0.933	0.893	0.853	0.777	0.821	0.829	0.841	0.845	0.869	0.868	0.895	0.934	0.711	0.924	0.856	0.919	0.875	0.862	0.887	0.894	0.876	0.877	0.893	0.932	0.914	0.830	0.817	0.821	0.831	0.818	0.831	0.855	0.823	0.845	0.841	0.890	0.895	0.901	0.869	0.860	0.868	0.891	0.881	0.889	0.877	0.945	0.851	0.902	0.942	0.878	0.795	0.884	0.879	0.845	0.878	0.876	0.818	0.902	0.924	0.905	0.958	0.883	0.846	0.834	0.873	0.902	0.905	0.868	0.857	0.922	0.932	0.886	0.913	0.802
36:00:39	23.0	0.835	0.825	0.900	0.886	0.844	0.873	0.873	0.864	0.894	0.046	0.960	0.874	0.848	0.839	0.872	0.839	0.842	0.690	0.830	0.865	0.966	0.926	0.939	0.898	0.855	0.782	0.829	0.835	0.844	0.849	0.877	0.876	0.903	0.939	0.732	0.923	0.854	0.926	0.880	0.869	0.893	0.899	0.884	0.883	0.900	0.939	0.923	0.839	0.822	0.827	0.835	0.824	0.843	0.864	0.832	0.853	0.852	0.898	0.905	0.907	0.868	0.863	0.872	0.899	0.890	0.896	0.886	0.952	0.857	0.911	0.950	0.882	0.802	0.893	0.884	0.853	0.886	0.883	0.820	0.909	0.933	0.914	0.966	0.888	0.874	0.847	0.876	0.906	0.908	0.873	0.863	0.934	0.931	0.890	0.916	0.812
37:00:41	23.0	0.846	0.832	0.903	0.888	0.845	0.875	0.876	0.871	0.892	0.046	0.964	0.869	0.851	0.844	0.875	0.842	0.842	0.699	0.832	0.869	0.973	0.929	0.945	0.905	0.858	0.787	0.828	0.838	0.848	0.854	0.882	0.879	0.906	0.937	0.750	0.927	0.860	0.932	0.883	0.870	0.897	0.905	0.889	0.889	0.905	0.944	0.930	0.845	0.825	0.832	0.840	0.834	0.848	0.868	0.839	0.858	0.859	0.904	0.913	0.912	0.870	0.869	0.878	0.903	0.896	0.900	0.893	0.958	0.862	0.918	0.955	0.888	0.810	0.894	0.889	0.858	0.890	0.887	0.820	0.917	0.937	0.918	0.973	0.895	0.870	0.840	0.881	0.909	0.911	0.873	0.868	0.944	0.931	0.896	0.911	0.818
38:00:41	22.9	0.846	0.838	0.907	0.887	0.845	0.880	0.878	0.869	0.890	0.046	0.965	0.863	0.852	0.846	0.877	0.842	0.840	0.704	0.832	0.868	0.977	0.930	0.949	0.906	0.861	0.791	0.832	0.839	0.850	0.857	0.885	0.881	0.910	0.944	0.769	0.925	0.861	0.937	0.886	0.873	0.899	0.908	0.892	0.894	0.912	0.951	0.936	0.851	0.825	0.838	0.841	0.841	0.849	0.874	0.841	0.866	0.865	0.912	0.920	0.915	0.876	0.874	0.883	0.906	0.903	0.906	0.899	0.964	0.862	0.925	0.960	0.887	0.816	0.899	0.889	0.858	0.892	0.892	0.827	0.922	0.942	0.919	0.978	0.901	0.869	0.841	0.881	0.912	0.907	0.877	0.873	0.952	0.929	0.899	0.913	0.821
39:00:42	22.9	0.839	0.851	0.916	0.888	0.850	0.889	0.877	0.877	0.891	0.046	0.968	0.863	0.853	0.850	0.879	0.845	0.841	0.710	0.833	0.869	0.982	0.934	0.954	0.910	0.864	0.795	0.832	0.841	0.850	0.859	0.891	0.884	0.914	0.947	0.788	0.924	0.867	0.942	0.889	0.876	0.901	0.910	0.894	0.899	0.914	0.955	0.940	0.855	0.829	0.844	0.843	0.841	0.850	0.876	0.847	0.869	0.871	0.918	0.927	0.918	0.874	0.874	0.883	0.909	0.907	0.911	0.905	0.963	0.864	0.932	0.968	0.890	0.821	0.905	0.893	0.860	0.895	0.895	0.831	0.927	0.947	0.923	0.984	0.908	0.862	0.845	0.885	0.914	0.910	0.876	0.879	0.962	0.928	0.908	0.914	0.828
40:00:43	22.9	0.836	0.863	0.915	0.888	0.850	0.894	0.876	0.882	0.892	0.046	0.974	0.885	0.859	0.849	0.875	0.841	0.838	0.714	0.830	0.866	0.983	0.937	0.956	0.918	0.868	0.796	0.831	0.842	0.850	0.860	0.892	0.884	0.922	0.946	0.804	0.928	0.875	0.942	0.887	0.876	0.903	0.911	0.897	0.902	0.915	0.960	0.944	0.863	0.827	0.849	0.846	0.842	0.850	0.879	0.852	0.873	0.877	0.924	0.932	0.919	0.889	0.877	0.886	0.913	0.912	0.914	0.909	0.967	0.862	0.940	0.971	0.896	0.828	0.910	0.897	0.862	0.898	0.898	0.832	0.933	0.951	0.928	0.985	0.913	0.901	0.834	0.890	0.915	0.900	0.878	0.885	0.973	0.924	0.903	0.917	0.832
41:00:43	22.8	0.823	0.865	0.924	0.886	0.855	0.902	0.884	0.889	0.896	0.046	0.973	0.867	0.860	0.851	0.879	0.843	0.833	0.717	0.832	0.868	0.985	0.942	0.961	0.917	0.875	0.803	0.833	0.843	0.853	0.863	0.898	0.888	0.926	0.954	0.824	0.924	0.881	0.946	0.891	0.881	0.905	0.914	0.901	0.909	0.919	0.964	0.950	0.869	0.829	0.850	0.847	0.853	0.852	0.879	0.857	0.877	0.882	0.931	0.938	0.923	0.880	0.878	0.886	0.920	0.916	0.922	0.917	0.969	0.865	0.947	0.977	0.900	0.837	0.914	0.899	0.862	0.903	0.900	0.838	0.940	0.954	0.933	0.992	0.919	0.890	0.839	0.905	0.919	0.902	0.881	0.892	0.981	0.925	0.914	0.916	0.836
42:00:45	22.7	0.824	0.881	0.930	0.884	0.872	0.903	0.883	0.893	0.898	0.046	0.965	0.879	0.869	0.852	0.879	0.839	0.827	0.718	0.832	0.865	0.992	0.944	0.967	0.926	0.878	0.808	0.827	0.842	0.849	0.863	0.901	0.885	0.929	0.953	0.839	0.929	0.883	0.949	0.891	0.878	0.906	0.916	0.901	0.912	0.920	0.967	0.957	0.878	0.830	0.853	0.845	0.846	0.849	0.881	0.861	0.878	0.886	0.934	0.943	0.928	0.886	0.877	0.886	0.920	0.920	0.924	0.923	0.972	0.865	0.953	0.983	0.904	0.843	0.905	0.898	0.864	0.903	0.902	0.842	0.940	0.962	0.935	0.997	0.925	0.856	0.830	0.906	0.916	0.900	0.883	0.894	0.989	0.922	0.915	0.912	0.846
43:00:46	22.7	0.831	0.872	0.927	0.882	0.882	0.897	0.873	0.877	0.902	0.046	0.953	0.890	0.891	0.855	0.875	0.837	0.825	0.722	0.835	0.862	0.995	0.948	0.972	0.938	0.881	0.810	0.825	0.838	0.852	0.862	0.908	0.890	0.937	0.953	0.856	0.931	0.886	0.956	0.890	0.878	0.908	0.917	0.904	0.920	0.921	0.970	0.959	0.882	0.835	0.856	0.849	0.844	0.845	0.880	0.859	0.880	0.894	0.937	0.950	0.930	0.886	0.879	0.886	0.908	0.924	0.926	0.927	0.975	0.865	0.957	0.990	0.910	0.853	0.894	0.898	0.866	0.903	0.902	0.845	0.940	0.965	0.939	1.001	0.930	0.836	0.831	0.902	0.907	0.899	0.887	0.894	0.996	0.923	0.912	0.916	0.850
44:00:46	22.8	0.825	0.877	0.931	0.889	0.873	0.909	0.884	0.890	0.902	0.046	0.961	0.880	0.882	0.854	0.880	0.828	0.818	0.723	0.832	0.857	0.993	0.948	0.969	0.931	0.884	0.813	0.827	0.837	0.849	0.857	0.908	0.892	0.936	0.955	0.867	0.933	0.890	0.954	0.890	0.876	0.905	0.915	0.903	0.920	0.920	0.972	0.964	0.885	0.833	0.860	0.844	0.851	0.843	0.881	0.860	0.884	0.894	0.944	0.947	0.933	0.878	0.878	0.888	0.922	0.928	0.929	0.931	0.974	0.864	0.961	0.991	0.917	0.859	0.909	0.902	0.862	0.908	0.905	0.846	0.944	0.963	0.941	1.004	0.939	0.843	0.821	0.909	0.920	0.900	0.888	0.902	1.004	0.920	0.907	0.914	0.850
45:00:48	22.8	0.829	0.874	0.930	0.887	0.880	0.900	0.880	0.883	0.913	0.047	0.956	0.883	0.888	0.857	0.878	0.822	0.813	0.723	0.833	0.859	0.996	0.952	0.974	0.938	0.892	0.818	0.822	0.831	0.847	0.857	0.915	0.891	0.939	0.952	0.882	0.935	0.894	0.958	0.889	0.875	0.907	0.917	0.906	0.925	0.919	0.976	0.969	0.890	0.834	0.861	0.843	0.845	0.843	0.879	0.861	0.884	0.899	0.945	0.950	0.935	0.891	0.873	0.886	0.916	0.931	0.931	0.936	0.976	0.865	0.964	0.997	0.923	0.860	0.904	0.898	0.861	0.909	0.905	0.845	0.943	0.967	0.942	1.009	0.946	0.840	0.847	0.896	0.915	0.901	0.890	0.906	1.016	0.921	0.914	0.916	0.856
46:00:49	22.9	0.811	0.881	0.929	0.885	0.882	0.899	0.887	0.884	0.915	0.047	0.957	0.884	0.894	0.860	0.875	0.819	0.811	0.722	0.834	0.853	0.993	0.953	0.976	0.942	0.897	0.819	0.817	0.826	0.845	0.854	0.918	0.891	0.942	0.948	0.896	0.939	0.900	0.958	0.889	0.874	0.908	0.915	0.906	0.928	0.921	0.977	0.973	0.894	0.836	0.860	0.840	0.844	0.842	0.874	0.858	0.882	0.900	0.948	0.951	0.938	0.891	0.870	0.888	0.916	0.931	0.934	0.939	0.977	0.866	0.968	1.000	0.928	0.866	0.909	0.893	0.855	0.911	0.903	0.842	0.947	0.968	0.945	1.012	0.951	0.851	0.859	0.908	0.915	0.904	0.894	0.913	1.024	0.923	0.921	0.918	0.858
47:00:49	23.1	0.812	0.887	0.927	0.882	0.882	0.894	0.886	0.878	0.922	0.047	0.955	0.884	0.897	0.863	0.875	0.811	0.809	0.722	0.835	0.850	0.992	0.952	0.983	0.944	0.904	0.819	0.815	0.819	0.839	0.850	0.920	0.886	0.942	0.944	0.908	0.936	0.908	0.959	0.885	0.868	0.907	0.911	0.909	0.931	0.917	0.975	0.974	0.898	0.837	0.857	0.832	0.832	0.834	0.870	0.857	0.881	0.900	0.946	0.951	0.939	0.891	0.868	0.883	0.905	0.929	0.934	0.941	0.975	0.861	0.971	1.004	0.933	0.873	0.906	0.893	0.852	0.907	0.901	0.842	0.939	0.967	0.946	1.015	0.953	0.835	0.877	0.902	0.910	0.901	0.896	0.915	1.029	0.925	0.925	0.920	0.857
48:00:50	22.9	0.824	0.890	0.927	0.884	0.883	0.891	0.890	0.874	0.927	0.047	0.956	0.890	0.898	0.864	0.877	0.809	0.805	0.720	0.838	0.849	0.990	0.955	0.987	0.958	0.906	0.819	0.809	0.812	0.837	0.848	0.923	0.884	0.947	0.945	0.921	0.939	0.912	0.964	0.883	0.868	0.909	0.907	0.908	0.932	0.917	0.977	0.977	0.904	0.836	0.850	0.831	0.829	0.829	0.865	0.851	0.883	0.903	0.948	0.952	0.943	0.892	0.857	0.883	0.906	0.931	0.935	0.945	0.973	0.862	0.972	1.008	0.939	0.878	0.908	0.886	0.850	0.907	0.899	0.835	0.940	0.972	0.951	1.024	0.957	0.823	0.929	0.909	0.911	0.903	0.901	0.920	1.040	0.925	0.929	0.926	0.860
49:00:51	23.0	0.813	0.897	0.923	0.882	0.886	0.895	0.893	0.875	0.932	0.047	0.961	0.892	0.896	0.863	0.877	0.807	0.803	0.719	0.836	0.849	0.990	0.957	0.988	0.955	0.909	0.822	0.808	0.807	0.832	0.844	0.924	0.885	0.948	0.944	0.929	0.940	0.917	0.959	0.883	0.867	0.907	0.902	0.907	0.933	0.914	0.976	0.983	0.909	0.837	0.850	0.822	0.821	0.822	0.861	0.849	0.884	0.904	0.951	0.951	0.943	0.898	0.847	0.880	0.891	0.930	0.936	0.947	0.975	0.862	0.976	1.012	0.943	0.881	0.912	0.873	0.847	0.907	0.900	0.832	0.941	0.970	0.950	1.025	0.962	0.824	0.945	0.914	0.907	0.905	0.902	0.926	1.046	0.928	0.930	0.929	0.863
50:00:52	23.1	0.806	0.895	0.924	0.884	0.879	0.898	0.896	0.875	0.934	0.048	0.962	0.894	0.897	0.861	0.875	0.806	0.805	0.719	0.840	0.848	0.987	0.957	0.988	0.954	0.913	0.821	0.806	0.808	0.831	0.845	0.926	0.885	0.952	0.944	0.940	0.945	0.920	0.964	0.883	0.871	0.907	0.900	0.907	0.935	0.914	0.980	0.986	0.912	0.840	0.847	0.818	0.822	0.818	0.858	0.847	0.880	0.905	0.951	0.951	0.946	0.910	0.861	0.891	0.904	0.928	0.938	0.948	0.972	0.863	0.978	1.013	0.948	0.884	0.909	0.888	0.843	0.909	0.900	0.817	0.945	0.971	0.951	1.028	0.963	0.832	0.944	0.924	0.916	0.909	0.912	0.933	1.055	0.932	0.931	0.933	0.863
51:00:53	23.2	0.811	0.903	0.926	0.886	0.886	0.896	0.901	0.875	0.939	0.048	0.965	0.897	0.892	0.864	0.876	0.803	0.805	0.719	0.844	0.845	0.985	0.959	0.993	0.960	0.918	0.824	0.804	0.807	0.827	0.844	0.931	0.881	0.953	0.944	0.951	0.942	0.924	0.965	0.882	0.877	0.909	0.896	0.908	0.940	0.913	0.979	0.988	0.916	0.843	0.843	0.813	0.810	0.808	0.850	0.843	0.882	0.908	0.954	0.950	0.951	0.909	0.855	0.885	0.901	0.930	0.941	0.953	0.975	0.869	0.981	1.020	0.954	0.890	0.915	0.883	0.843	0.911	0.896	0.813	0.942	0.975	0.957	1.037	0.971	0.833	0.951	0.924	0.917	0.915	0.919	0.939	1.063	0.939	0.936	0.935	0.866
52:00:55	23.2	0.813	0.911	0.932	0.885	0.885	0.897	0.903	0.874	0.945	0.048	0.969	0.900	0.898	0.865	0.879	0.802	0.804	0.716	0.841	0.845	0.984	0.959	0.994	0.962	0.919	0.826	0.799	0.806	0.828	0.840	0.931	0.882	0.956	0.944	0.960	0.947	0.928	0.964	0.880	0.878	0.907	0.894	0.908	0.941	0.908	0.979	0.991	0.922	0.851	0.839	0.812	0.801	0.799	0.845	0.840	0.884	0.909	0.955	0.953	0.954	0.917	0.851	0.886	0.900	0.931	0.941	0.956	0.972	0.867	0.982	1.023	0.959	0.895	0.911	0.880	0.839	0.912	0.891	0.805	0.937	0.975	0.957	1.036	0.969	0.836	0.964	0.932	0.923	0.919	0.927	0.944	1.070	0.946	0.936	0.938	0.869
53:00:54	23.2	0.794	0.915	0.934	0.878	0.897	0.906	0.903	0.880	0.950	0.048	0.972	0.908	0.901	0.865	0.881	0.800	0.804	0.714	0.839	0.843	0.974	0.958	0.994	0.971	0.922	0.825	0.797	0.807	0.822	0.836	0.935	0.876	0.956	0.942	0.969	0.948	0.932	0.965	0.883	0.879	0.911	0.889	0.905	0.943	0.911	0.977	0.994	0.927	0.852	0.831	0.798	0.787	0.789	0.838	0.835	0.876	0.908	0.953	0.947	0.954	0.913	0.831	0.886	0.897	0.927	0.941	0.956	0.972	0.865	0.982	1.023	0.963	0.899	0.916	0.863	0.835	0.908	0.888	0.789	0.932	0.973	0.959	1.040	0.978	0.832	0.971	0.927	0.914	0.926	0.932	0.947	1.069	0.945	0.938	0.938	0.870
54:00:55	23.2	0.780	0.922	0.934	0.882	0.893	0.914	0.908	0.887	0.956	0.049	0.977	0.908	0.899	0.864	0.879	0.803	0.807	0.715	0.838	0.843	0.971	0.960	0.994	0.967	0.923	0.831	0.798	0.809	0.821	0.838	0.935	0.877	0.962	0.944	0.975	0.955	0.932	0.968	0.882	0.882	0.909	0.888	0.904	0.943	0.908	0.980	1.001	0.928	0.855	0.830	0.802	0.791	0.794	0.838	0.833	0.876	0.910	0.954	0.947	0.959	0.921	0.832	0.885	0.909	0.929	0.944	0.961	0.974	0.869	0.988	1.027	0.968	0.903	0.913	0.867	0.836	0.916	0.893	0.789	0.944	0.975	0.961	1.040	0.975	0.833	0.982	0.939	0.918	0.927	0.937	0.952	1.077	0.949	0.940	0.942	0.869
55:00:56	23.0	0.784	0.910	0.940	0.880	0.894	0.914	0.910	0.883	0.962	0.049	0.982	0.910	0.904	0.870	0.883	0.804	0.811	0.715	0.849	0.845	0.974	0.961	0.996	0.980	0.929	0.830	0.796	0.817	0.821	0.839	0.940	0.878	0.965	0.948	0.987	0.952	0.938	0.973	0.885	0.889	0.912	0.891	0.902	0.948	0.910	0.981	1.003	0.929	0.857	0.829	0.802	0.788	0.799	0.836	0.831	0.879	0.916	0.959	0.949	0.965	0.922	0.833	0.890	0.894	0.929	0.946	0.963	0.976	0.872	0.991	1.032	0.974	0.908	0.914	0.875	0.832	0.915	0.892	0.799	0.940	0.976	0.963	1.045	0.978	0.839	0.950	0.937	0.916	0.931	0.936	0.956	1.086	0.954	0.944	0.948	0.872
56:00:57	22.7	0.776	0.910	0.945	0.882	0.893	0.919	0.914	0.889	0.969	0.049	0.985	0.908	0.904	0.870	0.888	0.809	0.816	0.717	0.848	0.848	0.974	0.965	0.998	0.982	0.929	0.835	0.795	0.823	0.824	0.842	0.942	0.879	0.971	0.953	0.999	0.956	0.942	0.972	0.884	0.889	0.914	0.890	0.903	0.948	0.911	0.982	1.007	0.932	0.861	0.828	0.803	0.789	0.805	0.836	0.834	0.880	0.920	0.960	0.950	0.969	0.928	0.837	0.890	0.901	0.930	0.947	0.967	0.977	0.875	0.995	1.038	0.979	0.912	0.909	0.875	0.833	0.918	0.893	0.799	0.945	0.977	0.966	1.051	0.982	0.844	0.932	0.936	0.921	0.935	0.938	0.959	1.093	0.958	0.949	0.952	0.873
57:00:58	22.3	0.775	0.911	0.945	0.885	0.891	0.929	0.919	0.894	0.976	0.049	0.992	0.910	0.914	0.870	0.891	0.816	0.821	0.720	0.853	0.851	0.974	0.966	0.998	0.984	0.932	0.839	0.792	0.831	0.824	0.842	0.950	0.880	0.979	0.955	1.011	0.962	0.949	0.972	0.889	0.892	0.919	0.893	0.902	0.955	0.916	0.987	1.014	0.935	0.868	0.831	0.810	0.790	0.807	0.838	0.838	0.884	0.927	0.965	0.951	0.976	0.926	0.844	0.893	0.898	0.936	0.950	0.974	0.979	0.881	1.001	1.041	0.985	0.916	0.910	0.882	0.837	0.918	0.891	0.804	0.939	0.981	0.971	1.062	0.980	0.852	0.929	0.935	0.920	0.941	0.939	0.964	1.102	0.961	0.952	0.958	0.876
58:00:59	21.8	0.770	0.908	0.942	0.889	0.885	0.932	0.922	0.898	0.987	0.049	0.997	0.910	0.917	0.873	0.895	0.821	0.827	0.725	0.861	0.857	0.980	0.972	1.002	0.990	0.940	0.847	0.796	0.836	0.831	0.848	0.952	0.884	0.984	0.964	1.020	0.965	0.957	0.978	0.891	0.899	0.920	0.900	0.905	0.957	0.915	0.991	1.020	0.941	0.876	0.838	0.818	0.800	0.821	0.848	0.844	0.890	0.935	0.971	0.958	0.981	0.932	0.845	0.898	0.896	0.941	0.956	0.979	0.984	0.885	1.009	1.049	0.990	0.920	0.912	0.882	0.841	0.922	0.895	0.817	0.949	0.984	0.977	1.063	0.986	0.854	0.920	0.937	0.921	0.941	0.937	0.965	1.101	0.963	0.957	0.964	0.878
59:01:00	21.5	0.773	0.920	0.957	0.889	0.899	0.945	0.918	0.906	0.991	0.050	1.002	0.906	0.929	0.879	0.896	0.825	0.830	0.729	0.859	0.860	0.982	0.974	1.004	0.991	0.944	0.853	0.799	0.838	0.834	0.851	0.957	0.888	0.987	0.967	1.025	0.969	0.967	0.978	0.893	0.901	0.925	0.906	0.910	0.963	0.923	0.993	1.025	0.942	0.889	0.842	0.824	0.804	0.828	0.852	0.851	0.892	0.938	0.975	0.961	0.987	0.934	0.847	0.907	0.901	0.943	0.958	0.983	0.987	0.888	1.015	1.050	0.994	0.923	0.916	0.889	0.846	0.927	0.899	0.819	0.950	0.989	0.977	1.063	0.983	0.860	0.908	0.931	0.928	0.945	0.940	0.968	1.094	0.964	0.956	0.967	0.876
60:01:01	21.5	0.780	0.914	0.952	0.888	0.893	0.950	0.914	0.915	1.000	0.050	1.012	0.917	0.932	0.884	0.906	0.836	0.840	0.731	0.868	0.866	0.992	0.978	1.004	1.004	0.953	0.863	0.803	0.844	0.843	0.857	0.964	0.896	0.995	0.977	1.036	0.973	0.974	0.986	0.901	0.904	0.929	0.913	0.913	0.970	0.927	0.998	1.029	0.950	0.902	0.850	0.835	0.809	0.837	0.862	0.857	0.897	0.942	0.979	0.965	0.991	0.937	0.851	0.904	0.896	0.953	0.964	0.989	0.992	0.897	1.021	1.054	1.000	0.927	0.921	0.892	0.842	0.925	0.897	0.830	0.950	0.993	0.980	1.070	0.987	0.862	0.944	0.942	0.921	0.943	0.949	0.971	1.101	0.967	0.959	0.973	0.882
61:01:02	21.7	0.768	0.920	0.951	0.893	0.894	0.950	0.923	0.909	0.999	0.050	1.008	0.908	0.928	0.884	0.906	0.835	0.841	0.734	0.862	0.869	0.987	0.979	1.009	0.997	0.948	0.868	0.815	0.846	0.845	0.861	0.960	0.894	0.993	0.979	1.042	0.976	0.970	0.990	0.897	0.906	0.930	0.917	0.915	0.967	0.926	1.002	1.034	0.950	0.893	0.851	0.837	0.822	0.847	0.866	0.859	0.896	0.944	0.982	0.965	0.994	0.947	0.861	0.916	0.926	0.949	0.966	0.990	0.996	0.899	1.023	1.057	1.000	0.928	0.916	0.899	0.851	0.932	0.904	0.835	0.961	0.992	0.980	1.070	0.986	0.869	0.904	0.935	0.931	0.950	0.948	0.975	1.101	0.971	0.960	0.979	0.880
62:01:03	21.9	0.774	0.918	0.961	0.893	0.894	0.960	0.924	0.924	1.009	0.050	1.017	0.915	0.933	0.891	0.914	0.845	0.847	0.737	0.872	0.875	0.992	0.983	1.010	1.005	0.957	0.874	0.813	0.854	0.851	0.866	0.967	0.900	1.000	0.985	1.050	0.978	0.977	0.995	0.904	0.913	0.936	0.922	0.918	0.974	0.934	1.004	1.036	0.953	0.903	0.855	0.844	0.823	0.851	0.869	0.864	0.899	0.947	0.983	0.968	0.996	0.939	0.864	0.915	0.923	0.957	0.971	0.995	0.997	0.903	1.029	1.061	1.004	0.934	0.927	0.904	0.854	0.934	0.906	0.841	0.959	0.999	0.983	1.073	0.986	0.869	0.935	0.944	0.928	0.948	0.956	0.979	1.108	0.973	0.962	0.981	0.883
63:01:03	22.0	0.769	0.921	0.965	0.894	0.895	0.961	0.925	0.918	1.008	0.051	1.013	0.908	0.948	0.893	0.915	0.847	0.850	0.738	0.874	0.876	0.992	0.983	1.009	1.001	0.955	0.878	0.816	0.858	0.852	0.869	0.968	0.901	1.001	0.989	1.054	0.979	0.982	0.994	0.909	0.915	0.938	0.925	0.920	0.974	0.935	1.004	1.040	0.955	0.907	0.855	0.846	0.826	0.856	0.871	0.864	0.898	0.949	0.986	0.969	0.998	0.951	0.868	0.918	0.939	0.958	0.972	0.998	0.999	0.906	1.032	1.065	1.002	0.935	0.925	0.912	0.854	0.937	0.907	0.842	0.960	0.997	0.981	1.072	0.986	0.871	0.940	0.940	0.932	0.952	0.966	0.982	1.113	0.975	0.967	0.984	0.882
64:01:04	21.9	0.764	0.927	0.965	0.892	0.904	0.966	0.930	0.924	1.011	0.051	1.013	0.905	0.982	0.894	0.916	0.852	0.855	0.740	0.874	0.880	0.992	0.985	1.010	1.002	0.957	0.882	0.824	0.863	0.856	0.873	0.973	0.903	1.007	0.993	1.060	0.983	0.983	0.995	0.907	0.918	0.942	0.927	0.923	0.977	0.940	1.006	1.044	0.956	0.911	0.858	0.849	0.831	0.862	0.875	0.868	0.901	0.952	0.987	0.971	0.999	0.950	0.879	0.925	0.950	0.958	0.974	1.002	1.000	0.910	1.035	1.067	1.002	0.939	0.920	0.923	0.861	0.937	0.908	0.849	0.965	1.001	0.984	1.077	0.988	0.867	0.935	0.941	0.938	0.956	0.972	0.985	1.122	0.980	0.969	0.984	0.882
65:01:05	21.9	0.765	0.930	0.958	0.895	0.906	0.969	0.931	0.924	1.011	0.051	1.015	0.902	1.001	0.895	0.922	0.858	0.858	0.746	0.876	0.884	0.993	0.987	1.013	1.004	0.961	0.885	0.826	0.867	0.860	0.877	0.972	0.907	1.006	0.996	1.067	0.989	0.988	0.998	0.912	0.919	0.946	0.931	0.926	0.977	0.943	1.007	1.049	0.963	0.918	0.862	0.856	0.840	0.870	0.879	0.872	0.903	0.958	0.990	0.974	1.003	0.956	0.889	0.932	0.948	0.959	0.975	1.004	1.003	0.912	1.040	1.069	1.004	0.941	0.922	0.931	0.872	0.943	0.911	0.852	0.966	1.002	0.985	1.075	0.989	0.864	0.917	0.950	0.938	0.954	0.968	0.991	1.128	0.985	0.971	0.986	0.886
66:01:06	21.9	0.770	0.924	0.945	0.892	0.909	0.960	0.932	0.922	1.010	0.051	1.014	0.902	1.005	0.900	0.924	0.860	0.861	0.748	0.884	0.884	0.989	0.989	1.015	1.002	0.957	0.888	0.832	0.871	0.861	0.882	0.975	0.909	1.011	0.998	1.073	0.992	0.987	1.002	0.912	0.926	0.948	0.937	0.931	0.977	0.944	1.008	1.053	0.969	0.923	0.863	0.856	0.846	0.876	0.880	0.875	0.901	0.960	0.991	0.976	1.008	0.969	0.892	0.938	0.944	0.953	0.979	1.006	1.007	0.916	1.042	1.072	1.007	0.943	0.928	0.930	0.877	0.955	0.920	0.857	0.974	1.006	0.985	1.077	0.989	0.869	0.912	0.958	0.945	0.958	0.975	0.995	1.131	0.993	0.976	0.990	0.887
67:01:07	21.8	0.771	0.933	0.954	0.894	0.917	0.972	0.934	0.935	1.013	0.052	1.022	0.902	1.019	0.902	0.929	0.867	0.865	0.751	0.885	0.889	0.991	0.991	1.016	1.003	0.964	0.894	0.842	0.878	0.866	0.884	0.981	0.912	1.014	1.005	1.079	0.997	0.997	1.004	0.920	0.926	0.952	0.939	0.934	0.984	0.950	1.015	1.057	0.969	0.931	0.866	0.861	0.850	0.881	0.885	0.878	0.907	0.961	0.994	0.977	1.012	0.973	0.897	0.941	0.962	0.960	0.984	1.010	1.010	0.920	1.047	1.072	1.011	0.948	0.934	0.940	0.875	0.955	0.920	0.858	0.977	1.006	0.987	1.076	0.992	0.865	0.917	0.966	0.949	0.959	0.980	0.996	1.131	0.998	0.983	0.995	0.885
68:01:09	22.0	0.783	0.940	0.942	0.907	0.888	0.966	0.930	0.922	1.031	0.052	1.029	0.902	0.988	0.900	0.935	0.879	0.879	0.756	0.897	0.898	0.996	0.997	1.012	1.012	0.978	0.898	0.836	0.887	0.874	0.888	0.989	0.922	1.022	1.013	1.091	1.002	1.002	0.999	0.937	0.933	0.953	0.944	0.937	0.990	0.953	1.018	1.063	0.973	0.917	0.874	0.869	0.853	0.882	0.894	0.885	0.913	0.970	0.997	0.979	1.016	0.969	0.890	0.935	0.952	0.971	0.991	1.012	1.011	0.930	1.051	1.081	1.014	0.945	0.938	0.941	0.866	0.955	0.921	0.870	0.977	1.013	0.994	1.082	0.996	0.864	0.920	0.960	0.949	0.961	0.975	0.995	1.131	1.004	0.988	1.001	0.885
69:01:10	22.3	0.777	0.936	0.941	0.902	0.917	0.977	0.933	0.937	1.018	0.052	1.027	0.905	1.048	0.906	0.933	0.876	0.872	0.759	0.894	0.893	0.993	0.996	1.016	1.006	0.974	0.906	0.838	0.887	0.873	0.892	0.987	0.916	1.018	1.014	1.091	1.002	1.009	1.012	0.928	0.934	0.957	0.946	0.937	0.987	0.954	1.017	1.061	0.976	0.939	0.871	0.868	0.857	0.888	0.891	0.884	0.908	0.965	0.999	0.980	1.015	0.984	0.906	0.950	0.974	0.963	0.989	1.015	1.012	0.927	1.054	1.078	1.016	0.952	0.942	0.956	0.886	0.959	0.924	0.865	0.981	1.012	0.991	1.078	0.994	0.864	0.931	0.962	0.950	0.966	0.979	0.999	1.137	1.008	0.988	1.003	0.888
70:01:11	22.3	0.782	0.933	0.930	0.910	0.902	0.973	0.933	0.928	1.032	0.052	1.033	0.902	0.973	0.906	0.943	0.892	0.886	0.757	0.899	0.903	0.991	1.000	1.012	1.016	0.972	0.907	0.844	0.896	0.879	0.893	0.993	0.922	1.025	1.020	1.101	1.008	1.004	1.004	0.939	0.941	0.959	0.944	0.941	0.992	0.957	1.019	1.064	0.978	0.922	0.874	0.874	0.857	0.889	0.896	0.888	0.917	0.970	1.002	0.982	1.020	0.960	0.905	0.938	0.984	0.978	0.993	1.016	1.013	0.934	1.057	1.083	1.018	0.949	0.943	0.950	0.872	0.950	0.923	0.872	0.979	1.012	0.995	1.079	1.001	0.862	0.928	0.941	0.942	0.965	0.977	0.999	1.116	1.010	0.989	1.002	0.884
71:01:11	22.0	0.780	0.937	0.935	0.913	0.910	0.979	0.929	0.929	1.025	0.052	1.032	0.902	1.020	0.908	0.945	0.893	0.887	0.760	0.901	0.906	0.991	1.002	1.011	1.010	0.977	0.908	0.844	0.898	0.876	0.896	0.996	0.919	1.023	1.022	1.105	1.012	1.011	1.005	0.943	0.940	0.962	0.945	0.943	0.993	0.959	1.020	1.066	0.982	0.934	0.875	0.872	0.857	0.887	0.896	0.887	0.912	0.970	1.002	0.982	1.023	0.959	0.905	0.944	0.968	0.974	0.997	1.018	1.018	0.937	1.060	1.085	1.019	0.951	0.953	0.948	0.879	0.950	0.925	0.871	0.974	1.014	0.993	1.077	1.001	0.856	0.929	0.943	0.943	0.969	0.975	0.999	1.106	1.012	0.989	1.005	0.886
72:01:13	21.9	0.775	0.928	0.923	0.913	0.921	0.982	0.935	0.934	1.033	0.052	1.038	0.901	0.985	0.911	0.950	0.898	0.893	0.763	0.905	0.909	0.995	1.005	1.010	1.013	0.979	0.908	0.842	0.905	0.884	0.901	0.998	0.928	1.027	1.029	1.113	1.014	1.010	1.006	0.947	0.948	0.963	0.950	0.950	1.000	0.963	1.025	1.069	0.988	0.928	0.877	0.878	0.866	0.891	0.900	0.894	0.920	0.973	1.006	0.985	1.024	0.947	0.907	0.944	0.971	0.979	1.000	1.021	1.019	0.949	1.064	1.088	1.021	0.949	0.938	0.955	0.879	0.949	0.924	0.885	0.978	1.013	0.994	1.077	1.004	0.851	0.908	0.938	0.941	0.972	0.976	1.001	1.101	1.018	0.993	1.009	0.890

