Time	T° 600	A1	A2	A3	A4	A5	A6	A7	A8	A9	A10	A11	A12	B1	B2	B3	B4	B5	B6	B7	B8	B9	B10	B11	B12	C1	C2	C3	C4	C5	C6	C7	C8	C9	C10	C11	C12	D1	D2	D3	D4	D5	D6	D7	D8	D9	D10	D11	D12	E1	E2	E3	E4	E5	E6	E7	E8	E9	E10	E11	E12	F1	F2	F3	F4	F5	F6	F7	F8	F9	F10	F11	F12	G1	G2	G3	G4	G5	G6	G7	G8	G9	G10	G11	G12	H1	H2	H3	H4	H5	H6	H7	H8	H9	H10	H11	H12
0:00:06	20.7	0.048	0.044	0.046	0.056	0.044	0.047	0.042	0.042	0.043	0.051	0.047	0.045	0.042	0.044	0.045	0.047	0.054	0.044	0.044	0.049	0.044	0.047	0.045	0.046	0.045	0.044	0.048	0.045	0.044	0.054	0.052	0.043	0.043	0.051	0.045	0.044	0.047	0.044	0.043	0.043	0.042	0.043	0.052	0.046	0.046	0.046	0.046	0.043	0.045	0.045	0.045	0.044	0.048	0.045	0.053	0.043	0.043	0.043	0.045	0.044	0.044	0.045	0.045	0.045	0.047	0.045	0.046	0.043	0.043	0.042	0.043	0.043	0.048	0.044	0.052	0.045	0.047	0.044	0.045	0.044	0.045	0.044	0.044	0.044	0.043	0.048	0.042	0.049	0.045	0.046	0.048	0.047	0.049	0.048	0.043	0.047
1:00:04	21.9	0.048	0.044	0.045	0.055	0.044	0.047	0.042	0.042	0.043	0.052	0.047	0.044	0.043	0.044	0.046	0.047	0.052	0.044	0.044	0.049	0.044	0.048	0.045	0.046	0.044	0.044	0.049	0.045	0.044	0.054	0.053	0.043	0.043	0.051	0.045	0.044	0.046	0.044	0.043	0.044	0.042	0.042	0.053	0.046	0.046	0.046	0.046	0.044	0.045	0.045	0.045	0.044	0.049	0.045	0.054	0.044	0.043	0.043	0.045	0.043	0.044	0.046	0.046	0.045	0.047	0.046	0.046	0.043	0.043	0.043	0.043	0.043	0.048	0.044	0.052	0.045	0.047	0.044	0.045	0.044	0.046	0.043	0.044	0.044	0.043	0.048	0.042	0.050	0.045	0.047	0.048	0.047	0.049	0.048	0.043	0.047
2:00:06	22.6	0.048	0.045	0.046	0.056	0.045	0.047	0.043	0.043	0.043	0.052	0.047	0.044	0.043	0.045	0.046	0.048	0.052	0.045	0.045	0.050	0.045	0.048	0.046	0.047	0.045	0.044	0.052	0.045	0.044	0.054	0.055	0.044	0.044	0.051	0.046	0.045	0.047	0.044	0.044	0.044	0.043	0.043	0.052	0.046	0.047	0.046	0.047	0.044	0.045	0.045	0.045	0.045	0.049	0.046	0.055	0.044	0.044	0.050	0.046	0.044	0.044	0.046	0.046	0.045	0.048	0.047	0.047	0.044	0.044	0.043	0.044	0.044	0.048	0.044	0.052	0.045	0.048	0.045	0.046	0.047	0.046	0.044	0.045	0.044	0.043	0.048	0.043	0.050	0.046	0.049	0.049	0.048	0.050	0.049	0.044	0.047
3:00:07	22.9	0.047	0.045	0.045	0.055	0.044	0.047	0.043	0.043	0.043	0.051	0.047	0.044	0.043	0.044	0.046	0.047	0.051	0.044	0.045	0.050	0.045	0.048	0.046	0.047	0.045	0.044	0.053	0.045	0.044	0.054	0.056	0.044	0.044	0.051	0.046	0.045	0.046	0.044	0.043	0.044	0.043	0.043	0.051	0.046	0.047	0.046	0.047	0.044	0.045	0.045	0.045	0.045	0.049	0.046	0.054	0.044	0.043	0.050	0.046	0.044	0.044	0.046	0.046	0.045	0.047	0.047	0.046	0.044	0.043	0.043	0.044	0.044	0.048	0.044	0.051	0.045	0.048	0.045	0.046	0.047	0.046	0.044	0.044	0.044	0.044	0.048	0.043	0.050	0.045	0.049	0.049	0.048	0.050	0.049	0.044	0.046
4:00:08	23.0	0.048	0.045	0.047	0.056	0.045	0.048	0.043	0.043	0.043	0.051	0.048	0.045	0.044	0.045	0.047	0.048	0.051	0.045	0.045	0.050	0.045	0.049	0.046	0.047	0.045	0.045	0.054	0.045	0.044	0.055	0.057	0.044	0.044	0.052	0.046	0.045	0.047	0.045	0.044	0.045	0.043	0.044	0.051	0.047	0.047	0.046	0.048	0.045	0.046	0.046	0.046	0.045	0.049	0.046	0.055	0.044	0.044	0.050	0.047	0.044	0.045	0.047	0.047	0.046	0.048	0.048	0.047	0.044	0.044	0.044	0.045	0.045	0.049	0.045	0.051	0.046	0.048	0.045	0.046	0.048	0.047	0.045	0.045	0.045	0.044	0.049	0.043	0.051	0.046	0.050	0.050	0.048	0.051	0.049	0.044	0.047
5:00:08	23.1	0.048	0.045	0.048	0.057	0.045	0.048	0.044	0.044	0.044	0.052	0.048	0.046	0.044	0.046	0.047	0.049	0.051	0.045	0.046	0.051	0.046	0.049	0.047	0.048	0.046	0.045	0.055	0.046	0.045	0.056	0.057	0.045	0.045	0.052	0.047	0.047	0.047	0.046	0.044	0.045	0.044	0.044	0.051	0.047	0.048	0.047	0.049	0.046	0.046	0.046	0.046	0.045	0.051	0.046	0.055	0.045	0.044	0.051	0.047	0.045	0.045	0.047	0.047	0.047	0.049	0.048	0.048	0.045	0.044	0.045	0.046	0.046	0.050	0.045	0.052	0.047	0.049	0.046	0.047	0.049	0.047	0.046	0.046	0.046	0.045	0.050	0.044	0.051	0.046	0.052	0.050	0.049	0.052	0.050	0.046	0.048
6:00:10	23.0	0.050	0.046	0.050	0.058	0.046	0.050	0.046	0.046	0.045	0.053	0.050	0.048	0.045	0.047	0.049	0.051	0.052	0.046	0.047	0.052	0.048	0.050	0.048	0.051	0.047	0.046	0.056	0.047	0.046	0.057	0.059	0.046	0.047	0.054	0.048	0.049	0.049	0.047	0.045	0.046	0.045	0.046	0.053	0.048	0.049	0.049	0.050	0.048	0.048	0.047	0.047	0.047	0.052	0.048	0.056	0.046	0.046	0.052	0.049	0.047	0.047	0.048	0.049	0.048	0.050	0.050	0.050	0.047	0.044	0.047	0.047	0.048	0.051	0.047	0.053	0.049	0.050	0.048	0.049	0.050	0.049	0.048	0.048	0.047	0.047	0.051	0.046	0.053	0.048	0.054	0.052	0.050	0.054	0.052	0.048	0.050
7:00:11	23.0	0.052	0.047	0.053	0.060	0.048	0.052	0.049	0.048	0.048	0.055	0.052	0.055	0.046	0.048	0.051	0.054	0.054	0.048	0.050	0.055	0.050	0.052	0.051	0.054	0.049	0.048	0.058	0.049	0.048	0.059	0.061	0.049	0.049	0.057	0.051	0.052	0.051	0.050	0.048	0.049	0.048	0.049	0.055	0.050	0.052	0.051	0.053	0.051	0.050	0.050	0.049	0.048	0.055	0.050	0.058	0.047	0.048	0.055	0.051	0.049	0.048	0.050	0.053	0.051	0.052	0.052	0.053	0.050	0.044	0.049	0.051	0.051	0.053	0.049	0.057	0.052	0.052	0.051	0.052	0.052	0.051	0.051	0.051	0.048	0.049	0.054	0.050	0.056	0.051	0.056	0.055	0.053	0.057	0.055	0.051	0.052
8:00:10	22.9	0.054	0.049	0.057	0.064	0.050	0.056	0.052	0.051	0.052	0.059	0.055	0.058	0.048	0.050	0.053	0.058	0.058	0.052	0.053	0.059	0.054	0.054	0.056	0.057	0.052	0.049	0.059	0.051	0.052	0.063	0.064	0.053	0.052	0.061	0.055	0.055	0.055	0.054	0.051	0.051	0.052	0.053	0.059	0.054	0.055	0.055	0.056	0.054	0.052	0.053	0.051	0.051	0.060	0.052	0.062	0.049	0.051	0.058	0.053	0.052	0.051	0.052	0.062	0.055	0.056	0.057	0.056	0.054	0.044	0.051	0.054	0.053	0.056	0.052	0.060	0.055	0.054	0.055	0.055	0.054	0.055	0.054	0.054	0.049	0.051	0.058	0.058	0.059	0.054	0.059	0.059	0.056	0.059	0.058	0.054	0.054
9:00:12	22.7	0.058	0.051	0.061	0.068	0.055	0.061	0.057	0.056	0.057	0.063	0.059	0.062	0.053	0.053	0.058	0.064	0.063	0.057	0.058	0.064	0.059	0.058	0.062	0.062	0.056	0.052	0.062	0.056	0.056	0.068	0.068	0.058	0.056	0.066	0.060	0.060	0.059	0.059	0.056	0.055	0.056	0.060	0.063	0.059	0.059	0.059	0.060	0.059	0.055	0.058	0.054	0.054	0.065	0.056	0.068	0.051	0.055	0.062	0.057	0.056	0.054	0.055	0.063	0.060	0.060	0.062	0.061	0.059	0.044	0.055	0.058	0.057	0.059	0.056	0.067	0.059	0.058	0.060	0.060	0.058	0.059	0.059	0.059	0.051	0.055	0.063	0.059	0.063	0.059	0.064	0.063	0.061	0.064	0.063	0.058	0.059
10:00:13	22.7	0.064	0.056	0.069	0.075	0.061	0.067	0.064	0.063	0.063	0.069	0.064	0.069	0.058	0.059	0.065	0.071	0.070	0.064	0.066	0.073	0.066	0.064	0.070	0.069	0.063	0.058	0.068	0.063	0.064	0.077	0.075	0.064	0.063	0.073	0.066	0.068	0.068	0.066	0.062	0.061	0.062	0.068	0.070	0.066	0.065	0.066	0.067	0.065	0.060	0.065	0.059	0.059	0.072	0.064	0.076	0.055	0.061	0.068	0.063	0.062	0.060	0.061	0.070	0.068	0.069	0.069	0.068	0.065	0.044	0.061	0.064	0.064	0.066	0.063	0.074	0.067	0.066	0.066	0.066	0.063	0.066	0.066	0.066	0.055	0.060	0.070	0.067	0.070	0.066	0.071	0.068	0.066	0.070	0.070	0.065	0.066
11:00:14	22.9	0.075	0.064	0.081	0.085	0.070	0.077	0.075	0.073	0.072	0.078	0.072	0.080	0.066	0.068	0.076	0.082	0.079	0.075	0.076	0.081	0.076	0.077	0.079	0.084	0.072	0.065	0.074	0.074	0.076	0.088	0.084	0.074	0.074	0.082	0.075	0.081	0.079	0.078	0.072	0.072	0.073	0.078	0.082	0.075	0.074	0.078	0.077	0.076	0.068	0.076	0.066	0.069	0.083	0.073	0.087	0.059	0.070	0.076	0.072	0.074	0.069	0.071	0.082	0.080	0.080	0.078	0.077	0.075	0.044	0.071	0.076	0.075	0.075	0.071	0.085	0.080	0.076	0.077	0.076	0.073	0.076	0.079	0.081	0.062	0.068	0.081	0.077	0.079	0.075	0.085	0.080	0.077	0.085	0.083	0.078	0.082
12:00:15	22.9	0.097	0.080	0.102	0.104	0.087	0.095	0.097	0.091	0.089	0.095	0.091	0.104	0.080	0.087	0.094	0.099	0.095	0.093	0.092	0.097	0.091	0.100	0.095	0.109	0.088	0.083	0.087	0.092	0.096	0.104	0.098	0.091	0.092	0.098	0.092	0.105	0.098	0.094	0.087	0.089	0.091	0.095	0.100	0.090	0.092	0.098	0.096	0.097	0.080	0.089	0.081	0.086	0.099	0.089	0.100	0.067	0.086	0.091	0.093	0.096	0.088	0.090	0.098	0.096	0.095	0.093	0.095	0.091	0.044	0.095	0.096	0.099	0.095	0.086	0.101	0.101	0.091	0.098	0.094	0.098	0.094	0.101	0.105	0.078	0.085	0.097	0.096	0.101	0.093	0.106	0.102	0.100	0.112	0.107	0.100	0.111
13:00:16	22.9	0.124	0.099	0.127	0.124	0.107	0.117	0.129	0.114	0.117	0.118	0.114	0.137	0.099	0.103	0.110	0.119	0.112	0.118	0.107	0.112	0.108	0.124	0.113	0.146	0.109	0.100	0.101	0.109	0.116	0.124	0.113	0.112	0.115	0.116	0.115	0.137	0.123	0.114	0.103	0.108	0.113	0.117	0.126	0.105	0.114	0.122	0.120	0.126	0.099	0.109	0.097	0.103	0.121	0.104	0.115	0.081	0.108	0.109	0.119	0.125	0.109	0.105	0.119	0.116	0.111	0.113	0.116	0.110	0.045	0.124	0.117	0.129	0.114	0.103	0.119	0.128	0.107	0.120	0.117	0.128	0.113	0.128	0.139	0.106	0.111	0.117	0.118	0.132	0.115	0.130	0.127	0.125	0.141	0.137	0.125	0.144
14:00:17	22.9	0.153	0.115	0.152	0.144	0.135	0.138	0.151	0.139	0.144	0.149	0.144	0.162	0.124	0.115	0.135	0.147	0.137	0.141	0.125	0.129	0.119	0.156	0.141	0.178	0.135	0.112	0.113	0.130	0.142	0.148	0.129	0.126	0.137	0.136	0.140	0.172	0.145	0.140	0.124	0.132	0.128	0.142	0.148	0.119	0.133	0.146	0.147	0.159	0.119	0.130	0.111	0.120	0.147	0.113	0.139	0.096	0.132	0.125	0.142	0.158	0.127	0.121	0.134	0.141	0.122	0.123	0.135	0.128	0.044	0.155	0.139	0.165	0.134	0.123	0.137	0.150	0.127	0.135	0.141	0.154	0.130	0.159	0.167	0.138	0.138	0.133	0.143	0.172	0.135	0.160	0.154	0.154	0.173	0.166	0.154	0.174
15:00:17	22.8	0.177	0.131	0.183	0.184	0.159	0.170	0.187	0.172	0.175	0.184	0.171	0.188	0.147	0.144	0.161	0.173	0.166	0.168	0.153	0.155	0.145	0.191	0.168	0.212	0.158	0.139	0.129	0.154	0.171	0.174	0.155	0.153	0.169	0.166	0.169	0.207	0.178	0.165	0.148	0.157	0.154	0.170	0.180	0.144	0.161	0.175	0.175	0.191	0.139	0.151	0.127	0.145	0.174	0.135	0.161	0.115	0.159	0.151	0.168	0.184	0.152	0.147	0.161	0.169	0.151	0.152	0.167	0.160	0.044	0.185	0.173	0.194	0.161	0.148	0.167	0.175	0.154	0.168	0.166	0.184	0.164	0.193	0.202	0.170	0.169	0.158	0.173	0.205	0.157	0.187	0.184	0.184	0.205	0.204	0.185	0.201
16:00:19	22.8	0.204	0.154	0.218	0.217	0.188	0.200	0.220	0.207	0.204	0.222	0.205	0.217	0.174	0.171	0.190	0.203	0.195	0.200	0.182	0.186	0.174	0.223	0.201	0.246	0.188	0.163	0.150	0.181	0.202	0.204	0.183	0.183	0.200	0.200	0.203	0.240	0.214	0.193	0.176	0.185	0.184	0.206	0.217	0.172	0.201	0.209	0.210	0.221	0.158	0.178	0.151	0.172	0.204	0.161	0.188	0.131	0.189	0.181	0.195	0.212	0.182	0.174	0.193	0.202	0.180	0.183	0.201	0.195	0.044	0.215	0.212	0.225	0.188	0.176	0.200	0.203	0.183	0.201	0.201	0.215	0.200	0.229	0.236	0.202	0.200	0.198	0.206	0.235	0.186	0.218	0.211	0.217	0.237	0.242	0.218	0.228
17:00:20	22.7	0.226	0.177	0.255	0.247	0.223	0.231	0.245	0.244	0.237	0.257	0.235	0.248	0.205	0.206	0.227	0.236	0.230	0.235	0.221	0.223	0.216	0.268	0.241	0.280	0.224	0.196	0.171	0.213	0.241	0.240	0.219	0.218	0.233	0.240	0.240	0.276	0.248	0.230	0.208	0.216	0.216	0.253	0.257	0.209	0.246	0.242	0.248	0.253	0.183	0.209	0.175	0.204	0.241	0.194	0.220	0.158	0.225	0.216	0.223	0.242	0.216	0.209	0.231	0.239	0.218	0.222	0.242	0.233	0.044	0.244	0.255	0.254	0.218	0.206	0.236	0.232	0.218	0.240	0.241	0.242	0.242	0.267	0.269	0.223	0.221	0.236	0.240	0.264	0.216	0.252	0.240	0.251	0.267	0.276	0.253	0.255
18:00:22	22.6	0.258	0.208	0.301	0.285	0.263	0.272	0.283	0.291	0.275	0.298	0.273	0.287	0.245	0.251	0.268	0.279	0.272	0.277	0.267	0.268	0.264	0.330	0.288	0.325	0.271	0.235	0.196	0.250	0.284	0.284	0.259	0.264	0.273	0.287	0.283	0.320	0.282	0.270	0.244	0.254	0.255	0.302	0.303	0.253	0.295	0.281	0.291	0.290	0.215	0.248	0.206	0.241	0.283	0.235	0.257	0.191	0.260	0.258	0.258	0.279	0.258	0.252	0.272	0.282	0.262	0.270	0.295	0.281	0.044	0.277	0.305	0.295	0.256	0.243	0.282	0.271	0.260	0.284	0.287	0.276	0.293	0.309	0.307	0.241	0.248	0.281	0.280	0.298	0.255	0.293	0.282	0.296	0.304	0.314	0.297	0.292
19:00:23	22.6	0.308	0.255	0.354	0.335	0.316	0.324	0.330	0.354	0.328	0.345	0.319	0.337	0.298	0.310	0.318	0.328	0.322	0.331	0.325	0.321	0.320	0.405	0.340	0.382	0.329	0.288	0.227	0.300	0.341	0.333	0.312	0.329	0.327	0.343	0.342	0.381	0.328	0.324	0.292	0.305	0.304	0.363	0.359	0.304	0.355	0.327	0.347	0.342	0.258	0.297	0.246	0.293	0.339	0.284	0.301	0.237	0.303	0.306	0.300	0.324	0.314	0.310	0.326	0.341	0.321	0.331	0.356	0.336	0.045	0.319	0.363	0.350	0.307	0.293	0.351	0.319	0.320	0.350	0.340	0.320	0.350	0.366	0.354	0.263	0.288	0.336	0.331	0.339	0.308	0.344	0.337	0.353	0.351	0.364	0.353	0.342
20:00:23	22.6	0.367	0.337	0.425	0.407	0.383	0.390	0.399	0.438	0.405	0.403	0.379	0.412	0.365	0.394	0.388	0.396	0.384	0.403	0.398	0.394	0.389	0.469	0.421	0.465	0.397	0.362	0.268	0.368	0.421	0.401	0.383	0.404	0.393	0.420	0.412	0.457	0.386	0.393	0.357	0.374	0.368	0.446	0.425	0.380	0.433	0.392	0.414	0.406	0.319	0.356	0.301	0.363	0.410	0.348	0.365	0.286	0.359	0.362	0.356	0.383	0.385	0.390	0.398	0.418	0.395	0.408	0.436	0.408	0.044	0.378	0.433	0.421	0.374	0.359	0.431	0.380	0.394	0.428	0.399	0.379	0.426	0.437	0.417	0.299	0.336	0.406	0.401	0.394	0.380	0.412	0.408	0.429	0.416	0.430	0.425	0.421
21:00:25	22.7	0.451	0.437	0.517	0.495	0.455	0.473	0.492	0.501	0.493	0.484	0.451	0.504	0.449	0.481	0.477	0.474	0.464	0.483	0.489	0.480	0.471	0.528	0.493	0.555	0.473	0.458	0.330	0.452	0.496	0.480	0.467	0.483	0.468	0.496	0.484	0.546	0.456	0.478	0.442	0.460	0.447	0.514	0.506	0.461	0.508	0.470	0.479	0.483	0.398	0.436	0.377	0.454	0.502	0.431	0.447	0.350	0.434	0.434	0.428	0.459	0.457	0.474	0.477	0.506	0.480	0.486	0.504	0.481	0.045	0.452	0.513	0.503	0.454	0.444	0.508	0.461	0.474	0.510	0.475	0.456	0.503	0.521	0.517	0.374	0.414	0.499	0.496	0.462	0.477	0.508	0.507	0.522	0.512	0.524	0.522	0.513
22:00:25	22.9	0.503	0.534	0.571	0.565	0.519	0.545	0.540	0.542	0.547	0.563	0.533	0.563	0.525	0.545	0.537	0.537	0.523	0.540	0.542	0.541	0.523	0.580	0.541	0.601	0.552	0.525	0.387	0.506	0.558	0.547	0.530	0.538	0.549	0.546	0.554	0.604	0.536	0.530	0.512	0.538	0.510	0.576	0.564	0.534	0.554	0.547	0.546	0.564	0.486	0.514	0.462	0.528	0.568	0.506	0.518	0.434	0.513	0.503	0.511	0.534	0.529	0.550	0.545	0.573	0.547	0.551	0.559	0.548	0.044	0.550	0.572	0.581	0.535	0.515	0.588	0.554	0.543	0.583	0.557	0.538	0.573	0.600	0.620	0.468	0.487	0.597	0.596	0.550	0.580	0.595	0.595	0.609	0.599	0.612	0.616	0.575
23:00:27	22.9	0.537	0.608	0.616	0.608	0.545	0.600	0.588	0.587	0.594	0.595	0.579	0.603	0.555	0.587	0.591	0.584	0.586	0.583	0.582	0.589	0.557	0.610	0.588	0.644	0.577	0.588	0.469	0.581	0.625	0.600	0.577	0.578	0.590	0.581	0.590	0.641	0.586	0.586	0.584	0.597	0.566	0.621	0.610	0.597	0.595	0.597	0.590	0.605	0.540	0.569	0.541	0.583	0.634	0.571	0.587	0.501	0.570	0.557	0.584	0.605	0.559	0.614	0.605	0.627	0.596	0.609	0.601	0.605	0.045	0.631	0.613	0.619	0.577	0.582	0.643	0.595	0.587	0.627	0.610	0.598	0.621	0.646	0.668	0.546	0.531	0.626	0.629	0.615	0.609	0.621	0.612	0.628	0.634	0.651	0.638	0.606
24:00:28	23.1	0.576	0.628	0.656	0.648	0.598	0.638	0.626	0.638	0.642	0.649	0.620	0.643	0.601	0.625	0.645	0.632	0.639	0.630	0.631	0.625	0.610	0.641	0.626	0.685	0.627	0.625	0.544	0.628	0.666	0.644	0.621	0.622	0.630	0.633	0.637	0.684	0.634	0.637	0.644	0.661	0.613	0.664	0.667	0.645	0.647	0.639	0.637	0.650	0.580	0.615	0.595	0.630	0.686	0.614	0.633	0.554	0.615	0.599	0.619	0.646	0.600	0.647	0.646	0.671	0.633	0.659	0.643	0.645	0.044	0.661	0.657	0.656	0.609	0.615	0.683	0.631	0.623	0.649	0.639	0.633	0.667	0.679	0.699	0.581	0.562	0.659	0.668	0.639	0.636	0.654	0.640	0.657	0.666	0.685	0.667	0.648
25:00:29	23.1	0.609	0.639	0.699	0.693	0.642	0.680	0.668	0.683	0.684	0.696	0.665	0.691	0.645	0.645	0.670	0.668	0.673	0.677	0.661	0.648	0.646	0.673	0.660	0.728	0.669	0.656	0.569	0.653	0.694	0.663	0.651	0.653	0.675	0.672	0.683	0.733	0.677	0.670	0.682	0.697	0.664	0.704	0.707	0.659	0.688	0.680	0.686	0.698	0.616	0.652	0.630	0.658	0.707	0.651	0.678	0.593	0.658	0.638	0.667	0.688	0.642	0.664	0.684	0.704	0.664	0.680	0.674	0.679	0.045	0.704	0.706	0.701	0.650	0.634	0.710	0.674	0.646	0.688	0.683	0.680	0.694	0.713	0.741	0.583	0.604	0.695	0.713	0.683	0.683	0.700	0.685	0.705	0.705	0.727	0.712	0.691
26:00:30	23.0	0.636	0.638	0.733	0.728	0.682	0.722	0.702	0.717	0.725	0.737	0.701	0.731	0.690	0.676	0.690	0.703	0.705	0.721	0.688	0.681	0.689	0.700	0.696	0.767	0.714	0.675	0.573	0.673	0.716	0.693	0.686	0.693	0.719	0.713	0.730	0.768	0.717	0.706	0.703	0.712	0.709	0.743	0.739	0.682	0.729	0.721	0.733	0.746	0.660	0.674	0.648	0.678	0.735	0.672	0.709	0.627	0.699	0.671	0.709	0.740	0.689	0.683	0.713	0.732	0.694	0.709	0.718	0.721	0.045	0.748	0.754	0.741	0.692	0.673	0.730	0.718	0.684	0.722	0.729	0.720	0.727	0.741	0.778	0.605	0.641	0.735	0.746	0.730	0.731	0.745	0.726	0.758	0.741	0.766	0.760	0.722
27:00:31	23.0	0.658	0.637	0.762	0.760	0.724	0.762	0.733	0.748	0.761	0.776	0.737	0.763	0.729	0.707	0.710	0.736	0.745	0.755	0.717	0.714	0.727	0.730	0.743	0.801	0.753	0.691	0.578	0.697	0.736	0.722	0.719	0.731	0.754	0.749	0.770	0.802	0.752	0.741	0.725	0.728	0.749	0.783	0.774	0.704	0.765	0.757	0.773	0.787	0.703	0.702	0.669	0.701	0.758	0.695	0.726	0.659	0.738	0.708	0.751	0.787	0.728	0.706	0.751	0.760	0.731	0.742	0.754	0.757	0.045	0.790	0.803	0.778	0.717	0.710	0.766	0.753	0.722	0.756	0.765	0.756	0.768	0.774	0.806	0.639	0.678	0.777	0.778	0.768	0.772	0.778	0.755	0.799	0.771	0.802	0.801	0.749
28:00:32	23.0	0.671	0.645	0.786	0.782	0.750	0.788	0.762	0.772	0.790	0.807	0.765	0.782	0.761	0.741	0.740	0.752	0.778	0.780	0.746	0.745	0.761	0.753	0.781	0.823	0.784	0.711	0.573	0.726	0.769	0.755	0.749	0.764	0.784	0.782	0.804	0.836	0.784	0.769	0.749	0.748	0.776	0.823	0.811	0.726	0.805	0.785	0.810	0.822	0.735	0.733	0.696	0.728	0.787	0.720	0.744	0.691	0.777	0.743	0.787	0.822	0.760	0.744	0.786	0.789	0.769	0.775	0.794	0.798	0.044	0.821	0.844	0.806	0.746	0.741	0.804	0.778	0.757	0.785	0.789	0.784	0.809	0.806	0.831	0.661	0.705	0.807	0.811	0.799	0.802	0.808	0.781	0.835	0.796	0.835	0.832	0.771
29:00:33	23.1	0.685	0.655	0.798	0.800	0.773	0.809	0.783	0.789	0.812	0.827	0.784	0.799	0.788	0.763	0.771	0.769	0.806	0.801	0.773	0.774	0.787	0.769	0.821	0.842	0.809	0.735	0.575	0.752	0.798	0.781	0.775	0.788	0.804	0.811	0.830	0.854	0.803	0.786	0.778	0.774	0.795	0.855	0.839	0.749	0.837	0.805	0.837	0.846	0.758	0.760	0.724	0.752	0.815	0.748	0.764	0.718	0.807	0.775	0.815	0.851	0.785	0.775	0.813	0.812	0.798	0.803	0.823	0.833	0.044	0.845	0.872	0.826	0.770	0.768	0.834	0.797	0.789	0.807	0.811	0.807	0.849	0.831	0.856	0.678	0.725	0.829	0.838	0.823	0.827	0.824	0.803	0.859	0.819	0.856	0.858	0.786
30:00:34	23.1	0.688	0.656	0.816	0.813	0.794	0.829	0.804	0.808	0.831	0.853	0.801	0.806	0.809	0.788	0.797	0.790	0.828	0.820	0.798	0.802	0.807	0.783	0.845	0.856	0.831	0.759	0.577	0.770	0.823	0.803	0.798	0.808	0.826	0.835	0.854	0.871	0.825	0.807	0.802	0.788	0.817	0.880	0.861	0.781	0.865	0.830	0.862	0.868	0.780	0.781	0.756	0.777	0.837	0.779	0.793	0.752	0.827	0.809	0.840	0.876	0.809	0.802	0.831	0.834	0.826	0.830	0.849	0.854	0.045	0.874	0.897	0.843	0.788	0.787	0.854	0.818	0.814	0.831	0.837	0.825	0.876	0.850	0.881	0.692	0.743	0.846	0.862	0.844	0.845	0.840	0.818	0.880	0.832	0.875	0.875	0.801
31:00:34	23.0	0.694	0.653	0.826	0.822	0.809	0.839	0.817	0.820	0.854	0.867	0.824	0.815	0.825	0.804	0.812	0.809	0.841	0.837	0.818	0.822	0.824	0.798	0.865	0.867	0.843	0.774	0.592	0.786	0.844	0.821	0.818	0.825	0.844	0.855	0.871	0.882	0.840	0.824	0.820	0.810	0.834	0.897	0.871	0.806	0.885	0.850	0.880	0.883	0.796	0.798	0.776	0.794	0.852	0.801	0.817	0.783	0.849	0.830	0.865	0.897	0.829	0.824	0.846	0.851	0.845	0.849	0.869	0.873	0.044	0.892	0.920	0.856	0.801	0.797	0.867	0.833	0.833	0.847	0.855	0.840	0.891	0.866	0.898	0.708	0.776	0.860	0.869	0.852	0.860	0.852	0.830	0.890	0.843	0.887	0.905	0.813
32:00:36	22.9	0.697	0.649	0.839	0.831	0.827	0.841	0.825	0.830	0.868	0.873	0.833	0.821	0.840	0.814	0.823	0.825	0.851	0.849	0.829	0.837	0.837	0.805	0.877	0.874	0.859	0.787	0.601	0.796	0.859	0.828	0.833	0.835	0.857	0.866	0.885	0.893	0.853	0.839	0.837	0.827	0.849	0.907	0.883	0.822	0.899	0.865	0.892	0.893	0.812	0.813	0.796	0.809	0.863	0.815	0.832	0.804	0.863	0.850	0.882	0.910	0.837	0.839	0.859	0.862	0.859	0.858	0.882	0.885	0.044	0.910	0.936	0.864	0.809	0.817	0.877	0.845	0.848	0.860	0.868	0.851	0.903	0.875	0.911	0.718	0.775	0.868	0.878	0.861	0.871	0.865	0.840	0.899	0.852	0.896	0.908	0.821
33:00:36	22.8	0.705	0.651	0.851	0.839	0.835	0.849	0.834	0.834	0.878	0.884	0.841	0.835	0.846	0.824	0.832	0.837	0.864	0.858	0.838	0.847	0.851	0.817	0.888	0.880	0.866	0.800	0.609	0.808	0.873	0.841	0.847	0.846	0.870	0.875	0.899	0.898	0.860	0.848	0.852	0.837	0.860	0.918	0.894	0.835	0.908	0.877	0.905	0.901	0.818	0.825	0.811	0.820	0.878	0.835	0.847	0.828	0.875	0.865	0.900	0.922	0.840	0.852	0.870	0.876	0.872	0.871	0.894	0.898	0.044	0.923	0.948	0.871	0.810	0.821	0.884	0.855	0.860	0.871	0.879	0.862	0.916	0.885	0.924	0.727	0.793	0.876	0.885	0.867	0.875	0.868	0.854	0.907	0.859	0.901	0.907	0.829
34:00:37	22.9	0.713	0.647	0.857	0.842	0.843	0.853	0.841	0.853	0.882	0.889	0.850	0.835	0.858	0.834	0.841	0.847	0.873	0.869	0.845	0.856	0.857	0.821	0.896	0.889	0.879	0.806	0.617	0.820	0.885	0.846	0.855	0.852	0.880	0.884	0.909	0.906	0.865	0.858	0.859	0.842	0.872	0.923	0.905	0.845	0.916	0.888	0.916	0.909	0.828	0.834	0.823	0.827	0.883	0.844	0.858	0.839	0.886	0.876	0.913	0.931	0.852	0.859	0.880	0.884	0.879	0.879	0.903	0.906	0.045	0.939	0.958	0.874	0.813	0.828	0.891	0.865	0.866	0.875	0.889	0.870	0.925	0.893	0.936	0.733	0.782	0.871	0.885	0.873	0.881	0.882	0.858	0.915	0.860	0.910	0.916	0.834
35:00:38	23.0	0.721	0.647	0.859	0.845	0.839	0.857	0.842	0.853	0.880	0.886	0.839	0.838	0.861	0.836	0.836	0.855	0.886	0.872	0.847	0.861	0.863	0.831	0.901	0.893	0.882	0.811	0.620	0.822	0.893	0.850	0.857	0.854	0.884	0.887	0.914	0.906	0.869	0.861	0.862	0.852	0.877	0.925	0.909	0.848	0.921	0.895	0.917	0.911	0.832	0.841	0.831	0.829	0.891	0.850	0.858	0.847	0.893	0.881	0.919	0.934	0.853	0.855	0.889	0.890	0.884	0.883	0.907	0.910	0.045	0.942	0.965	0.874	0.807	0.838	0.900	0.869	0.872	0.883	0.896	0.876	0.931	0.895	0.938	0.733	0.797	0.868	0.890	0.875	0.879	0.885	0.860	0.910	0.861	0.909	0.902	0.839
36:00:38	22.9	0.729	0.652	0.867	0.849	0.840	0.851	0.842	0.866	0.887	0.885	0.848	0.845	0.867	0.838	0.843	0.862	0.893	0.878	0.852	0.865	0.867	0.836	0.911	0.900	0.884	0.812	0.630	0.825	0.895	0.856	0.863	0.857	0.893	0.894	0.920	0.918	0.876	0.869	0.866	0.846	0.887	0.929	0.914	0.854	0.926	0.901	0.925	0.918	0.842	0.846	0.836	0.836	0.892	0.859	0.869	0.853	0.899	0.888	0.932	0.946	0.850	0.865	0.893	0.896	0.890	0.890	0.915	0.920	0.045	0.953	0.973	0.877	0.811	0.839	0.904	0.876	0.881	0.887	0.904	0.885	0.939	0.902	0.948	0.733	0.799	0.869	0.885	0.877	0.881	0.879	0.861	0.911	0.867	0.913	0.904	0.848
37:00:40	23.0	0.727	0.655	0.868	0.853	0.844	0.850	0.846	0.870	0.889	0.889	0.862	0.843	0.875	0.842	0.845	0.867	0.898	0.886	0.856	0.872	0.872	0.841	0.918	0.901	0.894	0.816	0.642	0.826	0.901	0.860	0.870	0.864	0.900	0.898	0.928	0.930	0.879	0.874	0.871	0.856	0.892	0.931	0.919	0.861	0.930	0.905	0.933	0.928	0.845	0.852	0.840	0.838	0.896	0.865	0.875	0.862	0.906	0.894	0.941	0.951	0.853	0.866	0.897	0.902	0.895	0.894	0.921	0.928	0.044	0.961	0.980	0.882	0.814	0.841	0.907	0.882	0.885	0.892	0.912	0.890	0.945	0.908	0.954	0.740	0.828	0.865	0.892	0.883	0.880	0.878	0.861	0.909	0.871	0.917	0.903	0.856
38:00:41	22.9	0.733	0.664	0.874	0.856	0.838	0.856	0.847	0.865	0.887	0.891	0.864	0.856	0.868	0.843	0.847	0.869	0.903	0.888	0.857	0.871	0.875	0.849	0.922	0.910	0.889	0.815	0.652	0.825	0.904	0.862	0.872	0.864	0.905	0.901	0.933	0.933	0.883	0.876	0.871	0.856	0.897	0.932	0.923	0.860	0.936	0.910	0.939	0.931	0.847	0.855	0.843	0.841	0.897	0.865	0.878	0.869	0.911	0.900	0.948	0.956	0.851	0.865	0.901	0.903	0.894	0.898	0.925	0.928	0.045	0.964	0.985	0.883	0.816	0.843	0.910	0.887	0.890	0.896	0.916	0.896	0.950	0.908	0.960	0.740	0.819	0.859	0.891	0.874	0.878	0.883	0.862	0.909	0.880	0.920	0.901	0.862
39:00:42	22.9	0.738	0.658	0.879	0.860	0.842	0.862	0.848	0.872	0.887	0.893	0.863	0.861	0.869	0.844	0.845	0.873	0.905	0.891	0.858	0.872	0.877	0.857	0.920	0.913	0.890	0.813	0.670	0.828	0.907	0.866	0.872	0.862	0.910	0.905	0.935	0.938	0.888	0.875	0.873	0.859	0.899	0.934	0.922	0.859	0.938	0.912	0.939	0.933	0.850	0.856	0.844	0.842	0.894	0.866	0.879	0.873	0.913	0.904	0.951	0.956	0.855	0.863	0.907	0.904	0.900	0.901	0.927	0.932	0.044	0.967	0.990	0.888	0.816	0.846	0.912	0.889	0.891	0.897	0.920	0.902	0.953	0.912	0.960	0.741	0.827	0.854	0.888	0.875	0.878	0.882	0.863	0.906	0.878	0.919	0.903	0.864
40:00:43	22.9	0.747	0.661	0.881	0.864	0.850	0.868	0.855	0.875	0.892	0.895	0.869	0.867	0.878	0.847	0.848	0.875	0.909	0.894	0.862	0.874	0.880	0.870	0.927	0.917	0.898	0.817	0.681	0.830	0.914	0.867	0.876	0.859	0.916	0.909	0.943	0.948	0.892	0.881	0.874	0.863	0.906	0.936	0.924	0.859	0.943	0.917	0.947	0.940	0.854	0.858	0.852	0.847	0.894	0.866	0.884	0.875	0.918	0.912	0.961	0.960	0.857	0.865	0.910	0.909	0.902	0.903	0.934	0.935	0.045	0.971	0.995	0.892	0.821	0.849	0.914	0.895	0.897	0.902	0.925	0.908	0.959	0.919	0.966	0.747	0.830	0.861	0.890	0.878	0.881	0.885	0.868	0.907	0.887	0.924	0.904	0.869
41:00:43	22.8	0.747	0.666	0.883	0.865	0.855	0.868	0.853	0.886	0.894	0.895	0.865	0.869	0.877	0.844	0.845	0.877	0.908	0.897	0.863	0.874	0.878	0.878	0.928	0.918	0.905	0.809	0.693	0.827	0.910	0.867	0.874	0.854	0.919	0.910	0.943	0.948	0.893	0.883	0.873	0.862	0.908	0.935	0.925	0.856	0.946	0.918	0.950	0.942	0.859	0.858	0.851	0.848	0.889	0.868	0.885	0.877	0.921	0.914	0.964	0.960	0.860	0.862	0.913	0.908	0.901	0.903	0.932	0.934	0.045	0.976	0.999	0.898	0.824	0.853	0.913	0.897	0.897	0.901	0.927	0.914	0.961	0.919	0.969	0.746	0.827	0.861	0.887	0.879	0.880	0.883	0.876	0.901	0.886	0.922	0.904	0.870
42:00:45	22.7	0.757	0.675	0.883	0.866	0.863	0.872	0.871	0.885	0.885	0.898	0.876	0.877	0.883	0.840	0.840	0.883	0.906	0.902	0.861	0.875	0.879	0.886	0.933	0.928	0.910	0.809	0.702	0.826	0.916	0.866	0.874	0.849	0.924	0.912	0.949	0.952	0.899	0.886	0.871	0.860	0.912	0.933	0.922	0.854	0.946	0.922	0.954	0.946	0.864	0.856	0.853	0.849	0.890	0.867	0.886	0.881	0.920	0.915	0.971	0.962	0.863	0.860	0.912	0.908	0.900	0.902	0.933	0.937	0.044	0.977	1.000	0.896	0.831	0.842	0.908	0.901	0.897	0.899	0.931	0.920	0.961	0.923	0.978	0.743	0.808	0.869	0.889	0.884	0.881	0.885	0.876	0.902	0.893	0.928	0.905	0.872
43:00:46	22.7	0.758	0.682	0.883	0.870	0.868	0.875	0.876	0.896	0.886	0.904	0.880	0.887	0.892	0.839	0.838	0.882	0.909	0.907	0.864	0.875	0.882	0.885	0.937	0.935	0.923	0.808	0.714	0.823	0.921	0.868	0.875	0.845	0.927	0.917	0.955	0.959	0.907	0.889	0.868	0.862	0.914	0.933	0.929	0.854	0.949	0.927	0.960	0.953	0.869	0.858	0.855	0.850	0.890	0.868	0.889	0.885	0.922	0.922	0.975	0.965	0.862	0.862	0.910	0.911	0.901	0.898	0.936	0.940	0.044	0.982	1.006	0.900	0.838	0.844	0.902	0.902	0.900	0.899	0.938	0.926	0.966	0.927	0.982	0.746	0.820	0.864	0.879	0.890	0.888	0.891	0.882	0.908	0.898	0.938	0.909	0.879
44:00:46	22.7	0.776	0.695	0.876	0.867	0.881	0.873	0.871	0.915	0.885	0.900	0.887	0.883	0.894	0.837	0.838	0.884	0.905	0.910	0.864	0.875	0.883	0.892	0.939	0.931	0.922	0.805	0.721	0.825	0.927	0.871	0.874	0.844	0.931	0.918	0.956	0.956	0.903	0.895	0.868	0.861	0.917	0.934	0.927	0.852	0.948	0.931	0.959	0.955	0.875	0.857	0.857	0.854	0.887	0.870	0.891	0.885	0.923	0.922	0.982	0.964	0.865	0.861	0.909	0.914	0.901	0.897	0.938	0.939	0.044	0.985	1.010	0.903	0.843	0.840	0.902	0.906	0.901	0.901	0.941	0.927	0.962	0.928	0.986	0.740	0.820	0.867	0.885	0.894	0.893	0.887	0.884	0.911	0.906	0.940	0.916	0.886
45:00:47	22.8	0.770	0.704	0.883	0.871	0.885	0.881	0.883	0.924	0.889	0.916	0.887	0.885	0.897	0.835	0.838	0.884	0.907	0.910	0.863	0.874	0.885	0.894	0.938	0.939	0.927	0.802	0.731	0.826	0.934	0.871	0.872	0.838	0.935	0.918	0.960	0.960	0.913	0.891	0.866	0.863	0.920	0.933	0.929	0.853	0.950	0.931	0.965	0.963	0.879	0.858	0.859	0.852	0.891	0.868	0.889	0.886	0.923	0.923	0.987	0.967	0.871	0.858	0.912	0.914	0.900	0.896	0.937	0.939	0.045	0.985	1.013	0.911	0.848	0.835	0.898	0.908	0.904	0.906	0.943	0.934	0.965	0.931	0.988	0.744	0.851	0.875	0.887	0.896	0.899	0.894	0.891	0.914	0.914	0.941	0.921	0.890
46:00:48	22.9	0.769	0.703	0.882	0.875	0.891	0.878	0.892	0.930	0.892	0.920	0.902	0.901	0.906	0.831	0.832	0.883	0.903	0.912	0.860	0.870	0.883	0.903	0.938	0.944	0.931	0.796	0.741	0.819	0.930	0.867	0.866	0.832	0.938	0.921	0.964	0.964	0.910	0.893	0.856	0.860	0.919	0.929	0.928	0.845	0.951	0.933	0.964	0.967	0.878	0.857	0.855	0.847	0.884	0.863	0.886	0.882	0.923	0.923	0.989	0.968	0.877	0.854	0.908	0.913	0.897	0.892	0.937	0.941	0.044	0.986	1.013	0.913	0.854	0.833	0.894	0.909	0.901	0.900	0.943	0.938	0.964	0.933	0.985	0.733	0.830	0.866	0.878	0.897	0.901	0.896	0.900	0.915	0.922	0.942	0.930	0.896
47:00:48	23.1	0.794	0.701	0.884	0.881	0.896	0.888	0.895	0.938	0.892	0.923	0.888	0.903	0.903	0.829	0.826	0.881	0.901	0.912	0.857	0.866	0.881	0.906	0.937	0.954	0.932	0.789	0.751	0.810	0.927	0.866	0.863	0.828	0.938	0.917	0.962	0.967	0.913	0.895	0.848	0.857	0.917	0.924	0.927	0.836	0.946	0.931	0.962	0.967	0.880	0.858	0.848	0.841	0.879	0.854	0.883	0.877	0.920	0.921	0.987	0.964	0.881	0.846	0.909	0.912	0.890	0.890	0.934	0.938	0.044	0.983	1.014	0.913	0.859	0.842	0.885	0.911	0.896	0.902	0.944	0.941	0.962	0.932	0.986	0.717	0.843	0.866	0.883	0.904	0.906	0.899	0.903	0.915	0.921	0.940	0.927	0.897
48:00:50	22.9	0.776	0.709	0.882	0.880	0.895	0.889	0.895	0.928	0.895	0.922	0.901	0.909	0.905	0.832	0.831	0.886	0.898	0.920	0.861	0.865	0.879	0.915	0.942	0.959	0.937	0.786	0.759	0.809	0.932	0.870	0.860	0.820	0.941	0.922	0.970	0.964	0.903	0.894	0.856	0.860	0.923	0.925	0.928	0.835	0.947	0.936	0.967	0.974	0.878	0.862	0.849	0.838	0.888	0.852	0.887	0.877	0.919	0.920	0.992	0.973	0.876	0.840	0.903	0.916	0.891	0.883	0.934	0.936	0.045	0.987	1.018	0.917	0.869	0.828	0.895	0.916	0.896	0.900	0.946	0.945	0.959	0.935	0.993	0.715	0.841	0.863	0.878	0.907	0.909	0.905	0.909	0.917	0.926	0.937	0.934	0.899
49:00:51	22.9	0.775	0.712	0.889	0.884	0.901	0.891	0.898	0.935	0.896	0.928	0.884	0.912	0.914	0.832	0.829	0.888	0.898	0.923	0.857	0.864	0.878	0.919	0.943	0.969	0.940	0.785	0.766	0.809	0.938	0.869	0.855	0.813	0.943	0.917	0.969	0.975	0.913	0.894	0.857	0.860	0.921	0.922	0.925	0.835	0.943	0.934	0.967	0.976	0.881	0.860	0.848	0.837	0.890	0.848	0.884	0.873	0.917	0.917	0.994	0.973	0.882	0.838	0.900	0.915	0.887	0.877	0.930	0.934	0.044	0.984	1.020	0.920	0.878	0.828	0.887	0.919	0.894	0.904	0.949	0.951	0.963	0.940	0.995	0.706	0.840	0.886	0.886	0.911	0.911	0.913	0.911	0.920	0.929	0.940	0.939	0.899
50:00:52	23.1	0.769	0.705	0.889	0.887	0.895	0.889	0.899	0.930	0.898	0.927	0.898	0.914	0.914	0.830	0.831	0.883	0.893	0.920	0.858	0.859	0.878	0.921	0.943	0.972	0.937	0.784	0.772	0.801	0.936	0.870	0.851	0.811	0.946	0.919	0.971	0.978	0.911	0.893	0.858	0.855	0.922	0.922	0.920	0.827	0.944	0.932	0.965	0.977	0.881	0.860	0.842	0.829	0.889	0.840	0.880	0.867	0.918	0.917	0.995	0.972	0.887	0.837	0.898	0.912	0.881	0.876	0.927	0.931	0.044	0.984	1.019	0.923	0.886	0.832	0.893	0.917	0.890	0.898	0.945	0.954	0.958	0.938	0.989	0.699	0.849	0.872	0.894	0.915	0.912	0.914	0.914	0.926	0.933	0.939	0.940	0.900
51:00:52	23.1	0.753	0.705	0.900	0.891	0.904	0.894	0.909	0.936	0.902	0.933	0.892	0.910	0.919	0.834	0.832	0.887	0.895	0.926	0.856	0.861	0.882	0.929	0.943	0.982	0.948	0.783	0.781	0.798	0.938	0.870	0.848	0.807	0.944	0.914	0.969	0.987	0.916	0.892	0.861	0.853	0.920	0.921	0.925	0.824	0.941	0.929	0.966	0.983	0.884	0.859	0.838	0.826	0.885	0.834	0.879	0.866	0.917	0.916	0.995	0.970	0.890	0.832	0.896	0.913	0.879	0.877	0.926	0.932	0.045	0.984	1.021	0.930	0.888	0.839	0.891	0.920	0.889	0.901	0.944	0.958	0.959	0.943	0.991	0.695	0.833	0.893	0.903	0.917	0.917	0.922	0.917	0.928	0.930	0.939	0.943	0.905
52:00:54	23.1	0.768	0.702	0.895	0.894	0.899	0.895	0.913	0.914	0.906	0.934	0.885	0.901	0.930	0.833	0.841	0.886	0.896	0.931	0.861	0.858	0.879	0.943	0.947	0.982	0.949	0.788	0.792	0.808	0.950	0.874	0.846	0.805	0.949	0.916	0.978	0.989	0.916	0.896	0.863	0.856	0.923	0.922	0.922	0.827	0.940	0.928	0.966	0.981	0.886	0.859	0.838	0.826	0.887	0.833	0.880	0.865	0.916	0.916	1.000	0.973	0.891	0.830	0.896	0.912	0.878	0.869	0.927	0.929	0.045	0.984	1.022	0.932	0.891	0.835	0.896	0.923	0.886	0.904	0.950	0.964	0.961	0.945	0.994	0.694	0.817	0.964	0.894	0.916	0.919	0.923	0.918	0.933	0.937	0.944	0.948	0.902
53:00:54	23.2	0.778	0.693	0.905	0.898	0.897	0.901	0.918	0.924	0.910	0.940	0.897	0.906	0.929	0.834	0.841	0.888	0.887	0.935	0.862	0.856	0.878	0.950	0.952	0.988	0.946	0.785	0.794	0.811	0.958	0.873	0.840	0.799	0.949	0.915	0.981	0.993	0.920	0.893	0.866	0.851	0.923	0.923	0.927	0.821	0.940	0.931	0.973	0.991	0.888	0.857	0.825	0.823	0.884	0.827	0.879	0.860	0.909	0.912	1.000	0.976	0.892	0.824	0.892	0.912	0.875	0.877	0.923	0.926	0.045	0.986	1.024	0.939	0.891	0.835	0.883	0.925	0.882	0.900	0.945	0.970	0.956	0.949	0.995	0.691	0.814	0.974	0.898	0.919	0.928	0.929	0.925	0.933	0.938	0.946	0.950	0.904
54:00:55	23.2	0.765	0.677	0.914	0.898	0.904	0.904	0.920	0.930	0.912	0.942	0.898	0.898	0.931	0.832	0.842	0.889	0.887	0.934	0.860	0.853	0.879	0.960	0.951	0.989	0.958	0.782	0.799	0.815	0.963	0.875	0.839	0.794	0.951	0.915	0.981	1.002	0.923	0.894	0.863	0.851	0.922	0.919	0.926	0.823	0.937	0.929	0.967	0.990	0.890	0.857	0.820	0.815	0.888	0.827	0.876	0.858	0.910	0.912	1.000	0.974	0.897	0.823	0.887	0.909	0.870	0.873	0.920	0.926	0.044	0.982	1.022	0.944	0.890	0.840	0.897	0.927	0.878	0.903	0.948	0.972	0.960	0.950	0.996	0.691	0.816	0.977	0.900	0.918	0.931	0.930	0.925	0.935	0.939	0.948	0.953	0.902
55:00:56	23.0	0.801	0.667	0.912	0.901	0.901	0.901	0.919	0.923	0.914	0.938	0.904	0.893	0.930	0.832	0.847	0.888	0.887	0.935	0.862	0.855	0.880	0.962	0.953	0.993	0.955	0.785	0.806	0.823	0.972	0.876	0.838	0.796	0.953	0.917	0.986	1.003	0.928	0.894	0.868	0.855	0.928	0.921	0.926	0.826	0.937	0.932	0.971	0.999	0.895	0.857	0.818	0.815	0.889	0.826	0.877	0.857	0.907	0.911	1.002	0.974	0.901	0.823	0.888	0.909	0.870	0.870	0.921	0.929	0.045	0.982	1.026	0.951	0.892	0.842	0.895	0.930	0.876	0.903	0.948	0.978	0.960	0.953	0.995	0.689	0.818	0.977	0.894	0.925	0.936	0.929	0.933	0.937	0.940	0.954	0.956	0.902
56:00:57	22.7	0.804	0.661	0.917	0.904	0.896	0.905	0.913	0.921	0.920	0.941	0.900	0.890	0.934	0.834	0.849	0.890	0.890	0.937	0.864	0.858	0.887	0.977	0.956	0.996	0.951	0.790	0.811	0.823	0.975	0.876	0.838	0.804	0.957	0.916	0.991	1.010	0.931	0.896	0.868	0.853	0.930	0.919	0.929	0.829	0.936	0.933	0.973	1.002	0.900	0.857	0.819	0.819	0.884	0.832	0.877	0.859	0.911	0.915	1.006	0.977	0.898	0.822	0.889	0.908	0.872	0.877	0.920	0.932	0.045	0.985	1.030	0.958	0.893	0.840	0.900	0.933	0.874	0.908	0.951	0.984	0.964	0.961	1.000	0.691	0.818	0.987	0.896	0.923	0.940	0.931	0.937	0.940	0.941	0.955	0.961	0.904
57:00:58	22.3	0.774	0.668	0.921	0.911	0.902	0.902	0.912	0.930	0.923	0.942	0.910	0.883	0.935	0.834	0.852	0.896	0.888	0.942	0.866	0.862	0.890	0.980	0.962	1.002	0.956	0.796	0.813	0.831	0.980	0.877	0.843	0.805	0.958	0.918	0.997	1.018	0.933	0.894	0.877	0.860	0.928	0.923	0.936	0.834	0.937	0.935	0.980	1.015	0.906	0.857	0.824	0.829	0.888	0.836	0.881	0.861	0.913	0.916	1.013	0.978	0.898	0.825	0.888	0.912	0.875	0.886	0.922	0.931	0.045	0.988	1.032	0.964	0.895	0.847	0.898	0.939	0.872	0.912	0.953	0.990	0.965	0.968	1.004	0.690	0.822	0.999	0.910	0.915	0.947	0.937	0.944	0.942	0.943	0.957	0.966	0.905
58:00:58	21.8	0.791	0.675	0.925	0.913	0.899	0.912	0.907	0.934	0.932	0.942	0.931	0.892	0.935	0.843	0.857	0.896	0.893	0.942	0.870	0.867	0.898	0.994	0.969	1.005	0.957	0.804	0.820	0.840	0.985	0.883	0.848	0.809	0.966	0.924	1.006	1.019	0.936	0.900	0.882	0.866	0.931	0.930	0.939	0.842	0.943	0.938	0.987	1.017	0.913	0.861	0.832	0.836	0.891	0.848	0.887	0.871	0.918	0.923	1.017	0.987	0.902	0.831	0.896	0.918	0.880	0.884	0.927	0.937	0.045	0.996	1.041	0.971	0.899	0.854	0.909	0.944	0.877	0.913	0.961	1.000	0.974	0.973	1.007	0.692	0.825	1.006	0.899	0.920	0.950	0.933	0.946	0.948	0.946	0.960	0.970	0.908
59:01:00	21.5	0.774	0.685	0.924	0.920	0.898	0.909	0.900	0.931	0.933	0.943	0.931	0.881	0.938	0.842	0.861	0.898	0.895	0.946	0.872	0.869	0.897	0.996	0.970	1.012	0.953	0.811	0.827	0.843	0.987	0.888	0.852	0.817	0.968	0.927	1.010	1.030	0.945	0.903	0.886	0.872	0.939	0.935	0.941	0.850	0.944	0.939	0.989	1.019	0.922	0.863	0.838	0.841	0.896	0.854	0.890	0.872	0.923	0.928	1.021	0.989	0.902	0.833	0.888	0.920	0.883	0.889	0.929	0.939	0.045	0.995	1.043	0.975	0.900	0.862	0.910	0.948	0.878	0.918	0.962	1.004	0.978	0.981	1.010	0.691	0.825	1.005	0.913	0.916	0.956	0.942	0.950	0.949	0.949	0.961	0.975	0.908
60:01:01	21.5	0.775	0.681	0.938	0.922	0.909	0.911	0.916	0.952	0.941	0.951	0.937	0.889	0.946	0.847	0.866	0.909	0.895	0.953	0.879	0.873	0.905	1.004	0.975	1.020	0.976	0.814	0.827	0.843	0.985	0.887	0.855	0.820	0.972	0.928	1.011	1.033	0.954	0.904	0.888	0.872	0.946	0.937	0.947	0.856	0.945	0.944	0.995	1.027	0.925	0.867	0.844	0.845	0.893	0.862	0.895	0.876	0.929	0.926	1.026	0.993	0.914	0.841	0.888	0.920	0.889	0.894	0.933	0.943	0.045	0.997	1.050	0.980	0.902	0.873	0.917	0.948	0.880	0.923	0.961	1.006	0.979	0.982	1.010	0.693	0.828	0.973	0.914	0.916	0.961	0.945	0.955	0.951	0.952	0.964	0.979	0.908
61:01:02	21.7	0.770	0.665	0.941	0.925	0.906	0.919	0.907	0.951	0.944	0.947	0.938	0.893	0.947	0.854	0.872	0.909	0.904	0.952	0.882	0.879	0.912	1.001	0.978	1.015	0.975	0.819	0.825	0.848	0.989	0.890	0.856	0.828	0.974	0.931	1.015	1.038	0.959	0.910	0.892	0.876	0.944	0.945	0.950	0.858	0.950	0.946	0.998	1.025	0.926	0.870	0.849	0.849	0.896	0.866	0.897	0.881	0.928	0.930	1.027	0.995	0.914	0.843	0.885	0.924	0.892	0.898	0.935	0.948	0.045	1.001	1.053	0.985	0.903	0.867	0.917	0.950	0.880	0.920	0.964	1.012	0.986	0.985	1.010	0.690	0.828	0.982	0.914	0.917	0.963	0.949	0.955	0.955	0.954	0.966	0.984	0.906
62:01:03	21.9	0.804	0.657	0.941	0.928	0.910	0.914	0.904	0.948	0.943	0.952	0.945	0.890	0.946	0.854	0.876	0.909	0.904	0.952	0.884	0.879	0.909	1.005	0.980	1.019	0.972	0.826	0.820	0.848	0.987	0.890	0.856	0.834	0.972	0.934	1.012	1.041	0.966	0.910	0.896	0.879	0.943	0.944	0.949	0.859	0.950	0.944	0.994	1.028	0.927	0.871	0.850	0.849	0.894	0.869	0.898	0.880	0.932	0.929	1.029	0.995	0.910	0.853	0.892	0.927	0.893	0.904	0.937	0.950	0.045	1.001	1.054	0.984	0.906	0.882	0.925	0.950	0.881	0.923	0.961	1.012	0.986	0.983	1.008	0.685	0.833	1.005	0.916	0.917	0.962	0.951	0.953	0.956	0.955	0.967	0.988	0.910
63:01:03	21.9	0.774	0.652	0.945	0.931	0.915	0.913	0.896	0.961	0.944	0.957	0.935	0.883	0.930	0.854	0.881	0.916	0.909	0.955	0.887	0.879	0.909	1.001	0.978	1.027	0.980	0.831	0.826	0.850	0.994	0.895	0.860	0.838	0.975	0.936	1.015	1.046	0.963	0.914	0.899	0.882	0.943	0.940	0.952	0.864	0.952	0.947	0.997	1.033	0.931	0.874	0.852	0.851	0.899	0.871	0.900	0.880	0.935	0.930	1.031	0.995	0.928	0.854	0.890	0.930	0.894	0.907	0.937	0.952	0.045	0.997	1.055	0.989	0.907	0.878	0.925	0.953	0.878	0.929	0.962	1.013	0.987	0.987	1.010	0.682	0.831	0.997	0.925	0.924	0.967	0.950	0.955	0.958	0.955	0.972	0.993	0.909
64:01:04	21.9	0.756	0.654	0.945	0.935	0.916	0.914	0.869	0.952	0.947	0.953	0.916	0.879	0.930	0.857	0.884	0.916	0.914	0.955	0.890	0.885	0.914	1.015	0.987	1.022	0.980	0.833	0.829	0.858	0.994	0.895	0.864	0.847	0.978	0.935	1.017	1.049	0.964	0.919	0.903	0.888	0.947	0.949	0.963	0.869	0.953	0.951	1.003	1.031	0.933	0.874	0.856	0.857	0.903	0.874	0.903	0.884	0.936	0.937	1.035	0.998	0.928	0.853	0.896	0.934	0.900	0.913	0.941	0.956	0.045	1.002	1.059	0.994	0.910	0.872	0.935	0.954	0.883	0.929	0.961	1.016	0.991	0.988	1.010	0.680	0.822	1.016	0.927	0.926	0.972	0.952	0.959	0.961	0.958	0.972	0.999	0.909
65:01:04	21.9	0.754	0.654	0.949	0.939	0.923	0.917	0.879	0.966	0.952	0.960	0.933	0.882	0.925	0.861	0.890	0.919	0.914	0.960	0.896	0.891	0.920	1.021	0.993	1.029	0.988	0.836	0.825	0.863	0.996	0.900	0.868	0.851	0.981	0.943	1.021	1.054	0.970	0.920	0.908	0.896	0.952	0.953	0.970	0.872	0.955	0.956	1.008	1.041	0.939	0.879	0.861	0.863	0.912	0.880	0.909	0.886	0.942	0.938	1.038	1.004	0.938	0.865	0.894	0.936	0.901	0.915	0.941	0.958	0.045	1.003	1.062	0.995	0.910	0.895	0.940	0.957	0.884	0.930	0.965	1.023	0.993	0.991	1.014	0.681	0.824	1.002	0.938	0.933	0.969	0.957	0.964	0.965	0.960	0.975	1.003	0.912
66:01:06	21.8	0.747	0.655	0.950	0.944	0.921	0.912	0.850	0.951	0.947	0.955	0.916	0.882	0.930	0.863	0.893	0.919	0.919	0.959	0.897	0.889	0.917	1.013	0.989	1.021	0.985	0.838	0.828	0.864	0.997	0.902	0.868	0.860	0.979	0.940	1.022	1.055	0.969	0.924	0.912	0.899	0.954	0.958	0.965	0.876	0.957	0.953	1.007	1.038	0.939	0.880	0.866	0.865	0.915	0.883	0.910	0.889	0.946	0.938	1.040	1.004	0.952	0.873	0.900	0.943	0.905	0.923	0.944	0.961	0.045	1.003	1.063	1.001	0.912	0.877	0.943	0.960	0.883	0.936	0.964	1.021	0.996	0.996	1.017	0.677	0.822	1.011	0.941	0.935	0.970	0.958	0.966	0.968	0.963	0.974	1.008	0.914
67:01:07	21.8	0.751	0.654	0.950	0.946	0.920	0.916	0.841	0.970	0.950	0.965	0.908	0.884	0.916	0.867	0.897	0.921	0.920	0.962	0.900	0.892	0.924	1.025	1.000	1.020	0.977	0.842	0.833	0.871	1.001	0.905	0.869	0.855	0.982	0.943	1.024	1.056	0.964	0.925	0.914	0.903	0.955	0.957	0.976	0.879	0.958	0.959	1.009	1.047	0.940	0.882	0.868	0.867	0.916	0.886	0.913	0.890	0.949	0.943	1.042	1.001	0.963	0.876	0.906	0.944	0.908	0.923	0.945	0.966	0.045	1.005	1.065	1.005	0.914	0.901	0.942	0.961	0.890	0.937	0.961	1.025	0.998	0.996	1.019	0.675	0.823	1.006	0.937	0.937	0.975	0.961	0.969	0.970	0.967	0.975	1.007	0.912
68:01:08	22.0	0.757	0.645	0.960	0.949	0.928	0.916	0.839	0.974	0.951	0.961	0.909	0.883	0.938	0.874	0.901	0.926	0.924	0.964	0.903	0.899	0.923	1.023	1.000	1.020	0.992	0.843	0.822	0.871	0.994	0.904	0.871	0.868	0.985	0.947	1.027	1.062	0.972	0.930	0.919	0.905	0.961	0.966	0.976	0.881	0.961	0.960	1.015	1.044	0.944	0.885	0.871	0.870	0.919	0.888	0.915	0.893	0.949	0.943	1.042	1.000	0.964	0.880	0.908	0.948	0.909	0.930	0.947	0.964	0.045	1.008	1.067	1.005	0.913	0.892	0.956	0.962	0.889	0.935	0.966	1.029	0.996	0.997	1.015	0.675	0.823	1.000	0.946	0.935	0.974	0.963	0.971	0.973	0.970	0.978	1.009	0.909
69:01:09	22.2	0.753	0.642	0.962	0.955	0.926	0.913	0.837	0.969	0.947	0.957	0.904	0.885	0.936	0.873	0.905	0.926	0.926	0.962	0.905	0.901	0.920	1.030	0.996	1.017	0.992	0.847	0.824	0.877	0.998	0.908	0.874	0.877	0.986	0.949	1.029	1.060	0.966	0.933	0.921	0.907	0.962	0.970	0.975	0.884	0.960	0.958	1.014	1.042	0.946	0.887	0.875	0.871	0.923	0.891	0.918	0.894	0.952	0.944	1.044	0.994	0.976	0.882	0.909	0.950	0.910	0.934	0.950	0.965	0.045	1.006	1.068	1.006	0.916	0.886	0.957	0.966	0.892	0.940	0.964	1.029	1.000	0.999	1.017	0.672	0.819	0.989	0.950	0.935	0.979	0.967	0.975	0.973	0.973	0.972	1.013	0.914
70:01:10	22.3	0.770	0.632	0.962	0.957	0.936	0.918	0.837	0.928	0.960	0.955	0.908	0.880	0.949	0.890	0.903	0.920	0.928	0.956	0.907	0.911	0.926	1.019	0.995	1.016	0.987	0.848	0.820	0.881	0.994	0.909	0.879	0.871	0.987	0.955	1.029	1.064	0.945	0.931	0.918	0.910	0.957	0.971	0.980	0.885	0.967	0.957	1.011	1.048	0.939	0.890	0.875	0.874	0.929	0.892	0.919	0.899	0.953	0.949	1.043	0.988	0.944	0.871	0.918	0.954	0.910	0.932	0.956	0.967	0.045	1.011	1.069	1.007	0.920	0.875	0.969	0.965	0.893	0.927	0.969	1.034	0.999	1.001	1.017	0.672	0.816	0.974	0.938	0.941	0.974	0.957	0.969	0.974	0.971	0.979	1.012	0.913
71:01:11	22.0	0.762	0.634	0.970	0.960	0.933	0.916	0.835	0.949	0.956	0.957	0.908	0.883	0.940	0.886	0.908	0.927	0.931	0.962	0.910	0.909	0.930	1.022	1.002	1.020	0.992	0.852	0.824	0.887	0.999	0.913	0.880	0.880	0.992	0.958	1.033	1.064	0.956	0.933	0.926	0.913	0.959	0.972	0.987	0.891	0.967	0.965	1.016	1.050	0.947	0.889	0.878	0.876	0.927	0.897	0.923	0.899	0.956	0.952	1.047	0.994	0.961	0.883	0.922	0.953	0.916	0.938	0.954	0.973	0.045	1.014	1.072	1.010	0.920	0.884	0.970	0.965	0.892	0.927	0.963	1.038	1.002	1.001	1.017	0.667	0.811	0.964	0.937	0.941	0.980	0.957	0.971	0.975	0.975	0.977	1.019	0.914
72:01:12	21.9	0.766	0.636	0.966	0.965	0.942	0.913	0.836	0.933	0.964	0.953	0.911	0.883	0.957	0.897	0.911	0.926	0.933	0.961	0.915	0.919	0.933	1.022	0.999	1.017	1.000	0.854	0.821	0.890	0.998	0.917	0.883	0.883	0.995	0.964	1.038	1.065	0.955	0.938	0.929	0.918	0.960	0.978	0.983	0.893	0.972	0.964	1.016	1.046	0.944	0.892	0.879	0.879	0.933	0.900	0.924	0.904	0.960	0.956	1.048	0.993	0.956	0.884	0.924	0.958	0.917	0.945	0.959	0.971	0.045	1.017	1.075	1.010	0.923	0.878	0.965	0.971	0.895	0.928	0.968	1.036	1.004	1.006	1.020	0.666	0.806	0.969	0.940	0.949	0.982	0.959	0.974	0.978	0.977	0.978	1.021	0.916

