Time	T° 600	A1	A2	A3	A4	A5	A6	A7	A8	A9	A10	A11	A12	B1	B2	B3	B4	B5	B6	B7	B8	B9	B10	B11	B12	C1	C2	C3	C4	C5	C6	C7	C8	C9	C10	C11	C12	D1	D2	D3	D4	D5	D6	D7	D8	D9	D10	D11	D12	E1	E2	E3	E4	E5	E6	E7	E8	E9	E10	E11	E12	F1	F2	F3	F4	F5	F6	F7	F8	F9	F10	F11	F12	G1	G2	G3	G4	G5	G6	G7	G8	G9	G10	G11	G12	H1	H2	H3	H4	H5	H6	H7	H8	H9	H10	H11	H12
0:00:06	20.7	0.046	0.042	0.050	0.047	0.043	0.047	0.043	0.045	0.043	0.043	0.049	0.044	0.043	0.043	0.045	0.044	0.051	0.043	0.057	0.046	0.046	0.048	0.050	0.046	0.046	0.044	0.043	0.042	0.065	0.049	0.046	0.043	0.047	0.046	0.054	0.045	0.044	0.046	0.045	0.043	0.043	0.045	0.046	0.048	0.046	0.046	0.047	0.051	0.044	0.046	0.046	0.046	0.046	0.052	0.043	0.042	0.057	0.044	0.045	0.044	0.052	0.048	0.046	0.048	0.047	0.047	0.042	0.099	0.044	0.042	0.043	0.046	0.047	0.045	0.052	0.044	0.047	0.047	0.045	0.044	0.049	0.042	0.047	0.043	0.045	0.049	0.052	0.045	0.043	0.042	0.046	0.047	0.047	0.046	0.044	0.043
1:00:03	21.9	0.049	0.043	0.050	0.047	0.044	0.047	0.043	0.046	0.044	0.043	0.049	0.044	0.045	0.043	0.045	0.044	0.045	0.044	0.055	0.047	0.046	0.048	0.050	0.046	0.044	0.045	0.046	0.043	0.076	0.049	0.047	0.043	0.047	0.046	0.054	0.051	0.044	0.048	0.045	0.043	0.043	0.045	0.047	0.049	0.052	0.046	0.047	0.051	0.044	0.046	0.044	0.047	0.047	0.052	0.044	0.042	0.062	0.044	0.046	0.044	0.052	0.053	0.046	0.048	0.047	0.047	0.043	0.132	0.051	0.043	0.043	0.046	0.047	0.045	0.053	0.045	0.047	0.047	0.046	0.045	0.050	0.043	0.048	0.043	0.046	0.049	0.052	0.045	0.043	0.043	0.047	0.047	0.047	0.046	0.047	0.044
2:00:05	22.6	0.049	0.042	0.050	0.047	0.044	0.047	0.043	0.046	0.044	0.043	0.049	0.044	0.045	0.043	0.045	0.044	0.045	0.043	0.049	0.047	0.047	0.048	0.051	0.046	0.043	0.045	0.043	0.043	0.088	0.049	0.044	0.043	0.047	0.046	0.054	0.051	0.044	0.049	0.045	0.043	0.043	0.044	0.047	0.048	0.046	0.046	0.047	0.051	0.044	0.046	0.044	0.047	0.047	0.052	0.044	0.042	0.066	0.044	0.046	0.044	0.053	0.053	0.046	0.048	0.047	0.047	0.043	0.154	0.051	0.043	0.043	0.046	0.047	0.046	0.053	0.044	0.047	0.047	0.046	0.044	0.049	0.043	0.047	0.043	0.046	0.049	0.051	0.045	0.043	0.043	0.046	0.047	0.047	0.046	0.043	0.044
3:00:06	22.9	0.049	0.042	0.050	0.046	0.044	0.047	0.043	0.046	0.044	0.043	0.049	0.044	0.045	0.043	0.045	0.044	0.045	0.043	0.051	0.047	0.047	0.048	0.052	0.046	0.044	0.045	0.043	0.043	0.105	0.050	0.044	0.043	0.047	0.046	0.053	0.051	0.044	0.050	0.045	0.043	0.043	0.044	0.047	0.048	0.046	0.047	0.048	0.051	0.044	0.046	0.044	0.047	0.047	0.052	0.044	0.042	0.068	0.044	0.046	0.044	0.053	0.053	0.046	0.048	0.048	0.048	0.043	0.092	0.051	0.043	0.044	0.047	0.047	0.046	0.054	0.045	0.047	0.048	0.047	0.044	0.050	0.043	0.048	0.043	0.046	0.049	0.051	0.045	0.043	0.043	0.047	0.047	0.047	0.047	0.044	0.044
4:00:07	23.0	0.050	0.043	0.051	0.047	0.044	0.049	0.044	0.047	0.044	0.044	0.050	0.045	0.046	0.044	0.046	0.045	0.045	0.044	0.054	0.048	0.048	0.049	0.052	0.047	0.045	0.046	0.044	0.044	0.116	0.050	0.044	0.044	0.048	0.047	0.054	0.052	0.045	0.051	0.047	0.044	0.044	0.046	0.048	0.048	0.047	0.047	0.048	0.052	0.045	0.047	0.045	0.048	0.047	0.053	0.045	0.043	0.070	0.045	0.047	0.045	0.053	0.054	0.047	0.049	0.048	0.048	0.044	0.096	0.052	0.044	0.044	0.048	0.048	0.046	0.055	0.046	0.048	0.048	0.048	0.046	0.050	0.044	0.048	0.044	0.048	0.050	0.051	0.046	0.044	0.044	0.048	0.048	0.048	0.047	0.045	0.045
5:00:08	23.0	0.052	0.043	0.052	0.048	0.045	0.052	0.045	0.048	0.045	0.045	0.052	0.046	0.047	0.044	0.046	0.045	0.045	0.045	0.056	0.049	0.049	0.050	0.052	0.048	0.046	0.046	0.045	0.045	0.124	0.051	0.045	0.044	0.049	0.048	0.054	0.053	0.046	0.052	0.047	0.044	0.045	0.046	0.048	0.048	0.048	0.048	0.049	0.053	0.046	0.047	0.046	0.048	0.048	0.053	0.046	0.044	0.072	0.045	0.049	0.047	0.053	0.055	0.048	0.049	0.049	0.049	0.044	0.101	0.052	0.046	0.045	0.050	0.049	0.047	0.056	0.046	0.049	0.049	0.048	0.046	0.052	0.045	0.049	0.046	0.049	0.051	0.052	0.047	0.045	0.045	0.050	0.049	0.049	0.049	0.047	0.047
6:00:09	23.0	0.054	0.045	0.054	0.049	0.047	0.053	0.047	0.050	0.047	0.049	0.055	0.048	0.050	0.046	0.048	0.047	0.045	0.048	0.058	0.050	0.051	0.052	0.056	0.051	0.048	0.048	0.047	0.047	0.128	0.053	0.047	0.045	0.052	0.050	0.057	0.055	0.048	0.053	0.050	0.046	0.047	0.048	0.050	0.049	0.050	0.050	0.052	0.056	0.049	0.049	0.048	0.050	0.050	0.055	0.048	0.045	0.075	0.047	0.051	0.049	0.055	0.056	0.050	0.051	0.050	0.050	0.047	0.106	0.055	0.048	0.049	0.051	0.051	0.049	0.058	0.048	0.051	0.051	0.051	0.048	0.054	0.048	0.051	0.048	0.051	0.054	0.055	0.049	0.047	0.048	0.052	0.051	0.052	0.051	0.049	0.049
7:00:10	23.0	0.057	0.047	0.057	0.049	0.050	0.052	0.050	0.053	0.050	0.053	0.058	0.051	0.052	0.048	0.050	0.048	0.045	0.051	0.060	0.052	0.055	0.055	0.058	0.053	0.051	0.050	0.050	0.051	0.134	0.056	0.050	0.047	0.055	0.054	0.060	0.057	0.050	0.055	0.053	0.049	0.051	0.051	0.053	0.051	0.053	0.053	0.056	0.058	0.051	0.052	0.051	0.053	0.053	0.058	0.051	0.048	0.077	0.048	0.054	0.051	0.057	0.057	0.054	0.053	0.053	0.052	0.050	0.110	0.059	0.052	0.052	0.054	0.053	0.051	0.061	0.051	0.055	0.055	0.054	0.052	0.058	0.050	0.053	0.051	0.052	0.058	0.058	0.053	0.051	0.050	0.055	0.054	0.055	0.053	0.052	0.052
8:00:09	22.9	0.061	0.050	0.063	0.051	0.055	0.056	0.054	0.058	0.056	0.057	0.062	0.053	0.057	0.050	0.054	0.051	0.045	0.056	0.063	0.057	0.060	0.059	0.061	0.056	0.055	0.053	0.056	0.055	0.137	0.061	0.055	0.050	0.059	0.060	0.065	0.059	0.054	0.060	0.058	0.054	0.057	0.058	0.058	0.055	0.059	0.059	0.062	0.061	0.054	0.056	0.057	0.058	0.058	0.063	0.056	0.051	0.079	0.050	0.058	0.053	0.061	0.059	0.060	0.058	0.058	0.054	0.055	0.112	0.064	0.057	0.056	0.057	0.056	0.055	0.066	0.056	0.060	0.059	0.059	0.057	0.062	0.054	0.056	0.055	0.055	0.062	0.062	0.058	0.056	0.054	0.058	0.059	0.059	0.056	0.055	0.055
9:00:11	22.7	0.066	0.055	0.071	0.054	0.061	0.063	0.059	0.064	0.061	0.063	0.068	0.057	0.061	0.055	0.059	0.055	0.045	0.061	0.067	0.062	0.066	0.064	0.066	0.061	0.060	0.058	0.065	0.060	0.136	0.068	0.062	0.054	0.065	0.067	0.071	0.063	0.060	0.065	0.066	0.062	0.064	0.066	0.064	0.062	0.067	0.067	0.068	0.065	0.058	0.062	0.064	0.065	0.065	0.069	0.062	0.055	0.081	0.053	0.063	0.058	0.066	0.063	0.068	0.064	0.064	0.058	0.062	0.113	0.070	0.064	0.062	0.063	0.060	0.060	0.071	0.064	0.067	0.065	0.067	0.063	0.068	0.059	0.061	0.060	0.059	0.069	0.067	0.065	0.062	0.060	0.063	0.064	0.065	0.061	0.059	0.059
10:00:12	22.7	0.073	0.062	0.081	0.058	0.069	0.071	0.065	0.071	0.069	0.071	0.076	0.063	0.070	0.062	0.068	0.062	0.045	0.069	0.073	0.069	0.074	0.071	0.074	0.069	0.067	0.065	0.076	0.068	0.134	0.076	0.072	0.058	0.072	0.077	0.079	0.069	0.069	0.074	0.077	0.072	0.072	0.077	0.074	0.073	0.076	0.075	0.076	0.073	0.064	0.070	0.072	0.073	0.072	0.078	0.069	0.060	0.083	0.060	0.071	0.065	0.073	0.068	0.078	0.070	0.071	0.064	0.069	0.112	0.079	0.070	0.069	0.070	0.066	0.067	0.078	0.073	0.076	0.072	0.073	0.070	0.075	0.066	0.069	0.067	0.066	0.076	0.075	0.072	0.070	0.067	0.071	0.070	0.074	0.069	0.067	0.067
11:00:13	22.9	0.086	0.078	0.093	0.064	0.082	0.085	0.081	0.084	0.083	0.087	0.091	0.078	0.081	0.077	0.082	0.074	0.045	0.084	0.081	0.081	0.089	0.086	0.090	0.088	0.079	0.080	0.090	0.082	0.130	0.090	0.086	0.068	0.087	0.092	0.093	0.080	0.084	0.089	0.091	0.088	0.088	0.092	0.086	0.087	0.090	0.090	0.092	0.089	0.077	0.086	0.086	0.088	0.085	0.091	0.082	0.071	0.088	0.073	0.091	0.081	0.086	0.077	0.092	0.082	0.083	0.077	0.083	0.109	0.092	0.086	0.086	0.091	0.079	0.080	0.093	0.087	0.090	0.088	0.088	0.084	0.091	0.084	0.087	0.085	0.078	0.092	0.093	0.087	0.085	0.088	0.092	0.088	0.094	0.091	0.085	0.086
12:00:14	22.9	0.110	0.097	0.110	0.074	0.102	0.103	0.104	0.106	0.103	0.116	0.117	0.103	0.102	0.099	0.102	0.090	0.045	0.109	0.096	0.097	0.108	0.108	0.114	0.114	0.098	0.102	0.109	0.102	0.130	0.107	0.104	0.083	0.112	0.109	0.114	0.108	0.104	0.106	0.108	0.105	0.108	0.112	0.103	0.103	0.108	0.108	0.113	0.116	0.101	0.106	0.104	0.106	0.100	0.105	0.100	0.089	0.103	0.091	0.118	0.110	0.103	0.094	0.109	0.097	0.098	0.099	0.101	0.116	0.111	0.106	0.107	0.120	0.102	0.099	0.116	0.105	0.109	0.110	0.107	0.105	0.115	0.108	0.111	0.111	0.105	0.115	0.116	0.107	0.103	0.116	0.121	0.113	0.122	0.120	0.111	0.115
13:00:15	22.9	0.138	0.118	0.133	0.090	0.131	0.120	0.130	0.136	0.130	0.150	0.146	0.130	0.125	0.116	0.120	0.106	0.045	0.133	0.112	0.116	0.123	0.129	0.141	0.146	0.121	0.115	0.123	0.125	0.136	0.122	0.127	0.100	0.129	0.127	0.136	0.141	0.121	0.124	0.124	0.121	0.134	0.133	0.124	0.117	0.127	0.126	0.127	0.159	0.127	0.123	0.124	0.125	0.120	0.127	0.123	0.109	0.121	0.111	0.140	0.145	0.136	0.115	0.125	0.118	0.116	0.127	0.119	0.125	0.133	0.126	0.127	0.145	0.132	0.118	0.134	0.126	0.129	0.134	0.124	0.126	0.137	0.132	0.130	0.135	0.136	0.139	0.138	0.133	0.127	0.149	0.154	0.133	0.150	0.146	0.137	0.146
14:00:16	22.9	0.165	0.148	0.163	0.110	0.157	0.137	0.160	0.151	0.153	0.184	0.182	0.163	0.156	0.136	0.134	0.127	0.045	0.161	0.128	0.131	0.143	0.145	0.156	0.176	0.155	0.126	0.127	0.153	0.141	0.138	0.145	0.127	0.153	0.142	0.162	0.179	0.141	0.142	0.140	0.133	0.150	0.146	0.144	0.138	0.141	0.140	0.153	0.205	0.164	0.136	0.142	0.138	0.141	0.136	0.146	0.132	0.138	0.126	0.173	0.183	0.168	0.132	0.142	0.142	0.135	0.152	0.142	0.138	0.156	0.147	0.152	0.175	0.164	0.134	0.154	0.137	0.151	0.161	0.151	0.158	0.166	0.162	0.158	0.171	0.169	0.166	0.172	0.167	0.162	0.181	0.187	0.170	0.188	0.178	0.166	0.178
15:00:17	22.8	0.196	0.183	0.195	0.142	0.197	0.174	0.193	0.186	0.188	0.225	0.222	0.200	0.194	0.160	0.156	0.150	0.045	0.202	0.154	0.160	0.174	0.178	0.190	0.211	0.187	0.147	0.156	0.192	0.156	0.164	0.185	0.153	0.189	0.175	0.195	0.213	0.179	0.171	0.170	0.155	0.190	0.179	0.171	0.164	0.172	0.177	0.191	0.241	0.196	0.158	0.170	0.165	0.171	0.168	0.174	0.161	0.167	0.152	0.214	0.219	0.202	0.163	0.168	0.164	0.161	0.175	0.172	0.166	0.193	0.188	0.190	0.215	0.195	0.164	0.186	0.165	0.183	0.197	0.178	0.192	0.209	0.198	0.188	0.205	0.197	0.198	0.212	0.197	0.194	0.213	0.223	0.209	0.229	0.215	0.206	0.212
16:00:18	22.8	0.230	0.223	0.233	0.169	0.245	0.203	0.231	0.234	0.225	0.271	0.257	0.234	0.228	0.191	0.184	0.178	0.046	0.244	0.188	0.193	0.211	0.215	0.229	0.245	0.222	0.176	0.193	0.234	0.184	0.199	0.228	0.177	0.231	0.214	0.234	0.246	0.218	0.209	0.210	0.182	0.234	0.218	0.208	0.198	0.208	0.216	0.233	0.271	0.226	0.188	0.207	0.195	0.207	0.205	0.208	0.195	0.208	0.185	0.255	0.252	0.236	0.198	0.203	0.193	0.189	0.203	0.204	0.202	0.234	0.231	0.231	0.256	0.222	0.197	0.225	0.200	0.221	0.240	0.209	0.234	0.250	0.235	0.214	0.240	0.225	0.235	0.255	0.236	0.227	0.244	0.258	0.248	0.268	0.252	0.245	0.242
17:00:19	22.7	0.267	0.269	0.279	0.201	0.290	0.244	0.268	0.283	0.270	0.320	0.307	0.269	0.268	0.235	0.224	0.220	0.045	0.289	0.231	0.236	0.259	0.258	0.270	0.271	0.263	0.220	0.235	0.280	0.229	0.240	0.274	0.204	0.278	0.260	0.278	0.279	0.267	0.253	0.262	0.226	0.282	0.263	0.258	0.241	0.249	0.264	0.281	0.304	0.258	0.238	0.250	0.238	0.251	0.249	0.254	0.239	0.253	0.229	0.297	0.284	0.274	0.241	0.251	0.235	0.229	0.230	0.250	0.245	0.280	0.281	0.281	0.294	0.255	0.239	0.270	0.243	0.267	0.292	0.254	0.282	0.302	0.275	0.241	0.276	0.252	0.275	0.299	0.280	0.267	0.278	0.302	0.297	0.306	0.292	0.287	0.277
18:00:20	22.7	0.311	0.320	0.328	0.236	0.338	0.292	0.307	0.335	0.320	0.370	0.360	0.312	0.311	0.280	0.270	0.266	0.045	0.331	0.279	0.289	0.316	0.308	0.320	0.309	0.306	0.264	0.280	0.328	0.282	0.288	0.322	0.231	0.332	0.313	0.328	0.313	0.322	0.298	0.316	0.266	0.336	0.308	0.309	0.291	0.294	0.316	0.339	0.344	0.295	0.286	0.298	0.283	0.302	0.297	0.306	0.287	0.303	0.279	0.348	0.324	0.314	0.291	0.305	0.281	0.277	0.258	0.304	0.291	0.331	0.339	0.337	0.340	0.291	0.289	0.326	0.289	0.319	0.348	0.306	0.329	0.361	0.329	0.270	0.316	0.288	0.330	0.346	0.329	0.313	0.312	0.344	0.351	0.349	0.335	0.332	0.319
19:00:22	22.6	0.366	0.387	0.393	0.285	0.397	0.356	0.364	0.398	0.382	0.438	0.423	0.371	0.371	0.342	0.328	0.321	0.045	0.391	0.337	0.350	0.383	0.370	0.381	0.360	0.367	0.324	0.340	0.392	0.346	0.356	0.379	0.265	0.392	0.376	0.390	0.358	0.399	0.357	0.386	0.333	0.398	0.362	0.377	0.354	0.354	0.383	0.405	0.397	0.353	0.357	0.363	0.348	0.354	0.357	0.378	0.345	0.361	0.353	0.413	0.379	0.366	0.356	0.385	0.340	0.332	0.303	0.365	0.352	0.391	0.399	0.401	0.399	0.344	0.358	0.394	0.361	0.381	0.417	0.375	0.393	0.422	0.396	0.314	0.374	0.332	0.399	0.406	0.395	0.380	0.368	0.398	0.412	0.406	0.394	0.396	0.383
20:00:22	22.6	0.445	0.463	0.469	0.347	0.462	0.439	0.422	0.463	0.459	0.532	0.511	0.439	0.437	0.418	0.418	0.375	0.045	0.460	0.411	0.426	0.467	0.441	0.448	0.431	0.445	0.407	0.421	0.461	0.417	0.428	0.446	0.328	0.469	0.457	0.470	0.425	0.484	0.429	0.469	0.414	0.469	0.438	0.451	0.433	0.433	0.468	0.492	0.471	0.430	0.443	0.442	0.432	0.428	0.432	0.458	0.415	0.430	0.434	0.485	0.465	0.433	0.430	0.475	0.420	0.404	0.355	0.443	0.425	0.476	0.471	0.475	0.489	0.411	0.435	0.481	0.445	0.452	0.489	0.460	0.466	0.499	0.467	0.400	0.456	0.403	0.498	0.483	0.471	0.454	0.444	0.474	0.491	0.474	0.475	0.475	0.477
21:00:24	22.7	0.521	0.527	0.526	0.420	0.534	0.515	0.496	0.535	0.509	0.592	0.576	0.520	0.503	0.507	0.501	0.447	0.046	0.542	0.486	0.505	0.526	0.492	0.527	0.510	0.522	0.495	0.512	0.527	0.505	0.511	0.529	0.415	0.538	0.530	0.554	0.512	0.556	0.508	0.536	0.491	0.542	0.524	0.518	0.506	0.510	0.529	0.551	0.568	0.514	0.526	0.517	0.517	0.504	0.516	0.531	0.486	0.510	0.509	0.564	0.552	0.518	0.512	0.548	0.500	0.486	0.427	0.516	0.506	0.543	0.537	0.546	0.567	0.505	0.515	0.552	0.530	0.541	0.555	0.542	0.554	0.575	0.565	0.496	0.559	0.491	0.603	0.587	0.568	0.546	0.551	0.564	0.579	0.568	0.570	0.579	0.552
22:00:24	22.8	0.552	0.550	0.574	0.483	0.581	0.569	0.555	0.595	0.561	0.629	0.618	0.568	0.556	0.584	0.573	0.503	0.046	0.618	0.533	0.545	0.575	0.551	0.585	0.574	0.566	0.590	0.583	0.604	0.568	0.569	0.596	0.500	0.585	0.579	0.601	0.577	0.591	0.569	0.603	0.580	0.591	0.602	0.568	0.565	0.574	0.602	0.600	0.629	0.575	0.613	0.591	0.604	0.575	0.580	0.604	0.534	0.562	0.582	0.623	0.609	0.599	0.593	0.625	0.584	0.561	0.497	0.582	0.575	0.611	0.588	0.597	0.611	0.571	0.597	0.601	0.619	0.620	0.607	0.612	0.624	0.627	0.623	0.567	0.632	0.543	0.636	0.665	0.635	0.629	0.631	0.612	0.636	0.659	0.630	0.655	0.590
23:00:26	22.9	0.591	0.600	0.632	0.526	0.642	0.600	0.604	0.641	0.622	0.683	0.663	0.609	0.597	0.630	0.627	0.562	0.046	0.659	0.590	0.592	0.608	0.613	0.636	0.618	0.601	0.636	0.628	0.643	0.624	0.616	0.656	0.557	0.638	0.633	0.660	0.613	0.632	0.631	0.652	0.632	0.664	0.650	0.626	0.621	0.637	0.652	0.662	0.655	0.607	0.671	0.656	0.660	0.631	0.625	0.650	0.586	0.617	0.636	0.671	0.645	0.625	0.656	0.671	0.635	0.627	0.560	0.634	0.616	0.665	0.647	0.648	0.647	0.593	0.642	0.657	0.674	0.677	0.641	0.654	0.661	0.670	0.645	0.622	0.644	0.575	0.660	0.689	0.663	0.652	0.641	0.643	0.657	0.678	0.656	0.665	0.618
24:00:27	23.1	0.628	0.655	0.687	0.564	0.687	0.630	0.647	0.688	0.671	0.727	0.710	0.664	0.646	0.664	0.654	0.608	0.046	0.692	0.634	0.631	0.660	0.651	0.681	0.667	0.646	0.659	0.676	0.684	0.640	0.656	0.711	0.592	0.686	0.669	0.699	0.657	0.672	0.664	0.675	0.685	0.706	0.709	0.660	0.666	0.682	0.677	0.707	0.700	0.657	0.682	0.690	0.698	0.685	0.682	0.675	0.624	0.666	0.659	0.719	0.691	0.661	0.667	0.693	0.670	0.675	0.601	0.658	0.657	0.698	0.680	0.695	0.699	0.646	0.645	0.701	0.702	0.689	0.684	0.673	0.689	0.707	0.682	0.653	0.679	0.624	0.704	0.722	0.692	0.673	0.674	0.690	0.706	0.718	0.697	0.702	0.664
25:00:28	23.1	0.663	0.699	0.730	0.619	0.731	0.674	0.689	0.734	0.719	0.766	0.752	0.707	0.687	0.669	0.678	0.637	0.046	0.736	0.671	0.677	0.701	0.691	0.726	0.722	0.694	0.674	0.704	0.724	0.668	0.697	0.737	0.620	0.729	0.708	0.744	0.704	0.729	0.700	0.722	0.696	0.722	0.713	0.691	0.697	0.698	0.704	0.750	0.743	0.705	0.693	0.704	0.713	0.708	0.718	0.709	0.664	0.705	0.672	0.766	0.737	0.714	0.696	0.724	0.683	0.691	0.645	0.690	0.700	0.732	0.715	0.743	0.743	0.692	0.672	0.739	0.712	0.705	0.731	0.701	0.716	0.752	0.719	0.667	0.725	0.663	0.755	0.765	0.734	0.713	0.717	0.733	0.753	0.765	0.737	0.747	0.703
26:00:28	23.0	0.687	0.727	0.777	0.664	0.764	0.722	0.722	0.763	0.758	0.797	0.782	0.739	0.718	0.694	0.704	0.681	0.045	0.771	0.714	0.718	0.737	0.728	0.771	0.756	0.728	0.687	0.717	0.763	0.714	0.738	0.773	0.633	0.769	0.744	0.787	0.746	0.771	0.738	0.767	0.710	0.761	0.729	0.726	0.723	0.720	0.737	0.788	0.781	0.738	0.713	0.730	0.727	0.742	0.747	0.732	0.703	0.744	0.669	0.806	0.773	0.762	0.735	0.750	0.718	0.722	0.689	0.719	0.742	0.765	0.763	0.786	0.773	0.728	0.708	0.774	0.729	0.733	0.773	0.732	0.754	0.799	0.755	0.671	0.766	0.694	0.795	0.807	0.776	0.762	0.748	0.762	0.795	0.804	0.770	0.786	0.730
27:00:30	23.0	0.719	0.760	0.817	0.710	0.798	0.761	0.759	0.793	0.796	0.829	0.819	0.773	0.752	0.719	0.738	0.729	0.045	0.795	0.761	0.757	0.775	0.767	0.818	0.788	0.763	0.705	0.738	0.801	0.756	0.776	0.812	0.662	0.806	0.783	0.835	0.779	0.814	0.774	0.811	0.733	0.800	0.772	0.765	0.754	0.741	0.779	0.830	0.818	0.773	0.744	0.765	0.743	0.780	0.782	0.766	0.747	0.789	0.672	0.850	0.810	0.806	0.778	0.783	0.756	0.754	0.724	0.758	0.780	0.804	0.812	0.829	0.804	0.767	0.749	0.810	0.752	0.773	0.817	0.771	0.793	0.849	0.794	0.663	0.811	0.720	0.838	0.847	0.819	0.801	0.777	0.798	0.845	0.848	0.806	0.824	0.756
28:00:31	23.0	0.748	0.773	0.840	0.738	0.815	0.793	0.774	0.812	0.817	0.845	0.832	0.793	0.765	0.738	0.762	0.762	0.045	0.807	0.795	0.784	0.803	0.795	0.845	0.810	0.781	0.725	0.756	0.824	0.794	0.794	0.831	0.689	0.836	0.811	0.870	0.799	0.838	0.804	0.843	0.758	0.811	0.800	0.796	0.781	0.774	0.815	0.855	0.839	0.793	0.773	0.796	0.761	0.822	0.815	0.795	0.783	0.823	0.679	0.875	0.831	0.829	0.800	0.811	0.785	0.785	0.750	0.793	0.809	0.842	0.849	0.863	0.817	0.781	0.773	0.832	0.778	0.800	0.845	0.795	0.833	0.878	0.819	0.653	0.835	0.731	0.862	0.870	0.848	0.832	0.797	0.816	0.869	0.870	0.821	0.845	0.771
29:00:32	23.1	0.765	0.787	0.855	0.759	0.834	0.814	0.789	0.831	0.836	0.857	0.841	0.804	0.778	0.763	0.786	0.788	0.045	0.823	0.823	0.811	0.824	0.816	0.868	0.825	0.794	0.739	0.761	0.840	0.821	0.806	0.847	0.717	0.858	0.835	0.893	0.813	0.857	0.830	0.867	0.779	0.827	0.816	0.820	0.804	0.794	0.842	0.874	0.856	0.809	0.797	0.815	0.791	0.851	0.844	0.820	0.814	0.850	0.680	0.895	0.842	0.852	0.820	0.835	0.815	0.810	0.771	0.820	0.832	0.874	0.876	0.888	0.825	0.798	0.800	0.848	0.801	0.818	0.868	0.815	0.862	0.900	0.840	0.646	0.853	0.744	0.878	0.891	0.880	0.851	0.810	0.822	0.888	0.891	0.837	0.860	0.783
30:00:33	23.1	0.789	0.801	0.875	0.778	0.854	0.831	0.804	0.844	0.854	0.870	0.859	0.819	0.789	0.786	0.809	0.811	0.046	0.837	0.844	0.832	0.846	0.838	0.888	0.847	0.808	0.761	0.795	0.861	0.840	0.825	0.867	0.739	0.875	0.854	0.916	0.825	0.870	0.848	0.888	0.802	0.840	0.848	0.843	0.828	0.822	0.865	0.894	0.870	0.824	0.823	0.827	0.817	0.878	0.870	0.846	0.842	0.873	0.685	0.912	0.856	0.868	0.838	0.861	0.835	0.837	0.791	0.848	0.856	0.901	0.899	0.907	0.833	0.812	0.820	0.865	0.825	0.840	0.888	0.836	0.884	0.919	0.861	0.638	0.866	0.754	0.894	0.905	0.904	0.877	0.826	0.835	0.906	0.906	0.849	0.874	0.797
31:00:33	23.0	0.797	0.812	0.881	0.789	0.864	0.842	0.812	0.856	0.867	0.874	0.867	0.828	0.800	0.806	0.830	0.826	0.046	0.852	0.861	0.847	0.861	0.853	0.906	0.859	0.816	0.773	0.808	0.872	0.853	0.835	0.877	0.750	0.888	0.866	0.930	0.832	0.882	0.862	0.900	0.822	0.848	0.858	0.857	0.846	0.839	0.881	0.906	0.877	0.827	0.838	0.838	0.832	0.894	0.886	0.856	0.859	0.889	0.680	0.924	0.865	0.881	0.853	0.871	0.851	0.847	0.807	0.862	0.877	0.915	0.913	0.920	0.842	0.825	0.831	0.879	0.839	0.854	0.901	0.846	0.902	0.929	0.876	0.644	0.875	0.762	0.900	0.914	0.920	0.889	0.835	0.840	0.919	0.918	0.857	0.883	0.805
32:00:35	22.9	0.810	0.828	0.893	0.802	0.875	0.855	0.821	0.863	0.877	0.882	0.876	0.839	0.808	0.816	0.843	0.839	0.045	0.864	0.875	0.860	0.876	0.864	0.916	0.868	0.824	0.787	0.822	0.886	0.867	0.849	0.888	0.750	0.900	0.879	0.942	0.843	0.899	0.871	0.912	0.837	0.861	0.872	0.872	0.860	0.862	0.896	0.915	0.889	0.837	0.852	0.853	0.853	0.914	0.901	0.869	0.876	0.900	0.679	0.936	0.875	0.893	0.865	0.881	0.866	0.865	0.823	0.875	0.888	0.925	0.926	0.932	0.850	0.841	0.844	0.894	0.850	0.869	0.913	0.860	0.913	0.943	0.892	0.652	0.884	0.779	0.909	0.923	0.935	0.914	0.846	0.854	0.932	0.928	0.868	0.893	0.817
33:00:35	22.8	0.820	0.848	0.898	0.808	0.880	0.866	0.829	0.874	0.889	0.883	0.878	0.842	0.816	0.827	0.850	0.848	0.046	0.874	0.882	0.867	0.884	0.874	0.925	0.889	0.826	0.790	0.832	0.894	0.878	0.850	0.896	0.748	0.909	0.889	0.952	0.849	0.900	0.881	0.917	0.839	0.870	0.877	0.880	0.868	0.861	0.899	0.922	0.896	0.840	0.853	0.857	0.858	0.921	0.911	0.876	0.882	0.909	0.675	0.943	0.882	0.896	0.874	0.888	0.873	0.861	0.831	0.882	0.898	0.936	0.933	0.940	0.856	0.851	0.851	0.900	0.854	0.873	0.922	0.866	0.925	0.950	0.898	0.651	0.885	0.775	0.909	0.926	0.940	0.922	0.848	0.853	0.937	0.934	0.872	0.895	0.823
34:00:36	22.8	0.823	0.857	0.902	0.817	0.884	0.876	0.837	0.880	0.898	0.892	0.887	0.845	0.823	0.840	0.856	0.856	0.046	0.879	0.889	0.876	0.891	0.881	0.938	0.893	0.832	0.806	0.846	0.904	0.888	0.857	0.902	0.744	0.916	0.897	0.958	0.857	0.906	0.888	0.924	0.847	0.878	0.882	0.887	0.874	0.877	0.910	0.935	0.905	0.843	0.862	0.869	0.855	0.927	0.920	0.887	0.894	0.920	0.671	0.952	0.892	0.898	0.883	0.896	0.881	0.876	0.842	0.898	0.909	0.946	0.943	0.953	0.861	0.848	0.861	0.909	0.865	0.880	0.930	0.876	0.938	0.958	0.906	0.663	0.892	0.781	0.912	0.927	0.945	0.928	0.856	0.861	0.945	0.940	0.880	0.900	0.832
35:00:37	23.0	0.818	0.859	0.898	0.813	0.883	0.872	0.835	0.881	0.896	0.883	0.879	0.854	0.821	0.832	0.860	0.856	0.046	0.878	0.889	0.876	0.889	0.884	0.935	0.900	0.829	0.809	0.844	0.907	0.890	0.859	0.901	0.731	0.917	0.895	0.961	0.859	0.909	0.895	0.924	0.845	0.876	0.880	0.887	0.876	0.881	0.907	0.934	0.901	0.842	0.859	0.870	0.858	0.926	0.918	0.885	0.898	0.920	0.668	0.953	0.892	0.895	0.883	0.895	0.893	0.879	0.852	0.902	0.912	0.945	0.945	0.952	0.861	0.851	0.864	0.916	0.869	0.883	0.930	0.880	0.940	0.960	0.910	0.687	0.888	0.784	0.910	0.927	0.948	0.931	0.855	0.860	0.944	0.940	0.881	0.900	0.834
36:00:37	23.0	0.821	0.884	0.901	0.828	0.892	0.880	0.849	0.889	0.903	0.885	0.890	0.855	0.833	0.838	0.865	0.863	0.046	0.881	0.895	0.884	0.897	0.887	0.941	0.909	0.838	0.808	0.848	0.915	0.896	0.861	0.903	0.717	0.922	0.901	0.969	0.870	0.919	0.896	0.928	0.850	0.881	0.884	0.894	0.882	0.882	0.910	0.938	0.909	0.848	0.863	0.872	0.872	0.932	0.927	0.889	0.903	0.930	0.670	0.962	0.901	0.909	0.892	0.898	0.893	0.881	0.861	0.906	0.919	0.954	0.947	0.961	0.867	0.860	0.872	0.922	0.867	0.891	0.938	0.887	0.951	0.966	0.919	0.679	0.892	0.789	0.913	0.929	0.954	0.937	0.861	0.864	0.950	0.947	0.887	0.905	0.842
37:00:39	23.0	0.825	0.891	0.900	0.833	0.891	0.883	0.852	0.892	0.905	0.887	0.894	0.858	0.836	0.844	0.868	0.869	0.046	0.883	0.901	0.888	0.899	0.893	0.947	0.915	0.840	0.809	0.850	0.918	0.900	0.862	0.905	0.716	0.927	0.904	0.974	0.874	0.919	0.901	0.929	0.845	0.880	0.887	0.897	0.882	0.883	0.910	0.940	0.914	0.844	0.865	0.874	0.871	0.936	0.930	0.894	0.912	0.934	0.676	0.969	0.908	0.912	0.893	0.900	0.897	0.882	0.869	0.910	0.926	0.958	0.953	0.970	0.872	0.877	0.877	0.925	0.872	0.890	0.942	0.887	0.955	0.971	0.924	0.695	0.896	0.798	0.919	0.932	0.951	0.939	0.863	0.868	0.952	0.950	0.894	0.909	0.849
38:00:40	22.9	0.809	0.889	0.901	0.842	0.894	0.882	0.859	0.892	0.901	0.886	0.898	0.854	0.845	0.834	0.866	0.871	0.045	0.882	0.900	0.886	0.899	0.893	0.949	0.917	0.841	0.805	0.842	0.920	0.900	0.861	0.899	0.703	0.928	0.904	0.976	0.880	0.919	0.901	0.929	0.846	0.876	0.885	0.897	0.877	0.884	0.906	0.942	0.915	0.850	0.862	0.869	0.867	0.933	0.928	0.895	0.911	0.936	0.684	0.970	0.914	0.910	0.892	0.897	0.899	0.884	0.877	0.911	0.926	0.961	0.955	0.971	0.877	0.872	0.879	0.924	0.867	0.893	0.942	0.889	0.960	0.972	0.926	0.727	0.896	0.827	0.911	0.929	0.954	0.937	0.864	0.867	0.950	0.947	0.895	0.909	0.853
39:00:41	22.9	0.808	0.897	0.901	0.842	0.897	0.878	0.860	0.893	0.903	0.884	0.898	0.870	0.846	0.836	0.868	0.870	0.046	0.883	0.901	0.891	0.900	0.895	0.954	0.926	0.844	0.805	0.845	0.921	0.901	0.865	0.900	0.700	0.931	0.906	0.978	0.884	0.915	0.903	0.930	0.845	0.875	0.882	0.899	0.876	0.879	0.905	0.942	0.916	0.850	0.853	0.868	0.868	0.934	0.931	0.892	0.913	0.937	0.692	0.973	0.919	0.910	0.895	0.896	0.906	0.885	0.886	0.917	0.929	0.961	0.954	0.974	0.881	0.891	0.888	0.929	0.868	0.901	0.944	0.895	0.965	0.972	0.933	0.739	0.900	0.835	0.924	0.930	0.957	0.941	0.868	0.873	0.949	0.949	0.899	0.910	0.861
40:00:42	22.9	0.813	0.899	0.900	0.850	0.900	0.880	0.867	0.903	0.904	0.883	0.900	0.881	0.850	0.835	0.865	0.872	0.046	0.883	0.903	0.895	0.902	0.897	0.954	0.938	0.850	0.800	0.844	0.925	0.901	0.864	0.894	0.695	0.935	0.906	0.979	0.891	0.924	0.905	0.929	0.845	0.873	0.878	0.900	0.876	0.881	0.905	0.941	0.920	0.854	0.845	0.868	0.862	0.935	0.932	0.891	0.918	0.940	0.702	0.979	0.927	0.911	0.897	0.888	0.910	0.883	0.896	0.919	0.936	0.962	0.955	0.978	0.887	0.900	0.890	0.931	0.859	0.901	0.945	0.896	0.965	0.975	0.937	0.750	0.904	0.830	0.930	0.934	0.956	0.945	0.872	0.877	0.953	0.952	0.906	0.915	0.865
41:00:42	22.8	0.819	0.905	0.905	0.857	0.901	0.884	0.871	0.911	0.907	0.885	0.906	0.878	0.856	0.825	0.865	0.874	0.046	0.885	0.906	0.897	0.903	0.898	0.957	0.948	0.854	0.798	0.842	0.927	0.903	0.864	0.894	0.687	0.937	0.907	0.984	0.897	0.924	0.908	0.927	0.844	0.872	0.873	0.900	0.873	0.877	0.903	0.943	0.928	0.858	0.836	0.868	0.859	0.939	0.934	0.888	0.920	0.942	0.711	0.984	0.935	0.914	0.900	0.887	0.909	0.877	0.907	0.920	0.939	0.964	0.953	0.982	0.895	0.916	0.895	0.932	0.857	0.903	0.949	0.900	0.969	0.978	0.943	0.762	0.911	0.833	0.927	0.936	0.961	0.949	0.880	0.883	0.955	0.956	0.912	0.920	0.872
42:00:44	22.7	0.820	0.901	0.891	0.870	0.907	0.889	0.869	0.915	0.901	0.887	0.906	0.880	0.861	0.818	0.863	0.874	0.046	0.886	0.908	0.901	0.905	0.902	0.957	0.946	0.853	0.798	0.840	0.927	0.902	0.860	0.890	0.682	0.940	0.908	0.987	0.905	0.928	0.909	0.926	0.840	0.870	0.874	0.897	0.867	0.874	0.904	0.941	0.935	0.858	0.834	0.863	0.855	0.941	0.932	0.882	0.922	0.944	0.717	0.989	0.941	0.916	0.898	0.884	0.907	0.875	0.914	0.919	0.942	0.965	0.955	0.985	0.902	0.913	0.896	0.929	0.851	0.901	0.950	0.902	0.969	0.982	0.946	0.782	0.915	0.841	0.933	0.944	0.962	0.944	0.881	0.887	0.957	0.960	0.914	0.920	0.873
43:00:45	22.7	0.822	0.905	0.895	0.870	0.908	0.883	0.871	0.916	0.901	0.884	0.907	0.880	0.865	0.796	0.858	0.873	0.046	0.888	0.908	0.900	0.902	0.899	0.959	0.949	0.857	0.788	0.834	0.929	0.900	0.861	0.891	0.671	0.939	0.907	0.988	0.907	0.919	0.909	0.927	0.836	0.871	0.867	0.894	0.865	0.870	0.901	0.942	0.936	0.861	0.826	0.864	0.847	0.942	0.928	0.878	0.922	0.943	0.724	0.992	0.942	0.915	0.901	0.872	0.911	0.875	0.923	0.919	0.941	0.963	0.953	0.986	0.908	0.922	0.901	0.932	0.841	0.904	0.949	0.905	0.973	0.982	0.949	0.796	0.917	0.836	0.930	0.937	0.966	0.947	0.883	0.890	0.956	0.959	0.918	0.919	0.872
44:00:45	22.7	0.832	0.909	0.902	0.873	0.905	0.880	0.875	0.913	0.904	0.887	0.912	0.882	0.871	0.793	0.859	0.871	0.046	0.889	0.908	0.903	0.903	0.900	0.963	0.956	0.866	0.791	0.836	0.932	0.902	0.861	0.891	0.669	0.942	0.907	0.991	0.916	0.911	0.908	0.925	0.837	0.870	0.868	0.894	0.864	0.866	0.899	0.943	0.942	0.863	0.822	0.863	0.845	0.943	0.928	0.875	0.921	0.944	0.730	0.996	0.942	0.915	0.904	0.873	0.912	0.876	0.932	0.919	0.945	0.964	0.954	0.989	0.914	0.917	0.907	0.931	0.845	0.908	0.952	0.909	0.978	0.987	0.956	0.804	0.923	0.841	0.936	0.937	0.967	0.952	0.885	0.893	0.960	0.956	0.922	0.925	0.876
45:00:46	22.8	0.844	0.908	0.897	0.884	0.912	0.880	0.873	0.918	0.900	0.885	0.908	0.875	0.875	0.790	0.851	0.867	0.046	0.889	0.904	0.902	0.904	0.904	0.964	0.960	0.863	0.780	0.829	0.932	0.898	0.856	0.890	0.665	0.943	0.909	0.992	0.923	0.927	0.910	0.923	0.828	0.872	0.867	0.891	0.859	0.859	0.898	0.941	0.956	0.870	0.816	0.860	0.831	0.943	0.922	0.868	0.922	0.943	0.735	0.999	0.945	0.913	0.904	0.860	0.912	0.870	0.938	0.917	0.946	0.963	0.955	0.990	0.920	0.912	0.902	0.928	0.839	0.905	0.951	0.908	0.978	0.989	0.953	0.824	0.928	0.845	0.937	0.939	0.963	0.948	0.886	0.893	0.959	0.962	0.926	0.923	0.879
46:00:47	22.9	0.840	0.919	0.888	0.893	0.916	0.879	0.874	0.922	0.898	0.888	0.910	0.879	0.881	0.791	0.841	0.864	0.046	0.891	0.902	0.900	0.904	0.904	0.964	0.964	0.869	0.766	0.817	0.932	0.894	0.851	0.888	0.657	0.941	0.907	0.994	0.928	0.929	0.908	0.923	0.818	0.869	0.865	0.885	0.851	0.854	0.897	0.941	0.964	0.870	0.812	0.858	0.813	0.944	0.922	0.863	0.921	0.942	0.741	1.000	0.948	0.915	0.909	0.854	0.912	0.872	0.947	0.914	0.947	0.960	0.954	0.992	0.927	0.920	0.901	0.924	0.836	0.912	0.950	0.908	0.979	0.988	0.955	0.838	0.935	0.839	0.934	0.940	0.967	0.948	0.886	0.897	0.959	0.963	0.929	0.925	0.883
47:00:47	23.0	0.840	0.913	0.894	0.889	0.920	0.875	0.874	0.924	0.898	0.884	0.911	0.877	0.883	0.794	0.835	0.863	0.046	0.891	0.900	0.899	0.902	0.903	0.966	0.971	0.872	0.764	0.817	0.933	0.892	0.850	0.888	0.655	0.939	0.904	0.992	0.934	0.909	0.908	0.919	0.813	0.869	0.865	0.880	0.850	0.851	0.896	0.939	0.966	0.871	0.811	0.863	0.812	0.944	0.919	0.857	0.918	0.943	0.746	1.001	0.950	0.913	0.906	0.847	0.900	0.869	0.955	0.912	0.946	0.959	0.950	0.990	0.931	0.916	0.907	0.919	0.836	0.910	0.946	0.908	0.979	0.990	0.959	0.846	0.937	0.838	0.940	0.939	0.968	0.948	0.889	0.899	0.959	0.962	0.933	0.926	0.888
48:00:49	22.9	0.838	0.931	0.886	0.900	0.914	0.879	0.872	0.928	0.896	0.888	0.912	0.875	0.884	0.797	0.836	0.863	0.046	0.893	0.901	0.904	0.903	0.912	0.969	0.966	0.872	0.770	0.824	0.930	0.889	0.843	0.886	0.653	0.940	0.904	0.994	0.940	0.926	0.907	0.918	0.809	0.870	0.871	0.879	0.847	0.850	0.897	0.937	0.976	0.871	0.804	0.864	0.812	0.946	0.916	0.854	0.921	0.942	0.748	1.008	0.955	0.915	0.909	0.848	0.902	0.868	0.966	0.912	0.952	0.958	0.954	0.993	0.941	0.936	0.904	0.920	0.836	0.913	0.950	0.910	0.980	0.991	0.962	0.853	0.942	0.835	0.941	0.947	0.967	0.944	0.893	0.904	0.962	0.965	0.939	0.929	0.896
49:00:50	22.9	0.827	0.938	0.879	0.911	0.920	0.878	0.875	0.930	0.899	0.892	0.918	0.873	0.892	0.800	0.831	0.860	0.046	0.897	0.899	0.905	0.902	0.915	0.974	0.964	0.877	0.770	0.822	0.933	0.886	0.841	0.883	0.652	0.941	0.905	0.994	0.949	0.938	0.908	0.923	0.802	0.870	0.873	0.876	0.845	0.848	0.899	0.936	0.980	0.871	0.801	0.860	0.813	0.945	0.914	0.850	0.915	0.940	0.754	1.014	0.957	0.911	0.912	0.849	0.889	0.867	0.976	0.909	0.954	0.953	0.954	0.996	0.947	0.939	0.904	0.922	0.833	0.916	0.950	0.909	0.983	0.994	0.965	0.861	0.947	0.832	0.942	0.951	0.970	0.947	0.895	0.908	0.966	0.967	0.943	0.935	0.899
50:00:51	23.0	0.818	0.936	0.887	0.903	0.923	0.879	0.876	0.924	0.897	0.890	0.916	0.862	0.889	0.800	0.828	0.855	0.046	0.893	0.896	0.898	0.898	0.908	0.975	0.972	0.879	0.773	0.818	0.933	0.886	0.845	0.884	0.652	0.936	0.900	0.991	0.948	0.936	0.903	0.915	0.795	0.871	0.869	0.869	0.845	0.844	0.896	0.934	0.977	0.873	0.793	0.866	0.810	0.941	0.910	0.848	0.917	0.938	0.763	1.013	0.959	0.911	0.910	0.854	0.898	0.864	0.980	0.903	0.953	0.949	0.948	0.992	0.951	0.953	0.910	0.902	0.835	0.912	0.944	0.914	0.982	0.991	0.969	0.872	0.948	0.843	0.949	0.949	0.970	0.951	0.897	0.913	0.963	0.966	0.945	0.934	0.902
51:00:52	23.1	0.812	0.936	0.880	0.915	0.929	0.877	0.880	0.925	0.899	0.892	0.918	0.862	0.892	0.812	0.824	0.853	0.045	0.895	0.894	0.898	0.898	0.909	0.976	0.972	0.882	0.780	0.820	0.931	0.876	0.840	0.886	0.652	0.935	0.899	0.991	0.951	0.942	0.900	0.912	0.793	0.871	0.868	0.863	0.841	0.842	0.896	0.930	0.977	0.875	0.794	0.865	0.816	0.941	0.907	0.842	0.912	0.936	0.769	1.013	0.963	0.911	0.910	0.857	0.898	0.861	0.986	0.901	0.951	0.940	0.949	0.991	0.956	0.931	0.910	0.901	0.840	0.913	0.942	0.907	0.980	0.991	0.969	0.881	0.952	0.838	0.945	0.947	0.969	0.945	0.897	0.914	0.961	0.965	0.947	0.935	0.904
52:00:53	23.1	0.805	0.944	0.882	0.916	0.902	0.875	0.880	0.929	0.900	0.893	0.920	0.861	0.902	0.807	0.824	0.854	0.045	0.897	0.896	0.901	0.895	0.916	0.983	0.978	0.886	0.785	0.831	0.931	0.875	0.834	0.882	0.651	0.940	0.904	0.991	0.958	0.986	0.901	0.915	0.801	0.870	0.879	0.860	0.844	0.848	0.898	0.931	0.975	0.879	0.795	0.866	0.816	0.941	0.906	0.840	0.907	0.933	0.774	1.022	0.968	0.907	0.911	0.849	0.887	0.855	0.998	0.903	0.956	0.938	0.951	0.994	0.964	0.961	0.906	0.901	0.841	0.916	0.943	0.911	0.982	0.994	0.973	0.888	0.960	0.842	0.975	0.954	0.969	0.950	0.906	0.921	0.968	0.972	0.953	0.941	0.902
53:00:53	23.1	0.803	0.953	0.889	0.918	0.917	0.877	0.880	0.927	0.901	0.896	0.921	0.859	0.909	0.808	0.821	0.847	0.046	0.899	0.891	0.897	0.896	0.911	0.983	0.986	0.892	0.784	0.827	0.930	0.873	0.839	0.887	0.650	0.935	0.898	0.989	0.961	0.981	0.894	0.913	0.794	0.874	0.867	0.853	0.838	0.839	0.895	0.930	0.971	0.887	0.785	0.866	0.820	0.936	0.901	0.836	0.906	0.930	0.786	1.017	0.972	0.919	0.910	0.846	0.885	0.861	1.001	0.897	0.954	0.936	0.944	0.991	0.970	0.967	0.907	0.895	0.844	0.915	0.940	0.908	0.981	0.992	0.972	0.901	0.959	0.843	0.960	0.952	0.971	0.952	0.904	0.925	0.965	0.967	0.957	0.943	0.904
54:00:54	23.1	0.797	0.952	0.892	0.921	0.910	0.874	0.883	0.928	0.902	0.898	0.925	0.858	0.915	0.814	0.822	0.848	0.046	0.902	0.895	0.899	0.899	0.915	0.991	0.993	0.894	0.791	0.836	0.933	0.870	0.839	0.890	0.651	0.939	0.901	0.992	0.968	1.008	0.895	0.916	0.796	0.876	0.870	0.856	0.844	0.846	0.897	0.930	0.975	0.888	0.795	0.867	0.818	0.939	0.903	0.838	0.909	0.934	0.793	1.026	0.979	0.922	0.909	0.843	0.884	0.859	1.011	0.902	0.959	0.936	0.948	0.995	0.977	0.982	0.909	0.896	0.850	0.910	0.944	0.912	0.987	0.996	0.979	0.909	0.967	0.845	0.974	0.955	0.968	0.958	0.910	0.926	0.969	0.970	0.960	0.946	0.903
55:00:55	23.0	0.795	0.949	0.895	0.921	0.902	0.876	0.890	0.923	0.903	0.901	0.927	0.852	0.918	0.817	0.825	0.847	0.046	0.904	0.895	0.899	0.897	0.917	0.992	0.997	0.896	0.805	0.842	0.935	0.871	0.839	0.892	0.652	0.941	0.901	0.993	0.965	1.014	0.894	0.916	0.801	0.878	0.874	0.856	0.842	0.849	0.900	0.932	0.974	0.889	0.797	0.867	0.827	0.941	0.902	0.836	0.908	0.935	0.801	1.031	0.978	0.923	0.913	0.853	0.889	0.861	1.018	0.900	0.963	0.936	0.949	0.996	0.984	1.000	0.909	0.894	0.854	0.915	0.942	0.912	0.987	0.999	0.980	0.918	0.970	0.852	0.991	0.957	0.975	0.961	0.918	0.928	0.971	0.974	0.966	0.949	0.906
56:00:56	22.7	0.799	0.931	0.892	0.927	0.900	0.869	0.904	0.916	0.909	0.904	0.935	0.839	0.926	0.824	0.827	0.847	0.046	0.906	0.897	0.902	0.899	0.918	0.999	1.004	0.901	0.828	0.842	0.935	0.868	0.843	0.896	0.652	0.943	0.903	0.993	0.970	1.024	0.891	0.919	0.805	0.879	0.873	0.859	0.847	0.854	0.903	0.934	0.972	0.899	0.823	0.871	0.815	0.939	0.900	0.841	0.909	0.936	0.808	1.035	0.983	0.925	0.914	0.853	0.884	0.869	1.025	0.902	0.967	0.937	0.950	0.997	0.987	1.038	0.916	0.900	0.867	0.919	0.945	0.915	0.993	1.003	0.986	0.926	0.973	0.856	0.987	0.956	0.974	0.957	0.918	0.934	0.973	0.978	0.969	0.956	0.906
57:00:57	22.3	0.805	0.943	0.903	0.945	0.909	0.863	0.906	0.942	0.914	0.911	0.943	0.859	0.953	0.844	0.834	0.863	0.046	0.917	0.909	0.906	0.907	0.923	1.011	1.014	0.905	0.851	0.859	0.936	0.878	0.843	0.897	0.654	0.951	0.914	0.999	0.978	1.032	0.897	0.931	0.811	0.880	0.892	0.867	0.860	0.873	0.909	0.941	0.960	0.902	0.833	0.864	0.818	0.952	0.904	0.846	0.915	0.941	0.814	1.044	0.994	0.931	0.920	0.854	0.872	0.859	1.037	0.907	0.975	0.941	0.963	1.004	0.994	1.016	0.899	0.915	0.853	0.912	0.956	0.915	0.998	1.010	0.989	0.935	0.982	0.850	0.972	0.959	0.969	0.960	0.921	0.934	0.982	0.983	0.976	0.957	0.907
58:00:57	21.8	0.799	0.932	0.904	0.938	0.902	0.867	0.905	0.925	0.915	0.910	0.946	0.842	0.944	0.844	0.839	0.859	0.046	0.918	0.906	0.906	0.911	0.928	1.014	1.015	0.905	0.864	0.859	0.942	0.877	0.852	0.905	0.659	0.955	0.916	1.000	0.974	1.034	0.901	0.929	0.820	0.886	0.892	0.875	0.861	0.874	0.912	0.942	0.953	0.910	0.839	0.877	0.825	0.948	0.905	0.848	0.920	0.943	0.820	1.051	0.989	0.940	0.923	0.864	0.895	0.863	1.045	0.909	0.976	0.942	0.963	1.007	0.998	1.036	0.916	0.906	0.865	0.922	0.953	0.923	1.006	1.013	1.001	0.943	0.986	0.861	0.998	0.967	0.982	0.976	0.925	0.939	0.982	0.984	0.979	0.961	0.907
59:00:59	21.5	0.808	0.932	0.908	0.950	0.917	0.867	0.916	0.941	0.923	0.918	0.954	0.851	0.961	0.859	0.846	0.870	0.045	0.924	0.914	0.912	0.919	0.932	1.023	1.016	0.907	0.854	0.868	0.945	0.884	0.859	0.910	0.663	0.961	0.924	1.005	0.979	1.046	0.902	0.935	0.829	0.888	0.904	0.883	0.868	0.887	0.921	0.949	0.954	0.929	0.857	0.873	0.833	0.958	0.910	0.859	0.927	0.949	0.825	1.057	0.994	0.942	0.925	0.873	0.891	0.873	1.053	0.917	0.984	0.949	0.972	1.013	1.003	1.038	0.916	0.917	0.868	0.923	0.961	0.928	1.013	1.018	1.004	0.951	0.991	0.861	0.980	0.966	0.983	0.983	0.929	0.939	0.988	0.989	0.986	0.965	0.909
60:01:00	21.5	0.806	0.933	0.906	0.959	0.923	0.868	0.927	0.940	0.925	0.919	0.957	0.850	0.978	0.859	0.849	0.870	0.046	0.927	0.913	0.914	0.919	0.933	1.024	1.019	0.914	0.845	0.868	0.949	0.885	0.864	0.912	0.663	0.963	0.928	1.008	0.976	1.064	0.906	0.940	0.835	0.893	0.904	0.886	0.875	0.891	0.927	0.954	0.948	0.956	0.872	0.873	0.838	0.958	0.914	0.861	0.926	0.954	0.831	1.059	0.989	0.947	0.927	0.876	0.890	0.873	1.056	0.919	0.984	0.954	0.977	1.016	1.004	1.025	0.917	0.922	0.873	0.923	0.958	0.927	1.015	1.021	1.007	0.960	0.993	0.862	0.976	0.959	0.980	0.978	0.931	0.943	0.989	0.985	0.990	0.969	0.908
61:01:01	21.7	0.807	0.938	0.912	0.973	0.925	0.870	0.929	0.947	0.929	0.923	0.961	0.852	0.989	0.870	0.855	0.880	0.046	0.930	0.921	0.919	0.922	0.936	1.029	1.019	0.920	0.855	0.873	0.950	0.886	0.871	0.918	0.668	0.969	0.930	1.009	0.984	1.077	0.908	0.948	0.839	0.899	0.905	0.888	0.879	0.900	0.931	0.958	0.954	0.981	0.873	0.868	0.848	0.959	0.918	0.864	0.928	0.956	0.838	1.062	0.997	0.935	0.935	0.877	0.888	0.882	1.064	0.926	0.988	0.957	0.979	1.018	1.008	0.995	0.916	0.929	0.878	0.927	0.966	0.927	1.017	1.025	1.011	0.969	0.996	0.863	0.977	0.960	0.980	0.963	0.932	0.946	0.991	0.988	0.995	0.974	0.908
62:01:02	21.8	0.805	0.940	0.911	0.978	0.929	0.872	0.933	0.948	0.929	0.926	0.965	0.853	0.996	0.866	0.857	0.884	0.046	0.930	0.923	0.922	0.927	0.935	1.032	1.017	0.917	0.851	0.877	0.952	0.893	0.870	0.922	0.668	0.967	0.932	1.012	0.979	1.082	0.908	0.948	0.862	0.902	0.910	0.890	0.882	0.905	0.935	0.959	0.950	1.010	0.873	0.869	0.852	0.963	0.916	0.866	0.930	0.958	0.842	1.061	1.000	0.933	0.931	0.884	0.885	0.883	1.065	0.929	0.987	0.958	0.983	1.019	1.012	0.995	0.912	0.932	0.875	0.926	0.967	0.928	1.020	1.026	1.013	0.978	0.998	0.865	0.975	0.961	0.972	0.972	0.935	0.947	0.993	0.989	0.997	0.979	0.908
63:01:02	21.9	0.804	0.931	0.913	0.974	0.923	0.869	0.927	0.930	0.927	0.925	0.966	0.842	0.989	0.873	0.861	0.879	0.046	0.935	0.921	0.926	0.929	0.938	1.034	1.016	0.918	0.846	0.881	0.956	0.892	0.877	0.925	0.672	0.972	0.936	1.016	0.978	1.079	0.913	0.952	0.855	0.905	0.911	0.896	0.885	0.908	0.938	0.964	0.944	1.005	0.874	0.883	0.858	0.964	0.922	0.869	0.932	0.961	0.849	1.066	1.000	0.947	0.941	0.886	0.898	0.889	1.070	0.930	0.990	0.963	0.987	1.022	1.009	1.010	0.925	0.929	0.892	0.934	0.963	0.931	1.019	1.030	1.021	0.987	0.999	0.876	0.981	0.963	0.979	0.965	0.938	0.952	0.993	0.991	1.001	0.980	0.906
64:01:03	21.9	0.805	0.932	0.914	0.977	0.928	0.869	0.930	0.925	0.930	0.925	0.968	0.843	0.983	0.877	0.868	0.884	0.046	0.936	0.922	0.927	0.934	0.941	1.040	1.015	0.920	0.853	0.886	0.957	0.891	0.880	0.927	0.675	0.973	0.937	1.014	0.980	1.088	0.913	0.952	0.892	0.906	0.914	0.899	0.882	0.913	0.939	0.964	0.944	1.021	0.869	0.885	0.859	0.965	0.918	0.872	0.934	0.962	0.851	1.068	1.000	0.935	0.943	0.889	0.900	0.890	1.077	0.929	0.989	0.965	0.987	1.023	1.009	0.983	0.921	0.931	0.889	0.932	0.964	0.932	1.023	1.032	1.021	0.994	1.003	0.875	0.981	0.964	0.976	0.963	0.938	0.960	0.992	0.990	1.002	0.985	0.905
65:01:03	21.9	0.806	0.937	0.919	0.980	0.926	0.873	0.933	0.922	0.934	0.929	0.970	0.841	0.990	0.883	0.875	0.887	0.046	0.944	0.930	0.929	0.941	0.940	1.043	1.016	0.920	0.859	0.896	0.961	0.899	0.886	0.932	0.679	0.972	0.942	1.019	0.976	1.091	0.918	0.959	0.878	0.909	0.926	0.904	0.896	0.919	0.946	0.969	0.944	1.029	0.881	0.889	0.867	0.977	0.928	0.878	0.939	0.969	0.855	1.072	1.004	0.940	0.949	0.887	0.904	0.898	1.081	0.938	0.996	0.971	0.995	1.027	1.014	0.978	0.926	0.939	0.901	0.938	0.968	0.934	1.028	1.034	1.027	1.001	1.007	0.878	0.989	0.968	0.985	0.973	0.942	0.965	0.996	0.998	1.009	0.993	0.906
66:01:05	21.8	0.802	0.940	0.925	0.981	0.924	0.875	0.934	0.917	0.938	0.930	0.972	0.844	0.994	0.886	0.878	0.889	0.046	0.948	0.933	0.932	0.943	0.948	1.047	1.014	0.918	0.867	0.897	0.965	0.900	0.893	0.934	0.683	0.979	0.944	1.023	0.978	1.080	0.921	0.962	0.876	0.914	0.922	0.907	0.897	0.923	0.948	0.972	0.945	1.039	0.880	0.896	0.875	0.973	0.928	0.878	0.940	0.973	0.859	1.073	1.002	0.943	0.953	0.900	0.914	0.905	1.088	0.941	0.998	0.973	0.995	1.030	1.017	0.993	0.933	0.938	0.906	0.941	0.971	0.937	1.032	1.036	1.030	1.009	1.012	0.880	0.991	0.970	0.992	0.963	0.940	0.965	0.997	1.000	1.012	0.997	0.907
67:01:06	21.8	0.796	0.934	0.922	0.981	0.929	0.875	0.941	0.912	0.940	0.933	0.972	0.845	0.989	0.887	0.883	0.891	0.046	0.950	0.935	0.936	0.948	0.952	1.049	1.012	0.920	0.872	0.902	0.969	0.901	0.893	0.937	0.685	0.980	0.948	1.025	0.980	1.078	0.922	0.963	0.890	0.916	0.926	0.910	0.900	0.928	0.953	0.973	0.948	1.048	0.882	0.900	0.877	0.978	0.931	0.881	0.944	0.974	0.858	1.077	1.003	0.941	0.956	0.900	0.917	0.908	1.092	0.945	0.998	0.978	1.000	1.033	1.019	0.982	0.932	0.936	0.904	0.944	0.974	0.941	1.036	1.038	1.036	1.018	1.014	0.881	0.978	0.976	0.990	0.969	0.941	0.970	0.997	1.002	1.015	0.999	0.906
68:01:07	21.9	0.793	0.945	0.927	0.982	0.921	0.874	0.929	0.903	0.938	0.932	0.971	0.849	0.987	0.897	0.885	0.891	0.046	0.955	0.936	0.939	0.951	0.957	1.053	1.007	0.918	0.873	0.905	0.975	0.903	0.898	0.942	0.689	0.986	0.952	1.030	0.981	1.108	0.926	0.969	0.894	0.920	0.928	0.915	0.903	0.932	0.956	0.976	0.948	1.068	0.877	0.911	0.883	0.978	0.934	0.884	0.947	0.978	0.861	1.079	1.010	0.949	0.959	0.915	0.919	0.910	1.101	0.948	1.001	0.981	1.003	1.036	1.025	0.990	0.939	0.945	0.922	0.947	0.975	0.946	1.042	1.043	1.043	1.027	1.020	0.878	0.989	0.977	0.992	0.960	0.943	0.970	0.997	1.006	1.019	1.004	0.906
69:01:08	22.2	0.791	0.946	0.930	0.976	0.912	0.873	0.922	0.899	0.937	0.932	0.965	0.846	0.982	0.896	0.893	0.891	0.046	0.951	0.940	0.941	0.957	0.952	1.054	1.001	0.918	0.873	0.915	0.977	0.909	0.900	0.943	0.688	0.986	0.953	1.031	0.980	1.096	0.925	0.969	0.885	0.921	0.940	0.914	0.910	0.931	0.958	0.982	0.951	1.067	0.891	0.914	0.879	0.987	0.939	0.885	0.951	0.979	0.861	1.079	1.011	0.979	0.966	0.907	0.922	0.914	1.105	0.950	1.003	0.986	1.006	1.035	1.028	1.012	0.938	0.946	0.931	0.949	0.975	0.944	1.041	1.045	1.044	1.031	1.032	0.881	1.011	0.979	1.000	0.992	0.946	0.972	0.996	1.009	1.021	1.009	0.905
70:01:09	22.3	0.791	0.957	0.933	0.984	0.931	0.879	0.937	0.912	0.944	0.940	0.966	0.840	1.003	0.891	0.898	0.903	0.046	0.955	0.944	0.940	0.959	0.953	1.058	1.013	0.921	0.883	0.914	0.974	0.914	0.901	0.943	0.688	0.988	0.954	1.034	0.985	1.099	0.926	0.972	0.883	0.922	0.940	0.916	0.909	0.937	0.957	0.982	0.952	1.075	0.886	0.904	0.890	0.988	0.944	0.883	0.949	0.977	0.869	1.079	1.003	0.992	0.963	0.910	0.922	0.914	1.102	0.951	1.003	0.985	1.008	1.036	1.031	0.982	0.930	0.950	0.917	0.944	0.977	0.941	1.047	1.042	1.037	1.037	1.022	0.876	0.979	0.980	0.985	0.963	0.949	0.971	0.995	1.009	1.023	1.011	0.903
71:01:10	22.1	0.788	0.948	0.936	0.982	0.929	0.877	0.936	0.897	0.945	0.942	0.975	0.845	0.984	0.900	0.904	0.899	0.046	0.958	0.945	0.946	0.968	0.958	1.061	1.005	0.916	0.881	0.926	0.982	0.915	0.907	0.948	0.691	0.990	0.956	1.040	0.986	1.094	0.934	0.972	0.890	0.924	0.946	0.921	0.913	0.942	0.962	0.986	0.956	1.057	0.894	0.922	0.893	0.995	0.951	0.891	0.957	0.985	0.881	1.085	1.013	1.002	0.967	0.918	0.926	0.918	1.115	0.957	1.008	0.993	1.012	1.042	1.033	0.999	0.940	0.953	0.925	0.948	0.984	0.952	1.056	1.047	1.046	1.041	1.027	0.883	0.990	0.978	1.000	0.996	0.956	0.980	1.001	1.019	1.027	1.014	0.905
72:01:11	21.9	0.782	0.938	0.940	0.975	0.917	0.874	0.926	0.889	0.946	0.941	0.974	0.846	0.990	0.903	0.904	0.900	0.046	0.958	0.946	0.949	0.969	0.960	1.061	0.999	0.918	0.880	0.927	0.985	0.920	0.911	0.950	0.694	0.990	0.959	1.043	0.982	1.089	0.937	0.976	0.895	0.925	0.948	0.924	0.916	0.943	0.966	0.990	0.960	1.067	0.896	0.928	0.894	0.998	0.952	0.895	0.961	0.990	0.887	1.086	1.015	1.023	0.974	0.925	0.936	0.925	1.121	0.959	1.011	0.997	1.015	1.043	1.028	0.997	0.945	0.948	0.942	0.959	0.985	0.954	1.053	1.050	1.052	1.045	1.040	0.881	1.000	0.982	1.006	0.997	0.958	0.985	1.001	1.018	1.031	1.020	0.906

