Time	T° 600	A1	A2	A3	A4	A5	A6	A7	A8	A9	A10	A11	A12	B1	B2	B3	B4	B5	B6	B7	B8	B9	B10	B11	B12	C1	C2	C3	C4	C5	C6	C7	C8	C9	C10	C11	C12	D1	D2	D3	D4	D5	D6	D7	D8	D9	D10	D11	D12	E1	E2	E3	E4	E5	E6	E7	E8	E9	E10	E11	E12	F1	F2	F3	F4	F5	F6	F7	F8	F9	F10	F11	F12	G1	G2	G3	G4	G5	G6	G7	G8	G9	G10	G11	G12	H1	H2	H3	H4	H5	H6	H7	H8	H9	H10	H11	H12
0:00:06	20.8	0.048	0.046	0.050	0.050	0.056	0.049	0.044	0.045	0.045	0.046	0.049	0.045	0.044	0.046	0.044	0.046	0.053	0.044	0.045	0.051	0.045	0.050	0.046	0.048	0.055	0.045	0.044	0.044	0.050	0.052	0.045	0.044	0.044	0.054	0.046	0.047	0.044	0.045	0.048	0.045	0.045	0.045	0.045	0.048	0.047	0.047	0.054	0.045	0.055	0.054	0.045	0.047	0.048	0.112	0.044	0.046	0.044	0.045	0.050	0.047	0.044	0.056	0.048	0.048	0.047	0.054	0.048	0.045	0.045	0.050	0.045	0.045	0.049	0.047	0.050	0.046	0.047	0.045	0.045	0.052	0.046	0.047	0.052	0.045	0.045	0.049	0.054	0.045	0.044	0.044	0.048	0.048	0.048	0.050	0.048	0.045
1:00:04	22.0	0.049	0.047	0.049	0.051	0.058	0.050	0.045	0.047	0.046	0.047	0.050	0.046	0.045	0.047	0.045	0.047	0.053	0.046	0.046	0.052	0.046	0.051	0.047	0.049	0.059	0.046	0.045	0.045	0.051	0.054	0.046	0.045	0.045	0.056	0.047	0.048	0.045	0.047	0.049	0.046	0.046	0.046	0.045	0.049	0.048	0.048	0.056	0.046	0.055	0.055	0.046	0.049	0.049	0.143	0.046	0.047	0.046	0.045	0.052	0.049	0.045	0.057	0.049	0.051	0.048	0.046	0.048	0.046	0.047	0.051	0.046	0.046	0.050	0.047	0.051	0.047	0.049	0.047	0.047	0.054	0.047	0.048	0.052	0.045	0.046	0.050	0.054	0.046	0.045	0.045	0.049	0.050	0.049	0.051	0.050	0.047
2:00:06	22.7	0.050	0.050	0.052	0.054	0.061	0.052	0.047	0.049	0.048	0.049	0.052	0.049	0.048	0.050	0.047	0.050	0.055	0.048	0.048	0.054	0.048	0.053	0.049	0.051	0.062	0.048	0.048	0.048	0.053	0.056	0.048	0.047	0.047	0.057	0.050	0.051	0.048	0.049	0.052	0.048	0.048	0.049	0.045	0.051	0.051	0.050	0.058	0.049	0.056	0.057	0.048	0.050	0.051	0.170	0.048	0.049	0.048	0.046	0.055	0.052	0.048	0.059	0.050	0.053	0.050	0.048	0.051	0.049	0.049	0.053	0.049	0.049	0.053	0.050	0.053	0.049	0.051	0.049	0.049	0.056	0.050	0.051	0.054	0.048	0.049	0.053	0.056	0.049	0.048	0.048	0.052	0.052	0.052	0.053	0.053	0.049
3:00:07	23.0	0.054	0.054	0.055	0.058	0.066	0.057	0.051	0.053	0.051	0.052	0.057	0.053	0.052	0.054	0.051	0.054	0.057	0.051	0.051	0.058	0.051	0.057	0.053	0.055	0.064	0.052	0.052	0.051	0.056	0.058	0.051	0.051	0.051	0.061	0.054	0.055	0.052	0.053	0.056	0.052	0.052	0.053	0.045	0.055	0.055	0.055	0.063	0.053	0.059	0.061	0.053	0.054	0.056	0.190	0.051	0.053	0.051	0.046	0.058	0.056	0.052	0.063	0.055	0.058	0.054	0.052	0.055	0.052	0.053	0.057	0.053	0.053	0.057	0.054	0.058	0.053	0.055	0.053	0.053	0.060	0.054	0.055	0.057	0.051	0.053	0.057	0.060	0.053	0.051	0.052	0.056	0.055	0.056	0.057	0.057	0.053
4:00:08	23.0	0.060	0.062	0.062	0.067	0.074	0.066	0.060	0.062	0.059	0.061	0.066	0.058	0.061	0.063	0.059	0.064	0.063	0.058	0.059	0.067	0.059	0.065	0.062	0.062	0.072	0.060	0.059	0.059	0.063	0.060	0.059	0.059	0.057	0.067	0.061	0.063	0.060	0.062	0.063	0.059	0.061	0.061	0.045	0.062	0.064	0.064	0.071	0.060	0.066	0.070	0.063	0.061	0.063	0.202	0.058	0.060	0.059	0.046	0.067	0.063	0.060	0.070	0.063	0.065	0.062	0.061	0.063	0.060	0.062	0.064	0.060	0.061	0.065	0.061	0.065	0.061	0.063	0.061	0.062	0.067	0.062	0.063	0.065	0.059	0.062	0.065	0.068	0.062	0.059	0.061	0.064	0.061	0.065	0.066	0.065	0.061
5:00:09	23.1	0.073	0.074	0.075	0.083	0.091	0.085	0.076	0.079	0.074	0.077	0.084	0.071	0.078	0.079	0.075	0.081	0.076	0.070	0.074	0.084	0.074	0.081	0.080	0.078	0.086	0.075	0.074	0.072	0.076	0.062	0.072	0.074	0.071	0.081	0.078	0.080	0.078	0.079	0.075	0.074	0.077	0.080	0.045	0.077	0.081	0.082	0.087	0.075	0.080	0.085	0.081	0.076	0.078	0.210	0.070	0.075	0.073	0.047	0.083	0.079	0.077	0.086	0.078	0.080	0.076	0.073	0.080	0.074	0.078	0.081	0.076	0.078	0.082	0.078	0.080	0.077	0.080	0.078	0.078	0.081	0.077	0.079	0.084	0.073	0.082	0.082	0.085	0.080	0.075	0.080	0.082	0.075	0.083	0.085	0.084	0.079
6:00:10	23.1	0.096	0.098	0.102	0.112	0.121	0.120	0.110	0.111	0.105	0.111	0.123	0.103	0.109	0.109	0.106	0.113	0.102	0.095	0.101	0.116	0.105	0.112	0.113	0.112	0.114	0.101	0.102	0.096	0.101	0.066	0.100	0.104	0.098	0.110	0.110	0.113	0.112	0.110	0.099	0.102	0.107	0.112	0.045	0.107	0.114	0.118	0.121	0.107	0.106	0.115	0.113	0.102	0.106	0.209	0.094	0.105	0.103	0.047	0.115	0.113	0.110	0.115	0.106	0.107	0.103	0.099	0.111	0.104	0.109	0.112	0.107	0.113	0.116	0.108	0.109	0.105	0.112	0.108	0.111	0.110	0.107	0.111	0.116	0.100	0.120	0.115	0.119	0.115	0.104	0.116	0.116	0.107	0.115	0.120	0.121	0.115
7:00:11	23.0	0.127	0.132	0.137	0.147	0.158	0.158	0.150	0.152	0.139	0.148	0.166	0.147	0.146	0.143	0.142	0.149	0.137	0.127	0.135	0.152	0.140	0.147	0.152	0.158	0.150	0.136	0.133	0.130	0.135	0.072	0.134	0.138	0.135	0.145	0.147	0.148	0.152	0.145	0.134	0.133	0.140	0.148	0.045	0.144	0.150	0.155	0.163	0.147	0.141	0.150	0.151	0.134	0.144	0.203	0.127	0.142	0.139	0.048	0.151	0.156	0.149	0.148	0.139	0.141	0.138	0.132	0.148	0.142	0.144	0.147	0.144	0.148	0.158	0.143	0.142	0.139	0.147	0.142	0.146	0.143	0.143	0.148	0.156	0.136	0.143	0.151	0.158	0.156	0.140	0.158	0.155	0.136	0.156	0.162	0.166	0.159
8:00:10	22.9	0.160	0.178	0.180	0.195	0.210	0.215	0.202	0.195	0.192	0.205	0.228	0.192	0.191	0.190	0.191	0.201	0.181	0.167	0.178	0.204	0.189	0.197	0.208	0.223	0.188	0.177	0.177	0.169	0.179	0.080	0.180	0.187	0.181	0.192	0.200	0.209	0.202	0.193	0.174	0.178	0.188	0.198	0.045	0.195	0.206	0.211	0.218	0.201	0.181	0.199	0.198	0.176	0.190	0.201	0.166	0.190	0.190	0.047	0.206	0.217	0.201	0.195	0.183	0.187	0.182	0.173	0.198	0.188	0.194	0.199	0.197	0.207	0.215	0.193	0.190	0.186	0.199	0.192	0.197	0.192	0.194	0.198	0.215	0.181	0.166	0.202	0.214	0.218	0.188	0.217	0.211	0.180	0.213	0.223	0.229	0.220
9:00:12	22.8	0.198	0.236	0.233	0.246	0.262	0.273	0.259	0.242	0.249	0.263	0.285	0.227	0.220	0.242	0.250	0.253	0.233	0.219	0.229	0.256	0.242	0.251	0.268	0.292	0.233	0.228	0.228	0.222	0.232	0.093	0.235	0.241	0.239	0.249	0.261	0.274	0.247	0.247	0.228	0.228	0.241	0.253	0.045	0.254	0.265	0.271	0.282	0.265	0.234	0.253	0.254	0.227	0.248	0.209	0.216	0.250	0.249	0.049	0.267	0.283	0.262	0.248	0.233	0.239	0.236	0.226	0.258	0.248	0.251	0.257	0.256	0.273	0.275	0.251	0.240	0.238	0.255	0.245	0.258	0.248	0.254	0.258	0.286	0.238	0.220	0.267	0.276	0.286	0.245	0.280	0.273	0.246	0.279	0.296	0.293	0.279
10:00:13	22.8	0.217	0.266	0.269	0.294	0.314	0.326	0.292	0.284	0.294	0.318	0.348	0.236	0.259	0.286	0.301	0.296	0.285	0.265	0.274	0.298	0.292	0.294	0.333	0.255	0.267	0.276	0.271	0.271	0.282	0.117	0.291	0.288	0.301	0.313	0.329	0.330	0.274	0.294	0.275	0.272	0.289	0.298	0.045	0.323	0.317	0.322	0.330	0.316	0.291	0.311	0.296	0.272	0.301	0.243	0.262	0.308	0.314	0.049	0.328	0.335	0.315	0.301	0.279	0.287	0.281	0.272	0.320	0.304	0.302	0.315	0.314	0.335	0.322	0.313	0.288	0.284	0.308	0.294	0.316	0.305	0.312	0.316	0.356	0.294	0.302	0.334	0.336	0.358	0.300	0.342	0.332	0.271	0.352	0.371	0.352	0.266
11:00:14	23.0	0.200	0.214	0.266	0.325	0.347	0.375	0.334	0.284	0.336	0.339	0.384	0.253	0.311	0.317	0.336	0.330	0.332	0.301	0.308	0.313	0.334	0.329	0.396	0.288	0.291	0.310	0.307	0.309	0.320	0.139	0.336	0.326	0.362	0.374	0.385	0.326	0.278	0.330	0.307	0.305	0.322	0.331	0.045	0.376	0.355	0.354	0.359	0.355	0.338	0.362	0.326	0.307	0.341	0.285	0.295	0.355	0.367	0.049	0.373	0.379	0.354	0.345	0.312	0.325	0.318	0.311	0.362	0.356	0.338	0.362	0.358	0.372	0.347	0.368	0.326	0.324	0.351	0.326	0.365	0.354	0.356	0.353	0.413	0.343	0.299	0.401	0.394	0.403	0.348	0.408	0.396	0.314	0.425	0.300	0.435	0.366
12:00:15	23.0	0.219	0.254	0.319	0.347	0.332	0.408	0.397	0.300	0.378	0.330	0.419	0.318	0.315	0.342	0.369	0.356	0.374	0.326	0.330	0.326	0.373	0.351	0.448	0.317	0.324	0.338	0.336	0.337	0.352	0.171	0.380	0.358	0.407	0.423	0.419	0.384	0.301	0.355	0.333	0.334	0.347	0.358	0.045	0.429	0.392	0.385	0.404	0.401	0.373	0.406	0.358	0.336	0.373	0.320	0.320	0.388	0.411	0.050	0.414	0.367	0.397	0.379	0.336	0.355	0.344	0.340	0.408	0.399	0.369	0.405	0.386	0.410	0.420	0.415	0.360	0.353	0.391	0.355	0.400	0.392	0.394	0.381	0.456	0.387	0.357	0.434	0.443	0.440	0.402	0.437	0.407	0.351	0.478	0.371	0.454	0.392
13:00:16	22.9	0.248	0.305	0.358	0.396	0.377	0.420	0.426	0.338	0.414	0.382	0.462	0.401	0.329	0.368	0.403	0.379	0.412	0.353	0.367	0.368	0.409	0.381	0.471	0.348	0.363	0.361	0.361	0.360	0.379	0.203	0.419	0.387	0.435	0.467	0.455	0.388	0.325	0.391	0.370	0.360	0.372	0.384	0.045	0.469	0.423	0.422	0.449	0.371	0.403	0.447	0.388	0.361	0.396	0.325	0.347	0.423	0.460	0.050	0.451	0.439	0.430	0.413	0.361	0.384	0.371	0.366	0.448	0.439	0.397	0.446	0.423	0.461	0.480	0.453	0.392	0.385	0.425	0.380	0.433	0.425	0.432	0.422	0.502	0.399	0.400	0.452	0.483	0.472	0.420	0.499	0.442	0.431	0.487	0.391	0.449	0.401
14:00:17	22.9	0.257	0.326	0.418	0.418	0.448	0.464	0.467	0.373	0.439	0.436	0.447	0.383	0.347	0.389	0.433	0.419	0.460	0.378	0.406	0.410	0.450	0.418	0.511	0.390	0.398	0.380	0.388	0.385	0.404	0.231	0.454	0.420	0.437	0.506	0.477	0.420	0.379	0.435	0.414	0.384	0.395	0.408	0.045	0.483	0.455	0.466	0.497	0.418	0.443	0.499	0.428	0.390	0.426	0.402	0.376	0.440	0.503	0.049	0.500	0.453	0.454	0.449	0.384	0.412	0.396	0.392	0.488	0.483	0.439	0.486	0.454	0.472	0.512	0.488	0.415	0.412	0.457	0.405	0.456	0.459	0.483	0.440	0.524	0.424	0.469	0.546	0.509	0.524	0.432	0.538	0.490	0.455	0.501	0.450	0.508	0.493
15:00:18	22.9	0.286	0.460	0.522	0.451	0.472	0.500	0.503	0.438	0.467	0.482	0.482	0.412	0.367	0.409	0.462	0.441	0.494	0.406	0.434	0.457	0.480	0.443	0.531	0.427	0.418	0.403	0.414	0.404	0.433	0.254	0.494	0.469	0.447	0.545	0.517	0.440	0.448	0.464	0.446	0.413	0.423	0.433	0.045	0.506	0.485	0.482	0.520	0.492	0.468	0.522	0.455	0.418	0.460	0.469	0.408	0.440	0.507	0.050	0.538	0.471	0.463	0.487	0.413	0.445	0.434	0.428	0.505	0.532	0.461	0.523	0.477	0.530	0.512	0.525	0.448	0.447	0.493	0.444	0.481	0.495	0.514	0.470	0.561	0.457	0.405	0.509	0.542	0.558	0.453	0.611	0.505	0.440	0.575	0.434	0.566	0.571
16:00:19	22.9	0.313	0.418	0.615	0.473	0.549	0.523	0.528	0.527	0.495	0.503	0.534	0.431	0.386	0.438	0.473	0.472	0.528	0.435	0.455	0.471	0.508	0.468	0.561	0.443	0.440	0.427	0.445	0.433	0.461	0.275	0.530	0.498	0.482	0.577	0.536	0.524	0.455	0.487	0.466	0.443	0.454	0.452	0.045	0.528	0.514	0.494	0.536	0.565	0.498	0.542	0.488	0.447	0.496	0.478	0.436	0.465	0.544	0.050	0.561	0.576	0.499	0.526	0.444	0.475	0.467	0.459	0.528	0.587	0.495	0.560	0.494	0.592	0.474	0.559	0.477	0.472	0.518	0.472	0.521	0.531	0.537	0.501	0.583	0.481	0.447	0.550	0.574	0.589	0.468	0.664	0.553	0.535	0.594	0.559	0.603	0.544
17:00:21	22.8	0.330	0.475	0.483	0.519	0.492	0.554	0.438	0.536	0.529	0.508	0.598	0.441	0.399	0.474	0.492	0.511	0.558	0.474	0.482	0.494	0.542	0.499	0.578	0.453	0.470	0.455	0.481	0.472	0.490	0.293	0.561	0.526	0.519	0.605	0.560	0.541	0.429	0.506	0.499	0.475	0.488	0.486	0.045	0.550	0.543	0.511	0.572	0.537	0.520	0.569	0.505	0.479	0.531	0.543	0.465	0.472	0.580	0.048	0.589	0.553	0.543	0.561	0.475	0.507	0.497	0.477	0.548	0.619	0.518	0.592	0.526	0.555	0.568	0.583	0.515	0.508	0.546	0.496	0.553	0.565	0.558	0.529	0.644	0.511	0.459	0.496	0.603	0.679	0.497	0.609	0.595	0.466	0.570	0.574	0.641	0.483
18:00:24	22.7	0.355	0.497	0.535	0.577	0.564	0.596	0.478	0.505	0.562	0.560	0.509	0.479	0.462	0.505	0.516	0.546	0.587	0.512	0.513	0.522	0.577	0.541	0.600	0.461	0.501	0.492	0.518	0.506	0.523	0.315	0.593	0.545	0.569	0.638	0.648	0.531	0.530	0.511	0.525	0.512	0.521	0.528	0.045	0.585	0.571	0.529	0.613	0.565	0.543	0.592	0.543	0.515	0.567	0.592	0.499	0.513	0.604	0.049	0.618	0.541	0.523	0.591	0.507	0.534	0.536	0.504	0.576	0.637	0.537	0.612	0.554	0.597	0.497	0.606	0.552	0.535	0.570	0.522	0.581	0.599	0.582	0.566	0.705	0.544	0.474	0.538	0.660	0.629	0.521	0.618	0.647	0.549	0.616	0.580	0.656	0.559
19:00:23	22.7	0.377	0.495	0.580	0.580	0.609	0.709	0.522	0.567	0.594	0.608	0.537	0.514	0.500	0.543	0.547	0.579	0.614	0.543	0.547	0.551	0.598	0.567	0.643	0.488	0.527	0.523	0.553	0.546	0.560	0.334	0.620	0.578	0.652	0.676	0.631	0.525	0.479	0.534	0.565	0.547	0.557	0.577	0.045	0.611	0.589	0.561	0.628	0.585	0.563	0.638	0.568	0.546	0.591	0.641	0.534	0.546	0.631	0.050	0.639	0.632	0.582	0.623	0.541	0.564	0.571	0.529	0.641	0.660	0.556	0.644	0.593	0.605	0.519	0.629	0.590	0.570	0.601	0.553	0.616	0.629	0.614	0.654	0.734	0.580	0.492	0.702	0.699	0.614	0.558	0.616	0.757	0.603	0.637	0.599	0.692	0.545
20:00:24	22.7	0.402	0.530	0.640	0.614	0.654	0.716	0.496	0.605	0.620	0.633	0.570	0.511	0.625	0.571	0.581	0.610	0.635	0.580	0.580	0.615	0.631	0.596	0.759	0.510	0.559	0.555	0.585	0.573	0.598	0.355	0.646	0.603	0.632	0.704	0.606	0.558	0.522	0.587	0.567	0.579	0.592	0.613	0.045	0.599	0.611	0.578	0.634	0.583	0.588	0.641	0.598	0.579	0.619	0.718	0.565	0.575	0.671	0.051	0.671	0.576	0.526	0.657	0.575	0.596	0.599	0.553	0.702	0.679	0.583	0.668	0.648	0.643	0.558	0.661	0.619	0.605	0.632	0.585	0.670	0.654	0.641	0.719	0.749	0.625	0.525	0.551	0.612	0.619	0.600	0.659	0.587	0.583	0.624	0.564	0.579	0.554
21:00:25	22.8	0.412	0.591	0.621	0.680	0.696	0.672	0.531	0.586	0.652	0.658	0.574	0.540	0.506	0.601	0.611	0.633	0.662	0.611	0.616	0.622	0.657	0.628	0.707	0.540	0.593	0.585	0.624	0.605	0.630	0.380	0.657	0.625	0.658	0.714	0.633	0.569	0.508	0.601	0.596	0.614	0.623	0.643	0.045	0.642	0.640	0.609	0.586	0.625	0.624	0.654	0.625	0.613	0.654	0.640	0.603	0.598	0.739	0.050	0.703	0.630	0.569	0.680	0.605	0.628	0.628	0.587	0.609	0.706	0.617	0.689	0.739	0.574	0.574	0.695	0.632	0.635	0.670	0.617	0.688	0.684	0.673	0.683	0.674	0.661	0.523	0.576	0.702	0.610	0.682	0.647	0.644	0.705	0.661	0.618	0.748	0.617
22:00:25	22.9	0.444	0.639	0.688	0.640	0.657	0.724	0.548	0.571	0.678	0.687	0.611	0.563	0.574	0.630	0.658	0.665	0.680	0.638	0.648	0.650	0.678	0.711	0.675	0.559	0.627	0.618	0.650	0.629	0.660	0.412	0.695	0.646	0.623	0.739	0.656	0.591	0.663	0.609	0.629	0.645	0.656	0.670	0.046	0.593	0.673	0.631	0.689	0.607	0.648	0.726	0.649	0.632	0.683	0.678	0.628	0.612	0.793	0.052	0.760	0.609	0.589	0.711	0.637	0.658	0.665	0.619	0.651	0.711	0.663	0.712	0.734	0.622	0.591	0.736	0.666	0.664	0.692	0.649	0.638	0.711	0.742	0.652	0.648	0.662	0.548	0.587	0.668	0.657	0.700	0.665	0.670	0.657	0.653	0.610	0.652	0.592
23:00:27	23.0	0.477	0.642	0.688	0.649	0.691	0.740	0.581	0.639	0.702	0.660	0.644	0.600	0.589	0.665	0.658	0.703	0.702	0.674	0.684	0.593	0.696	0.645	0.636	0.583	0.661	0.646	0.673	0.656	0.692	0.438	0.715	0.665	0.659	0.759	0.687	0.608	0.562	0.657	0.664	0.670	0.683	0.703	0.045	0.663	0.746	0.657	0.715	0.678	0.688	0.607	0.676	0.667	0.728	0.755	0.659	0.641	0.810	0.053	0.824	0.681	0.579	0.730	0.671	0.688	0.689	0.643	0.671	0.737	0.712	0.741	0.693	0.616	0.607	0.831	0.700	0.685	0.716	0.681	0.668	0.739	0.732	0.769	0.780	0.685	0.556	0.637	0.682	0.685	0.696	0.679	0.674	0.644	0.672	0.645	0.658	0.610
24:00:28	23.2	0.487	0.657	0.699	0.667	0.697	0.749	0.587	0.671	0.635	0.693	0.645	0.608	0.599	0.695	0.649	0.744	0.730	0.700	0.714	0.646	0.723	0.653	0.663	0.603	0.688	0.681	0.707	0.691	0.722	0.473	0.739	0.686	0.745	0.784	0.744	0.638	0.664	0.722	0.705	0.704	0.708	0.729	0.045	0.680	0.717	0.698	0.749	0.633	0.720	0.625	0.744	0.693	0.766	0.646	0.689	0.660	0.734	0.057	0.801	0.643	0.616	0.754	0.706	0.719	0.711	0.671	0.741	0.755	0.754	0.767	0.742	0.648	0.624	0.812	0.741	0.728	0.744	0.720	0.716	0.767	0.727	0.771	0.691	0.725	0.580	0.632	0.689	0.661	0.727	0.679	0.706	0.715	0.676	0.669	0.697	0.610
25:00:29	23.2	0.518	0.691	0.681	0.647	0.719	0.800	0.625	0.669	0.709	0.700	0.670	0.639	0.641	0.730	0.691	0.790	0.765	0.734	0.748	0.688	0.752	0.687	0.713	0.621	0.726	0.711	0.734	0.720	0.742	0.505	0.767	0.709	0.680	0.809	0.752	0.636	0.609	0.727	0.735	0.728	0.737	0.758	0.045	0.635	0.705	0.726	0.759	0.671	0.759	0.638	0.768	0.728	0.791	0.774	0.723	0.695	0.724	0.061	0.767	0.685	0.654	0.782	0.741	0.745	0.743	0.693	0.721	0.778	0.719	0.797	0.775	0.639	0.642	0.669	0.790	0.762	0.781	0.760	0.773	0.796	0.768	0.773	0.714	0.764	0.595	0.711	0.694	0.685	0.783	0.677	0.707	0.695	0.686	0.680	0.704	0.653
26:00:30	23.1	0.520	0.704	0.717	0.712	0.746	0.853	0.612	0.712	0.726	0.704	0.717	0.651	0.635	0.785	0.734	0.850	0.784	0.776	0.810	0.728	0.800	0.723	0.705	0.638	0.756	0.734	0.759	0.748	0.778	0.536	0.799	0.730	0.724	0.839	0.729	0.668	0.678	0.711	0.776	0.756	0.773	0.793	0.045	0.664	0.729	0.776	0.710	0.688	0.788	0.652	0.798	0.763	0.769	0.684	0.755	0.732	0.918	0.067	0.803	0.683	0.627	0.811	0.777	0.778	0.779	0.740	0.701	0.822	0.740	0.827	0.799	0.712	0.661	0.684	0.850	0.761	0.833	0.818	0.739	0.834	0.755	0.896	0.739	0.806	0.625	0.660	0.690	0.743	0.783	0.717	0.706	0.749	0.703	0.680	0.714	0.642
27:00:31	23.1	0.534	0.699	0.742	0.714	0.760	0.807	0.680	0.733	0.744	0.722	0.687	0.658	0.666	0.879	0.759	0.950	0.797	0.812	0.817	0.749	0.858	0.751	0.707	0.650	0.773	0.765	0.792	0.779	0.800	0.563	0.829	0.763	0.728	0.864	0.742	0.671	0.643	0.766	0.817	0.804	0.810	0.824	0.045	0.656	0.769	0.760	0.760	0.705	0.786	0.668	0.842	0.794	0.761	0.736	0.785	0.777	0.717	0.078	0.809	0.764	0.648	0.838	0.818	0.806	0.813	0.760	0.776	0.814	0.756	0.858	0.820	0.663	0.667	0.709	0.820	0.763	0.811	0.868	0.840	0.867	0.837	0.830	0.738	0.826	0.635	0.758	0.703	0.758	0.783	0.737	0.732	0.747	0.717	0.696	0.720	0.642
28:00:32	23.1	0.534	0.711	0.734	0.722	0.743	0.847	0.678	0.729	0.770	0.756	0.741	0.656	0.678	0.831	0.732	0.935	0.836	0.855	0.807	0.750	0.874	0.790	0.699	0.666	0.800	0.793	0.824	0.811	0.831	0.593	0.864	0.792	0.831	0.887	0.795	0.702	0.717	0.789	0.805	0.828	0.838	0.861	0.045	0.694	0.819	0.816	0.823	0.713	0.761	0.675	0.809	0.822	0.747	0.735	0.815	0.817	0.824	0.095	0.786	0.702	0.653	0.867	0.845	0.835	0.861	0.761	0.726	0.855	0.794	0.892	0.815	0.702	0.672	0.698	0.805	0.788	0.816	0.909	0.849	0.890	0.885	0.805	0.765	0.893	0.637	0.689	0.718	0.723	0.785	0.729	0.726	0.748	0.730	0.713	0.720	0.653
29:00:33	23.2	0.549	0.691	0.747	0.777	0.745	0.856	0.712	0.766	0.753	0.693	0.716	0.673	0.715	0.837	0.730	0.893	0.855	0.847	0.829	0.739	0.848	0.820	0.731	0.688	0.810	0.827	0.863	0.857	0.869	0.623	0.896	0.814	0.778	0.919	0.762	0.696	0.673	0.783	0.847	0.869	0.883	0.902	0.045	0.697	0.854	0.826	0.824	0.744	0.738	0.689	0.910	0.859	0.791	0.767	0.854	0.803	0.732	0.120	0.923	0.719	0.657	0.899	0.893	0.869	0.923	0.812	0.757	0.923	0.839	0.921	0.800	0.698	0.677	0.731	0.861	0.837	0.866	0.953	0.854	0.919	0.924	0.860	0.758	0.887	0.651	0.709	0.747	0.792	0.791	0.763	0.775	0.794	0.724	0.753	0.738	0.693
30:00:34	23.2	0.562	0.713	0.739	0.767	0.748	0.883	0.695	0.756	0.770	0.726	0.752	0.676	0.703	0.867	0.811	0.918	0.898	0.827	0.870	0.766	0.865	0.879	0.722	0.688	0.865	0.856	0.898	0.891	0.899	0.657	0.923	0.832	0.846	0.956	0.787	0.717	0.718	0.810	0.837	0.909	0.917	0.950	0.045	0.727	0.888	0.862	0.787	0.728	0.757	0.715	0.933	0.891	0.838	0.788	0.893	0.779	0.786	0.163	0.934	0.730	0.693	0.927	0.947	0.903	0.932	0.831	0.772	0.837	0.891	0.943	0.851	0.713	0.688	0.727	0.901	0.884	0.893	0.933	0.893	0.957	0.900	0.833	0.778	0.925	0.650	0.841	0.748	0.754	0.799	0.733	0.752	0.750	0.737	0.725	0.745	0.678
31:00:34	23.1	0.567	0.706	0.724	0.789	0.800	0.853	0.719	0.768	0.781	0.730	0.749	0.686	0.722	0.874	0.816	0.922	0.916	0.855	0.910	0.762	0.883	0.832	0.754	0.699	0.898	0.875	0.917	0.936	0.927	0.699	0.957	0.853	0.784	1.034	0.781	0.717	0.697	0.849	0.893	0.929	0.950	1.007	0.046	0.719	0.912	0.876	0.832	0.759	0.742	0.731	0.994	0.918	0.892	0.770	0.923	0.788	0.767	0.197	0.892	0.738	0.688	0.946	0.983	0.928	0.922	0.848	0.791	0.984	0.888	0.959	0.843	0.712	0.702	0.730	0.930	0.909	0.874	0.910	0.849	0.996	0.896	0.872	0.774	0.988	0.667	0.729	0.751	0.733	0.793	0.778	0.757	0.725	0.743	0.723	0.750	0.728
32:00:36	23.0	0.571	0.720	0.753	0.822	0.770	0.860	0.732	0.760	0.770	0.753	0.762	0.684	0.724	0.904	0.800	0.939	0.943	0.875	0.930	0.766	0.919	0.848	0.733	0.711	0.905	0.932	0.939	0.985	0.951	0.713	0.992	0.884	0.830	1.005	0.806	0.733	0.717	0.856	0.910	0.948	0.986	1.009	0.045	0.739	0.908	0.845	0.782	0.755	0.726	0.745	1.015	0.939	0.940	0.789	0.991	0.771	0.839	0.215	1.004	0.748	0.693	0.969	0.963	0.948	0.940	0.883	0.785	0.951	0.937	0.981	0.861	0.724	0.702	0.765	0.945	0.871	0.844	0.963	0.938	0.960	0.945	0.832	0.799	1.013	0.664	0.748	0.797	0.770	0.795	0.792	0.762	0.747	0.747	0.759	0.756	0.749
33:00:36	22.8	0.578	0.729	0.727	0.790	0.818	0.876	0.724	0.774	0.796	0.734	0.755	0.700	0.727	0.919	0.821	0.904	0.957	0.918	0.915	0.842	0.851	0.857	0.759	0.723	0.912	0.857	0.953	0.944	0.969	0.739	1.030	0.924	0.798	1.007	0.778	0.737	0.717	0.846	0.959	0.984	1.013	1.044	0.045	0.744	0.876	0.894	0.828	0.755	0.752	0.739	1.022	0.958	0.938	0.818	0.943	0.909	0.848	0.237	0.892	0.758	0.693	0.993	0.962	0.962	0.955	0.879	0.849	0.934	1.015	1.002	0.849	0.735	0.704	0.754	0.884	0.955	0.870	0.931	0.852	0.945	0.854	0.873	0.777	1.009	0.660	0.739	0.778	0.781	0.799	0.776	0.840	0.731	0.756	0.754	0.751	0.695
34:00:37	22.9	0.580	0.715	0.739	0.830	0.838	0.884	0.736	0.768	0.820	0.772	0.763	0.700	0.744	0.917	0.837	0.888	0.974	0.940	0.907	0.785	0.936	0.880	0.752	0.730	0.917	0.855	0.987	0.958	0.988	0.772	1.066	0.959	0.841	0.891	0.808	0.745	0.720	0.855	0.976	1.011	1.042	1.014	0.045	0.760	0.909	0.880	0.802	0.768	0.771	0.751	1.046	0.981	0.986	0.791	0.943	0.804	0.816	0.263	0.938	0.755	0.869	1.007	0.980	0.978	1.009	0.926	0.808	0.918	1.052	1.020	0.883	0.739	0.719	0.759	0.981	0.936	0.889	0.993	0.951	0.956	0.978	0.857	0.790	1.032	0.666	0.835	0.770	0.820	0.817	0.815	0.836	0.742	0.758	0.748	0.764	0.806
35:00:38	23.1	0.598	0.734	0.758	0.773	0.860	0.868	0.757	0.790	0.830	0.746	0.769	0.719	0.745	0.887	0.839	0.892	0.982	0.965	0.883	0.785	0.912	0.856	0.771	0.744	0.925	0.879	1.021	0.986	1.007	0.798	1.057	1.003	0.802	0.836	0.800	0.747	0.736	0.838	0.976	0.995	1.032	0.982	0.046	0.762	0.913	0.907	0.823	0.770	0.762	0.757	1.047	1.012	0.975	0.801	0.947	0.803	0.848	0.297	0.945	0.761	0.723	1.028	0.990	1.002	0.985	0.914	0.884	0.952	1.055	1.038	0.863	0.740	0.717	0.775	0.973	0.967	0.879	1.002	0.847	0.949	0.855	0.903	0.803	1.035	0.680	0.761	0.780	0.808	0.790	0.765	0.898	0.751	0.770	0.784	0.762	0.714
36:00:38	23.0	0.598	0.731	0.755	0.806	0.841	0.835	0.742	0.772	0.813	0.779	0.775	0.717	0.754	0.891	0.841	0.900	0.999	0.980	0.900	0.799	0.867	0.890	0.764	0.745	0.933	0.887	1.051	1.011	1.035	0.826	0.940	1.037	0.826	0.836	0.816	0.763	0.733	0.830	0.986	0.998	1.006	0.965	0.045	0.775	0.945	0.922	0.855	0.778	0.752	0.766	1.051	1.041	0.972	0.837	0.947	0.938	0.820	0.325	0.948	0.771	0.728	1.033	0.985	1.019	0.994	0.948	0.806	0.869	1.049	1.052	0.860	0.814	0.720	0.794	0.957	0.958	0.871	0.986	0.955	0.961	0.927	0.848	0.795	1.046	0.688	0.782	0.782	0.797	0.787	0.838	0.775	0.760	0.769	0.767	0.769	0.727
37:00:40	23.0	0.591	0.740	0.771	0.803	0.875	0.837	0.753	0.780	0.804	0.771	0.783	0.724	0.754	0.879	0.889	0.870	1.017	0.996	0.907	0.797	0.906	0.853	0.787	0.759	0.933	0.930	1.014	0.995	1.073	0.846	0.906	1.015	0.822	0.839	0.803	0.770	0.749	0.828	0.978	1.026	1.026	0.968	0.045	0.783	0.967	0.934	0.818	0.783	0.781	0.771	1.074	1.103	0.968	0.814	0.954	0.804	0.883	0.346	0.884	0.777	0.740	1.047	1.008	1.037	1.037	0.955	0.858	0.899	1.045	1.062	0.851	0.752	0.731	0.803	0.973	0.953	0.875	0.977	0.843	0.982	0.877	0.927	0.807	1.066	0.699	0.778	0.827	0.774	0.793	0.840	0.824	0.769	0.779	0.775	0.773	0.732
38:00:41	23.0	0.606	0.752	0.789	0.802	0.844	0.837	0.766	0.781	0.874	0.789	0.796	0.738	0.769	0.875	0.825	0.910	1.061	0.961	0.922	0.786	0.862	0.880	0.786	0.772	0.934	0.946	1.026	1.006	1.107	0.868	0.988	1.006	0.845	0.834	0.815	0.779	0.748	0.847	1.004	1.038	1.049	0.955	0.045	0.807	0.905	0.942	0.902	0.790	0.786	0.788	1.084	1.062	0.969	0.827	0.977	0.821	0.825	0.363	0.936	0.787	0.752	1.069	1.018	1.050	1.050	0.970	0.851	0.864	1.041	1.067	0.868	0.779	0.734	0.816	0.974	0.946	0.929	0.978	0.863	1.003	0.893	0.856	0.819	1.087	0.705	0.774	0.784	0.800	0.818	0.853	0.785	0.776	0.780	0.790	0.784	0.740
39:00:42	23.0	0.609	0.752	0.805	0.813	0.854	0.832	0.765	0.790	0.896	0.791	0.793	0.742	0.769	0.882	0.894	0.913	1.038	0.954	0.938	0.805	0.915	0.882	0.799	0.779	0.934	0.971	0.993	1.023	1.161	0.888	0.902	0.969	0.857	0.836	0.801	0.781	0.760	0.837	1.012	1.032	1.054	0.953	0.046	0.795	0.950	0.945	0.824	0.798	0.769	0.790	1.094	1.083	0.952	0.835	0.998	0.831	0.864	0.377	0.878	0.793	0.753	1.127	1.024	1.064	1.066	0.992	0.844	0.872	1.024	1.077	0.858	0.770	0.739	0.822	0.979	0.941	0.849	0.971	0.841	1.045	0.872	0.908	0.822	1.096	0.696	0.799	0.770	0.825	0.798	0.830	0.792	0.789	0.789	0.803	0.806	0.745
40:00:43	22.9	0.620	0.758	0.809	0.804	0.850	0.821	0.768	0.772	0.867	0.808	0.802	0.750	0.781	0.887	0.827	0.916	1.058	0.932	0.937	0.809	0.866	0.883	0.785	0.789	0.929	0.991	1.032	1.042	1.164	0.907	0.916	0.936	0.866	0.840	0.835	0.795	0.767	0.831	1.013	1.044	1.051	0.969	0.045	0.812	0.906	0.946	0.847	0.804	0.776	0.795	1.107	1.071	0.941	0.843	1.021	0.835	0.830	0.388	0.896	0.840	0.766	1.127	1.024	1.079	1.053	0.979	0.845	0.892	1.013	1.082	0.870	0.802	0.750	0.837	0.966	0.932	0.855	0.967	0.862	0.934	0.879	0.847	0.819	1.104	0.700	0.790	0.821	0.843	0.800	0.822	0.820	0.797	0.888	0.804	0.798	0.754
41:00:43	22.8	0.614	0.769	0.813	0.829	0.848	0.820	0.778	0.780	0.867	0.792	0.804	0.753	0.782	0.881	0.915	0.894	1.080	0.963	0.935	0.809	0.869	0.864	0.808	0.803	0.935	0.970	1.033	1.041	1.099	0.919	0.889	0.955	0.861	0.836	0.827	0.803	0.772	0.825	1.002	1.049	1.045	0.978	0.045	0.814	0.920	0.941	0.838	0.812	0.795	0.825	1.109	1.071	0.947	0.871	1.028	0.973	0.850	0.402	0.880	0.904	0.766	1.131	1.083	1.089	1.056	1.004	0.863	0.872	1.001	1.086	0.860	0.812	0.757	0.840	0.958	0.912	0.859	0.965	0.949	0.973	0.884	0.894	0.828	1.124	0.706	0.795	0.815	0.810	0.827	0.873	0.810	0.807	0.798	0.807	0.809	0.760
42:00:45	22.8	0.616	0.779	0.804	0.812	0.848	0.814	0.788	0.792	0.858	0.817	0.818	0.764	0.793	0.919	0.848	0.937	0.921	0.960	0.947	0.822	0.857	0.883	0.804	0.810	0.935	0.908	1.027	0.996	1.064	0.902	0.917	0.960	0.877	0.831	0.846	0.813	0.778	0.957	0.993	1.058	1.045	1.014	0.045	0.828	0.898	0.941	0.861	0.822	0.803	0.838	1.107	1.076	0.949	0.854	1.023	0.841	0.846	0.414	0.902	0.884	0.768	0.978	1.103	1.109	1.088	1.021	0.858	0.884	0.984	1.092	0.870	0.832	0.766	0.839	0.957	0.921	0.856	0.937	0.847	0.957	0.901	0.852	0.829	1.131	0.713	0.806	0.822	0.819	0.840	0.836	0.835	0.822	0.808	0.862	0.814	0.774
43:00:46	22.8	0.615	0.789	0.816	0.825	0.845	0.811	0.790	0.783	0.869	0.812	0.812	0.773	0.797	0.850	0.950	0.926	0.897	0.940	0.954	0.823	0.876	0.885	0.824	0.823	0.933	0.932	1.010	0.990	1.038	0.913	0.895	0.971	0.879	0.837	0.833	0.818	0.788	0.816	0.981	1.052	1.063	1.020	0.046	0.833	0.904	0.936	0.938	0.829	0.792	0.824	1.105	1.075	0.945	0.861	1.065	0.856	0.873	0.427	0.896	0.825	0.773	0.979	1.107	1.126	1.088	1.019	0.860	0.870	0.980	1.095	0.869	0.813	0.777	0.836	0.958	0.922	0.860	0.939	0.968	0.959	0.871	0.879	0.838	1.174	0.727	0.832	0.837	0.835	0.822	0.842	0.816	0.836	0.822	0.827	0.873	0.778
44:00:46	22.8	0.623	0.795	0.819	0.818	0.857	0.820	0.797	0.802	0.864	0.822	0.829	0.786	0.808	0.878	0.859	0.915	0.894	0.949	0.936	0.851	0.879	0.878	0.828	0.830	0.933	0.923	0.988	0.969	1.021	0.916	0.904	0.983	0.876	0.845	0.855	0.831	0.799	0.830	0.972	1.017	1.066	1.023	0.045	0.846	0.889	0.929	0.856	0.836	0.801	0.833	1.088	1.093	0.950	0.875	1.078	0.862	0.863	0.429	0.900	0.838	0.780	0.950	1.124	1.136	1.065	1.021	0.931	0.876	0.967	1.097	0.876	0.802	0.792	0.833	0.941	0.897	0.866	0.922	0.856	0.929	0.911	0.857	0.849	1.173	0.733	0.846	0.834	0.848	0.841	0.890	0.848	0.846	0.825	0.837	0.972	0.804
45:00:48	22.9	0.622	0.812	0.830	0.821	0.846	0.820	0.805	0.820	0.882	0.822	0.826	0.788	0.816	0.896	0.882	0.916	0.870	0.953	0.927	0.832	0.892	0.897	0.844	0.841	0.935	0.939	0.998	0.968	1.038	0.918	0.908	0.992	0.897	0.851	0.859	0.904	0.806	0.830	0.963	1.039	1.066	1.016	0.046	0.859	0.926	0.933	0.881	0.848	0.809	0.853	1.070	1.113	0.949	0.885	1.085	0.868	0.883	0.420	0.891	0.840	0.819	0.936	1.132	1.149	1.082	1.015	0.872	0.877	0.962	1.105	0.873	0.808	0.804	0.840	0.964	0.916	0.882	0.941	0.869	0.924	0.879	0.868	0.857	1.148	0.744	0.829	0.846	0.846	0.854	0.882	0.850	0.855	0.831	0.850	0.847	0.796
46:00:49	22.9	0.627	0.820	0.841	0.825	0.864	0.826	0.814	0.828	0.869	0.832	0.836	0.795	0.819	0.958	0.869	0.910	0.902	0.937	0.913	0.841	0.887	0.890	0.848	0.849	0.936	0.946	0.983	1.006	1.027	0.927	0.913	0.989	0.901	0.872	0.871	0.882	0.815	0.885	0.963	1.031	1.050	1.019	0.045	0.866	0.895	0.931	0.874	0.854	0.815	0.851	1.061	1.112	0.936	0.942	1.087	0.876	0.871	0.423	0.907	0.872	0.795	0.992	1.130	1.162	1.079	1.003	0.921	0.918	0.958	1.106	0.880	0.820	0.805	0.865	0.924	0.906	0.880	0.932	0.879	0.944	0.968	0.874	0.936	1.151	0.750	0.836	0.834	0.850	0.872	0.896	0.846	0.876	0.844	0.913	0.862	0.802
47:00:49	23.1	0.615	0.831	0.840	0.829	0.859	0.831	0.816	0.835	0.873	0.837	0.848	0.802	0.833	0.872	0.927	0.894	0.875	0.940	0.889	0.846	0.900	0.898	0.858	0.855	0.936	0.941	0.996	1.008	1.001	0.927	0.908	0.977	0.911	0.872	0.876	0.854	0.821	0.841	0.953	1.053	1.048	1.006	0.045	0.878	0.931	0.926	0.897	0.859	0.824	0.896	1.055	1.122	0.930	0.896	1.083	0.886	0.897	0.423	0.902	0.858	0.830	0.908	1.146	1.162	1.051	0.963	0.878	0.881	0.948	1.107	0.885	0.823	0.817	0.883	0.922	0.901	0.884	0.933	0.891	0.917	0.888	0.884	0.871	1.123	0.757	0.844	0.823	0.886	0.856	0.891	0.871	0.878	0.851	0.890	0.945	0.807
48:00:50	23.0	0.613	0.838	0.850	0.835	0.874	0.843	0.829	0.839	0.875	0.841	0.858	0.806	0.841	0.935	0.883	0.895	0.915	0.988	0.891	0.853	0.894	0.898	0.866	0.868	0.931	0.950	1.021	0.990	0.995	0.946	0.910	0.981	0.917	0.867	0.883	0.892	0.839	0.849	0.960	1.077	1.112	1.000	0.046	0.882	0.902	0.927	0.887	0.868	0.820	0.994	1.038	1.147	0.933	0.908	1.087	1.006	0.897	0.424	0.931	0.881	0.816	0.911	1.146	1.171	1.074	0.965	0.892	0.910	0.943	1.109	0.888	0.827	0.828	0.870	0.933	0.915	0.904	0.924	0.882	0.937	0.902	0.892	0.881	1.130	0.764	0.857	0.850	0.875	0.855	0.883	0.886	0.888	0.874	0.876	0.880	0.812
49:00:51	23.0	0.605	0.851	0.856	0.837	0.869	0.843	0.827	0.848	0.878	0.843	0.859	0.809	0.844	0.884	0.905	0.905	0.886	0.921	0.906	0.859	0.895	0.897	0.877	0.875	0.930	0.956	0.970	1.003	0.964	0.964	0.919	0.974	0.927	0.875	0.890	0.872	0.832	0.998	0.956	1.089	1.061	0.992	0.045	0.895	0.911	0.931	0.907	0.876	0.843	0.877	1.030	1.152	0.927	0.919	1.092	0.899	0.901	0.437	0.922	0.878	0.853	0.905	1.106	1.189	1.054	0.939	0.953	0.891	0.940	1.116	0.895	0.840	0.839	0.899	0.921	0.909	0.911	0.922	0.893	0.911	0.897	0.894	0.891	1.125	0.771	0.861	0.833	0.861	0.867	0.879	0.879	0.930	0.864	0.888	0.875	0.820
50:00:52	23.1	0.610	0.862	0.862	0.838	0.882	0.855	0.836	0.856	0.879	0.847	0.877	0.817	0.852	0.947	0.895	0.898	0.913	0.930	0.890	0.863	0.900	0.902	0.887	0.887	0.928	0.952	1.023	1.015	0.968	0.970	0.920	0.980	0.930	0.885	0.899	0.962	0.841	0.842	0.955	1.113	1.104	1.015	0.046	0.903	0.910	0.930	0.909	0.883	0.839	0.895	1.027	1.171	0.934	0.933	1.090	0.907	0.906	0.441	0.928	0.889	0.842	0.909	1.141	1.200	1.052	0.934	0.904	0.900	0.939	1.127	0.898	0.842	0.846	0.888	0.929	0.913	0.912	0.915	0.907	0.921	0.925	0.898	0.902	1.094	0.781	0.871	0.840	0.871	0.875	0.873	0.871	1.033	0.906	0.898	0.893	0.823
51:00:53	23.2	0.600	0.862	0.872	0.848	0.881	0.859	0.847	0.858	0.887	0.849	0.880	0.823	0.866	0.881	0.932	0.908	0.908	0.941	0.899	0.874	0.912	0.913	0.892	0.895	0.928	0.955	1.000	1.031	0.978	1.027	0.926	0.964	0.940	0.899	0.903	0.890	0.850	0.858	0.958	1.124	1.117	0.974	0.046	0.914	0.920	0.935	0.922	0.893	0.853	0.926	1.023	1.175	0.937	0.935	1.108	0.979	0.920	0.451	0.931	0.895	0.852	0.922	1.127	1.208	1.060	0.935	0.953	0.908	0.942	1.170	0.909	0.856	0.852	0.898	0.941	0.918	0.907	0.919	0.902	0.924	0.913	0.905	0.906	1.103	0.784	0.885	0.847	0.868	0.916	0.904	0.871	0.911	0.880	0.902	0.895	0.833
52:00:55	23.2	0.605	0.878	0.871	0.842	0.888	0.863	0.856	0.872	0.882	0.853	0.890	0.829	0.866	0.923	0.915	0.908	0.892	0.957	0.899	0.880	0.921	0.918	0.902	0.903	0.926	0.957	0.997	1.038	0.968	1.012	0.929	0.960	0.944	0.900	0.910	0.952	0.854	0.872	0.948	1.136	1.093	1.040	0.046	0.921	0.928	1.003	0.925	0.903	0.851	0.899	1.025	1.186	0.935	0.942	1.100	0.920	0.925	0.460	0.941	0.900	0.855	0.913	1.095	1.194	1.037	0.922	0.922	0.911	0.942	1.102	0.913	0.860	0.863	0.926	0.932	0.920	0.911	0.914	0.913	1.003	0.919	0.913	0.925	1.103	0.792	0.889	0.853	0.862	0.910	0.878	0.877	0.929	0.892	0.909	0.901	0.838
53:00:54	23.2	0.607	0.889	0.883	0.859	0.896	0.874	0.868	0.882	0.897	0.871	0.903	0.836	0.877	0.895	0.958	0.917	0.917	0.922	0.908	0.889	0.921	0.925	0.913	0.911	0.926	0.961	1.029	1.031	0.975	0.982	0.939	0.996	0.955	0.911	0.921	0.906	0.870	0.877	0.953	1.141	1.092	0.968	0.046	0.931	0.938	0.927	0.952	0.909	0.870	0.912	1.019	1.196	0.949	0.955	1.107	0.933	0.940	0.464	0.946	0.914	0.880	0.913	1.108	1.164	1.033	0.922	0.940	0.908	0.947	1.097	0.917	0.865	0.878	0.920	0.939	0.929	0.942	0.913	0.918	0.930	0.930	0.918	0.923	1.103	0.798	0.897	0.862	0.871	0.932	0.887	0.879	0.932	0.904	0.919	0.911	0.844
54:00:55	23.2	0.610	0.898	0.895	0.860	0.902	0.890	0.876	0.894	0.892	0.867	0.903	0.842	0.887	0.947	0.931	0.932	0.905	0.939	0.915	0.899	0.933	0.935	0.928	0.922	0.913	0.966	1.017	1.039	0.983	0.935	0.950	0.966	0.963	0.919	0.929	0.928	0.869	0.884	0.956	1.148	1.115	1.041	0.046	0.938	0.943	0.940	0.941	0.918	0.881	0.923	1.008	1.189	0.944	0.964	1.107	1.043	0.934	0.475	0.953	0.923	0.859	0.915	1.085	1.148	1.028	0.934	0.937	0.925	0.951	1.094	0.925	0.873	0.887	0.925	0.942	0.928	0.931	0.919	0.925	0.932	0.937	0.926	0.964	1.064	0.805	0.911	0.874	0.883	0.903	0.895	0.892	0.979	0.911	0.928	0.916	0.850
55:00:56	23.1	0.614	0.904	0.906	0.871	0.906	0.888	0.885	0.897	0.902	0.879	0.909	0.846	0.888	0.906	0.964	0.922	0.931	0.941	0.913	0.908	0.937	0.943	0.933	0.930	0.909	0.957	1.046	1.027	0.977	0.906	0.956	0.975	0.970	0.924	0.933	0.929	0.876	0.883	0.967	1.147	1.109	0.971	0.046	0.950	0.945	0.945	0.954	0.925	0.881	0.946	1.014	1.199	0.950	0.970	1.097	0.949	0.953	0.477	0.956	0.927	0.874	0.945	1.071	1.160	1.024	0.922	0.944	0.930	0.951	1.115	0.930	0.880	0.895	0.921	0.952	0.932	0.951	0.921	0.932	0.940	0.937	0.936	0.959	1.083	0.810	0.921	0.882	0.891	0.940	0.906	0.901	0.949	0.925	0.939	0.927	0.858
56:00:57	22.7	0.619	0.913	0.923	0.877	0.912	0.895	0.894	0.908	0.904	0.882	0.919	0.850	0.898	0.971	0.944	0.929	0.918	0.961	0.905	0.912	0.945	0.949	0.945	0.937	0.907	0.960	0.994	1.032	0.984	0.899	0.963	0.997	0.979	0.935	0.942	0.940	0.884	1.042	0.945	1.145	1.113	0.995	0.046	0.956	0.954	0.973	0.966	0.933	0.884	0.937	1.002	1.196	0.959	0.981	1.097	0.959	0.954	0.496	0.965	0.935	0.885	0.947	1.075	1.162	1.029	0.937	0.954	0.934	0.965	1.114	0.938	0.891	0.896	0.939	0.956	0.936	0.935	0.924	0.942	0.996	0.943	0.941	1.032	1.066	0.813	0.931	0.886	0.895	0.929	0.912	0.911	0.960	0.929	0.945	0.935	0.861
57:00:58	22.3	0.623	0.917	0.922	0.882	0.919	0.904	0.902	0.914	0.913	0.890	0.928	0.857	0.909	0.912	0.953	0.926	0.934	0.927	0.910	0.916	0.942	0.948	0.948	0.941	0.908	0.956	0.989	1.014	0.961	0.900	0.965	0.963	0.984	0.941	0.952	0.945	0.890	0.889	0.955	1.100	1.096	1.074	0.046	0.967	0.952	0.951	0.974	0.936	0.895	0.985	1.030	1.183	0.957	0.993	1.081	1.062	0.963	0.502	0.970	0.942	0.886	0.953	1.043	1.186	1.028	0.927	0.970	0.942	0.957	1.106	0.945	0.898	0.899	0.940	0.955	0.934	0.971	0.925	0.949	0.952	0.952	0.950	1.017	1.110	0.823	0.925	0.890	0.901	0.913	0.917	0.916	0.972	0.941	0.952	0.941	0.867
58:00:59	21.8	0.628	0.927	0.935	0.888	0.923	0.915	0.909	0.919	0.913	0.894	0.936	0.863	0.912	0.994	0.960	0.937	0.941	0.934	0.914	0.926	0.948	0.959	0.965	0.944	0.900	0.959	0.993	1.015	0.970	0.915	0.972	0.977	0.989	0.946	0.958	0.951	0.895	0.904	0.963	1.088	1.092	0.973	0.046	0.974	0.958	0.960	0.974	0.948	0.893	0.987	1.020	1.170	0.964	0.997	1.077	0.978	0.974	0.517	0.976	0.950	0.883	0.947	1.053	1.204	1.025	0.934	0.979	0.946	0.962	1.108	0.950	0.900	0.901	0.945	0.955	0.938	0.946	0.932	0.954	0.993	0.954	0.958	0.964	1.068	0.827	0.931	0.901	0.907	0.915	0.927	0.923	0.976	0.949	0.965	0.951	0.872
59:01:00	21.5	0.631	0.937	0.932	0.905	0.929	0.926	0.915	0.926	0.921	0.898	0.938	0.867	0.919	0.930	0.966	0.943	0.938	0.945	0.924	0.936	0.956	0.967	0.977	0.948	0.890	0.960	0.990	1.008	0.976	0.916	0.984	1.007	0.996	0.956	0.967	0.953	0.901	0.917	0.964	1.077	1.109	1.038	0.046	0.982	0.961	0.972	0.977	0.950	0.894	0.973	0.997	1.149	0.966	0.998	1.066	0.994	0.993	0.528	0.982	0.959	0.886	0.939	1.042	1.193	0.998	0.926	0.978	0.954	0.970	1.136	0.957	0.909	0.906	0.957	0.946	0.937	0.956	0.942	0.961	0.954	0.962	0.963	0.994	1.127	0.832	0.934	0.903	0.916	0.918	0.928	0.930	1.009	0.955	0.974	0.956	0.876
60:01:01	21.5	0.635	0.945	0.938	0.901	0.942	0.927	0.924	0.937	0.926	0.905	0.954	0.875	0.929	0.964	0.974	0.943	0.949	0.935	0.923	0.939	0.960	0.965	0.980	0.948	0.899	0.961	0.990	1.002	0.976	0.910	0.980	0.977	1.004	0.963	0.976	0.960	0.908	0.916	0.969	1.065	1.070	0.973	0.046	0.990	0.965	1.074	0.993	0.960	0.910	0.984	1.045	1.135	0.968	1.010	1.055	0.993	0.983	0.535	0.989	0.965	0.904	0.941	1.044	1.168	1.002	0.929	0.981	0.962	0.972	1.150	0.964	0.914	0.917	0.959	0.965	0.947	0.962	0.937	0.967	0.983	0.968	0.967	0.980	1.151	0.836	0.940	0.911	0.921	0.936	0.942	0.938	0.995	0.959	0.977	0.965	0.881
61:01:02	21.8	0.638	0.949	0.943	0.911	0.943	0.939	0.932	0.941	0.935	0.912	0.956	0.880	0.959	0.946	0.981	0.940	0.948	0.938	0.921	0.942	0.966	0.971	0.984	0.952	0.906	1.012	0.970	0.999	0.973	0.911	0.985	1.040	1.011	0.970	0.983	0.970	0.916	0.922	0.969	1.055	1.068	1.034	0.046	1.002	0.969	0.965	1.002	0.970	0.913	0.986	0.997	1.116	0.971	1.023	1.044	1.000	0.996	0.540	0.995	0.974	0.921	0.953	1.025	1.138	1.009	0.921	1.013	0.971	0.978	1.131	1.006	0.935	0.925	0.968	0.972	0.955	0.977	0.944	0.977	0.974	0.975	0.976	0.988	1.146	0.842	0.949	0.919	0.932	0.945	0.948	0.943	0.999	0.968	0.984	0.972	0.886
62:01:03	21.9	0.645	0.956	0.952	0.915	0.949	0.940	0.936	0.944	0.941	0.918	0.963	0.883	0.943	0.950	0.989	0.954	0.960	0.958	0.928	0.953	0.976	0.979	0.993	0.956	0.911	0.954	0.976	1.003	0.988	0.996	0.996	0.983	1.021	0.976	0.990	0.984	0.921	0.930	0.976	1.052	1.062	0.986	0.046	1.009	0.975	0.977	1.010	0.996	0.924	0.991	1.008	1.101	0.977	1.023	1.045	1.050	0.999	0.542	1.001	0.980	0.918	0.952	1.026	1.126	0.998	0.930	0.995	0.979	0.984	1.135	1.038	0.924	0.943	0.975	0.990	0.963	0.981	0.950	0.983	0.979	0.984	0.983	1.008	1.152	0.847	0.955	0.928	0.936	0.949	0.954	0.952	1.000	0.975	0.992	0.985	0.891
63:01:03	22.0	0.658	0.961	0.956	0.924	0.951	0.948	0.938	0.948	0.951	0.923	0.963	0.886	0.971	0.958	0.996	0.953	0.962	0.941	0.930	0.958	0.979	0.983	0.996	0.959	0.921	1.057	0.998	1.001	0.979	0.903	0.997	0.991	1.025	0.985	1.001	0.982	0.928	1.083	0.980	1.047	1.091	1.091	0.045	1.018	0.981	0.983	1.020	0.981	0.939	1.010	1.008	1.099	0.983	1.029	1.031	1.018	1.006	0.551	1.008	0.985	0.930	0.956	1.028	1.128	0.996	0.931	1.008	0.980	0.989	1.116	0.997	0.930	0.945	0.982	0.985	0.967	0.984	0.954	0.991	0.984	0.990	0.991	1.041	1.111	0.850	0.962	0.933	0.942	0.958	0.959	0.960	1.003	0.978	0.997	0.985	0.896
64:01:04	22.0	0.661	0.964	0.959	0.932	0.957	0.948	0.944	0.952	0.958	0.928	0.966	0.887	0.955	0.961	1.003	0.957	0.972	0.947	0.933	0.967	0.986	0.993	1.003	0.960	0.926	0.957	0.970	1.000	0.983	0.911	1.006	0.993	1.033	0.993	1.001	0.985	0.934	0.941	0.994	1.042	1.061	0.992	0.046	1.023	0.991	0.990	1.026	0.989	0.935	1.007	1.016	1.082	0.990	1.033	1.028	1.090	1.017	0.553	1.015	0.989	0.926	0.983	1.028	1.136	1.001	0.935	1.012	0.991	0.996	1.107	0.991	0.941	0.945	0.993	0.992	0.976	0.993	0.965	0.994	1.016	0.998	0.999	1.010	1.138	0.854	0.966	0.942	0.945	0.965	0.961	0.965	1.004	0.979	0.997	0.990	0.899
65:01:05	21.9	0.661	0.966	0.960	0.934	0.961	0.954	0.945	0.952	0.964	0.932	0.969	0.891	0.971	0.971	1.011	0.967	0.979	0.958	0.936	0.975	0.987	0.998	1.004	0.963	0.933	0.974	0.975	1.000	0.989	0.914	1.010	1.008	1.035	1.004	1.011	0.986	0.941	0.953	0.983	1.036	1.044	1.005	0.046	1.029	0.997	0.999	1.031	0.989	0.937	1.019	1.009	1.080	0.996	1.040	1.027	1.030	1.023	0.559	1.025	0.994	0.949	0.971	1.039	1.149	1.000	0.937	1.021	0.995	1.003	1.103	1.000	0.944	0.944	1.001	0.996	0.990	0.996	0.970	1.006	1.005	1.008	1.006	1.088	1.101	0.855	0.970	0.946	0.950	0.971	0.962	0.974	1.006	0.985	1.003	0.996	0.902
66:01:06	21.9	0.658	0.969	0.959	0.947	0.965	0.957	0.943	0.954	0.969	0.935	0.969	0.890	0.961	1.051	1.015	0.971	0.988	0.958	0.946	0.980	1.000	1.007	1.012	0.962	0.935	1.063	0.971	1.006	0.994	0.924	1.023	1.007	1.040	1.009	1.011	0.990	0.944	0.962	0.996	1.042	1.070	1.091	0.045	1.029	1.002	1.009	1.036	0.996	0.945	1.021	1.071	1.066	1.001	1.040	1.014	1.038	1.028	0.559	1.030	0.989	0.947	0.984	1.041	1.146	1.012	0.939	1.048	1.003	1.011	1.098	1.007	0.949	0.952	1.010	0.996	0.990	1.007	0.980	1.010	1.017	1.018	1.014	1.021	1.111	0.855	0.976	0.948	0.951	0.979	0.965	0.976	1.006	0.988	1.006	0.997	0.904
67:01:07	21.9	0.666	0.969	0.959	0.942	0.967	0.961	0.945	0.961	0.973	0.935	0.970	0.893	0.966	0.984	1.018	0.977	0.993	0.969	0.955	0.986	1.007	1.012	1.018	0.967	0.944	0.982	1.013	1.003	0.997	0.931	1.028	1.048	1.045	1.019	1.014	0.991	0.949	0.967	1.057	1.034	1.031	1.011	0.046	1.034	1.009	1.117	1.039	0.995	0.955	1.051	1.009	1.060	1.007	1.045	1.025	1.037	1.031	0.560	1.036	0.999	0.957	0.989	1.048	1.164	1.017	0.943	1.030	1.012	1.019	1.100	1.011	0.951	0.955	1.014	0.999	0.995	1.043	0.990	1.016	1.014	1.018	1.018	1.023	1.069	0.854	0.980	0.952	0.955	0.982	0.965	0.982	1.007	0.989	1.009	0.999	0.905
68:01:09	22.0	0.665	0.972	0.964	0.946	0.971	0.959	0.946	0.957	0.977	0.938	0.973	0.889	0.969	0.996	1.022	0.983	1.009	0.980	0.957	0.989	1.010	1.020	1.019	0.965	0.947	0.997	0.973	1.006	1.002	0.930	1.035	1.018	1.046	1.024	1.011	0.993	0.952	0.975	0.998	1.030	1.045	1.023	0.046	1.037	1.009	1.017	1.038	0.999	0.956	1.052	1.053	1.069	1.016	1.043	1.063	1.062	1.034	0.561	1.039	0.998	0.955	0.995	1.031	1.178	1.020	0.943	1.035	1.018	1.026	1.099	1.014	0.954	0.963	1.020	1.013	1.010	1.027	0.992	1.018	1.023	1.021	1.023	1.023	1.115	0.851	0.983	0.956	0.957	0.988	0.970	0.983	1.008	0.992	1.010	1.002	0.908
69:01:10	22.3	0.673	0.973	0.963	0.945	0.971	0.963	0.950	0.963	0.981	0.944	0.974	0.889	0.973	1.002	1.025	0.984	1.003	0.982	0.958	0.992	1.015	1.022	1.018	0.967	0.957	1.089	0.979	1.057	1.008	0.934	1.036	1.022	1.047	1.030	1.012	0.995	0.954	0.974	1.010	1.028	1.042	1.114	0.046	1.040	1.019	1.021	1.045	1.003	0.959	1.028	1.029	1.062	1.023	1.052	1.020	1.043	1.037	0.562	1.042	1.001	0.959	1.030	1.032	1.166	1.014	0.940	1.039	1.023	1.032	1.099	1.018	0.958	0.965	1.022	1.015	1.018	1.040	0.994	1.022	1.035	1.028	1.026	1.030	1.016	0.849	0.987	0.957	0.960	0.990	0.970	0.987	1.011	0.995	1.012	1.004	0.908
70:01:11	22.3	0.674	0.973	0.956	0.947	0.973	0.963	0.950	0.958	0.986	0.945	0.974	0.887	0.973	1.001	1.026	0.990	1.013	0.989	0.967	0.995	1.016	1.026	1.021	0.970	0.959	1.004	0.983	1.012	1.016	0.943	1.040	1.030	1.050	1.032	1.014	0.999	0.958	0.982	1.017	1.026	1.051	1.022	0.045	1.043	1.014	1.028	1.043	1.006	0.964	1.029	1.039	1.062	1.030	1.048	1.031	1.045	1.041	0.566	1.045	1.003	0.961	1.016	1.043	1.158	1.024	0.944	1.042	1.027	1.035	1.095	1.023	0.960	0.968	1.025	1.020	1.016	1.032	1.000	1.029	1.031	1.028	1.030	1.028	1.047	0.848	0.990	0.960	0.962	0.992	0.970	0.988	1.011	0.997	1.013	1.004	0.908
71:01:11	22.1	0.678	0.973	0.957	0.948	0.973	0.962	0.949	0.960	0.988	0.949	0.973	0.888	0.975	1.010	1.035	0.993	1.016	0.996	0.971	0.998	1.016	1.029	1.030	0.971	0.966	1.016	0.992	1.018	1.015	0.949	1.043	1.052	1.053	1.035	1.015	0.998	0.961	0.977	1.114	1.025	1.083	1.062	0.046	1.045	1.018	1.033	1.049	1.006	0.967	1.037	1.030	1.058	1.030	1.055	1.063	1.065	1.043	0.572	1.049	1.004	0.962	1.019	1.039	1.134	1.031	0.945	1.043	1.028	1.038	1.105	1.025	0.962	0.971	1.026	1.023	1.017	1.054	1.022	1.025	1.034	1.030	1.033	1.033	1.028	0.846	0.992	0.962	0.963	0.992	0.971	0.991	1.016	0.999	1.017	1.008	0.908
72:01:13	22.0	0.689	0.973	0.955	0.951	0.976	0.967	0.949	0.957	0.989	0.958	0.976	0.887	0.979	1.010	1.030	0.989	1.016	0.994	0.971	0.999	1.021	1.031	1.028	0.969	0.970	1.013	0.986	1.022	1.027	0.954	1.043	1.032	1.102	1.036	1.012	1.000	0.964	0.984	1.013	1.038	1.041	1.027	0.045	1.047	1.020	1.032	1.051	1.008	0.964	1.062	1.036	1.056	1.034	1.053	1.029	1.051	1.046	0.571	1.049	1.005	0.967	1.029	1.031	1.120	1.032	0.946	1.051	1.033	1.043	1.109	1.032	0.963	0.973	1.029	1.030	1.020	1.037	1.008	1.028	1.040	1.032	1.036	1.037	0.998	0.843	0.997	0.958	0.967	0.995	0.974	0.992	1.018	1.000	1.016	1.011	0.909

