Time	T° 600	A1	A2	A3	A4	A5	A6	A7	A8	A9	A10	A11	A12	B1	B2	B3	B4	B5	B6	B7	B8	B9	B10	B11	B12	C1	C2	C3	C4	C5	C6	C7	C8	C9	C10	C11	C12	D1	D2	D3	D4	D5	D6	D7	D8	D9	D10	D11	D12	E1	E2	E3	E4	E5	E6	E7	E8	E9	E10	E11	E12	F1	F2	F3	F4	F5	F6	F7	F8	F9	F10	F11	F12	G1	G2	G3	G4	G5	G6	G7	G8	G9	G10	G11	G12	H1	H2	H3	H4	H5	H6	H7	H8	H9	H10	H11	H12
0:00:06	20.8	0.044	0.044	0.053	0.048	0.045	0.048	0.043	0.045	0.044	0.045	0.050	0.046	0.048	0.045	0.044	0.046	0.046	0.044	0.045	0.048	0.045	0.128	0.045	0.049	0.045	0.044	0.045	0.050	0.044	0.051	0.045	0.045	0.044	0.048	0.056	0.046	0.045	0.048	0.044	0.077	0.045	0.079	0.047	0.050	0.047	0.044	0.047	0.052	0.046	0.047	0.044	0.046	0.048	0.051	0.149	0.044	0.048	0.044	0.046	0.046	0.054	0.051	0.047	0.047	0.047	0.048	0.044	0.045	0.094	0.044	0.044	0.049	0.049	0.047	0.057	0.048	0.049	0.045	0.050	0.045	0.049	0.046	0.050	0.046	0.048	0.050	0.054	0.045	0.044	0.044	0.048	0.050	0.051	0.050	0.045	0.050
1:00:05	22.0	0.045	0.045	0.054	0.049	0.047	0.048	0.045	0.046	0.046	0.046	0.051	0.047	0.049	0.046	0.045	0.047	0.047	0.045	0.046	0.049	0.045	0.165	0.047	0.050	0.047	0.045	0.045	0.051	0.045	0.052	0.046	0.045	0.045	0.049	0.057	0.048	0.046	0.049	0.046	0.098	0.046	0.096	0.048	0.051	0.048	0.045	0.048	0.053	0.047	0.048	0.045	0.047	0.049	0.053	0.183	0.045	0.049	0.044	0.048	0.047	0.054	0.054	0.049	0.048	0.048	0.048	0.046	0.047	0.114	0.045	0.046	0.050	0.051	0.047	0.059	0.049	0.050	0.047	0.051	0.046	0.050	0.047	0.051	0.048	0.049	0.051	0.055	0.047	0.045	0.045	0.050	0.051	0.052	0.052	0.047	0.051
2:00:06	22.7	0.047	0.048	0.055	0.049	0.048	0.051	0.047	0.048	0.048	0.049	0.054	0.049	0.051	0.048	0.047	0.049	0.047	0.047	0.048	0.051	0.047	0.195	0.049	0.053	0.049	0.047	0.048	0.053	0.047	0.054	0.048	0.045	0.047	0.051	0.058	0.049	0.048	0.051	0.048	0.115	0.049	0.110	0.050	0.053	0.051	0.047	0.050	0.055	0.049	0.050	0.048	0.049	0.051	0.055	0.216	0.047	0.051	0.045	0.050	0.049	0.056	0.058	0.051	0.050	0.050	0.050	0.048	0.049	0.134	0.048	0.048	0.052	0.053	0.050	0.064	0.051	0.052	0.049	0.052	0.048	0.053	0.049	0.054	0.051	0.051	0.053	0.056	0.049	0.048	0.048	0.052	0.053	0.054	0.054	0.049	0.053
3:00:07	23.0	0.051	0.052	0.058	0.050	0.051	0.054	0.049	0.051	0.050	0.051	0.057	0.052	0.055	0.052	0.051	0.052	0.047	0.050	0.051	0.055	0.051	0.219	0.052	0.056	0.052	0.051	0.051	0.056	0.051	0.057	0.051	0.045	0.051	0.055	0.060	0.053	0.052	0.054	0.052	0.130	0.052	0.120	0.054	0.055	0.055	0.051	0.054	0.058	0.053	0.054	0.052	0.054	0.055	0.058	0.241	0.050	0.054	0.047	0.054	0.052	0.058	0.063	0.056	0.054	0.054	0.052	0.051	0.052	0.152	0.051	0.051	0.055	0.058	0.054	0.068	0.055	0.055	0.053	0.056	0.052	0.057	0.052	0.058	0.054	0.053	0.058	0.059	0.052	0.050	0.051	0.055	0.057	0.057	0.057	0.052	0.057
4:00:08	23.0	0.057	0.058	0.064	0.051	0.058	0.059	0.055	0.057	0.057	0.058	0.063	0.060	0.062	0.060	0.058	0.059	0.047	0.056	0.059	0.061	0.059	0.057	0.059	0.063	0.059	0.057	0.058	0.063	0.058	0.064	0.058	0.046	0.059	0.063	0.067	0.060	0.060	0.061	0.060	0.142	0.059	0.130	0.062	0.062	0.063	0.059	0.063	0.065	0.060	0.062	0.060	0.062	0.063	0.066	0.263	0.058	0.060	0.051	0.062	0.059	0.065	0.070	0.064	0.062	0.062	0.055	0.059	0.060	0.164	0.059	0.059	0.062	0.066	0.061	0.077	0.062	0.061	0.062	0.064	0.060	0.064	0.060	0.066	0.062	0.062	0.064	0.066	0.060	0.058	0.059	0.062	0.063	0.064	0.064	0.059	0.065
5:00:09	23.1	0.071	0.070	0.077	0.054	0.071	0.072	0.069	0.069	0.070	0.073	0.081	0.075	0.079	0.076	0.073	0.075	0.047	0.069	0.075	0.076	0.075	0.070	0.076	0.081	0.076	0.071	0.073	0.078	0.073	0.079	0.072	0.046	0.075	0.080	0.083	0.076	0.076	0.077	0.077	0.149	0.076	0.140	0.077	0.077	0.079	0.075	0.080	0.080	0.076	0.076	0.079	0.079	0.076	0.081	0.275	0.072	0.074	0.057	0.080	0.074	0.080	0.084	0.080	0.077	0.078	0.062	0.074	0.076	0.171	0.076	0.074	0.076	0.079	0.077	0.092	0.076	0.075	0.077	0.079	0.074	0.079	0.076	0.085	0.077	0.076	0.079	0.082	0.075	0.070	0.073	0.075	0.077	0.079	0.080	0.075	0.081
6:00:10	23.1	0.096	0.092	0.104	0.057	0.099	0.099	0.094	0.094	0.098	0.103	0.107	0.105	0.110	0.105	0.101	0.103	0.047	0.095	0.105	0.106	0.105	0.097	0.107	0.115	0.108	0.096	0.102	0.107	0.100	0.106	0.101	0.046	0.105	0.113	0.112	0.109	0.110	0.107	0.107	0.156	0.108	0.148	0.108	0.106	0.110	0.105	0.114	0.110	0.106	0.103	0.112	0.108	0.105	0.110	0.277	0.099	0.100	0.072	0.114	0.106	0.110	0.107	0.113	0.107	0.108	0.080	0.102	0.107	0.172	0.107	0.104	0.107	0.097	0.106	0.124	0.103	0.101	0.108	0.108	0.101	0.109	0.108	0.116	0.107	0.105	0.108	0.113	0.105	0.097	0.102	0.100	0.105	0.111	0.111	0.106	0.113
7:00:12	23.0	0.132	0.123	0.138	0.058	0.135	0.135	0.133	0.132	0.135	0.142	0.135	0.147	0.146	0.138	0.133	0.139	0.047	0.131	0.137	0.141	0.139	0.131	0.145	0.158	0.144	0.129	0.134	0.140	0.134	0.142	0.136	0.047	0.137	0.150	0.147	0.152	0.148	0.140	0.140	0.157	0.143	0.159	0.140	0.136	0.146	0.141	0.151	0.147	0.142	0.138	0.148	0.144	0.141	0.144	0.264	0.131	0.134	0.097	0.153	0.148	0.146	0.139	0.148	0.141	0.142	0.109	0.136	0.142	0.167	0.142	0.142	0.148	0.130	0.141	0.159	0.139	0.137	0.144	0.142	0.136	0.145	0.145	0.150	0.146	0.138	0.144	0.151	0.145	0.136	0.139	0.135	0.142	0.150	0.150	0.147	0.154
8:00:10	22.9	0.174	0.162	0.185	0.065	0.184	0.179	0.181	0.178	0.185	0.196	0.192	0.201	0.196	0.184	0.179	0.186	0.047	0.175	0.187	0.188	0.187	0.177	0.199	0.221	0.197	0.170	0.181	0.190	0.178	0.188	0.185	0.047	0.185	0.202	0.197	0.213	0.203	0.189	0.187	0.162	0.195	0.172	0.187	0.185	0.193	0.187	0.207	0.203	0.194	0.176	0.201	0.191	0.186	0.192	0.250	0.177	0.179	0.129	0.210	0.207	0.196	0.178	0.201	0.185	0.191	0.141	0.183	0.195	0.171	0.193	0.194	0.208	0.172	0.188	0.210	0.186	0.181	0.193	0.190	0.184	0.198	0.199	0.196	0.203	0.184	0.192	0.204	0.196	0.182	0.185	0.183	0.192	0.209	0.208	0.204	0.205
9:00:12	22.7	0.218	0.215	0.239	0.076	0.239	0.237	0.241	0.242	0.242	0.258	0.227	0.261	0.251	0.236	0.227	0.242	0.047	0.235	0.242	0.242	0.239	0.233	0.260	0.282	0.254	0.222	0.234	0.247	0.231	0.243	0.242	0.047	0.239	0.257	0.256	0.291	0.265	0.243	0.238	0.180	0.254	0.199	0.242	0.236	0.248	0.243	0.270	0.271	0.252	0.233	0.259	0.245	0.244	0.246	0.246	0.228	0.234	0.171	0.276	0.280	0.258	0.233	0.258	0.240	0.247	0.180	0.237	0.254	0.191	0.248	0.256	0.282	0.227	0.243	0.263	0.247	0.239	0.248	0.249	0.238	0.255	0.258	0.250	0.270	0.253	0.243	0.267	0.259	0.245	0.244	0.254	0.249	0.276	0.272	0.278	0.270
10:00:13	22.8	0.233	0.273	0.292	0.096	0.304	0.294	0.293	0.309	0.302	0.325	0.235	0.257	0.307	0.287	0.276	0.290	0.047	0.302	0.293	0.286	0.285	0.287	0.331	0.224	0.309	0.274	0.290	0.314	0.274	0.293	0.307	0.047	0.285	0.311	0.317	0.368	0.295	0.295	0.281	0.211	0.313	0.238	0.287	0.286	0.303	0.284	0.328	0.344	0.299	0.283	0.315	0.295	0.299	0.296	0.251	0.278	0.292	0.212	0.345	0.357	0.326	0.301	0.311	0.286	0.299	0.222	0.288	0.315	0.233	0.299	0.313	0.308	0.279	0.293	0.317	0.299	0.296	0.302	0.304	0.290	0.313	0.315	0.297	0.314	0.243	0.321	0.329	0.306	0.311	0.307	0.235	0.307	0.353	0.341	0.350	0.298
11:00:14	22.9	0.222	0.258	0.360	0.107	0.360	0.340	0.288	0.375	0.357	0.397	0.290	0.266	0.347	0.331	0.316	0.325	0.047	0.348	0.340	0.319	0.325	0.317	0.388	0.277	0.356	0.319	0.341	0.369	0.305	0.334	0.363	0.047	0.322	0.352	0.368	0.417	0.312	0.344	0.317	0.255	0.367	0.278	0.321	0.329	0.340	0.315	0.376	0.409	0.339	0.330	0.360	0.327	0.346	0.343	0.264	0.313	0.343	0.250	0.402	0.405	0.388	0.347	0.346	0.322	0.339	0.255	0.326	0.365	0.287	0.342	0.359	0.319	0.328	0.330	0.354	0.342	0.344	0.341	0.353	0.335	0.358	0.355	0.321	0.323	0.264	0.308	0.400	0.374	0.343	0.339	0.349	0.347	0.416	0.279	0.412	0.397
12:00:16	22.9	0.273	0.266	0.424	0.133	0.400	0.383	0.319	0.418	0.405	0.390	0.340	0.303	0.357	0.367	0.352	0.351	0.047	0.379	0.382	0.353	0.363	0.341	0.433	0.305	0.399	0.357	0.385	0.417	0.326	0.370	0.413	0.048	0.353	0.383	0.416	0.354	0.379	0.380	0.343	0.289	0.402	0.325	0.350	0.366	0.371	0.343	0.370	0.466	0.367	0.362	0.406	0.356	0.388	0.383	0.271	0.343	0.385	0.286	0.433	0.447	0.431	0.382	0.374	0.342	0.370	0.282	0.361	0.404	0.335	0.378	0.398	0.326	0.350	0.362	0.388	0.383	0.383	0.378	0.390	0.367	0.378	0.361	0.348	0.328	0.328	0.357	0.454	0.382	0.365	0.369	0.359	0.380	0.460	0.320	0.464	0.391
13:00:16	22.9	0.304	0.324	0.463	0.163	0.427	0.329	0.336	0.468	0.454	0.363	0.415	0.343	0.405	0.398	0.388	0.402	0.047	0.420	0.419	0.387	0.398	0.384	0.453	0.324	0.434	0.383	0.426	0.462	0.353	0.399	0.454	0.048	0.383	0.406	0.461	0.375	0.422	0.411	0.369	0.319	0.431	0.385	0.378	0.400	0.397	0.374	0.375	0.532	0.404	0.388	0.451	0.382	0.422	0.421	0.285	0.375	0.427	0.318	0.455	0.486	0.453	0.423	0.400	0.360	0.397	0.323	0.394	0.438	0.382	0.422	0.407	0.326	0.431	0.389	0.447	0.424	0.424	0.415	0.420	0.406	0.391	0.389	0.365	0.384	0.337	0.413	0.493	0.497	0.465	0.360	0.400	0.443	0.522	0.363	0.422	0.472
14:00:18	22.9	0.358	0.361	0.500	0.193	0.410	0.375	0.367	0.458	0.480	0.381	0.451	0.414	0.416	0.434	0.422	0.411	0.047	0.455	0.458	0.424	0.433	0.418	0.487	0.356	0.449	0.418	0.468	0.496	0.379	0.435	0.485	0.049	0.415	0.435	0.509	0.390	0.455	0.442	0.396	0.352	0.462	0.435	0.406	0.437	0.424	0.416	0.437	0.583	0.445	0.434	0.498	0.407	0.460	0.462	0.327	0.405	0.466	0.348	0.466	0.545	0.485	0.459	0.430	0.388	0.439	0.327	0.425	0.471	0.425	0.454	0.431	0.363	0.440	0.429	0.471	0.455	0.463	0.438	0.452	0.426	0.423	0.446	0.365	0.498	0.444	0.458	0.548	0.432	0.484	0.385	0.417	0.471	0.526	0.377	0.440	0.444
15:00:18	22.9	0.373	0.384	0.533	0.225	0.444	0.414	0.411	0.509	0.499	0.431	0.479	0.407	0.471	0.471	0.463	0.434	0.047	0.460	0.488	0.450	0.469	0.449	0.513	0.382	0.472	0.450	0.503	0.529	0.402	0.468	0.508	0.049	0.446	0.451	0.546	0.434	0.484	0.467	0.429	0.389	0.486	0.483	0.438	0.473	0.451	0.452	0.492	0.618	0.466	0.465	0.522	0.437	0.488	0.498	0.375	0.443	0.504	0.368	0.507	0.443	0.525	0.498	0.454	0.413	0.449	0.374	0.460	0.495	0.456	0.474	0.480	0.394	0.485	0.470	0.487	0.492	0.491	0.453	0.480	0.448	0.458	0.463	0.429	0.500	0.449	0.498	0.566	0.524	0.496	0.480	0.458	0.511	0.553	0.406	0.564	0.518
16:00:20	22.9	0.415	0.449	0.554	0.262	0.484	0.474	0.461	0.530	0.507	0.411	0.468	0.434	0.412	0.494	0.487	0.464	0.047	0.491	0.517	0.478	0.502	0.480	0.532	0.406	0.487	0.485	0.529	0.555	0.432	0.494	0.533	0.049	0.476	0.483	0.567	0.461	0.546	0.495	0.457	0.420	0.511	0.505	0.468	0.504	0.469	0.476	0.499	0.631	0.502	0.504	0.537	0.462	0.517	0.524	0.423	0.471	0.541	0.392	0.531	0.455	0.546	0.543	0.484	0.433	0.469	0.395	0.483	0.521	0.481	0.495	0.484	0.458	0.541	0.490	0.500	0.509	0.513	0.477	0.504	0.469	0.482	0.489	0.473	0.570	0.485	0.558	0.616	0.577	0.538	0.474	0.441	0.564	0.567	0.421	0.538	0.483
17:00:21	22.8	0.432	0.433	0.575	0.260	0.494	0.511	0.438	0.540	0.545	0.439	0.500	0.460	0.533	0.513	0.521	0.491	0.047	0.500	0.552	0.525	0.537	0.499	0.578	0.440	0.519	0.525	0.555	0.578	0.458	0.524	0.556	0.050	0.512	0.521	0.605	0.527	0.428	0.521	0.488	0.468	0.534	0.541	0.504	0.532	0.502	0.497	0.534	0.643	0.537	0.537	0.546	0.489	0.548	0.563	0.463	0.507	0.568	0.419	0.559	0.480	0.537	0.552	0.494	0.470	0.494	0.499	0.510	0.554	0.507	0.514	0.532	0.519	0.645	0.495	0.515	0.525	0.531	0.500	0.528	0.499	0.515	0.521	0.506	0.568	0.486	0.509	0.643	0.591	0.564	0.521	0.476	0.539	0.574	0.466	0.640	0.526
18:00:24	22.7	0.431	0.547	0.591	0.264	0.524	0.566	0.490	0.548	0.595	0.475	0.509	0.465	0.496	0.530	0.544	0.510	0.047	0.520	0.576	0.514	0.567	0.514	0.624	0.467	0.571	0.557	0.576	0.598	0.485	0.566	0.584	0.051	0.548	0.558	0.641	0.513	0.520	0.552	0.517	0.497	0.568	0.559	0.542	0.567	0.527	0.530	0.551	0.650	0.560	0.568	0.563	0.513	0.582	0.587	0.495	0.543	0.602	0.456	0.578	0.498	0.562	0.586	0.520	0.503	0.530	0.457	0.541	0.577	0.532	0.538	0.570	0.542	0.540	0.504	0.535	0.542	0.541	0.523	0.555	0.530	0.554	0.547	0.541	0.578	0.527	0.553	0.660	0.581	0.628	0.509	0.503	0.595	0.627	0.562	0.549	0.497
19:00:24	22.7	0.447	0.538	0.614	0.283	0.482	0.638	0.485	0.582	0.568	0.498	0.538	0.510	0.531	0.559	0.573	0.536	0.047	0.536	0.606	0.526	0.604	0.538	0.592	0.485	0.613	0.583	0.607	0.622	0.524	0.602	0.607	0.051	0.579	0.570	0.677	0.540	0.534	0.588	0.546	0.528	0.594	0.584	0.577	0.596	0.561	0.561	0.573	0.675	0.619	0.616	0.585	0.540	0.611	0.624	0.529	0.576	0.624	0.488	0.598	0.521	0.581	0.639	0.549	0.527	0.561	0.560	0.579	0.610	0.561	0.558	0.650	0.565	0.522	0.521	0.557	0.564	0.564	0.556	0.580	0.568	0.587	0.577	0.575	0.578	0.536	0.553	0.678	0.666	0.598	0.515	0.527	0.631	0.638	0.627	0.629	0.532
20:00:24	22.7	0.462	0.612	0.639	0.315	0.485	0.580	0.507	0.504	0.577	0.528	0.546	0.522	0.569	0.600	0.598	0.562	0.047	0.643	0.630	0.545	0.638	0.609	0.590	0.502	0.579	0.609	0.636	0.652	0.549	0.626	0.628	0.053	0.610	0.595	0.708	0.533	0.583	0.622	0.581	0.545	0.618	0.602	0.603	0.623	0.593	0.587	0.594	0.731	0.534	0.681	0.612	0.567	0.648	0.653	0.550	0.607	0.650	0.522	0.626	0.535	0.601	0.581	0.576	0.558	0.589	0.521	0.613	0.648	0.584	0.585	0.682	0.553	0.540	0.542	0.580	0.602	0.595	0.572	0.626	0.608	0.624	0.615	0.607	0.609	0.520	0.575	0.737	0.563	0.637	0.563	0.544	0.691	0.670	0.611	0.594	0.522
21:00:26	22.8	0.511	0.562	0.671	0.330	0.525	0.601	0.541	0.539	0.580	0.529	0.583	0.563	0.628	0.633	0.625	0.621	0.047	0.511	0.649	0.577	0.661	0.556	0.601	0.525	0.543	0.631	0.661	0.675	0.577	0.649	0.645	0.055	0.644	0.615	0.732	0.563	0.628	0.649	0.612	0.579	0.642	0.624	0.629	0.655	0.622	0.612	0.611	0.626	0.601	0.670	0.656	0.594	0.673	0.684	0.579	0.637	0.675	0.555	0.709	0.562	0.658	0.645	0.604	0.590	0.621	0.556	0.636	0.671	0.607	0.615	0.625	0.613	0.545	0.570	0.605	0.658	0.622	0.634	0.652	0.646	0.640	0.648	0.663	0.641	0.560	0.581	0.694	0.613	0.656	0.574	0.566	0.690	0.647	0.651	0.635	0.542
22:00:26	22.9	0.535	0.631	0.667	0.360	0.585	0.586	0.563	0.529	0.608	0.583	0.604	0.570	0.575	0.669	0.654	0.602	0.047	0.571	0.657	0.614	0.693	0.610	0.574	0.547	0.605	0.662	0.674	0.702	0.602	0.686	0.670	0.058	0.673	0.634	0.765	0.579	0.546	0.674	0.647	0.604	0.671	0.645	0.660	0.676	0.653	0.643	0.653	0.757	0.720	0.690	0.645	0.620	0.693	0.724	0.601	0.668	0.702	0.584	0.690	0.570	0.613	0.619	0.631	0.621	0.667	0.575	0.651	0.697	0.629	0.641	0.675	0.581	0.561	0.598	0.646	0.741	0.650	0.649	0.672	0.679	0.688	0.675	0.698	0.639	0.578	0.590	0.668	0.631	0.680	0.587	0.604	0.689	0.654	0.619	0.628	0.565
23:00:28	23.0	0.537	0.601	0.648	0.378	0.552	0.616	0.584	0.546	0.651	0.599	0.610	0.599	0.636	0.699	0.683	0.654	0.047	0.542	0.684	0.643	0.719	0.654	0.617	0.579	0.624	0.703	0.694	0.739	0.634	0.737	0.692	0.063	0.700	0.655	0.795	0.598	0.645	0.700	0.674	0.618	0.710	0.668	0.684	0.706	0.682	0.665	0.696	0.803	0.599	0.758	0.684	0.642	0.716	0.753	0.625	0.700	0.723	0.616	0.703	0.602	0.670	0.636	0.666	0.651	0.679	0.607	0.667	0.703	0.655	0.702	0.701	0.626	0.580	0.627	0.691	0.700	0.672	0.668	0.698	0.702	0.700	0.703	0.683	0.787	0.586	0.588	0.726	0.641	0.699	0.618	0.608	0.691	0.637	0.671	0.642	0.628
24:00:28	23.2	0.568	0.624	0.653	0.410	0.608	0.659	0.606	0.571	0.673	0.615	0.630	0.612	0.626	0.745	0.706	0.703	0.047	0.568	0.715	0.672	0.744	0.681	0.633	0.599	0.651	0.649	0.716	0.756	0.657	0.680	0.717	0.072	0.733	0.679	0.810	0.606	0.587	0.727	0.700	0.634	0.764	0.697	0.710	0.729	0.716	0.686	0.719	0.666	0.693	0.767	0.707	0.664	0.744	0.790	0.654	0.727	0.747	0.640	0.733	0.613	0.673	0.778	0.709	0.685	0.699	0.596	0.685	0.715	0.684	0.710	0.714	0.697	0.596	0.664	0.704	0.733	0.707	0.705	0.698	0.734	0.727	0.753	0.747	0.698	0.568	0.621	0.721	0.652	0.708	0.626	0.618	0.694	0.727	0.649	0.669	0.603
25:00:30	23.2	0.582	0.697	0.717	0.443	0.618	0.686	0.621	0.568	0.709	0.641	0.649	0.640	0.658	0.796	0.742	0.708	0.047	0.584	0.751	0.707	0.773	0.690	0.651	0.620	0.627	0.678	0.748	0.778	0.690	0.673	0.779	0.085	0.766	0.710	0.854	0.630	0.725	0.753	0.730	0.667	0.743	0.722	0.742	0.757	0.751	0.717	0.749	0.678	0.634	0.809	0.686	0.696	0.775	0.833	0.682	0.751	0.782	0.665	0.779	0.650	0.696	0.629	0.772	0.721	0.755	0.675	0.709	0.738	0.710	0.710	0.750	0.652	0.620	0.709	0.741	0.786	0.735	0.751	0.725	0.776	0.759	0.811	0.729	0.685	0.590	0.633	0.711	0.684	0.736	0.639	0.656	0.707	0.679	0.746	0.675	0.682
26:00:30	23.1	0.604	0.648	0.616	0.439	0.640	0.704	0.638	0.596	0.741	0.649	0.680	0.636	0.678	0.799	0.777	0.725	0.047	0.620	0.779	0.736	0.798	0.703	0.677	0.643	0.784	0.701	0.772	0.809	0.752	0.699	0.735	0.105	0.789	0.739	0.876	0.648	0.613	0.775	0.751	0.709	0.723	0.749	0.772	0.792	0.783	0.758	0.754	0.685	0.720	0.826	0.746	0.729	0.814	0.846	0.701	0.782	0.808	0.691	0.820	0.645	0.730	0.640	0.771	0.776	0.786	0.638	0.729	0.759	0.733	0.735	0.760	0.722	0.630	0.794	0.776	0.778	0.790	0.803	0.750	0.816	0.799	0.806	0.811	0.761	0.618	0.657	0.735	0.684	0.732	0.669	0.651	0.717	0.690	0.728	0.695	0.787
27:00:32	23.1	0.587	0.700	0.681	0.507	0.638	0.712	0.668	0.605	0.709	0.663	0.679	0.660	0.685	0.770	0.802	0.729	0.047	0.616	0.818	0.753	0.834	0.720	0.696	0.671	0.676	0.752	0.799	0.844	0.748	0.725	0.762	0.134	0.820	0.766	0.905	0.666	0.748	0.806	0.778	0.746	0.720	0.773	0.804	0.827	0.816	0.775	0.766	0.701	0.654	0.838	0.777	0.766	0.873	0.875	0.738	0.807	0.834	0.715	0.872	0.684	0.763	0.660	0.766	0.836	0.756	0.693	0.765	0.788	0.762	0.769	0.828	0.683	0.648	0.726	0.809	0.799	0.810	0.852	0.778	0.834	0.818	0.825	0.823	0.703	0.604	0.666	0.713	0.703	0.746	0.677	0.675	0.721	0.713	0.724	0.739	0.649
28:00:32	23.1	0.602	0.710	0.704	0.531	0.677	0.725	0.660	0.639	0.715	0.679	0.694	0.660	0.694	0.842	0.832	0.727	0.047	0.640	0.854	0.792	0.873	0.747	0.718	0.688	0.776	0.747	0.822	0.884	0.743	0.760	0.804	0.168	0.849	0.798	0.942	0.674	0.660	0.838	0.804	0.773	0.749	0.794	0.834	0.860	0.867	0.789	0.765	0.709	0.786	0.851	0.746	0.806	0.838	0.895	0.769	0.839	0.863	0.742	0.830	0.673	0.727	0.677	0.780	0.897	0.819	0.722	0.789	0.859	0.798	0.806	0.747	0.794	0.662	0.717	0.861	0.789	0.783	0.845	0.805	0.860	0.867	0.814	0.816	0.707	0.598	0.683	0.767	0.703	0.762	0.671	0.697	0.728	0.763	0.754	0.762	0.659
29:00:34	23.2	0.613	0.707	0.756	0.546	0.680	0.737	0.681	0.624	0.761	0.688	0.705	0.670	0.697	0.856	0.880	0.748	0.047	0.643	0.905	0.830	0.908	0.770	0.702	0.678	0.704	0.793	0.859	0.916	0.765	0.803	0.827	0.200	0.879	0.807	0.968	0.688	0.773	0.860	0.845	0.800	0.789	0.830	0.873	0.893	0.924	0.805	0.759	0.721	0.671	0.872	0.777	0.857	0.873	0.923	0.818	0.875	0.888	0.770	0.838	0.756	0.743	0.692	0.811	0.880	0.851	0.708	0.812	0.898	0.828	0.832	0.786	0.712	0.668	0.790	0.898	0.844	0.826	0.837	0.824	0.884	0.889	0.811	0.815	0.724	0.602	0.690	0.770	0.731	0.772	0.690	0.734	0.734	0.746	0.738	0.725	0.668
30:00:34	23.2	0.637	0.726	0.686	0.569	0.703	0.753	0.683	0.646	0.794	0.706	0.708	0.690	0.692	0.876	0.929	0.751	0.047	0.674	0.822	0.866	0.844	0.781	0.725	0.711	0.719	0.804	0.890	0.900	0.797	0.847	0.845	0.230	0.900	0.762	0.990	0.691	0.673	0.883	0.877	0.833	0.827	0.856	0.908	0.900	0.928	0.859	0.757	0.711	0.788	0.874	0.785	0.932	0.867	0.938	0.855	0.901	0.911	0.799	0.866	0.695	0.736	0.700	0.851	0.876	0.869	0.725	0.820	0.929	0.858	0.890	0.792	0.837	0.691	0.779	0.857	0.837	0.851	0.893	0.843	0.850	0.808	0.832	0.890	0.735	0.610	0.710	0.757	0.739	0.766	0.710	0.711	0.740	0.783	0.705	0.724	0.686
31:00:35	23.0	0.619	0.719	0.802	0.584	0.698	0.748	0.697	0.653	0.787	0.703	0.719	0.686	0.700	0.871	0.960	0.783	0.047	0.672	0.841	0.819	0.875	0.771	0.745	0.704	0.729	0.890	0.955	0.918	0.822	0.873	0.861	0.258	0.927	0.792	0.994	0.705	0.746	0.910	0.914	0.862	0.902	0.877	0.934	0.922	0.922	0.898	0.785	0.728	0.690	0.884	0.800	0.978	0.859	0.947	0.890	0.927	0.938	0.816	0.884	0.739	0.727	0.718	0.912	0.908	0.861	0.726	0.821	0.912	0.877	0.890	0.843	0.723	0.698	0.797	0.934	0.857	0.829	0.918	0.856	0.915	0.886	0.901	0.883	0.730	0.614	0.715	0.777	0.772	0.757	0.708	0.735	0.740	0.759	0.729	0.731	0.676
32:00:37	23.0	0.635	0.737	0.800	0.628	0.728	0.747	0.698	0.669	0.806	0.720	0.726	0.698	0.703	0.847	1.034	0.788	0.047	0.694	0.813	0.864	0.885	0.774	0.744	0.736	0.751	0.760	0.888	0.951	0.861	0.789	0.887	0.285	0.948	0.799	0.993	0.716	0.703	0.935	0.951	0.892	0.806	0.930	0.972	0.936	0.932	0.935	0.798	0.740	0.771	0.876	0.794	0.982	0.889	0.961	0.933	0.958	0.992	0.837	0.877	0.696	0.784	0.717	0.940	0.905	0.873	0.729	0.859	0.880	0.930	0.855	0.797	0.760	0.707	0.808	0.917	0.862	0.849	0.988	0.870	0.935	0.882	0.817	0.976	0.731	0.623	0.718	0.811	0.759	0.735	0.770	0.734	0.747	0.767	0.832	0.764	0.695
33:00:37	22.8	0.646	0.727	0.790	0.629	0.722	0.744	0.707	0.678	0.789	0.719	0.743	0.698	0.716	0.851	1.067	0.801	0.047	0.718	0.831	0.867	0.907	0.777	0.752	0.717	0.745	0.929	0.890	0.978	0.888	0.811	0.923	0.320	0.977	0.800	1.012	0.722	0.797	0.969	0.992	0.858	0.847	0.963	1.027	0.963	0.941	0.897	0.791	0.723	0.708	0.869	0.789	0.949	0.937	0.983	0.934	0.975	0.921	0.857	0.880	0.713	0.723	0.725	0.937	0.942	0.888	0.748	0.881	0.899	0.918	0.922	0.807	0.739	0.718	0.807	0.935	0.867	0.882	1.008	0.879	0.953	0.899	0.834	0.875	0.746	0.632	0.708	0.811	0.762	0.755	0.736	0.741	0.748	0.801	0.761	0.851	0.694
34:00:38	22.9	0.657	0.739	0.760	0.646	0.741	0.747	0.719	0.689	0.807	0.738	0.764	0.711	0.708	0.885	1.042	0.807	0.047	0.712	0.862	0.864	0.945	0.792	0.763	0.748	0.761	0.819	0.906	0.998	0.931	0.823	0.941	0.353	1.004	0.876	1.027	0.727	0.711	0.986	1.048	0.841	0.861	0.995	0.978	0.971	0.956	0.856	0.800	0.733	0.718	0.860	0.793	0.994	0.963	1.006	0.940	0.984	0.942	0.878	0.880	0.722	0.783	0.731	0.940	0.946	0.907	0.871	0.918	0.842	0.929	0.985	0.833	0.798	0.716	0.814	0.937	0.872	0.875	1.008	0.891	1.009	0.911	0.836	0.908	0.742	0.642	0.705	0.797	0.777	0.755	0.743	0.788	0.755	0.767	0.787	0.754	0.702
35:00:38	23.1	0.663	0.715	0.779	0.657	0.747	0.737	0.720	0.702	0.792	0.738	0.769	0.714	0.757	0.903	1.012	0.834	0.047	0.710	0.860	0.890	0.922	0.829	0.756	0.729	0.746	0.854	0.908	1.024	0.950	0.831	0.854	0.382	1.029	0.825	1.033	0.759	0.748	0.997	0.992	0.861	0.845	0.996	0.988	0.993	0.977	0.903	0.800	0.742	0.803	0.866	0.799	0.991	0.966	0.994	0.970	0.990	0.927	0.897	0.877	0.728	0.712	0.735	0.945	0.968	0.957	0.807	0.951	0.855	0.952	1.012	0.830	0.754	0.716	0.829	0.953	0.858	0.874	1.016	0.898	1.022	0.890	0.882	0.927	0.757	0.646	0.702	0.773	0.773	0.758	0.779	0.784	0.765	0.770	0.842	0.760	0.711
36:00:39	23.0	0.667	0.728	0.740	0.660	0.754	0.745	0.730	0.703	0.785	0.752	0.773	0.722	0.788	0.899	0.984	0.793	0.047	0.727	0.866	0.862	0.904	0.823	0.776	0.767	0.764	0.876	0.920	0.964	0.935	0.827	0.887	0.410	1.044	0.934	1.043	0.745	0.726	1.004	1.020	0.854	0.830	1.000	1.000	0.985	0.996	0.897	0.794	0.748	0.734	0.879	0.805	1.033	0.960	0.997	0.975	1.002	0.938	0.915	0.865	0.734	0.760	0.749	0.933	1.025	0.938	0.826	0.983	0.824	0.975	1.002	0.834	0.762	0.721	0.811	0.922	0.852	0.883	1.016	0.895	1.014	0.901	0.838	0.926	0.758	0.655	0.707	0.821	0.787	0.757	0.737	0.771	0.769	0.791	0.798	0.835	0.719
37:00:41	23.0	0.680	0.728	0.752	0.671	0.765	0.739	0.735	0.716	0.786	0.756	0.780	0.727	0.774	0.885	1.007	0.814	0.047	0.734	0.868	0.885	0.917	0.809	0.766	0.745	0.767	0.873	0.932	0.973	0.934	0.822	0.867	0.437	1.061	0.818	1.044	0.756	0.782	1.011	0.997	0.869	0.880	0.927	1.013	0.992	1.015	0.887	0.864	0.755	0.769	0.877	0.805	1.052	0.971	1.023	1.002	1.015	0.953	0.929	0.876	0.770	0.724	0.747	0.979	1.017	0.927	0.862	0.919	0.836	0.974	1.024	0.881	0.779	0.723	0.821	0.934	0.849	0.891	1.017	0.913	1.018	0.913	0.918	0.873	0.768	0.660	0.713	0.842	0.824	0.754	0.722	0.766	0.765	0.786	0.779	0.766	0.725
38:00:42	23.0	0.693	0.743	0.741	0.686	0.764	0.748	0.748	0.730	0.796	0.772	0.799	0.740	0.780	0.896	1.021	0.821	0.047	0.753	0.870	0.862	0.903	0.831	0.796	0.768	0.768	0.909	0.875	1.022	0.934	0.834	0.878	0.465	1.021	0.912	1.050	0.766	0.745	1.012	0.978	0.862	0.815	0.911	0.991	0.994	1.013	0.874	0.821	0.764	0.749	0.874	0.806	1.063	0.958	1.027	1.011	1.023	1.000	0.945	0.873	0.750	0.758	0.757	0.951	1.059	0.934	0.901	0.931	0.826	0.932	1.025	0.833	0.783	0.733	0.829	0.928	0.841	0.881	1.018	0.922	1.004	0.941	0.827	0.876	0.773	0.668	0.717	0.793	0.802	0.761	0.758	0.777	0.769	0.802	0.868	0.816	0.733
39:00:43	22.9	0.701	0.732	0.754	0.690	0.781	0.754	0.759	0.737	0.794	0.773	0.795	0.747	0.748	0.901	0.947	0.820	0.048	0.757	0.924	0.873	0.896	0.819	0.787	0.774	0.772	0.825	0.886	0.905	0.949	0.840	0.866	0.484	1.026	0.821	1.055	0.770	0.794	1.016	0.971	0.893	0.835	0.911	0.994	0.985	1.008	0.869	0.823	0.775	0.818	0.864	0.804	1.059	0.937	1.046	1.002	1.035	0.913	0.961	0.874	0.769	0.739	0.776	0.925	1.074	0.896	0.937	0.929	0.858	0.925	1.017	0.916	0.787	0.738	0.815	0.911	0.838	0.863	1.003	0.925	0.990	0.900	0.839	0.825	0.778	0.673	0.731	0.813	0.879	0.760	0.750	0.802	0.775	0.820	0.804	0.790	0.757
40:00:44	22.9	0.707	0.742	0.754	0.695	0.780	0.757	0.761	0.746	0.793	0.781	0.801	0.759	0.740	0.915	0.968	0.890	0.047	0.770	0.863	0.866	0.921	0.843	0.801	0.781	0.773	0.854	0.940	0.887	0.954	0.877	0.864	0.503	1.020	0.854	1.059	0.781	0.757	1.017	1.039	0.899	0.839	0.960	0.992	0.992	1.023	0.924	0.821	0.787	0.765	0.874	0.813	1.076	0.936	0.998	1.014	1.071	0.913	0.972	0.874	0.823	0.785	0.773	0.950	1.077	0.917	0.976	0.933	0.834	0.947	1.019	0.845	0.811	0.744	0.808	0.902	0.841	0.868	0.995	0.931	0.979	0.989	0.931	0.847	0.789	0.681	0.736	0.821	0.804	0.756	0.764	0.798	0.781	0.789	0.809	0.799	0.749
41:00:44	22.8	0.708	0.749	0.762	0.705	0.796	0.765	0.760	0.762	0.792	0.789	0.783	0.760	0.743	0.904	0.969	0.830	0.048	0.776	0.902	0.893	0.945	0.833	0.803	0.791	0.777	0.821	0.844	0.924	0.959	0.847	0.856	0.514	1.023	0.845	1.062	0.831	0.792	1.017	1.056	0.925	0.841	0.883	0.964	0.991	1.020	0.883	0.829	0.791	0.859	0.866	0.819	1.084	0.946	0.997	0.992	1.126	0.917	0.988	0.872	0.777	0.753	0.786	0.947	1.072	0.914	1.005	0.926	0.835	0.945	1.012	0.910	0.807	0.758	0.806	0.902	0.844	0.868	0.987	0.938	0.974	0.892	0.837	0.805	0.794	0.690	0.742	0.808	0.804	0.765	0.785	0.810	0.791	0.806	0.822	0.806	0.754
42:00:46	22.7	0.713	0.760	0.765	0.711	0.790	0.760	0.775	0.763	0.800	0.800	0.805	0.768	0.833	0.896	0.926	0.880	0.047	0.787	0.874	0.881	0.946	0.862	0.810	0.791	0.779	0.840	0.878	0.911	0.990	0.850	0.864	0.517	1.028	0.860	1.070	0.799	0.771	1.021	1.065	0.879	0.853	0.956	0.951	1.015	1.070	0.918	0.839	0.799	0.775	0.864	0.819	1.093	0.943	1.004	1.009	1.060	0.930	1.001	0.875	0.789	0.820	0.779	0.942	1.055	0.917	1.033	0.949	0.877	0.951	1.008	0.844	0.813	0.761	0.804	0.893	0.840	0.855	0.981	0.940	0.954	0.891	0.907	0.817	0.798	0.696	0.752	0.798	0.883	0.771	0.795	0.797	0.797	0.818	0.823	0.815	0.760
43:00:46	22.8	0.713	0.764	0.768	0.726	0.814	0.783	0.780	0.770	0.813	0.809	0.815	0.773	0.760	0.905	0.958	0.822	0.047	0.796	0.953	0.888	0.939	0.829	0.821	0.817	0.793	0.843	0.850	0.900	0.981	0.846	0.853	0.519	1.045	0.975	1.073	0.824	0.796	1.019	1.063	0.882	0.858	0.869	0.952	1.004	1.062	0.880	0.842	0.806	0.805	0.863	0.824	1.106	0.937	1.006	1.026	1.103	0.917	1.013	0.874	0.795	0.768	0.814	0.931	1.072	0.908	1.066	0.923	0.837	0.935	1.010	0.857	0.826	0.769	0.803	0.888	0.845	0.850	0.984	0.949	0.952	0.886	0.852	0.799	0.836	0.701	0.762	0.812	0.814	0.781	0.785	0.794	0.802	0.821	0.827	0.820	0.767
44:00:47	22.8	0.709	0.785	0.784	0.731	0.807	0.797	0.789	0.780	0.810	0.813	0.810	0.787	0.764	0.886	0.888	0.922	0.047	0.812	0.872	0.862	0.906	0.838	0.825	0.810	0.799	0.846	0.864	0.895	0.977	0.860	0.866	0.519	1.006	0.856	1.073	0.817	0.783	1.018	1.066	0.882	0.880	0.890	0.977	1.005	1.003	0.941	0.836	0.815	0.796	0.872	0.828	1.109	0.934	0.943	1.004	1.113	0.907	1.029	0.887	0.810	0.808	0.798	0.918	1.062	0.895	1.094	0.917	0.847	1.077	0.956	0.911	0.837	0.778	0.809	0.883	0.844	0.847	0.968	0.949	0.937	0.867	0.886	0.798	0.814	0.710	0.767	0.801	0.836	0.800	0.770	0.800	0.806	0.821	0.840	0.827	0.776
45:00:48	22.9	0.710	0.779	0.783	0.739	0.830	0.797	0.797	0.791	0.822	0.818	0.826	0.787	0.834	0.890	0.949	0.832	0.047	0.825	0.888	0.925	0.922	0.843	0.828	0.826	0.801	0.852	0.923	0.893	0.983	0.864	0.861	0.515	0.994	0.984	1.084	0.832	0.820	1.018	1.067	0.869	0.857	0.985	0.987	1.013	1.008	0.879	0.860	0.826	0.851	0.842	0.832	1.117	0.916	0.946	1.007	1.087	0.901	1.045	0.884	0.816	0.783	0.800	0.926	1.089	0.887	1.107	0.928	0.850	0.925	0.972	0.855	0.847	0.788	0.812	0.887	0.840	0.844	0.964	0.950	0.923	0.876	0.854	0.795	0.840	0.717	0.779	0.840	0.910	0.800	0.780	0.812	0.816	0.851	0.849	0.836	0.783
46:00:49	22.9	0.710	0.802	0.791	0.745	0.827	0.812	0.812	0.804	0.824	0.831	0.819	0.799	0.776	0.886	0.899	0.859	0.047	0.831	0.881	0.879	0.925	0.876	0.840	0.839	0.810	0.855	0.844	0.896	0.991	0.868	0.868	0.517	0.976	0.867	1.092	0.838	0.800	1.023	1.068	0.876	0.864	0.879	0.995	1.023	1.002	0.884	0.851	0.832	0.806	0.859	0.848	1.121	0.907	0.952	1.002	1.111	0.915	1.059	0.892	0.821	0.798	0.814	0.919	1.071	0.889	1.133	0.928	0.854	1.014	0.958	0.861	0.853	0.793	0.813	0.884	0.846	0.848	0.939	0.948	0.916	0.949	0.856	0.794	0.835	0.724	0.782	0.848	0.868	0.801	0.786	0.819	0.824	0.839	0.857	0.846	0.789
47:00:49	23.1	0.716	0.801	0.799	0.743	0.834	0.810	0.824	0.815	0.827	0.842	0.834	0.801	0.787	0.884	0.928	0.872	0.047	0.839	0.899	0.905	0.912	0.863	0.843	0.861	0.817	0.857	0.886	0.888	1.017	0.880	0.872	0.518	0.996	0.908	1.101	0.848	0.815	1.015	1.096	0.872	0.883	0.925	1.008	1.040	1.027	0.903	0.859	0.847	0.819	0.861	0.856	1.121	0.907	0.958	0.992	1.090	0.897	1.070	0.900	0.833	0.800	0.827	0.910	1.067	0.891	1.157	1.005	0.860	0.924	0.939	0.862	0.866	0.804	0.815	0.890	0.851	0.844	0.935	0.960	0.901	0.876	0.897	0.795	0.840	0.730	0.789	0.833	0.833	0.818	0.796	0.825	0.831	0.841	0.866	0.855	0.799
48:00:51	23.0	0.717	0.810	0.805	0.757	0.847	0.820	0.827	0.823	0.839	0.849	0.848	0.806	0.849	0.884	0.926	0.860	0.048	0.852	0.894	0.887	0.908	0.863	0.855	0.853	0.824	0.873	0.861	0.894	1.003	0.870	0.879	0.516	0.999	0.878	1.101	0.858	0.822	0.998	1.107	0.871	0.912	0.883	1.009	1.044	1.008	0.881	0.865	0.852	0.828	0.876	0.856	1.132	0.903	0.948	0.991	1.071	0.909	1.085	0.906	0.879	0.825	0.831	0.916	1.051	0.895	1.174	0.905	0.866	1.042	0.933	0.867	0.870	0.814	0.815	0.894	0.860	0.850	0.947	0.954	0.884	0.868	0.864	0.787	0.902	0.734	0.800	0.861	0.831	0.814	0.801	0.833	0.840	0.851	0.873	0.862	0.804
49:00:52	23.0	0.719	0.823	0.811	0.764	0.858	0.821	0.840	0.832	0.841	0.857	0.842	0.806	0.804	0.882	0.898	0.905	0.047	0.859	0.898	0.903	0.927	0.874	0.863	0.869	0.832	0.859	0.869	0.891	0.985	0.879	0.884	0.521	1.082	0.892	1.112	0.862	0.830	0.973	1.090	0.872	0.874	0.888	1.005	1.051	1.035	0.881	0.883	0.859	0.832	0.920	0.866	1.111	0.915	0.950	0.982	1.075	0.904	1.094	0.905	0.847	0.816	0.843	0.916	1.035	0.888	1.187	0.910	0.874	0.911	1.002	0.872	0.883	0.817	0.825	0.902	0.873	0.850	0.972	0.957	0.879	0.871	0.873	0.784	0.855	0.743	0.811	0.892	0.874	0.828	0.809	0.842	0.848	0.855	0.880	0.870	0.807
50:00:53	23.1	0.728	0.829	0.817	0.770	0.861	0.839	0.851	0.841	0.849	0.870	0.859	0.819	0.904	0.890	0.922	0.869	0.047	0.873	0.898	0.898	0.896	0.884	0.870	0.877	0.838	0.871	0.915	0.897	0.974	0.886	0.889	0.527	0.993	1.023	1.051	0.872	0.840	0.965	1.078	0.874	0.890	0.897	0.999	1.048	1.018	0.921	0.875	0.867	0.867	0.866	0.871	1.102	0.914	0.941	0.989	1.055	0.907	1.105	0.915	0.859	0.833	0.851	0.915	1.038	0.892	1.202	0.911	0.904	1.043	0.916	0.880	0.887	0.832	0.829	0.901	0.870	0.857	0.972	0.954	0.869	0.877	0.878	0.779	0.866	0.747	0.819	0.850	0.831	0.834	0.814	0.850	0.855	0.867	0.889	0.876	0.816
51:00:53	23.2	0.730	0.840	0.832	0.781	0.878	0.846	0.867	0.852	0.860	0.874	0.857	0.823	0.827	0.887	0.905	0.884	0.047	0.878	0.905	0.912	0.909	0.886	0.876	0.883	0.844	0.881	0.872	0.896	0.994	0.892	0.897	0.535	0.999	0.903	1.053	0.879	0.847	0.967	1.069	0.876	0.894	0.901	0.998	1.055	1.042	0.886	0.885	0.874	0.843	0.881	0.877	1.096	0.923	0.929	1.007	1.059	0.912	1.119	0.920	0.868	0.831	0.859	0.905	1.021	0.899	1.214	0.913	0.881	0.917	0.933	0.886	0.903	0.843	0.834	0.903	0.886	0.867	0.959	0.956	0.873	0.913	0.891	0.780	0.901	0.753	0.827	0.849	0.836	0.850	0.825	0.861	0.864	0.880	0.897	0.884	0.822
52:00:55	23.2	0.739	0.848	0.838	0.788	0.884	0.856	0.869	0.861	0.869	0.883	0.861	0.832	0.829	0.898	0.918	0.952	0.047	0.892	0.911	0.914	0.934	0.891	0.883	0.896	0.853	0.881	0.893	0.909	0.997	0.901	0.903	0.543	0.997	1.000	1.022	0.914	0.851	0.966	1.061	0.882	0.905	0.905	1.011	1.064	1.023	0.899	0.892	0.882	0.933	0.883	0.884	1.089	0.930	0.934	1.007	1.043	0.914	1.127	0.927	0.873	0.856	0.866	0.916	1.009	0.903	1.231	0.917	0.892	0.999	0.968	0.895	0.910	0.852	0.839	0.906	0.898	0.868	0.956	0.991	0.875	0.894	0.895	0.780	0.882	0.759	0.837	0.863	0.856	0.851	0.832	0.867	0.871	0.887	0.908	0.897	0.828
53:00:55	23.2	0.749	0.859	0.849	0.800	0.898	0.866	0.876	0.869	0.882	0.892	0.864	0.834	0.836	0.896	0.901	0.892	0.047	0.898	0.912	0.916	0.910	0.903	0.895	0.903	0.859	0.897	0.881	0.911	0.985	0.908	0.910	0.551	1.030	0.912	1.030	0.894	0.867	0.960	1.044	0.879	0.911	0.906	0.997	1.067	1.040	0.888	0.900	0.891	0.862	0.896	0.894	1.075	0.926	0.934	1.004	1.054	0.919	1.136	0.934	0.881	0.848	0.871	0.912	0.996	0.903	1.245	1.005	0.896	0.920	0.941	0.899	0.915	0.860	0.841	0.911	0.892	0.875	0.977	1.030	0.878	0.897	0.900	0.777	0.887	0.765	0.845	0.898	0.859	0.851	0.839	0.878	0.880	0.894	0.919	0.906	0.833
54:00:56	23.2	0.757	0.874	0.860	0.803	0.901	0.875	0.891	0.879	0.886	0.900	0.872	0.840	0.845	0.905	0.926	1.013	0.048	0.909	0.921	0.924	0.923	0.905	0.897	0.914	0.868	0.898	0.898	0.921	0.993	0.915	0.918	0.558	0.986	0.927	1.039	0.904	0.868	0.956	1.033	0.888	1.006	0.913	1.002	1.073	1.039	0.917	0.910	0.897	0.874	0.896	0.901	1.061	0.936	0.934	1.057	1.059	0.927	1.144	0.939	0.890	0.859	0.901	0.919	0.994	0.906	1.254	0.930	0.908	1.013	0.946	0.907	0.922	0.870	0.847	0.926	0.893	0.882	0.975	0.978	0.883	0.909	0.927	0.778	0.900	0.771	0.855	0.875	0.866	0.857	0.845	0.887	0.888	0.904	0.925	0.912	0.837
55:00:57	23.0	0.760	0.883	0.866	0.819	0.908	0.888	0.892	0.884	0.908	0.905	0.875	0.847	0.855	0.903	0.909	0.905	0.047	0.914	0.927	0.929	0.935	0.918	0.908	0.918	0.871	0.900	0.917	0.914	0.986	0.924	0.924	0.562	0.988	1.057	1.034	0.913	0.877	0.969	1.029	0.940	0.918	0.919	1.002	1.075	1.031	0.901	0.915	0.928	0.872	0.896	0.913	1.050	0.922	0.925	0.996	0.998	0.933	1.152	0.946	0.898	0.861	0.899	0.921	0.989	0.904	1.269	0.933	0.909	0.929	0.955	0.915	0.932	0.875	0.855	0.923	0.903	0.881	0.960	0.951	0.886	0.915	0.916	0.773	0.907	0.775	0.859	0.882	0.870	0.867	0.852	0.894	0.894	0.911	0.937	0.921	0.844
56:00:58	22.7	0.771	0.888	0.877	0.816	0.924	0.898	0.898	0.893	0.903	0.915	0.880	0.854	0.855	0.904	0.916	0.916	0.047	0.927	0.932	0.942	0.939	0.924	0.919	0.926	0.882	0.903	0.919	0.936	0.983	0.928	0.931	0.567	0.994	0.942	1.026	0.917	0.880	0.979	1.024	0.877	0.931	0.923	1.072	1.080	1.034	0.905	0.928	0.938	0.882	0.907	0.918	1.040	0.943	0.940	1.009	1.010	0.937	1.163	0.952	0.907	0.869	0.910	0.945	0.979	0.909	1.283	0.995	0.920	1.000	0.956	0.923	0.938	0.881	0.866	0.927	0.912	0.893	0.978	0.950	0.889	0.922	0.934	0.775	0.912	0.779	0.862	0.891	0.879	0.877	0.856	0.900	0.910	0.921	0.943	0.928	0.850
57:00:58	22.3	0.777	0.891	0.885	0.827	0.929	0.901	0.902	0.897	0.907	0.918	0.888	0.854	0.863	0.900	0.926	0.923	0.048	0.932	0.934	0.939	0.948	0.935	0.923	0.933	0.884	0.901	0.929	0.939	0.981	0.941	0.938	0.571	1.069	0.965	1.022	0.926	0.892	0.983	1.042	0.957	0.935	0.941	0.977	1.089	1.050	0.914	0.931	0.920	0.890	0.904	0.921	1.023	0.938	0.920	1.080	1.006	0.947	1.171	0.993	0.915	0.876	0.916	0.917	0.978	0.909	1.291	0.949	0.928	0.939	0.964	0.929	0.950	0.889	0.881	0.919	0.917	0.897	0.968	0.931	0.897	0.930	0.931	0.781	0.924	0.784	0.870	0.895	0.886	0.881	0.868	0.908	0.914	0.933	0.952	0.935	0.855
58:01:00	21.8	0.785	0.896	0.890	0.834	0.934	0.908	0.907	0.902	0.921	0.927	0.885	0.861	0.867	0.910	0.935	0.924	0.047	0.938	0.945	0.941	0.947	0.933	0.931	0.943	0.890	0.904	0.933	0.946	0.967	0.944	0.944	0.575	0.996	0.960	1.020	0.932	0.897	0.979	0.987	0.888	0.944	0.994	0.993	1.097	1.042	0.909	0.936	0.946	0.896	0.913	0.929	1.028	0.948	0.929	0.969	1.009	0.948	1.179	0.963	0.920	0.880	0.918	0.924	0.985	0.913	1.299	0.954	0.932	1.058	1.070	0.940	0.952	0.894	0.875	0.928	0.937	0.900	0.968	0.934	0.919	0.935	0.937	0.780	0.928	0.786	0.872	0.902	0.895	0.883	0.867	0.913	0.920	0.938	0.959	0.944	0.860
59:01:01	21.5	0.795	0.901	0.903	0.840	0.944	0.914	0.912	0.910	0.925	0.932	0.892	0.862	0.874	0.911	0.939	0.933	0.048	0.947	0.942	0.947	0.950	0.936	0.938	0.951	0.897	0.912	0.938	0.952	0.964	1.005	0.951	0.581	1.065	0.971	1.020	0.940	0.906	0.982	0.997	0.963	0.951	0.941	0.988	1.107	1.036	0.915	0.942	0.936	0.905	0.917	0.937	1.022	0.944	0.929	1.080	1.003	0.955	1.187	0.969	0.925	0.889	0.924	0.931	0.978	0.919	1.310	0.968	0.937	0.942	0.959	0.940	0.956	0.897	0.884	0.932	0.936	0.905	0.975	0.930	0.901	0.956	0.944	0.783	0.935	0.787	0.878	0.907	0.902	0.891	0.876	0.919	0.929	0.939	0.967	0.952	0.864
60:01:01	21.5	0.797	0.907	0.904	0.849	0.948	0.920	0.917	0.916	0.931	0.938	0.894	0.868	0.883	0.922	0.943	0.941	0.048	0.959	0.951	0.953	0.953	0.943	0.946	0.958	0.904	0.916	0.944	0.960	0.965	0.951	0.955	0.580	0.987	0.973	1.036	0.945	0.912	0.987	0.991	0.892	0.969	0.948	0.974	1.082	1.027	0.916	0.950	0.942	0.913	0.921	0.941	1.014	0.945	0.931	0.964	0.984	0.958	1.192	0.976	0.931	0.899	0.934	0.934	0.975	0.925	1.317	0.954	0.944	0.954	0.959	0.950	0.963	0.906	0.886	0.934	0.947	0.911	0.978	0.931	0.901	0.946	0.950	0.781	0.940	0.789	0.886	0.917	0.906	0.898	0.879	0.926	0.932	0.947	0.975	0.956	0.867
61:01:03	21.7	0.804	0.916	0.914	0.858	0.960	0.929	0.921	0.924	0.937	0.949	0.903	0.873	0.933	0.926	0.947	0.950	0.047	0.970	0.952	0.960	0.955	0.950	0.952	0.961	0.913	0.927	0.952	0.960	0.967	0.959	0.966	0.579	0.988	1.046	1.022	0.950	0.920	0.982	0.994	0.953	0.958	0.963	1.029	1.064	1.017	0.919	0.954	0.950	0.917	0.932	0.951	1.011	0.951	0.942	1.088	0.985	0.965	1.202	1.041	0.937	0.904	0.942	0.944	0.973	0.933	1.321	0.962	0.953	0.955	0.970	0.953	0.969	0.914	0.895	0.942	0.947	0.921	0.987	0.933	0.904	0.954	0.959	0.814	0.944	0.791	0.894	0.919	0.912	0.906	0.888	0.931	0.939	0.955	0.981	0.962	0.872
62:01:04	21.9	0.803	0.918	0.918	0.868	0.968	0.935	0.923	0.927	0.945	0.955	0.904	0.879	0.896	0.935	0.949	0.957	0.048	0.974	0.958	0.965	0.969	0.958	0.958	0.965	0.923	0.929	0.962	0.971	0.973	1.004	0.969	0.578	0.988	0.987	1.020	0.958	0.924	0.992	1.010	0.900	0.992	0.956	0.978	1.064	1.024	0.924	0.963	0.956	0.925	0.935	0.956	1.006	0.953	0.939	0.969	1.057	0.970	1.212	0.985	0.943	0.912	0.953	0.942	0.974	0.945	1.330	0.972	0.959	1.019	0.972	0.962	0.977	0.922	0.898	0.946	0.959	0.927	0.985	0.944	0.912	0.971	0.963	0.781	0.953	0.794	0.904	0.927	0.920	0.911	0.894	0.935	0.948	0.964	0.986	0.968	0.876
63:01:03	22.0	0.803	0.921	0.924	0.874	0.973	0.938	0.924	0.930	0.950	0.960	0.912	0.879	0.900	0.939	0.955	0.965	0.047	0.986	0.965	0.972	0.972	0.966	0.967	0.975	0.927	0.940	0.966	0.977	0.970	0.977	0.979	0.576	0.993	0.997	1.019	0.962	0.933	0.990	0.987	0.939	0.974	0.963	1.032	1.062	1.017	0.928	0.968	0.962	0.932	0.943	0.966	1.011	0.958	0.948	0.986	0.971	0.979	1.220	0.994	0.948	0.919	0.960	0.952	0.976	0.948	1.338	0.978	0.966	0.969	0.976	0.966	0.981	0.931	0.906	0.955	0.973	0.936	0.986	0.948	0.917	0.971	0.974	0.785	0.961	0.798	0.911	0.934	0.923	0.917	0.904	0.939	0.954	0.968	0.988	0.977	0.879
64:01:04	21.9	0.808	0.929	0.934	0.888	0.977	0.940	0.928	0.934	0.958	0.966	0.915	0.889	0.906	0.946	0.963	0.975	0.048	0.993	0.969	0.976	0.976	0.973	0.973	0.976	0.935	0.943	0.965	0.985	0.963	0.985	0.984	0.578	0.995	1.005	1.009	0.966	0.939	0.994	0.980	0.904	0.998	1.026	0.983	1.070	1.023	0.935	0.977	0.970	0.939	0.957	0.976	1.014	0.968	0.956	0.986	0.983	0.983	1.231	1.016	0.953	0.923	0.964	0.957	0.977	0.955	1.345	0.981	0.975	0.997	0.984	0.976	0.984	0.936	0.937	0.966	0.981	0.947	0.992	0.951	0.919	0.978	0.981	0.790	0.962	0.801	0.912	0.944	0.926	0.924	0.906	0.944	0.958	0.974	0.992	0.982	0.884
65:01:05	21.9	0.811	0.930	0.935	0.893	0.981	0.944	0.930	0.939	0.957	0.969	0.917	0.891	0.923	0.951	0.966	0.979	0.048	1.000	0.979	0.986	0.976	0.980	0.980	0.981	0.940	0.952	0.980	0.993	0.974	0.993	0.996	0.576	0.992	1.085	1.015	0.968	0.947	0.995	1.054	0.906	0.988	0.965	1.037	1.069	1.021	0.936	1.035	0.976	0.947	0.964	0.983	1.010	0.965	0.964	1.002	1.006	0.994	1.237	1.009	0.957	0.929	0.973	0.965	0.977	0.964	1.348	0.990	0.983	0.982	0.989	0.981	0.987	0.940	0.945	0.967	0.987	0.956	0.994	0.964	0.967	0.987	0.989	0.865	0.961	0.801	0.917	0.948	0.929	0.927	0.913	0.948	0.964	0.977	0.995	0.987	0.887
66:01:07	21.9	0.816	0.933	0.939	0.900	0.982	0.945	0.932	0.938	0.966	0.970	0.920	0.895	0.919	0.961	0.972	0.988	0.048	1.023	0.986	0.991	0.990	0.988	0.986	0.988	0.944	0.957	0.984	1.001	0.983	0.999	1.002	0.576	1.001	1.017	1.032	0.969	0.948	0.999	0.979	0.929	0.998	0.983	0.985	1.076	1.034	0.946	0.990	0.980	0.950	0.968	0.994	1.012	0.975	0.968	0.992	0.980	0.998	1.245	1.029	0.960	0.935	0.977	0.970	0.985	0.969	1.355	0.995	0.988	0.998	1.008	0.989	0.993	0.947	0.941	0.981	0.983	0.959	0.999	0.982	0.931	0.993	0.997	0.791	0.967	0.802	0.921	0.953	0.933	0.928	0.917	0.950	0.970	0.980	0.997	0.989	0.889
67:01:08	21.9	0.817	0.931	0.938	0.905	0.986	0.946	0.934	0.936	0.963	0.970	0.918	0.894	0.926	1.003	0.980	0.994	0.048	1.005	0.992	0.999	0.994	0.990	0.991	0.987	0.949	0.964	0.993	1.006	0.979	1.001	1.008	0.575	1.005	1.020	1.029	0.971	0.952	0.996	0.982	0.908	1.002	0.989	1.023	1.072	1.030	0.949	1.080	0.982	0.956	0.976	0.997	1.011	0.977	0.974	1.002	0.995	1.006	1.251	1.024	0.961	0.941	0.980	0.978	0.985	0.973	1.362	1.000	0.991	0.994	1.002	0.995	0.994	0.950	0.941	0.983	0.988	0.963	1.013	0.984	0.936	1.000	1.000	0.798	0.966	0.802	0.925	0.955	0.936	0.929	0.919	0.953	0.968	0.983	0.999	0.991	0.891
68:01:09	22.0	0.811	0.932	0.939	0.916	0.987	0.945	0.933	0.938	0.962	0.972	0.920	0.895	0.929	0.994	0.984	0.998	0.048	1.004	0.998	1.002	0.997	0.995	0.998	0.989	0.956	0.968	0.999	1.009	0.990	1.005	1.008	0.573	1.011	1.027	1.024	0.972	0.954	0.997	0.992	0.913	1.007	0.997	1.002	1.112	1.033	0.952	0.999	0.985	0.957	0.983	1.001	1.014	0.980	0.978	1.028	0.990	1.010	1.259	1.025	0.962	0.947	0.985	0.984	0.992	0.980	1.366	1.002	0.995	1.005	1.040	0.999	0.996	0.952	0.945	0.989	0.997	0.968	1.013	0.984	0.940	1.006	1.004	0.798	0.971	0.801	0.928	0.959	0.934	0.932	0.921	0.956	0.969	0.985	1.001	0.993	0.893
69:01:10	22.3	0.812	0.933	0.940	0.923	0.990	0.947	0.934	0.943	0.966	0.973	0.921	0.895	0.933	0.976	0.988	1.004	0.048	1.011	1.003	1.008	1.012	0.999	1.001	0.991	0.961	0.979	1.007	1.015	1.063	1.010	1.015	0.570	1.015	1.037	1.028	0.972	0.957	1.000	1.033	0.962	1.009	1.002	1.011	1.129	1.036	0.960	1.007	0.988	0.962	0.986	1.004	1.015	0.990	0.983	1.006	0.993	1.015	1.268	1.029	0.965	0.952	0.985	0.990	0.992	0.984	1.371	1.005	0.997	1.002	1.013	1.002	0.999	0.964	0.957	1.000	0.999	0.974	1.019	0.988	0.943	1.007	1.008	0.821	0.973	0.799	0.934	0.960	0.935	0.936	0.923	0.957	0.972	0.986	1.004	0.994	0.892
70:01:11	22.3	0.811	0.932	0.942	0.928	0.994	0.948	0.937	0.944	0.964	0.973	0.919	0.898	0.937	0.982	0.991	1.008	0.047	1.012	1.006	1.010	1.012	1.003	1.004	0.989	0.964	0.978	1.008	1.014	1.000	1.013	1.016	0.565	1.022	1.030	1.028	0.975	0.960	1.000	0.987	0.919	1.011	1.010	1.013	1.138	1.042	0.961	1.066	0.989	0.962	0.982	1.005	1.016	0.992	0.979	1.018	1.004	1.017	1.278	1.030	0.967	0.953	0.992	0.989	0.995	0.990	1.371	1.011	0.999	1.009	1.016	1.004	1.001	0.961	0.953	0.998	1.006	0.980	1.002	0.996	0.954	1.012	1.008	0.801	0.975	0.796	0.934	0.963	0.938	0.939	0.929	0.959	0.975	0.990	1.004	0.997	0.891
71:01:12	22.0	0.805	0.932	0.943	0.931	0.994	0.948	0.935	0.945	0.960	0.972	0.923	0.897	0.938	0.984	0.993	1.006	0.047	1.043	1.009	1.013	1.010	1.004	1.006	0.991	0.965	0.987	1.007	1.015	1.064	1.014	1.021	0.564	1.034	1.082	1.027	0.978	0.962	1.001	0.998	0.987	1.014	0.999	1.077	1.049	1.037	0.972	1.026	0.989	0.967	0.993	1.007	1.028	0.992	0.985	1.015	1.006	1.022	1.284	1.065	0.966	0.957	0.993	0.995	1.002	0.992	1.372	1.013	1.001	1.011	1.022	1.011	1.003	0.963	0.965	1.002	1.014	0.981	1.008	0.996	0.956	1.021	1.012	0.810	0.977	0.794	0.940	0.965	0.941	0.941	0.927	0.961	0.976	0.991	1.008	0.996	0.891
72:01:13	21.9	0.803	0.930	0.939	0.934	0.994	0.947	0.930	0.941	0.962	0.973	0.920	0.898	0.940	0.989	0.999	1.012	0.047	1.018	1.009	1.013	1.017	1.007	1.008	0.992	0.967	0.986	1.007	1.018	1.000	1.015	1.021	0.562	1.031	1.033	1.027	0.979	0.966	1.000	1.069	0.922	1.017	1.009	1.017	1.052	1.040	0.973	1.014	0.991	0.966	0.994	1.011	1.026	0.992	0.986	1.015	1.010	1.022	1.287	1.035	0.967	0.960	0.993	1.001	1.000	0.991	1.378	1.015	1.004	1.125	1.023	1.011	1.004	0.967	0.968	1.004	1.012	0.984	1.010	0.999	0.963	1.018	1.014	0.809	0.978	0.792	0.940	0.967	0.942	0.945	0.929	0.962	0.979	0.992	1.008	0.999	0.890

