Time	T° 600	A1	A2	A3	A4	A5	A6	A7	A8	A9	A10	A11	A12	B1	B2	B3	B4	B5	B6	B7	B8	B9	B10	B11	B12	C1	C2	C3	C4	C5	C6	C7	C8	C9	C10	C11	C12	D1	D2	D3	D4	D5	D6	D7	D8	D9	D10	D11	D12	E1	E2	E3	E4	E5	E6	E7	E8	E9	E10	E11	E12	F1	F2	F3	F4	F5	F6	F7	F8	F9	F10	F11	F12	G1	G2	G3	G4	G5	G6	G7	G8	G9	G10	G11	G12	H1	H2	H3	H4	H5	H6	H7	H8	H9	H10	H11	H12
0:00:06	20.9	0.045	0.044	0.044	0.048	0.046	0.047	0.044	0.045	0.045	0.045	0.049	0.046	0.045	0.045	0.046	0.046	0.047	0.045	0.047	0.048	0.045	0.049	0.051	0.048	0.045	0.046	0.044	0.045	0.046	0.047	0.046	0.045	0.048	0.046	0.049	0.048	0.044	0.045	0.046	0.046	0.044	0.091	0.048	0.046	0.048	0.048	0.049	0.047	0.045	0.048	0.045	0.048	0.048	0.045	0.046	0.044	0.050	0.048	0.045	0.050	0.045	0.048	0.046	0.051	0.047	0.050	0.045	0.044	0.045	0.045	0.048	0.045	0.049	0.048	0.045	0.049	0.050	0.047	0.046	0.049	0.050	0.046	0.053	0.046	0.045	0.048	0.047	0.049	0.049	0.044	0.049	0.049	0.051	0.048	0.047	0.047
1:00:04	22.1	0.046	0.045	0.046	0.049	0.047	0.048	0.045	0.046	0.045	0.046	0.050	0.047	0.047	0.046	0.047	0.047	0.049	0.046	0.049	0.049	0.045	0.050	0.052	0.050	0.046	0.047	0.045	0.047	0.047	0.048	0.048	0.046	0.050	0.047	0.050	0.050	0.045	0.047	0.047	0.047	0.046	0.108	0.049	0.051	0.048	0.049	0.050	0.048	0.046	0.049	0.046	0.049	0.050	0.047	0.047	0.045	0.050	0.049	0.050	0.052	0.047	0.049	0.047	0.052	0.059	0.052	0.046	0.045	0.048	0.047	0.052	0.047	0.050	0.049	0.047	0.051	0.051	0.048	0.047	0.049	0.051	0.048	0.055	0.048	0.047	0.050	0.048	0.049	0.051	0.046	0.050	0.050	0.053	0.050	0.049	0.049
2:00:06	22.7	0.050	0.049	0.048	0.052	0.049	0.050	0.047	0.048	0.044	0.048	0.053	0.049	0.050	0.049	0.049	0.050	0.051	0.048	0.052	0.051	0.048	0.052	0.054	0.052	0.049	0.050	0.047	0.048	0.049	0.049	0.049	0.048	0.051	0.049	0.053	0.052	0.048	0.049	0.048	0.049	0.048	0.118	0.051	0.053	0.051	0.051	0.053	0.052	0.049	0.051	0.048	0.051	0.051	0.048	0.049	0.048	0.052	0.051	0.050	0.054	0.049	0.051	0.049	0.055	0.061	0.054	0.049	0.048	0.053	0.049	0.056	0.050	0.052	0.052	0.049	0.053	0.053	0.051	0.049	0.050	0.054	0.051	0.059	0.050	0.049	0.052	0.051	0.050	0.053	0.049	0.053	0.054	0.056	0.053	0.052	0.052
3:00:07	23.0	0.054	0.052	0.051	0.056	0.052	0.054	0.051	0.051	0.045	0.052	0.057	0.052	0.055	0.054	0.053	0.055	0.055	0.052	0.056	0.054	0.052	0.055	0.057	0.056	0.053	0.054	0.051	0.052	0.051	0.053	0.052	0.052	0.055	0.053	0.057	0.056	0.052	0.054	0.052	0.054	0.052	0.128	0.056	0.057	0.055	0.056	0.058	0.055	0.054	0.056	0.052	0.055	0.055	0.052	0.054	0.053	0.056	0.055	0.054	0.058	0.054	0.056	0.054	0.059	0.066	0.059	0.054	0.053	0.058	0.054	0.061	0.054	0.057	0.057	0.054	0.058	0.058	0.056	0.052	0.050	0.059	0.056	0.064	0.053	0.052	0.057	0.056	0.051	0.057	0.055	0.057	0.057	0.062	0.058	0.057	0.056
4:00:08	23.1	0.063	0.059	0.059	0.064	0.059	0.060	0.059	0.058	0.045	0.060	0.066	0.057	0.063	0.065	0.062	0.063	0.063	0.060	0.066	0.062	0.060	0.063	0.065	0.064	0.062	0.060	0.058	0.060	0.058	0.060	0.058	0.060	0.061	0.061	0.064	0.063	0.060	0.063	0.059	0.062	0.061	0.140	0.064	0.062	0.064	0.065	0.068	0.064	0.063	0.064	0.060	0.063	0.061	0.060	0.062	0.063	0.065	0.062	0.064	0.067	0.059	0.063	0.062	0.069	0.075	0.064	0.063	0.063	0.068	0.066	0.071	0.063	0.066	0.066	0.064	0.066	0.067	0.067	0.059	0.051	0.068	0.066	0.070	0.060	0.058	0.066	0.065	0.052	0.062	0.064	0.064	0.066	0.072	0.068	0.067	0.065
5:00:09	23.2	0.080	0.072	0.075	0.081	0.073	0.074	0.074	0.072	0.044	0.076	0.084	0.072	0.081	0.084	0.077	0.080	0.079	0.076	0.085	0.078	0.076	0.078	0.080	0.080	0.079	0.075	0.071	0.075	0.071	0.072	0.071	0.074	0.077	0.076	0.082	0.077	0.077	0.080	0.072	0.079	0.079	0.147	0.079	0.079	0.081	0.082	0.087	0.080	0.082	0.079	0.076	0.077	0.071	0.074	0.077	0.080	0.081	0.078	0.074	0.082	0.074	0.079	0.078	0.088	0.094	0.085	0.080	0.081	0.085	0.084	0.092	0.078	0.082	0.084	0.081	0.084	0.085	0.086	0.071	0.051	0.087	0.086	0.092	0.076	0.073	0.084	0.082	0.053	0.071	0.082	0.078	0.084	0.091	0.087	0.087	0.085
6:00:10	23.1	0.115	0.101	0.104	0.111	0.101	0.100	0.104	0.101	0.045	0.108	0.118	0.097	0.116	0.117	0.105	0.110	0.109	0.105	0.118	0.107	0.109	0.109	0.108	0.111	0.111	0.099	0.095	0.103	0.094	0.097	0.097	0.103	0.103	0.106	0.116	0.107	0.111	0.112	0.098	0.110	0.112	0.157	0.110	0.100	0.112	0.114	0.109	0.114	0.117	0.107	0.104	0.104	0.091	0.101	0.105	0.114	0.112	0.109	0.107	0.116	0.105	0.106	0.107	0.121	0.127	0.098	0.112	0.115	0.116	0.115	0.130	0.113	0.114	0.117	0.113	0.116	0.116	0.120	0.097	0.052	0.120	0.120	0.129	0.109	0.103	0.119	0.114	0.055	0.087	0.116	0.110	0.117	0.127	0.125	0.125	0.125
7:00:11	23.1	0.159	0.140	0.141	0.147	0.138	0.136	0.143	0.141	0.045	0.147	0.160	0.137	0.161	0.153	0.142	0.146	0.145	0.145	0.155	0.143	0.147	0.148	0.146	0.150	0.149	0.133	0.129	0.136	0.130	0.132	0.128	0.140	0.139	0.142	0.156	0.148	0.150	0.152	0.134	0.145	0.148	0.173	0.147	0.127	0.151	0.153	0.148	0.157	0.159	0.144	0.136	0.137	0.121	0.134	0.142	0.153	0.148	0.146	0.150	0.158	0.143	0.141	0.141	0.157	0.165	0.138	0.147	0.154	0.152	0.152	0.173	0.158	0.153	0.156	0.150	0.154	0.150	0.159	0.132	0.053	0.158	0.159	0.171	0.156	0.147	0.157	0.152	0.057	0.113	0.155	0.150	0.160	0.169	0.171	0.169	0.174
8:00:10	22.9	0.221	0.183	0.188	0.196	0.186	0.182	0.194	0.190	0.044	0.200	0.214	0.185	0.221	0.202	0.190	0.194	0.195	0.195	0.207	0.192	0.200	0.202	0.193	0.209	0.196	0.174	0.168	0.178	0.170	0.171	0.160	0.186	0.177	0.188	0.209	0.201	0.205	0.203	0.175	0.195	0.198	0.190	0.197	0.166	0.200	0.202	0.199	0.220	0.213	0.189	0.182	0.179	0.153	0.176	0.187	0.203	0.197	0.194	0.213	0.216	0.194	0.183	0.185	0.209	0.218	0.213	0.196	0.204	0.199	0.202	0.234	0.222	0.205	0.207	0.199	0.203	0.200	0.211	0.187	0.056	0.210	0.212	0.227	0.215	0.205	0.211	0.203	0.059	0.139	0.205	0.199	0.215	0.227	0.236	0.232	0.248
9:00:12	22.8	0.265	0.195	0.242	0.253	0.244	0.236	0.256	0.248	0.044	0.256	0.273	0.246	0.290	0.259	0.247	0.247	0.254	0.254	0.263	0.248	0.262	0.270	0.249	0.274	0.254	0.226	0.222	0.230	0.225	0.224	0.207	0.246	0.229	0.244	0.271	0.269	0.269	0.264	0.235	0.252	0.257	0.225	0.257	0.186	0.260	0.261	0.260	0.293	0.276	0.248	0.237	0.229	0.199	0.229	0.242	0.261	0.255	0.258	0.285	0.280	0.259	0.235	0.237	0.266	0.278	0.243	0.250	0.263	0.253	0.255	0.296	0.292	0.267	0.265	0.255	0.261	0.254	0.270	0.251	0.057	0.271	0.268	0.292	0.248	0.263	0.270	0.259	0.064	0.169	0.264	0.253	0.281	0.291	0.311	0.297	0.295
10:00:13	22.8	0.261	0.240	0.296	0.304	0.307	0.289	0.316	0.303	0.044	0.315	0.310	0.234	0.306	0.306	0.307	0.297	0.309	0.315	0.315	0.305	0.319	0.318	0.233	0.334	0.304	0.275	0.273	0.276	0.273	0.273	0.239	0.304	0.262	0.297	0.315	0.333	0.337	0.320	0.295	0.311	0.319	0.262	0.315	0.245	0.323	0.328	0.316	0.360	0.329	0.301	0.290	0.276	0.245	0.276	0.291	0.312	0.315	0.326	0.356	0.347	0.323	0.286	0.286	0.316	0.334	0.270	0.300	0.313	0.300	0.301	0.347	0.300	0.324	0.318	0.305	0.311	0.302	0.316	0.299	0.057	0.321	0.318	0.351	0.270	0.308	0.321	0.312	0.074	0.203	0.310	0.313	0.352	0.348	0.374	0.350	0.289
11:00:14	23.0	0.240	0.273	0.331	0.330	0.373	0.338	0.287	0.355	0.044	0.363	0.282	0.267	0.304	0.337	0.353	0.335	0.358	0.346	0.355	0.355	0.374	0.360	0.261	0.304	0.340	0.306	0.316	0.313	0.319	0.312	0.253	0.349	0.276	0.344	0.338	0.384	0.379	0.364	0.344	0.359	0.366	0.301	0.360	0.258	0.375	0.375	0.365	0.420	0.369	0.350	0.331	0.313	0.286	0.317	0.334	0.352	0.368	0.386	0.332	0.383	0.379	0.327	0.329	0.354	0.377	0.302	0.334	0.352	0.334	0.330	0.394	0.310	0.376	0.369	0.343	0.350	0.342	0.353	0.298	0.055	0.365	0.355	0.416	0.301	0.319	0.368	0.359	0.093	0.228	0.359	0.340	0.395	0.398	0.388	0.389	0.330
12:00:15	23.0	0.294	0.268	0.362	0.342	0.304	0.391	0.318	0.410	0.044	0.408	0.373	0.298	0.332	0.346	0.392	0.365	0.397	0.362	0.387	0.396	0.424	0.383	0.284	0.312	0.352	0.356	0.347	0.344	0.353	0.342	0.242	0.385	0.323	0.383	0.326	0.345	0.428	0.406	0.385	0.407	0.403	0.342	0.400	0.284	0.414	0.405	0.397	0.424	0.410	0.391	0.367	0.340	0.312	0.344	0.366	0.397	0.415	0.450	0.307	0.432	0.429	0.366	0.364	0.391	0.410	0.345	0.361	0.384	0.357	0.345	0.408	0.307	0.421	0.414	0.375	0.384	0.375	0.383	0.344	0.055	0.398	0.380	0.459	0.323	0.327	0.417	0.407	0.120	0.250	0.409	0.330	0.438	0.445	0.416	0.418	0.339
13:00:16	23.0	0.317	0.327	0.414	0.415	0.363	0.431	0.344	0.465	0.044	0.453	0.357	0.324	0.405	0.389	0.425	0.395	0.434	0.422	0.406	0.433	0.443	0.351	0.320	0.387	0.403	0.371	0.370	0.372	0.382	0.368	0.281	0.418	0.320	0.418	0.342	0.366	0.472	0.430	0.420	0.438	0.431	0.391	0.430	0.317	0.418	0.427	0.451	0.462	0.443	0.426	0.397	0.364	0.336	0.371	0.395	0.430	0.452	0.490	0.344	0.470	0.485	0.395	0.390	0.424	0.460	0.350	0.397	0.420	0.387	0.389	0.439	0.436	0.464	0.460	0.403	0.419	0.404	0.413	0.350	0.055	0.433	0.428	0.464	0.370	0.353	0.459	0.454	0.146	0.266	0.426	0.351	0.463	0.484	0.463	0.414	0.485
14:00:18	22.9	0.354	0.368	0.460	0.441	0.375	0.473	0.353	0.522	0.044	0.510	0.384	0.395	0.398	0.412	0.438	0.422	0.483	0.418	0.430	0.480	0.472	0.329	0.341	0.407	0.434	0.384	0.397	0.396	0.408	0.397	0.307	0.474	0.354	0.460	0.367	0.423	0.476	0.450	0.456	0.481	0.473	0.437	0.441	0.340	0.469	0.473	0.485	0.457	0.490	0.469	0.436	0.392	0.359	0.405	0.429	0.435	0.508	0.524	0.386	0.522	0.519	0.433	0.424	0.455	0.483	0.380	0.442	0.443	0.433	0.404	0.479	0.413	0.498	0.483	0.436	0.455	0.441	0.447	0.376	0.054	0.459	0.450	0.485	0.406	0.418	0.491	0.485	0.171	0.283	0.462	0.357	0.518	0.510	0.533	0.453	0.458
15:00:18	22.9	0.403	0.434	0.502	0.505	0.388	0.518	0.379	0.566	0.044	0.555	0.397	0.394	0.446	0.462	0.496	0.458	0.489	0.429	0.451	0.516	0.471	0.366	0.368	0.431	0.471	0.431	0.419	0.421	0.434	0.425	0.327	0.425	0.386	0.482	0.418	0.425	0.568	0.473	0.492	0.517	0.502	0.479	0.466	0.375	0.468	0.487	0.493	0.519	0.526	0.506	0.472	0.417	0.379	0.431	0.451	0.451	0.551	0.556	0.444	0.567	0.549	0.464	0.459	0.471	0.459	0.412	0.452	0.470	0.474	0.428	0.516	0.556	0.529	0.487	0.471	0.482	0.467	0.475	0.428	0.054	0.486	0.472	0.518	0.500	0.479	0.519	0.538	0.192	0.307	0.507	0.428	0.522	0.540	0.499	0.548	0.457
16:00:19	22.9	0.448	0.433	0.528	0.528	0.391	0.558	0.403	0.607	0.045	0.580	0.429	0.412	0.482	0.491	0.515	0.482	0.515	0.407	0.469	0.539	0.473	0.404	0.412	0.461	0.499	0.463	0.446	0.451	0.459	0.456	0.351	0.430	0.420	0.507	0.482	0.468	0.610	0.515	0.529	0.544	0.540	0.523	0.495	0.427	0.471	0.531	0.491	0.511	0.569	0.545	0.511	0.447	0.404	0.464	0.490	0.468	0.577	0.591	0.495	0.625	0.596	0.494	0.502	0.492	0.471	0.458	0.470	0.504	0.523	0.454	0.538	0.459	0.566	0.527	0.497	0.497	0.500	0.507	0.544	0.055	0.519	0.495	0.550	0.516	0.510	0.540	0.557	0.194	0.340	0.516	0.465	0.547	0.559	0.484	0.605	0.581
17:00:21	22.8	0.468	0.472	0.556	0.598	0.438	0.603	0.429	0.649	0.045	0.600	0.447	0.428	0.517	0.500	0.548	0.512	0.561	0.427	0.495	0.566	0.517	0.441	0.445	0.512	0.551	0.496	0.476	0.478	0.487	0.484	0.379	0.458	0.449	0.534	0.493	0.528	0.535	0.573	0.566	0.569	0.579	0.558	0.525	0.531	0.501	0.546	0.526	0.516	0.600	0.585	0.548	0.481	0.451	0.498	0.531	0.496	0.610	0.613	0.512	0.645	0.653	0.532	0.546	0.517	0.497	0.522	0.500	0.537	0.551	0.489	0.564	0.505	0.599	0.556	0.531	0.522	0.532	0.542	0.502	0.052	0.554	0.527	0.634	0.540	0.528	0.570	0.589	0.196	0.372	0.543	0.510	0.684	0.600	0.531	0.512	0.544
18:00:25	22.7	0.486	0.486	0.594	0.536	0.461	0.639	0.498	0.675	0.044	0.628	0.498	0.457	0.508	0.548	0.553	0.546	0.572	0.455	0.510	0.589	0.519	0.513	0.449	0.482	0.614	0.527	0.500	0.512	0.521	0.517	0.421	0.500	0.482	0.557	0.501	0.529	0.527	0.620	0.599	0.589	0.540	0.590	0.558	0.462	0.532	0.555	0.555	0.541	0.676	0.608	0.578	0.514	0.466	0.532	0.553	0.578	0.634	0.625	0.549	0.669	0.697	0.563	0.577	0.550	0.564	0.508	0.523	0.585	0.568	0.503	0.622	0.482	0.608	0.589	0.554	0.535	0.566	0.571	0.492	0.052	0.589	0.561	0.676	0.464	0.543	0.617	0.633	0.207	0.392	0.607	0.525	0.710	0.652	0.558	0.648	0.556
19:00:23	22.7	0.522	0.531	0.687	0.476	0.472	0.670	0.457	0.696	0.044	0.662	0.525	0.478	0.525	0.530	0.546	0.569	0.597	0.465	0.534	0.622	0.637	0.489	0.469	0.503	0.584	0.551	0.527	0.544	0.556	0.550	0.450	0.581	0.513	0.581	0.489	0.522	0.590	0.584	0.636	0.610	0.489	0.622	0.586	0.492	0.534	0.588	0.587	0.538	0.719	0.637	0.611	0.544	0.477	0.562	0.566	0.573	0.660	0.643	0.617	0.712	0.656	0.603	0.602	0.583	0.577	0.546	0.552	0.636	0.597	0.534	0.625	0.608	0.630	0.661	0.590	0.556	0.604	0.615	0.564	0.052	0.610	0.640	0.610	0.531	0.540	0.613	0.604	0.217	0.418	0.680	0.545	0.565	0.691	0.620	0.551	0.545
20:00:24	22.7	0.527	0.535	0.539	0.567	0.522	0.623	0.519	0.718	0.044	0.721	0.525	0.507	0.555	0.568	0.566	0.592	0.614	0.506	0.564	0.663	0.516	0.508	0.487	0.527	0.676	0.559	0.563	0.578	0.585	0.582	0.483	0.503	0.499	0.616	0.534	0.554	0.558	0.596	0.666	0.632	0.531	0.639	0.613	0.540	0.518	0.614	0.625	0.586	0.591	0.669	0.642	0.580	0.497	0.594	0.586	0.579	0.689	0.668	0.585	0.761	0.689	0.653	0.626	0.631	0.578	0.538	0.578	0.623	0.634	0.562	0.642	0.532	0.695	0.693	0.621	0.583	0.647	0.679	0.541	0.052	0.654	0.638	0.664	0.566	0.625	0.623	0.655	0.233	0.453	0.631	0.590	0.643	0.636	0.678	0.557	0.600
21:00:27	22.8	0.580	0.575	0.573	0.598	0.537	0.572	0.612	0.750	0.045	0.758	0.548	0.528	0.592	0.597	0.629	0.622	0.628	0.525	0.611	0.673	0.550	0.527	0.519	0.543	0.566	0.601	0.593	0.604	0.613	0.605	0.498	0.534	0.548	0.664	0.582	0.562	0.580	0.658	0.696	0.663	0.566	0.652	0.682	0.560	0.569	0.633	0.684	0.570	0.619	0.691	0.669	0.612	0.514	0.621	0.605	0.615	0.727	0.686	0.600	0.666	0.727	0.685	0.656	0.692	0.629	0.561	0.584	0.653	0.657	0.596	0.676	0.554	0.639	0.677	0.652	0.612	0.712	0.691	0.596	0.052	0.676	0.662	0.751	0.607	0.547	0.674	0.709	0.244	0.475	0.664	0.579	0.653	0.698	0.626	0.604	0.632
22:00:26	23.0	0.612	0.599	0.664	0.629	0.576	0.605	0.576	0.779	0.044	0.643	0.581	0.543	0.600	0.641	0.676	0.654	0.651	0.566	0.660	0.636	0.575	0.551	0.605	0.573	0.644	0.632	0.627	0.630	0.641	0.638	0.521	0.568	0.628	0.718	0.650	0.588	0.602	0.695	0.723	0.708	0.663	0.671	0.670	0.585	0.607	0.609	0.662	0.615	0.723	0.718	0.701	0.637	0.532	0.651	0.631	0.697	0.822	0.711	0.603	0.696	0.709	0.709	0.689	0.700	0.664	0.578	0.619	0.645	0.719	0.632	0.755	0.589	0.706	0.688	0.684	0.652	0.672	0.674	0.731	0.051	0.726	0.705	0.815	0.635	0.574	0.738	0.666	0.253	0.524	0.694	0.600	0.726	0.701	0.633	0.646	0.642
23:00:28	23.1	0.637	0.623	0.687	0.640	0.563	0.622	0.580	0.817	0.044	0.741	0.602	0.568	0.617	0.688	0.612	0.685	0.667	0.591	0.699	0.674	0.588	0.574	0.590	0.620	0.707	0.671	0.659	0.661	0.673	0.674	0.598	0.608	0.621	0.686	0.670	0.591	0.610	0.730	0.743	0.741	0.587	0.698	0.688	0.611	0.601	0.739	0.679	0.592	0.687	0.746	0.724	0.660	0.546	0.677	0.655	0.637	0.876	0.738	0.647	0.688	0.662	0.735	0.719	0.658	0.699	0.612	0.654	0.661	0.721	0.664	0.773	0.602	0.742	0.726	0.721	0.669	0.652	0.722	0.573	0.051	0.701	0.696	0.847	0.633	0.585	0.743	0.649	0.264	0.572	0.732	0.633	0.682	0.675	0.657	0.644	0.693
24:00:28	23.2	0.657	0.647	0.692	0.675	0.598	0.642	0.608	0.885	0.044	0.690	0.624	0.600	0.634	0.712	0.682	0.719	0.727	0.623	0.756	0.700	0.615	0.600	0.619	0.617	0.723	0.684	0.690	0.688	0.697	0.699	0.578	0.657	0.650	0.660	0.691	0.631	0.633	0.754	0.768	0.753	0.887	0.702	0.722	0.597	0.636	0.658	0.744	0.643	0.714	0.775	0.755	0.687	0.570	0.708	0.691	0.754	0.818	0.763	0.674	0.688	0.801	0.775	0.759	0.676	0.738	0.613	0.695	0.697	0.726	0.683	0.802	0.633	0.783	0.770	0.767	0.695	0.682	0.737	0.644	0.051	0.714	0.757	0.865	0.625	0.651	0.750	0.744	0.285	0.570	0.746	0.698	0.699	0.690	0.661	0.649	0.673
25:00:29	23.2	0.670	0.665	0.686	0.656	0.624	0.658	0.664	0.909	0.044	0.755	0.652	0.621	0.669	0.753	0.704	0.742	0.734	0.644	0.762	0.736	0.635	0.629	0.648	0.643	0.784	0.691	0.728	0.716	0.727	0.723	0.602	0.598	0.636	0.661	0.717	0.641	0.645	0.722	0.797	0.742	0.633	0.724	0.749	0.644	0.665	0.692	0.759	0.643	0.727	0.805	0.782	0.714	0.581	0.737	0.724	0.781	0.726	0.795	0.729	0.689	0.707	0.805	0.787	0.719	0.780	0.644	0.725	0.743	0.698	0.703	0.841	0.651	0.895	0.837	0.831	0.715	0.723	0.712	0.673	0.050	0.740	0.797	0.875	0.651	0.664	0.760	0.740	0.305	0.594	0.750	0.714	0.715	0.731	0.681	0.674	0.676
26:00:30	23.1	0.695	0.675	0.704	0.687	0.656	0.673	0.663	0.677	0.044	0.779	0.673	0.651	0.690	0.717	0.729	0.784	0.732	0.668	0.774	0.807	0.672	0.646	0.671	0.662	0.754	0.750	0.769	0.747	0.755	0.753	0.663	0.646	0.653	0.703	0.737	0.666	0.671	0.698	0.836	0.768	0.829	0.759	0.783	0.671	0.714	0.731	0.792	0.673	0.745	0.838	0.808	0.742	0.607	0.774	0.784	0.825	0.789	0.849	0.704	0.694	0.809	0.849	0.828	0.770	0.779	0.766	0.763	0.782	0.739	0.736	0.860	0.708	0.718	0.873	0.844	0.751	0.761	0.861	0.791	0.050	0.780	0.826	0.897	0.710	0.697	0.776	0.781	0.329	0.648	0.776	0.742	0.732	0.722	0.692	0.693	0.658
27:00:32	23.1	0.707	0.710	0.725	0.725	0.665	0.660	0.689	0.688	0.044	0.815	0.680	0.656	0.705	0.777	0.748	0.825	0.720	0.686	0.805	0.691	0.694	0.660	0.750	0.682	0.755	0.823	0.815	0.785	0.781	0.774	0.650	0.676	0.660	0.752	0.756	0.682	0.676	0.777	0.853	0.742	0.685	0.782	0.814	0.697	0.698	0.736	0.807	0.700	0.754	0.868	0.838	0.765	0.626	0.808	0.815	0.839	0.802	0.940	0.725	0.728	0.730	0.879	0.860	0.824	0.734	0.687	0.782	0.816	0.783	0.774	0.875	0.671	0.843	0.854	0.816	0.779	0.794	0.847	0.699	0.050	0.813	0.874	0.917	0.690	0.651	0.787	0.788	0.344	0.690	0.784	0.760	0.747	0.749	0.702	0.709	0.683
28:00:32	23.1	0.723	0.694	0.731	0.692	0.678	0.720	0.698	0.718	0.044	0.814	0.695	0.668	0.732	0.827	0.821	0.888	0.785	0.711	0.795	0.727	0.707	0.678	0.702	0.689	0.752	0.863	0.815	0.819	0.806	0.804	0.681	0.867	0.680	0.781	0.766	0.701	0.691	0.746	0.872	0.761	0.795	0.821	0.845	0.717	0.721	0.763	0.807	0.692	0.763	0.911	0.877	0.797	0.673	0.832	0.800	0.858	0.773	0.939	0.756	0.711	0.765	0.924	0.911	0.832	0.766	0.747	0.829	0.849	0.848	0.809	0.893	0.693	0.769	0.913	0.845	0.808	0.837	0.914	0.707	0.050	0.844	0.867	0.923	0.745	0.697	0.807	0.800	0.361	0.706	0.805	0.762	0.738	0.726	0.746	0.708	0.675
29:00:34	23.2	0.731	0.703	0.744	0.739	0.707	0.682	0.705	0.723	0.044	0.792	0.710	0.689	0.726	0.837	0.758	0.968	0.800	0.728	0.844	0.757	0.720	0.692	0.769	0.706	0.776	0.886	0.782	0.869	0.840	0.837	0.712	0.691	0.697	0.831	0.784	0.708	0.705	0.856	0.913	0.777	0.739	0.877	0.883	0.740	0.740	0.751	0.789	0.718	0.776	0.964	0.910	0.841	0.685	0.878	0.824	0.869	0.780	0.847	0.757	0.736	0.774	0.959	0.978	0.832	0.782	0.751	0.800	0.864	0.878	0.775	0.893	0.762	0.803	0.956	0.892	0.834	0.883	0.938	0.739	0.050	0.873	0.858	0.922	0.718	0.703	0.829	0.801	0.380	0.722	0.789	0.773	0.756	0.759	0.744	0.806	0.673
30:00:34	23.2	0.753	0.722	0.750	0.720	0.713	0.727	0.760	0.744	0.044	0.877	0.722	0.696	0.752	0.815	0.794	0.943	0.792	0.745	0.901	0.772	0.738	0.705	0.731	0.711	0.808	0.865	0.789	0.910	0.865	0.870	0.717	0.707	0.714	0.880	0.793	0.722	0.733	0.794	0.946	0.836	0.776	0.930	0.819	0.759	0.764	0.828	0.825	0.724	0.770	1.012	0.935	0.868	0.707	0.912	0.837	0.878	0.817	0.839	0.775	0.750	0.772	0.948	0.970	0.903	0.786	0.764	0.820	0.871	0.875	0.767	0.913	0.717	0.775	1.012	0.916	0.855	0.909	0.960	0.758	0.049	0.913	0.883	0.922	0.756	0.704	0.836	0.801	0.390	0.728	0.789	0.757	0.750	0.797	0.736	0.730	0.671
31:00:35	23.1	0.762	0.735	0.761	0.768	0.725	0.745	0.725	0.743	0.044	0.825	0.735	0.697	0.756	0.887	0.774	0.962	0.859	0.754	0.863	0.782	0.745	0.713	0.747	0.727	0.832	0.874	0.814	0.958	0.888	0.898	0.721	0.725	0.724	0.874	0.788	0.732	0.725	0.805	0.971	0.782	0.786	0.985	0.832	0.768	0.769	0.781	0.796	0.726	0.780	1.077	0.958	0.903	0.765	0.936	0.875	0.881	0.794	0.802	0.809	0.773	0.780	0.951	0.973	0.907	0.968	0.904	0.856	0.869	0.906	0.783	0.912	0.730	0.824	1.019	0.900	0.878	0.922	0.961	0.757	0.050	0.923	0.864	0.913	0.783	0.704	0.828	0.807	0.404	0.746	0.793	0.785	0.776	0.766	0.771	0.738	0.687
32:00:36	23.0	0.770	0.740	0.767	0.750	0.731	0.766	0.748	0.760	0.044	0.865	0.744	0.712	0.767	0.918	0.814	0.971	0.805	0.761	0.910	0.797	0.760	0.728	0.812	0.735	0.829	0.874	0.856	0.902	0.917	0.919	0.753	0.738	0.741	0.853	0.823	0.734	0.784	0.839	1.029	0.839	0.893	1.010	0.865	0.784	0.778	0.877	0.882	0.735	0.771	1.008	1.015	0.926	0.742	0.965	0.901	0.889	0.841	0.789	0.788	0.746	0.773	0.966	0.967	0.972	0.803	0.812	0.915	0.882	0.902	0.809	0.917	0.734	0.780	1.039	0.968	0.900	0.839	0.995	0.777	0.049	0.963	0.881	0.925	0.737	0.682	0.843	0.798	0.414	0.768	0.805	0.798	0.783	0.789	0.742	0.782	0.696
33:00:37	22.9	0.779	0.741	0.768	0.774	0.729	0.791	0.749	0.751	0.044	0.843	0.746	0.722	0.763	0.906	0.791	0.952	0.844	0.775	0.922	0.890	0.772	0.738	0.765	0.748	0.782	0.902	0.899	0.899	0.944	0.967	0.760	0.748	0.754	0.884	0.826	0.740	0.731	0.819	0.983	0.900	0.781	0.999	0.892	0.795	0.790	0.800	0.934	0.752	0.774	1.022	1.071	0.953	0.768	0.994	0.902	0.881	0.828	0.796	0.805	0.756	0.770	0.955	0.971	1.012	0.812	0.860	0.895	0.870	0.948	0.802	0.909	0.756	0.804	1.023	0.984	0.927	0.891	0.983	0.771	0.049	0.994	0.878	0.919	0.780	0.691	0.833	0.791	0.432	0.781	0.861	0.813	0.768	0.770	0.763	0.750	0.728
34:00:38	23.0	0.798	0.764	0.776	0.786	0.732	0.760	0.758	0.756	0.044	0.853	0.758	0.727	0.765	0.922	0.804	0.974	0.833	0.786	0.922	0.816	0.791	0.747	0.782	0.756	0.811	0.856	0.921	0.884	0.963	0.984	0.800	0.750	0.755	0.918	0.819	0.742	0.899	0.948	0.976	0.806	0.963	0.978	0.873	0.804	0.798	0.834	0.835	0.749	0.769	1.004	1.001	1.004	0.784	1.033	0.928	0.873	0.873	0.796	0.791	0.769	0.767	0.978	0.968	1.013	0.967	0.887	0.886	0.860	0.922	0.810	0.893	0.747	0.773	1.008	0.959	0.978	0.904	0.977	0.791	0.049	1.003	0.868	0.907	0.750	0.698	0.828	0.811	0.441	0.789	0.782	0.767	0.782	0.785	0.755	0.764	0.768
35:00:38	23.1	0.793	0.765	0.780	0.790	0.744	0.775	0.767	0.760	0.044	0.859	0.766	0.738	0.776	0.841	0.819	0.962	0.840	0.793	0.957	0.821	0.790	0.759	0.795	0.766	0.886	0.882	0.943	0.893	0.986	0.953	0.815	0.763	0.762	0.918	0.837	0.750	0.754	0.809	1.002	0.839	0.794	0.949	0.866	0.816	0.811	0.821	0.861	0.759	0.776	0.997	1.004	1.046	0.823	1.074	0.966	0.876	0.829	0.790	0.835	0.767	0.772	1.040	0.992	1.018	0.816	0.910	0.887	0.881	0.985	0.845	0.903	0.753	0.800	1.007	0.979	0.988	0.945	0.993	0.808	0.049	0.895	0.947	0.899	0.827	0.712	0.823	0.796	0.444	0.803	0.791	0.777	0.784	0.779	0.786	0.760	0.726
36:00:39	23.0	0.805	0.778	0.781	0.799	0.765	0.786	0.786	0.776	0.044	0.850	0.785	0.750	0.781	0.915	0.885	0.946	0.845	0.805	0.876	0.828	0.797	0.769	0.800	0.785	0.811	0.922	0.952	0.911	1.010	0.957	0.787	0.773	0.767	0.922	0.842	0.761	0.759	0.835	0.963	0.893	0.974	0.971	0.866	0.823	0.814	0.866	0.947	0.761	0.777	0.972	1.040	1.100	0.900	1.122	0.979	0.874	0.859	0.828	0.845	0.800	0.771	1.010	1.027	1.029	0.826	0.953	0.883	0.868	0.977	0.956	0.899	0.775	0.777	1.030	1.032	1.034	0.921	0.995	0.807	0.049	0.926	0.855	0.897	0.856	0.776	0.822	0.801	0.445	0.815	0.787	0.851	0.816	0.821	0.820	0.801	0.735
37:00:41	23.1	0.812	0.788	0.783	0.804	0.768	0.789	0.788	0.775	0.044	0.857	0.778	0.757	0.783	0.915	0.824	0.949	0.848	0.813	0.952	0.827	0.805	0.782	0.806	0.785	0.815	0.925	0.969	0.924	1.033	0.946	0.797	0.782	0.771	0.920	0.884	0.762	0.773	0.934	0.904	0.819	0.798	0.943	0.893	0.834	0.822	0.823	0.865	0.769	0.780	1.055	1.054	1.095	0.900	1.164	0.994	0.878	0.829	0.798	0.839	0.775	0.772	1.010	1.037	1.020	0.829	0.985	0.866	0.874	1.012	0.825	0.886	0.766	0.918	1.004	1.065	1.038	0.998	0.988	0.817	0.049	0.922	0.869	0.894	0.779	0.730	0.812	0.790	0.448	0.820	0.792	0.789	0.814	0.829	0.784	0.775	0.746
38:00:42	23.0	0.808	0.802	0.790	0.807	0.769	0.802	0.808	0.785	0.044	0.861	0.795	0.764	0.788	0.920	0.835	0.936	0.890	0.824	0.929	0.839	0.820	0.791	0.843	0.797	0.828	0.925	0.990	0.943	1.075	0.969	0.810	0.789	0.777	0.942	0.849	0.776	0.773	0.814	0.911	0.906	0.924	0.964	0.903	0.844	0.833	0.881	0.960	0.867	0.779	1.073	0.967	1.080	0.911	1.193	1.007	0.878	0.863	0.839	0.852	0.793	0.779	1.022	1.047	1.022	0.945	1.014	0.865	0.876	1.036	0.844	0.894	0.777	0.778	0.992	1.079	1.035	0.948	0.985	0.829	0.048	1.050	0.975	0.898	0.810	0.739	0.816	0.794	0.452	0.818	0.836	0.833	0.804	0.791	0.795	0.800	0.751
39:00:43	23.0	0.823	0.810	0.795	0.797	0.776	0.808	0.802	0.789	0.044	0.851	0.801	0.775	0.796	0.915	0.830	0.954	0.868	0.836	0.957	0.859	0.829	0.805	0.824	0.808	0.832	0.936	1.010	0.966	1.067	0.932	0.820	0.798	0.786	0.912	0.860	0.777	0.782	0.836	0.933	0.830	0.821	0.946	0.919	0.856	0.842	0.841	0.873	0.888	0.785	1.096	1.016	1.074	0.903	1.153	1.012	0.889	0.857	0.805	0.832	0.792	0.781	1.091	1.037	1.027	0.836	1.036	0.875	0.880	0.978	0.853	0.894	0.782	0.827	0.965	1.086	1.025	0.952	0.966	0.830	0.048	0.915	0.959	0.892	0.800	0.744	0.842	0.797	0.456	0.827	0.802	0.810	0.818	0.797	0.814	0.794	0.758
40:00:43	22.9	0.823	0.817	0.803	0.808	0.793	0.813	0.812	0.799	0.044	0.858	0.811	0.783	0.806	0.916	0.848	0.939	0.863	0.843	0.976	0.862	0.839	0.811	0.916	0.821	0.837	0.931	0.992	0.996	1.066	1.050	0.837	0.805	0.790	0.930	0.865	0.801	0.790	0.852	0.915	0.933	0.881	0.937	0.922	0.866	0.851	0.881	0.892	0.790	0.788	1.136	1.026	1.060	0.927	1.162	1.020	0.893	0.877	0.846	0.846	0.802	0.784	1.017	1.075	1.020	0.858	1.041	0.885	0.875	1.028	0.863	0.889	0.795	0.792	0.983	1.082	1.027	0.968	0.963	0.859	0.048	0.943	0.866	0.900	0.820	0.751	0.846	0.777	0.461	0.842	0.798	0.816	0.826	0.813	0.813	0.801	0.768
41:00:44	22.8	0.840	0.828	0.806	0.807	0.802	0.816	0.824	0.797	0.044	0.853	0.821	0.788	0.797	0.920	0.842	0.936	0.853	0.855	0.958	0.876	0.848	0.823	0.840	0.827	0.838	0.921	0.997	1.019	1.084	0.994	0.845	0.816	0.797	0.890	0.851	0.793	0.799	0.908	0.933	0.839	0.833	0.912	0.925	0.874	0.855	0.857	0.930	0.795	0.793	1.100	1.011	1.087	0.933	1.116	1.019	0.886	0.868	0.825	0.860	0.809	0.788	1.032	1.077	1.004	0.962	1.031	0.881	0.867	1.010	0.869	0.870	0.801	0.808	0.946	1.073	0.991	0.972	0.955	0.856	0.049	0.929	0.872	0.877	0.825	0.762	0.832	0.805	0.467	0.840	0.800	0.812	0.819	0.812	0.830	0.810	0.782
42:00:46	22.8	0.853	0.837	0.821	0.807	0.811	0.824	0.826	0.801	0.044	0.856	0.830	0.797	0.812	0.889	0.865	0.952	0.883	0.868	0.977	0.850	0.863	0.835	0.855	0.843	0.835	0.913	0.987	1.035	1.059	1.012	0.854	0.823	0.802	0.935	0.942	0.798	0.805	0.831	0.990	0.897	0.981	0.927	0.933	0.880	0.865	0.875	0.871	0.805	0.797	1.085	0.989	1.100	0.926	1.096	1.024	0.888	0.884	0.833	0.865	0.812	0.794	0.990	1.076	0.992	0.857	1.021	0.879	0.890	1.051	0.868	0.864	0.814	0.807	0.936	1.078	0.971	0.951	0.959	0.864	0.049	1.033	0.876	0.885	0.832	0.768	0.826	0.829	0.472	0.855	0.803	0.821	0.842	0.835	0.832	0.819	0.782
43:00:46	22.8	0.858	0.844	0.814	0.817	0.817	0.832	0.837	0.819	0.044	0.862	0.839	0.803	0.812	0.918	0.856	0.946	0.888	0.876	0.987	0.876	0.870	0.847	0.864	0.852	0.872	0.923	0.993	1.024	1.085	1.001	0.869	0.834	0.808	0.897	0.863	0.812	0.816	0.857	0.903	0.847	0.854	0.908	0.936	0.887	0.877	0.871	0.879	0.817	0.800	1.124	0.997	1.104	0.937	1.121	1.038	0.881	0.887	0.845	0.884	0.819	0.801	1.035	1.067	0.983	0.879	1.021	0.891	0.888	0.964	0.979	0.879	0.818	0.835	0.936	1.067	0.986	0.970	0.948	0.887	0.048	0.906	0.877	0.899	0.837	0.775	0.843	0.791	0.470	0.819	0.810	0.837	0.839	0.828	0.845	0.826	0.789
44:00:47	22.8	0.867	0.854	0.834	0.818	0.826	0.835	0.847	0.827	0.044	0.853	0.848	0.810	0.819	0.917	0.872	0.976	0.885	0.889	0.973	0.935	0.883	0.858	0.878	0.863	0.837	0.936	0.989	1.043	1.077	0.998	0.901	0.846	0.814	0.964	0.928	0.830	0.821	0.864	0.978	0.913	0.950	0.942	0.972	0.895	0.885	0.890	0.927	0.815	0.808	1.094	1.006	1.118	0.938	1.121	1.032	0.891	0.894	0.858	0.890	0.947	0.805	1.005	1.071	0.969	0.947	1.027	0.889	0.890	1.024	0.857	0.935	0.830	0.822	0.945	1.054	0.965	0.931	0.949	0.883	0.048	1.014	0.881	0.892	0.848	0.784	0.824	0.826	0.472	0.786	0.814	0.844	0.849	0.836	0.854	0.851	0.798
45:00:48	22.9	0.872	0.878	0.844	0.828	0.832	0.845	0.861	0.833	0.044	0.869	0.859	0.823	0.838	0.899	0.873	0.991	0.921	0.900	0.999	0.880	0.891	0.871	0.883	0.870	0.854	0.929	1.011	1.058	1.082	0.990	0.900	0.855	0.819	0.913	0.879	0.828	0.831	0.966	0.918	0.861	0.873	0.903	0.919	0.902	0.894	0.882	0.877	0.829	0.852	1.113	0.986	1.130	0.944	1.113	1.026	0.894	0.906	0.870	0.921	0.841	0.819	1.050	1.110	0.974	0.886	1.042	0.884	0.885	0.935	0.941	0.862	0.836	0.832	0.939	1.029	0.937	0.939	0.925	0.898	0.048	0.880	0.874	0.897	0.927	0.796	0.837	0.815	0.477	0.789	0.912	0.851	0.868	0.860	0.869	0.842	0.808
46:00:49	23.0	0.879	0.873	0.838	0.835	0.840	0.856	0.868	0.852	0.044	0.869	0.870	0.830	0.837	0.908	0.883	0.939	0.888	0.908	1.003	0.910	0.901	0.882	0.889	0.884	0.870	0.937	1.046	1.051	1.079	0.987	0.920	0.867	0.824	0.926	0.884	0.837	0.837	0.861	0.959	0.890	1.048	0.889	0.950	0.911	0.902	0.896	0.890	0.870	0.857	1.081	0.976	1.131	0.943	1.118	1.025	0.891	0.908	0.871	0.906	0.905	0.825	0.961	1.122	1.000	0.899	1.045	0.885	0.880	0.984	0.860	0.878	0.848	0.839	0.941	1.030	0.956	0.926	0.938	0.911	0.048	0.970	1.001	0.910	0.868	0.802	0.850	0.822	0.477	0.829	0.844	0.870	0.889	0.855	0.875	0.851	0.817
47:00:49	23.1	0.882	0.881	0.849	0.835	0.845	0.864	0.872	0.852	0.044	0.871	0.876	0.838	0.841	0.909	0.894	0.954	0.895	0.916	1.007	0.898	0.911	0.891	0.902	0.889	0.864	0.920	0.970	1.019	1.075	0.999	0.906	0.875	0.831	0.913	0.895	0.860	0.846	0.888	0.912	0.879	0.888	0.908	0.944	0.988	0.911	0.903	0.896	0.842	0.838	1.081	0.984	1.134	0.939	1.140	1.028	0.895	0.914	0.877	0.917	0.864	0.832	0.983	1.077	1.004	0.908	1.070	0.884	0.882	0.945	0.878	0.889	0.908	0.844	0.936	1.024	0.951	0.934	0.938	0.906	0.048	0.891	0.893	0.910	0.875	0.810	0.878	0.826	0.475	0.823	0.841	0.879	0.880	0.858	0.887	0.864	0.820
48:00:51	23.0	0.880	0.891	0.861	0.843	0.857	0.869	0.884	0.864	0.044	0.874	0.881	0.842	0.849	0.898	0.896	0.967	0.901	0.927	1.002	0.912	0.921	0.901	0.909	0.899	0.877	0.994	1.025	1.038	1.068	1.009	0.913	0.887	0.841	0.932	0.932	0.851	0.855	0.891	0.958	0.939	1.059	0.901	0.952	0.923	0.925	0.915	0.955	0.852	0.843	1.047	0.972	1.128	0.928	1.154	1.017	0.898	0.919	0.886	0.918	0.862	0.837	0.960	1.121	0.981	0.920	1.095	0.886	0.892	1.019	0.925	0.900	0.861	0.862	0.926	1.010	0.942	0.938	0.928	0.917	0.048	0.998	0.897	0.910	0.888	0.820	0.891	0.877	0.474	0.813	0.855	0.876	0.937	0.866	0.895	0.869	0.829
49:00:52	23.0	0.884	0.899	0.861	0.853	0.866	0.876	0.895	0.882	0.044	0.889	0.895	0.854	0.858	0.906	0.908	0.965	0.905	0.936	0.986	0.918	0.929	0.917	0.921	0.910	0.874	0.964	0.956	1.034	1.077	0.993	0.928	0.891	0.844	0.927	0.960	0.866	0.859	0.892	0.916	0.889	0.909	0.908	1.002	0.989	0.945	0.917	0.901	0.861	0.875	1.045	0.976	1.139	0.931	1.169	1.006	0.904	0.922	0.896	0.939	0.914	0.844	0.963	1.046	0.985	1.063	1.115	0.887	0.900	0.934	0.884	0.901	0.870	0.864	0.936	1.009	0.948	0.942	0.930	0.934	0.048	0.896	0.901	0.914	0.890	0.830	0.889	0.842	0.481	0.814	0.855	0.882	0.898	0.878	0.909	0.880	0.836
50:00:52	23.1	0.884	0.915	0.880	0.860	0.874	0.881	0.903	0.886	0.044	0.884	0.899	0.858	0.864	0.908	0.915	0.979	0.909	0.945	1.002	0.923	0.939	0.919	0.930	0.919	0.902	0.919	0.987	1.031	1.081	0.991	0.944	0.905	0.853	0.935	0.918	0.870	0.873	0.900	0.941	0.950	1.024	0.956	0.936	0.939	0.941	0.958	0.915	0.871	0.981	1.042	0.995	1.153	0.935	1.185	0.999	0.905	0.931	0.906	0.947	0.886	0.853	0.961	1.037	0.989	0.930	1.125	0.888	0.910	0.965	0.890	0.911	0.957	0.872	1.078	1.006	0.954	0.939	0.931	0.932	0.048	0.919	0.994	0.920	0.915	0.838	0.899	0.858	0.484	0.808	0.864	0.889	0.905	0.946	0.914	0.887	0.842
51:00:53	23.2	0.890	0.931	0.880	0.870	0.883	0.893	0.910	0.895	0.044	0.897	0.911	0.865	0.877	0.917	0.924	0.960	0.928	0.955	0.996	0.990	0.950	0.932	0.961	0.927	0.900	1.010	0.952	1.051	1.092	0.980	0.956	0.915	0.858	0.933	0.926	0.878	0.881	0.927	0.930	0.905	0.975	0.917	0.988	1.014	0.950	0.935	0.931	0.876	0.963	1.032	0.971	1.162	0.935	1.193	0.994	0.914	0.933	0.907	0.953	0.891	0.862	0.954	1.072	0.985	0.942	1.134	0.892	0.993	0.939	0.966	0.920	0.896	0.880	0.951	1.001	0.946	0.949	0.926	0.957	0.048	0.915	0.905	0.932	0.906	0.846	0.884	0.879	0.488	0.809	0.871	0.897	0.916	0.891	0.921	0.896	0.848
52:00:55	23.2	0.893	0.927	0.895	0.876	0.891	0.902	0.918	0.901	0.044	0.903	0.920	0.870	0.879	0.913	0.931	0.964	0.924	0.963	1.005	0.938	0.960	0.941	0.947	0.937	0.897	0.939	1.003	1.063	1.084	0.980	0.989	0.923	0.858	0.946	0.984	0.973	0.890	0.908	0.939	0.949	0.929	0.936	0.948	0.954	0.959	0.968	0.930	0.887	0.947	1.019	0.972	1.165	0.931	1.197	0.994	0.918	0.942	0.919	0.960	0.909	0.870	1.025	1.083	0.989	0.949	1.148	0.897	0.916	0.945	0.900	0.926	0.901	0.889	1.093	1.000	0.930	0.947	0.925	0.968	0.048	0.963	0.921	0.936	0.953	0.855	0.900	0.862	0.487	0.818	0.877	0.907	0.924	0.988	0.929	0.915	0.856
53:00:54	23.2	0.899	0.934	0.899	0.886	0.900	0.903	0.920	0.916	0.044	0.910	0.926	0.879	0.888	0.944	0.939	0.953	0.936	0.975	0.991	0.946	0.970	0.949	0.976	0.946	0.907	0.945	0.958	1.073	1.102	0.990	0.964	0.932	0.868	0.941	0.946	0.894	0.898	0.920	0.987	0.919	1.050	0.941	0.973	1.056	0.966	0.955	0.940	0.894	0.874	1.012	0.990	1.180	0.936	1.204	0.994	0.928	0.951	0.926	0.973	0.905	0.878	0.955	1.017	0.998	0.959	1.169	0.902	0.930	0.954	0.910	0.933	0.970	0.900	0.954	1.021	0.926	0.956	0.920	0.970	0.048	0.926	0.984	0.950	0.933	0.863	0.928	0.874	0.485	0.821	0.890	0.915	0.935	0.907	0.939	0.921	0.864
54:00:56	23.2	0.903	0.941	0.908	0.893	0.914	0.915	0.931	0.923	0.044	0.920	0.938	0.884	0.899	0.915	0.948	0.979	0.940	0.983	1.004	0.956	0.980	0.961	0.965	0.957	0.977	0.957	0.985	1.072	1.107	0.992	0.999	0.940	0.874	0.996	1.001	0.902	0.906	0.924	0.952	1.001	0.946	0.947	0.966	0.984	0.974	0.965	0.953	0.903	0.885	1.004	1.053	1.182	0.931	1.211	0.991	0.933	0.947	0.935	0.988	0.921	0.886	1.013	1.031	0.996	0.964	1.195	0.966	0.936	0.944	1.025	0.942	0.926	0.906	0.959	0.971	0.937	1.087	0.927	0.965	0.048	0.959	0.930	0.958	0.940	0.871	0.933	0.872	0.487	0.826	0.896	0.924	0.946	0.922	0.946	0.924	0.872
55:00:57	23.1	0.908	0.953	0.919	0.909	0.920	0.926	0.947	0.934	0.044	0.929	0.948	0.890	0.902	0.934	0.954	0.953	0.951	0.991	1.014	0.964	0.989	0.971	0.977	0.963	0.919	0.961	0.948	1.061	1.110	0.984	0.986	0.948	0.881	0.962	0.961	0.910	0.915	0.936	0.970	0.939	1.055	0.959	0.978	1.038	0.982	0.974	0.951	0.913	0.893	0.998	0.963	1.187	0.931	1.218	0.992	0.939	0.965	0.945	0.989	0.922	0.895	0.971	1.030	0.995	0.972	1.229	0.905	0.944	0.974	0.924	0.951	0.926	0.911	0.985	1.019	0.943	1.019	0.931	0.973	0.048	0.944	0.951	0.969	0.948	0.879	0.946	0.880	0.493	0.831	0.905	0.932	0.994	0.948	0.957	0.944	0.878
56:00:58	22.7	0.908	0.950	0.924	0.917	0.928	0.931	0.955	0.943	0.044	0.933	0.958	0.893	0.913	0.944	0.961	1.009	0.955	0.999	1.006	0.969	0.996	0.978	0.985	0.973	0.960	0.972	0.970	1.077	1.132	0.999	1.015	0.955	0.886	0.995	1.019	1.044	0.929	1.057	0.956	1.003	0.962	0.984	0.985	0.989	0.991	0.981	0.965	0.922	0.898	0.999	0.971	1.198	0.933	1.223	0.994	0.949	0.966	0.951	1.004	0.934	0.901	1.003	1.053	1.007	0.981	1.242	0.915	0.952	0.947	1.073	0.957	0.935	0.919	0.965	0.979	0.936	0.987	0.936	0.982	0.048	0.957	0.954	0.975	0.958	0.885	0.947	0.895	0.497	0.835	0.913	0.940	0.962	0.934	0.966	0.942	0.885
57:00:58	22.3	0.909	0.952	0.933	0.924	0.936	0.938	0.965	0.951	0.043	0.941	0.965	0.898	0.920	0.946	0.967	0.956	0.965	1.009	1.011	1.020	1.005	0.989	1.000	0.982	0.928	0.972	0.972	1.091	1.134	0.996	1.005	0.961	0.890	0.973	0.979	0.924	0.933	0.942	0.968	0.951	1.037	0.955	1.018	1.107	0.998	0.993	1.029	0.931	0.908	0.994	0.970	1.210	0.935	1.227	0.996	0.953	0.975	0.958	1.010	0.941	0.910	0.963	0.997	1.013	0.988	1.250	0.917	0.958	1.008	0.935	0.963	0.947	0.925	0.975	1.107	0.961	1.023	0.942	1.007	0.048	0.959	1.014	0.979	0.965	0.894	0.951	0.899	0.501	0.843	0.920	0.946	1.044	0.981	0.973	0.949	0.892
58:01:00	21.8	0.914	0.953	0.944	0.936	0.945	0.947	0.975	0.961	0.044	0.947	0.973	0.904	0.932	0.955	0.974	0.962	0.972	1.018	1.017	0.984	1.015	0.998	1.006	0.985	0.937	0.975	0.976	1.101	1.142	1.000	1.015	0.972	0.898	0.980	1.002	0.943	0.936	0.953	0.976	0.960	0.979	0.967	0.976	1.006	1.007	0.996	0.978	0.938	0.916	0.990	0.973	1.219	0.937	1.223	0.995	0.962	0.986	0.972	1.027	0.950	0.916	0.969	1.003	1.012	1.124	1.249	0.948	0.964	0.957	0.947	0.974	0.952	0.931	0.980	0.971	0.947	1.106	0.951	0.992	0.048	0.968	0.965	0.984	0.976	0.900	0.943	0.899	0.508	0.855	0.928	0.954	0.991	0.950	0.981	0.959	0.898
59:01:00	21.5	0.920	0.957	0.947	0.942	0.956	0.955	0.984	0.969	0.044	0.950	0.987	0.910	0.931	0.961	0.982	0.964	0.981	1.026	1.018	0.996	1.023	1.009	1.017	0.990	0.973	0.984	0.979	1.099	1.157	1.003	1.025	0.979	0.904	0.989	1.002	1.048	0.946	0.964	1.009	0.967	1.085	0.972	0.995	1.113	1.016	1.009	0.984	0.946	1.021	0.990	0.979	1.219	0.933	1.210	0.998	0.969	0.989	0.976	1.030	0.955	0.924	0.972	1.004	1.023	1.001	1.267	0.927	1.078	0.985	1.006	1.106	0.957	0.936	0.989	1.117	0.961	0.980	0.960	1.019	0.048	0.974	1.054	0.989	1.002	0.908	0.955	0.908	0.507	0.875	0.937	0.963	0.993	1.000	0.990	0.966	0.902
60:01:01	21.6	0.921	0.966	0.955	0.949	0.960	0.963	0.987	0.977	0.044	0.958	0.990	0.914	0.938	0.963	0.990	0.967	0.988	1.033	1.019	0.997	1.031	1.019	1.023	0.996	0.950	0.991	0.972	1.111	1.163	1.001	1.029	0.984	0.909	0.994	1.042	1.010	0.955	1.072	0.986	1.005	0.992	0.993	1.000	1.030	1.026	1.014	1.010	0.954	0.925	1.038	0.978	1.199	0.904	1.191	0.992	0.971	0.992	0.986	1.035	0.966	0.932	0.970	0.976	1.022	1.008	1.294	0.926	0.973	0.973	0.954	0.982	1.004	0.943	1.073	0.975	0.986	0.992	0.969	1.011	0.048	0.998	0.979	0.993	0.987	0.914	0.972	0.920	0.513	0.863	0.944	0.969	0.994	1.026	0.998	0.975	0.904
61:01:03	21.8	0.927	0.970	0.964	0.959	0.964	0.972	0.991	0.985	0.043	0.970	0.995	0.921	0.941	0.970	0.997	0.968	0.997	1.038	1.008	1.010	1.037	1.023	1.029	1.000	0.963	0.999	1.031	1.105	1.163	1.027	1.050	0.992	0.915	0.996	1.011	0.956	0.961	0.974	0.993	0.980	1.108	0.983	1.001	1.060	1.034	1.024	0.996	0.966	0.938	0.985	0.988	1.192	0.961	1.183	0.993	0.980	1.000	1.071	1.039	0.971	0.940	0.979	0.979	1.035	1.017	1.306	0.935	0.983	0.981	0.965	0.993	0.969	0.953	0.989	1.059	0.969	0.996	0.969	1.047	0.047	0.986	0.996	1.003	0.991	0.919	0.967	0.921	0.504	0.873	0.952	0.975	1.012	0.969	1.007	0.982	0.906
62:01:04	22.0	0.928	0.973	0.970	0.965	0.975	0.980	0.998	0.994	0.044	0.979	0.997	0.922	0.952	0.981	1.005	0.969	1.004	1.042	1.020	1.015	1.041	1.031	1.034	1.002	0.965	1.005	0.967	1.094	1.172	1.005	1.048	0.997	0.923	1.005	1.021	0.967	0.969	0.987	1.016	1.034	1.006	0.989	1.006	1.043	1.040	1.030	1.002	0.969	0.946	0.996	0.990	1.150	0.908	1.149	0.989	0.986	1.002	0.998	1.043	0.982	0.949	0.981	1.029	1.043	1.024	1.319	0.939	0.992	0.978	1.043	1.001	0.975	0.964	1.002	0.983	0.981	1.007	0.978	1.025	0.047	1.002	0.998	1.013	0.997	0.922	0.979	0.927	0.507	0.878	0.958	0.979	1.016	1.040	1.014	0.986	0.907
63:01:03	22.0	0.923	0.974	0.977	0.976	0.980	0.986	0.999	1.003	0.044	0.986	0.998	0.926	0.954	0.988	1.014	0.979	1.010	1.048	1.032	1.023	1.045	1.039	1.038	1.005	0.969	1.012	1.037	1.082	1.165	1.003	1.067	1.006	0.927	1.011	1.073	0.970	0.972	0.995	1.006	0.993	1.100	0.995	1.007	1.087	1.044	1.037	1.011	0.970	0.956	1.003	0.993	1.137	0.934	1.140	0.996	0.994	1.016	1.008	1.050	0.987	0.956	1.044	0.987	1.045	1.033	1.327	0.945	1.002	1.085	0.975	1.011	0.979	0.967	1.009	1.144	0.993	1.010	0.983	1.031	0.047	0.998	1.009	1.019	0.997	0.926	0.982	0.938	0.506	0.887	0.965	0.982	1.018	0.982	1.017	0.992	0.911
64:01:04	22.0	0.929	0.975	0.983	0.979	0.978	0.990	1.001	1.009	0.044	0.995	1.008	0.927	0.956	0.997	1.021	0.979	1.018	1.050	1.041	1.029	1.048	1.043	1.040	1.010	0.977	1.018	0.976	1.078	1.171	1.009	1.072	1.013	0.933	1.022	1.039	1.000	0.977	1.035	1.019	1.012	1.023	1.002	1.010	1.048	1.047	1.041	1.019	0.980	1.008	1.012	0.998	1.125	0.921	1.133	1.005	1.002	1.020	1.019	1.049	0.995	0.962	0.994	0.991	1.052	1.040	1.339	0.954	1.009	0.996	0.985	1.016	0.982	0.971	1.015	0.998	0.995	1.019	0.992	1.035	0.047	1.071	1.015	1.025	1.002	0.930	0.986	0.943	0.506	0.895	0.974	0.986	1.034	1.021	1.019	0.993	0.914
65:01:05	21.9	0.932	0.977	0.987	0.983	0.982	0.997	1.008	1.015	0.044	1.001	1.009	0.929	0.957	1.002	1.024	0.985	1.049	1.054	1.039	1.035	1.052	1.048	1.050	1.011	0.982	1.030	0.983	1.072	1.162	1.011	1.070	1.016	0.939	1.023	1.066	0.994	0.981	1.005	1.025	1.010	1.142	1.012	1.013	1.071	1.051	1.048	1.025	0.978	1.066	1.011	1.003	1.119	1.063	1.127	1.033	1.006	1.029	1.028	1.057	0.998	0.969	0.999	0.994	1.060	1.045	1.347	0.960	1.016	1.009	1.093	1.023	1.002	0.974	1.013	1.085	1.013	1.026	1.001	1.053	0.048	1.018	1.021	1.028	1.006	0.933	1.001	0.963	0.508	0.904	0.976	0.989	1.027	1.012	1.023	0.997	0.915
66:01:07	21.9	0.931	0.980	0.990	0.984	0.982	0.999	1.010	1.016	0.044	1.007	1.013	0.931	0.963	1.013	1.027	0.995	1.025	1.058	1.043	1.036	1.055	1.050	1.048	1.013	0.988	1.040	0.987	1.072	1.153	1.018	1.074	1.022	0.947	1.034	1.047	0.992	0.983	1.011	1.026	1.018	1.029	1.020	1.018	1.054	1.056	1.047	1.030	0.980	0.967	1.025	1.007	1.108	0.929	1.122	1.014	1.013	1.036	1.031	1.086	1.002	0.972	1.003	0.997	1.074	1.049	1.355	0.969	1.019	1.016	0.999	1.025	0.994	0.979	1.020	1.011	1.020	1.034	1.008	1.038	0.047	1.072	1.041	1.030	1.006	0.935	1.004	0.957	0.511	0.909	0.979	0.993	1.093	0.991	1.027	1.002	0.917
67:01:08	21.9	0.937	0.978	0.990	0.988	0.987	1.003	1.012	1.018	0.043	1.008	1.012	0.933	0.966	1.015	1.033	0.999	1.033	1.059	1.049	1.041	1.057	1.051	1.052	1.015	0.990	1.044	0.995	1.066	1.136	1.018	1.068	1.027	0.953	1.041	1.056	1.002	0.985	1.013	1.041	1.044	1.130	1.028	1.023	1.069	1.057	1.051	1.035	0.982	0.999	1.020	1.015	1.096	0.972	1.108	1.021	1.017	1.044	1.037	1.058	1.004	0.975	1.006	1.002	1.061	1.115	1.359	0.979	1.026	1.017	1.007	1.033	0.986	0.984	1.041	1.039	1.021	1.037	1.015	1.039	0.047	1.030	1.029	1.035	1.010	0.936	1.002	0.966	0.510	0.918	0.982	0.993	1.038	1.046	1.029	1.002	0.918
68:01:09	22.1	0.941	0.985	0.994	0.993	0.989	1.006	1.016	1.021	0.044	1.013	1.016	0.935	0.969	1.018	1.036	1.004	1.038	1.062	1.062	1.043	1.060	1.052	1.055	1.018	0.996	1.042	1.008	1.066	1.122	1.054	1.076	1.029	0.960	1.046	1.084	0.987	0.988	1.017	1.037	1.021	1.036	1.031	1.024	1.061	1.061	1.055	1.038	0.982	0.971	1.023	1.022	1.086	0.927	1.105	1.095	1.021	1.049	1.042	1.062	1.008	0.977	1.085	1.012	1.043	1.055	1.367	0.981	1.028	1.016	1.016	1.035	0.992	0.987	1.020	1.030	1.019	1.043	1.017	1.042	0.048	1.048	1.033	1.036	1.010	0.939	1.000	0.979	0.512	0.924	0.987	1.000	1.058	0.998	1.032	1.006	0.919
69:01:10	22.3	0.937	0.986	0.997	0.994	0.992	1.010	1.015	1.026	0.044	1.018	1.015	0.936	0.970	1.027	1.042	1.015	1.043	1.065	1.040	1.055	1.063	1.054	1.058	1.020	1.001	1.050	1.004	1.065	1.119	1.024	1.082	1.034	0.965	1.047	1.059	0.995	0.991	1.018	1.046	1.025	1.051	1.033	1.023	1.071	1.063	1.056	1.042	0.986	0.974	1.030	1.029	1.088	0.948	1.095	1.027	1.025	1.057	1.041	1.071	1.010	0.979	1.020	1.014	1.049	1.060	1.368	0.990	1.030	1.021	1.015	1.039	0.992	0.991	1.024	1.096	1.019	1.055	1.025	1.044	0.047	1.036	1.036	1.040	1.014	0.940	1.002	0.982	0.515	0.931	0.987	1.000	1.045	1.002	1.034	1.008	0.919
70:01:11	22.3	0.944	0.986	0.998	0.997	0.996	1.006	1.018	1.025	0.043	1.016	1.019	0.936	0.971	1.078	1.044	1.016	1.047	1.067	1.056	1.048	1.065	1.061	1.066	1.020	0.998	1.052	1.006	1.065	1.110	1.030	1.082	1.033	0.969	1.071	1.060	0.997	0.993	1.021	1.044	1.029	1.041	1.037	1.027	1.064	1.064	1.058	1.045	0.991	0.977	1.039	1.029	1.080	1.035	1.099	1.029	1.024	1.054	1.046	1.068	1.012	0.983	1.015	1.010	1.053	1.062	1.374	0.989	1.031	1.026	1.017	1.040	0.997	0.992	1.029	1.036	1.033	1.065	1.038	1.047	0.047	1.055	1.040	1.040	1.015	0.941	1.004	0.980	0.514	0.940	0.993	0.999	1.043	1.001	1.034	1.011	0.920
71:01:12	22.1	0.944	0.986	0.998	1.000	0.995	1.015	1.017	1.025	0.044	1.019	1.017	0.938	0.973	1.031	1.043	1.014	1.048	1.070	1.052	1.052	1.069	1.061	1.064	1.023	1.003	1.058	1.016	1.067	1.105	1.040	1.089	1.039	0.977	1.055	1.063	0.993	0.995	1.022	1.045	1.027	1.092	1.039	1.027	1.073	1.067	1.061	1.048	0.994	1.081	1.031	1.037	1.079	0.946	1.087	1.039	1.032	1.136	1.048	1.069	1.016	0.985	1.022	1.020	1.044	1.066	1.376	1.000	1.036	1.037	1.021	1.047	0.997	0.994	1.028	1.055	1.019	1.054	1.033	1.069	0.047	1.045	1.042	1.046	1.016	0.942	1.005	0.978	0.513	0.944	0.993	1.003	1.046	1.005	1.037	1.014	0.918
72:01:13	22.0	0.951	0.989	1.000	0.999	1.000	1.014	1.020	1.028	0.043	1.021	1.019	0.933	0.972	1.033	1.047	1.017	1.050	1.070	1.054	1.055	1.070	1.062	1.067	1.021	1.004	1.063	1.017	1.068	1.103	1.038	1.094	1.038	0.978	1.059	1.067	0.995	0.996	1.024	1.047	1.062	1.043	1.043	1.061	1.069	1.069	1.063	1.051	0.993	1.089	1.040	1.034	1.068	0.957	1.090	1.037	1.032	1.070	1.050	1.071	1.016	0.986	1.021	1.019	1.058	1.067	1.382	0.998	1.040	1.033	1.029	1.048	1.001	0.997	1.029	1.044	1.022	1.090	1.034	1.054	0.047	1.049	1.045	1.049	1.019	0.943	1.010	0.989	0.515	0.950	0.997	1.004	1.049	1.006	1.041	1.015	0.918

