Time	T° 600	A1	A2	A3	A4	A5	A6	A7	A8	A9	A10	A11	A12	B1	B2	B3	B4	B5	B6	B7	B8	B9	B10	B11	B12	C1	C2	C3	C4	C5	C6	C7	C8	C9	C10	C11	C12	D1	D2	D3	D4	D5	D6	D7	D8	D9	D10	D11	D12	E1	E2	E3	E4	E5	E6	E7	E8	E9	E10	E11	E12	F1	F2	F3	F4	F5	F6	F7	F8	F9	F10	F11	F12	G1	G2	G3	G4	G5	G6	G7	G8	G9	G10	G11	G12	H1	H2	H3	H4	H5	H6	H7	H8	H9	H10	H11	H12
0:00:06	21.0	0.046	0.048	0.052	0.051	0.048	0.050	0.046	0.047	0.047	0.047	0.051	0.048	0.045	0.046	0.048	0.049	0.052	0.046	0.048	0.049	0.049	0.050	0.049	0.049	0.048	0.047	0.050	0.047	0.047	0.048	0.046	0.046	0.047	0.050	0.047	0.053	0.049	0.046	0.047	0.046	0.045	0.048	0.048	0.051	0.046	0.053	0.051	0.048	0.048	0.052	0.049	0.047	0.047	0.049	0.049	0.046	0.053	0.048	0.049	0.048	0.047	0.049	0.049	0.046	0.046	0.046	0.049	0.052	0.048	0.055	0.050	0.051	0.049	0.052	0.051	0.048	0.048	0.051	0.049	0.051	0.051	0.045	0.055	0.054	0.046	0.052	0.046	0.047	0.046	0.046	0.049	0.064	0.092	0.064	0.051	0.054
1:00:05	21.7	0.047	0.048	0.052	0.051	0.048	0.051	0.046	0.047	0.047	0.047	0.051	0.047	0.045	0.050	0.048	0.049	0.052	0.045	0.047	0.049	0.049	0.050	0.049	0.049	0.048	0.047	0.049	0.047	0.047	0.048	0.046	0.046	0.047	0.050	0.046	0.053	0.048	0.046	0.047	0.046	0.045	0.048	0.048	0.051	0.046	0.052	0.051	0.049	0.047	0.051	0.048	0.047	0.047	0.049	0.048	0.046	0.053	0.048	0.049	0.047	0.046	0.049	0.049	0.046	0.046	0.046	0.048	0.053	0.047	0.054	0.048	0.050	0.049	0.052	0.051	0.048	0.048	0.050	0.048	0.050	0.050	0.045	0.053	0.053	0.046	0.052	0.046	0.047	0.047	0.046	0.049	0.064	0.092	0.064	0.050	0.054
2:00:06	22.3	0.047	0.049	0.053	0.052	0.048	0.051	0.047	0.048	0.048	0.047	0.051	0.048	0.046	0.047	0.049	0.049	0.053	0.045	0.048	0.049	0.050	0.051	0.050	0.050	0.049	0.048	0.049	0.048	0.048	0.049	0.047	0.047	0.048	0.051	0.047	0.054	0.048	0.047	0.047	0.047	0.046	0.049	0.049	0.051	0.047	0.052	0.052	0.049	0.048	0.051	0.049	0.048	0.048	0.050	0.049	0.047	0.054	0.049	0.049	0.048	0.047	0.050	0.050	0.047	0.047	0.047	0.049	0.053	0.048	0.055	0.050	0.051	0.050	0.053	0.052	0.049	0.049	0.049	0.049	0.051	0.051	0.046	0.054	0.054	0.047	0.053	0.047	0.048	0.048	0.047	0.050	0.064	0.093	0.064	0.051	0.055
3:00:07	22.5	0.050	0.051	0.056	0.054	0.051	0.054	0.050	0.051	0.051	0.049	0.054	0.051	0.049	0.050	0.051	0.053	0.056	0.045	0.051	0.052	0.053	0.053	0.052	0.053	0.051	0.051	0.052	0.051	0.050	0.052	0.049	0.050	0.051	0.054	0.049	0.057	0.051	0.050	0.050	0.051	0.049	0.051	0.052	0.054	0.050	0.055	0.054	0.052	0.050	0.053	0.051	0.051	0.051	0.053	0.052	0.050	0.057	0.052	0.052	0.051	0.049	0.053	0.053	0.050	0.050	0.050	0.052	0.055	0.051	0.057	0.052	0.054	0.053	0.056	0.055	0.052	0.052	0.052	0.051	0.055	0.055	0.049	0.057	0.057	0.051	0.056	0.050	0.051	0.051	0.051	0.053	0.068	0.096	0.067	0.054	0.058
4:00:09	22.5	0.056	0.058	0.064	0.061	0.057	0.060	0.057	0.057	0.057	0.053	0.060	0.059	0.056	0.062	0.058	0.060	0.063	0.045	0.058	0.060	0.059	0.060	0.058	0.060	0.059	0.059	0.058	0.057	0.056	0.059	0.056	0.056	0.058	0.060	0.053	0.064	0.056	0.057	0.058	0.059	0.056	0.058	0.058	0.060	0.059	0.062	0.061	0.059	0.057	0.060	0.058	0.058	0.060	0.060	0.059	0.057	0.065	0.059	0.060	0.060	0.056	0.060	0.059	0.057	0.059	0.056	0.058	0.062	0.058	0.062	0.060	0.062	0.060	0.062	0.063	0.060	0.060	0.060	0.057	0.062	0.064	0.056	0.065	0.066	0.058	0.064	0.057	0.058	0.059	0.059	0.062	0.076	0.104	0.075	0.061	0.065
5:00:10	22.5	0.072	0.074	0.083	0.081	0.073	0.076	0.077	0.072	0.073	0.061	0.076	0.077	0.074	0.074	0.076	0.078	0.081	0.045	0.076	0.080	0.075	0.076	0.073	0.078	0.079	0.074	0.073	0.073	0.072	0.076	0.072	0.074	0.074	0.076	0.064	0.082	0.070	0.075	0.076	0.080	0.074	0.074	0.077	0.076	0.080	0.079	0.081	0.077	0.074	0.076	0.073	0.074	0.082	0.079	0.076	0.075	0.084	0.077	0.079	0.082	0.070	0.078	0.076	0.073	0.079	0.071	0.072	0.080	0.076	0.076	0.079	0.080	0.076	0.080	0.082	0.077	0.079	0.078	0.071	0.081	0.086	0.072	0.085	0.090	0.074	0.083	0.074	0.076	0.080	0.081	0.083	0.097	0.123	0.088	0.077	0.081
6:00:11	22.4	0.110	0.115	0.128	0.127	0.112	0.116	0.122	0.111	0.113	0.081	0.116	0.121	0.115	0.116	0.117	0.121	0.120	0.045	0.118	0.123	0.115	0.115	0.110	0.124	0.122	0.108	0.110	0.109	0.110	0.115	0.110	0.113	0.115	0.117	0.088	0.125	0.104	0.114	0.115	0.122	0.114	0.111	0.117	0.113	0.124	0.116	0.122	0.120	0.113	0.112	0.109	0.112	0.125	0.121	0.114	0.113	0.126	0.117	0.121	0.131	0.106	0.116	0.115	0.110	0.123	0.107	0.107	0.122	0.117	0.105	0.123	0.124	0.114	0.117	0.122	0.117	0.121	0.118	0.103	0.121	0.132	0.113	0.132	0.143	0.114	0.124	0.112	0.115	0.122	0.126	0.129	0.143	0.166	0.127	0.121	0.121
15:00:06	22.3	0.593	0.609	0.621	0.625	0.594	0.586	0.616	0.579	0.584	0.500	0.599	0.622	0.629	0.668	0.646	0.641	0.639	0.048	0.632	0.630	0.602	0.609	0.569	0.615	0.666	0.605	0.626	0.640	0.651	0.621	0.639	0.646	0.639	0.643	0.524	0.633	0.608	0.659	0.629	0.685	0.626	0.654	0.662	0.631	0.696	0.634	0.645	0.630	0.648	0.646	0.644	0.664	0.704	0.683	0.657	0.660	0.666	0.667	0.630	0.741	0.645	0.668	0.688	0.683	0.712	0.640	0.642	0.715	0.661	0.713	0.727	0.708	0.666	0.694	0.708	0.714	0.710	0.697	0.587	0.716	0.762	0.722	0.722	0.805	0.706	0.749	0.723	0.711	0.724	0.762	0.761	0.737	0.774	0.769	0.721	0.694
16:00:03	22.3	0.667	0.688	0.697	0.705	0.683	0.677	0.704	0.664	0.670	0.599	0.684	0.682	0.709	0.767	0.753	0.729	0.745	0.055	0.724	0.714	0.695	0.697	0.667	0.698	0.736	0.680	0.715	0.733	0.759	0.722	0.734	0.736	0.730	0.750	0.592	0.712	0.677	0.748	0.703	0.770	0.729	0.759	0.760	0.713	0.792	0.725	0.736	0.719	0.722	0.727	0.717	0.736	0.783	0.778	0.725	0.718	0.757	0.740	0.720	0.817	0.690	0.720	0.747	0.725	0.755	0.699	0.690	0.814	0.737	0.788	0.761	0.751	0.699	0.771	0.747	0.746	0.744	0.748	0.617	0.756	0.805	0.757	0.858	0.891	0.742	0.772	0.739	0.736	0.792	0.805	0.778	0.765	0.805	0.795	0.744	0.716
17:00:05	22.6	0.706	0.727	0.748	0.755	0.726	0.722	0.751	0.707	0.724	0.654	0.735	0.730	0.749	0.817	0.801	0.777	0.795	0.073	0.770	0.758	0.749	0.750	0.722	0.753	0.777	0.723	0.765	0.783	0.815	0.768	0.782	0.776	0.778	0.815	0.647	0.770	0.721	0.786	0.746	0.811	0.776	0.803	0.809	0.757	0.831	0.770	0.785	0.765	0.766	0.763	0.756	0.773	0.821	0.821	0.758	0.749	0.801	0.782	0.769	0.831	0.724	0.770	0.778	0.755	0.789	0.750	0.730	0.858	0.778	0.828	0.775	0.768	0.716	0.815	0.787	0.773	0.772	0.773	0.649	0.782	0.832	0.776	0.940	0.908	0.758	0.794	0.773	0.749	0.831	0.841	0.797	0.793	0.819	0.802	0.755	0.734
18:00:05	22.7	0.743	0.776	0.779	0.792	0.772	0.763	0.790	0.749	0.764	0.705	0.772	0.762	0.786	0.870	0.860	0.821	0.849	0.105	0.813	0.805	0.788	0.794	0.760	0.779	0.818	0.766	0.814	0.829	0.875	0.814	0.830	0.821	0.825	0.861	0.680	0.791	0.762	0.829	0.785	0.853	0.820	0.855	0.857	0.801	0.876	0.811	0.826	0.802	0.807	0.806	0.797	0.820	0.870	0.872	0.803	0.798	0.848	0.827	0.821	0.880	0.759	0.791	0.819	0.784	0.827	0.773	0.755	0.902	0.820	0.874	0.807	0.785	0.754	0.859	0.815	0.806	0.816	0.823	0.654	0.821	0.871	0.804	0.991	0.948	0.792	0.830	0.792	0.787	0.870	0.873	0.834	0.837	0.852	0.829	0.786	0.760
19:00:07	23.1	0.768	0.798	0.812	0.831	0.799	0.793	0.821	0.780	0.800	0.741	0.807	0.791	0.817	0.898	0.885	0.852	0.873	0.154	0.844	0.835	0.825	0.826	0.796	0.812	0.840	0.793	0.843	0.862	0.904	0.849	0.861	0.854	0.854	0.894	0.725	0.834	0.792	0.859	0.814	0.884	0.850	0.881	0.900	0.831	0.909	0.844	0.859	0.831	0.842	0.833	0.827	0.847	0.897	0.897	0.833	0.823	0.877	0.861	0.845	0.897	0.790	0.833	0.846	0.827	0.859	0.813	0.791	0.918	0.850	0.912	0.840	0.810	0.782	0.878	0.860	0.852	0.847	0.847	0.690	0.852	0.909	0.829	1.032	0.951	0.815	0.864	0.839	0.813	0.906	0.919	0.868	0.886	0.881	0.863	0.819	0.789
20:00:08	22.9	0.822	0.856	0.864	0.881	0.858	0.855	0.874	0.836	0.852	0.798	0.853	0.843	0.874	0.952	0.946	0.907	0.942	0.199	0.899	0.891	0.878	0.878	0.847	0.868	0.904	0.854	0.910	0.918	0.977	0.910	0.925	0.905	0.916	0.949	0.778	0.875	0.847	0.935	0.874	0.944	0.904	0.950	0.958	0.888	0.969	0.909	0.910	0.881	0.903	0.896	0.886	0.911	0.960	0.960	0.898	0.882	0.938	0.923	0.906	0.968	0.850	0.885	0.905	0.896	0.930	0.870	0.842	0.981	0.908	0.991	0.896	0.861	0.840	0.929	0.908	0.901	0.916	0.918	0.716	0.912	0.967	0.884	1.095	1.018	0.873	0.928	0.879	0.886	0.980	0.976	0.925	0.943	0.936	0.919	0.864	0.841
21:00:08	22.7	0.868	0.902	0.891	0.926	0.899	0.892	0.919	0.878	0.891	0.855	0.891	0.888	0.916	0.996	1.015	0.947	0.971	0.224	0.940	0.926	0.916	0.920	0.879	0.902	0.952	0.894	0.946	0.952	1.014	0.963	0.963	0.945	0.954	0.991	0.835	0.909	0.898	0.964	0.915	0.977	0.944	1.000	1.002	0.934	1.000	0.943	0.950	0.921	0.970	0.937	0.924	0.952	0.997	1.000	0.945	0.929	0.980	0.966	0.955	1.005	0.898	0.933	0.944	0.930	0.973	0.910	0.889	1.017	0.972	1.037	0.931	0.899	0.880	0.964	0.956	0.941	0.960	0.959	0.745	0.962	1.013	0.924	1.137	1.059	0.918	0.973	0.918	0.927	1.029	1.032	0.968	0.993	0.972	0.957	0.899	0.876
22:00:10	22.6	0.904	0.949	0.923	0.934	0.932	0.938	0.940	0.911	0.936	0.941	0.919	0.937	0.940	1.050	1.041	0.983	0.994	0.248	0.979	0.965	0.947	0.961	0.923	0.941	0.960	0.912	0.971	0.977	1.046	1.001	0.999	0.986	0.993	1.033	0.856	0.949	0.928	1.007	0.972	1.000	0.989	1.025	1.039	0.975	1.037	0.981	0.990	0.965	0.987	0.989	0.994	1.000	1.050	1.030	0.987	0.969	1.022	1.013	1.032	1.060	0.937	0.996	0.987	0.987	1.035	0.969	0.951	1.052	0.992	1.073	0.975	0.932	0.914	1.029	1.015	0.986	1.012	1.008	0.776	1.014	1.077	0.964	1.153	1.076	0.968	1.002	0.989	0.957	1.093	1.065	1.004	1.030	1.027	1.002	0.917	0.927
23:00:11	22.4	0.926	0.949	0.948	0.949	0.938	0.943	0.962	0.929	0.932	0.925	0.943	0.948	0.973	1.092	1.061	1.006	1.033	0.273	0.999	0.999	0.956	0.998	0.960	0.965	0.985	0.933	0.995	1.018	1.071	1.022	1.021	0.998	1.025	1.060	0.892	1.015	0.944	1.037	0.972	1.041	1.048	1.068	1.059	1.024	1.074	1.020	1.027	0.996	1.047	1.002	0.989	1.027	1.071	1.067	1.022	0.982	1.043	1.028	1.033	1.071	0.969	1.006	1.019	0.994	1.053	0.988	0.988	1.094	1.004	1.124	0.990	0.968	0.937	1.054	1.038	1.011	1.019	1.028	0.797	1.039	1.091	0.982	1.183	1.184	1.030	1.059	1.011	1.019	1.108	1.109	1.050	1.055	1.044	1.037	0.933	0.928
24:00:12	22.4	0.945	0.993	0.969	0.970	0.961	0.966	0.981	0.947	0.956	0.959	0.967	0.964	0.991	1.116	1.085	1.033	1.058	0.318	1.011	1.000	0.998	1.001	0.950	0.974	1.009	0.960	1.021	1.027	1.135	1.054	1.052	1.023	1.040	1.086	0.920	0.991	0.971	1.063	0.992	1.056	1.007	1.102	1.086	1.024	1.093	1.030	1.036	1.026	1.062	1.018	1.041	1.024	1.078	1.089	1.022	1.004	1.072	1.046	1.040	1.106	0.991	1.018	1.034	1.024	1.062	1.002	0.996	1.109	1.074	1.167	1.009	0.997	0.956	1.065	1.060	1.029	1.052	1.045	0.838	1.068	1.114	1.002	1.210	1.214	1.040	1.078	1.027	1.049	1.133	1.122	1.059	1.047	1.079	1.043	0.947	0.955
25:00:12	22.4	0.970	0.992	0.986	0.982	0.977	0.979	0.992	0.963	0.975	0.967	0.989	0.976	1.004	1.129	1.105	1.038	1.074	0.360	1.024	1.011	1.027	1.008	0.965	0.994	1.020	0.973	1.033	1.043	1.129	1.049	1.062	1.031	1.054	1.101	0.942	1.011	0.981	1.072	1.010	1.068	1.027	1.085	1.089	1.048	1.095	1.069	1.041	0.997	1.071	1.040	1.031	1.038	1.088	1.100	1.024	1.016	1.074	1.056	1.053	1.109	0.996	1.040	1.050	1.034	1.077	1.023	1.013	1.106	1.058	1.189	1.022	1.010	0.962	1.068	1.067	1.044	1.063	1.054	0.874	1.076	1.128	1.003	1.230	1.222	1.050	1.073	1.038	1.045	1.146	1.137	1.057	1.081	1.084	1.052	0.957	0.969
26:00:13	22.4	0.976	1.009	0.999	0.999	0.987	0.993	1.004	0.980	0.984	0.997	1.008	0.987	1.016	1.148	1.118	1.052	1.091	0.394	1.033	1.023	1.033	1.028	0.980	1.006	1.034	0.991	1.048	1.069	1.154	1.068	1.099	1.044	1.055	1.141	0.958	1.025	1.000	1.082	1.021	1.084	1.050	1.103	1.108	1.071	1.107	1.042	1.054	1.005	1.061	1.053	1.046	1.050	1.101	1.112	1.038	1.025	1.088	1.075	1.070	1.120	1.006	1.064	1.059	1.053	1.090	1.034	1.029	1.118	1.070	1.210	1.033	1.019	0.980	1.072	1.083	1.059	1.065	1.070	0.903	1.083	1.139	1.005	1.252	1.242	1.047	1.074	1.042	1.049	1.159	1.152	1.062	1.059	1.093	1.056	0.970	0.981
27:00:14	22.3	0.986	1.029	1.008	1.007	0.998	1.002	1.010	0.990	1.001	0.998	1.015	1.006	1.026	1.172	1.134	1.064	1.104	0.424	1.044	1.033	1.031	1.040	0.982	1.014	1.043	1.006	1.057	1.072	1.169	1.078	1.075	1.055	1.060	1.150	0.974	1.030	1.011	1.093	1.030	1.090	1.057	1.112	1.119	1.068	1.126	1.059	1.064	1.029	1.060	1.064	1.051	1.057	1.105	1.119	1.049	1.034	1.100	1.080	1.082	1.131	1.014	1.062	1.066	1.043	1.092	1.039	1.032	1.122	1.072	1.230	1.035	1.018	0.987	1.073	1.098	1.064	1.071	1.071	0.916	1.093	1.149	1.008	1.270	1.250	1.050	1.076	1.042	1.031	1.171	1.158	1.058	1.054	1.102	1.068	0.963	0.984
28:00:15	22.4	0.997	1.033	1.021	1.019	1.011	1.015	1.019	0.999	1.011	1.015	1.031	1.023	1.034	1.184	1.148	1.071	1.115	0.448	1.054	1.040	1.044	1.050	0.991	1.032	1.050	1.019	1.066	1.076	1.192	1.091	1.082	1.065	1.073	1.166	0.987	1.043	1.021	1.098	1.034	1.099	1.067	1.121	1.131	1.082	1.140	1.073	1.075	1.039	1.070	1.071	1.059	1.065	1.116	1.128	1.056	1.040	1.108	1.092	1.095	1.136	1.016	1.068	1.074	1.053	1.100	1.052	1.043	1.128	1.080	1.244	1.041	1.024	0.991	1.085	1.104	1.075	1.082	1.080	0.931	1.099	1.153	1.011	1.293	1.266	1.049	1.073	1.043	1.036	1.182	1.166	1.058	1.049	1.106	1.069	0.969	0.992
29:00:15	22.4	1.004	1.047	1.027	1.028	1.028	1.032	1.029	1.007	1.023	1.022	1.036	1.045	1.047	1.204	1.162	1.080	1.127	0.472	1.059	1.048	1.053	1.064	0.999	1.034	1.060	1.031	1.077	1.083	1.205	1.100	1.092	1.070	1.077	1.160	1.003	1.045	1.029	1.107	1.046	1.109	1.074	1.133	1.131	1.091	1.143	1.078	1.084	1.048	1.082	1.077	1.064	1.074	1.123	1.137	1.062	1.047	1.113	1.098	1.105	1.145	1.022	1.077	1.082	1.057	1.107	1.060	1.050	1.131	1.089	1.260	1.045	1.024	0.999	1.089	1.110	1.078	1.084	1.089	0.941	1.105	1.159	1.013	1.309	1.185	1.051	1.072	1.046	1.037	1.192	1.172	1.060	1.043	1.109	1.067	0.975	1.002
30:00:16	22.3	1.015	1.055	1.032	1.035	1.034	1.032	1.034	1.011	1.029	1.029	1.043	1.057	1.054	1.210	1.169	1.090	1.133	0.492	1.065	1.054	1.059	1.072	1.005	1.043	1.061	1.040	1.085	1.096	1.212	1.107	1.095	1.079	1.087	1.172	1.014	1.053	1.036	1.110	1.052	1.114	1.080	1.133	1.138	1.096	1.146	1.084	1.088	1.060	1.090	1.085	1.073	1.081	1.129	1.147	1.070	1.054	1.117	1.104	1.113	1.148	1.025	1.080	1.082	1.060	1.114	1.064	1.060	1.134	1.091	1.267	1.048	1.027	1.004	1.095	1.116	1.085	1.087	1.096	0.949	1.106	1.162	1.016	1.319	1.176	1.056	1.069	1.043	1.041	1.200	1.181	1.064	1.043	1.113	1.071	0.976	1.002
31:00:17	22.3	1.022	1.062	1.039	1.038	1.035	1.036	1.040	1.018	1.034	1.042	1.057	1.062	1.064	1.219	1.172	1.089	1.140	0.511	1.069	1.060	1.065	1.074	1.015	1.039	1.068	1.046	1.089	1.104	1.208	1.113	1.101	1.085	1.093	1.185	1.026	1.065	1.040	1.116	1.055	1.120	1.089	1.143	1.143	1.103	1.146	1.090	1.097	1.056	1.099	1.098	1.081	1.093	1.133	1.160	1.073	1.060	1.124	1.111	1.120	1.148	1.033	1.094	1.090	1.073	1.122	1.075	1.070	1.139	1.097	1.273	1.052	1.026	1.012	1.098	1.123	1.094	1.096	1.104	0.958	1.116	1.172	1.020	1.329	1.165	1.065	1.076	1.050	1.050	1.208	1.188	1.069	1.048	1.118	1.076	0.973	1.007
32:00:19	22.2	1.029	1.065	1.042	1.046	1.043	1.043	1.043	1.019	1.043	1.058	1.073	1.061	1.069	1.213	1.172	1.097	1.143	0.529	1.079	1.067	1.070	1.073	1.025	1.041	1.072	1.051	1.094	1.113	1.211	1.121	1.109	1.092	1.101	1.188	1.041	1.078	1.047	1.117	1.063	1.128	1.096	1.149	1.148	1.112	1.150	1.095	1.099	1.051	1.101	1.099	1.086	1.094	1.136	1.164	1.075	1.060	1.132	1.122	1.125	1.151	1.036	1.109	1.093	1.074	1.125	1.087	1.076	1.136	1.104	1.279	1.055	1.028	1.012	1.104	1.126	1.098	1.098	1.117	0.964	1.124	1.171	1.021	1.338	1.157	1.067	1.076	1.056	1.056	1.213	1.202	1.074	1.044	1.118	1.078	0.973	1.009
33:00:19	22.2	1.034	1.075	1.043	1.051	1.049	1.047	1.050	1.026	1.053	1.065	1.075	1.076	1.072	1.225	1.182	1.101	1.153	0.548	1.083	1.077	1.075	1.079	1.029	1.049	1.075	1.060	1.099	1.118	1.218	1.124	1.114	1.095	1.108	1.195	1.045	1.083	1.053	1.122	1.066	1.132	1.100	1.154	1.150	1.115	1.153	1.103	1.105	1.057	1.106	1.103	1.090	1.098	1.139	1.168	1.078	1.060	1.137	1.123	1.130	1.154	1.037	1.107	1.094	1.081	1.121	1.089	1.079	1.142	1.113	1.287	1.059	1.029	1.014	1.108	1.127	1.102	1.098	1.122	0.972	1.127	1.173	1.020	1.347	1.149	1.065	1.075	1.058	1.055	1.219	1.205	1.073	1.040	1.123	1.075	0.971	1.010
34:00:19	22.2	1.037	1.099	1.043	1.051	1.052	1.056	1.051	1.045	1.056	1.059	1.070	1.063	1.076	1.259	1.198	1.106	1.164	0.568	1.082	1.075	1.084	1.099	1.021	1.073	1.075	1.065	1.108	1.117	1.240	1.131	1.121	1.088	1.106	1.211	1.055	1.072	1.057	1.129	1.071	1.136	1.102	1.156	1.159	1.121	1.163	1.108	1.111	1.078	1.111	1.104	1.089	1.101	1.144	1.169	1.078	1.063	1.139	1.126	1.141	1.153	1.038	1.095	1.096	1.064	1.120	1.087	1.065	1.144	1.121	1.299	1.058	1.032	1.011	1.113	1.126	1.108	1.107	1.113	0.974	1.129	1.180	1.019	1.359	1.136	1.067	1.075	1.053	1.058	1.222	1.199	1.068	1.037	1.125	1.077	0.971	1.007
35:00:21	22.2	1.038	1.097	1.049	1.051	1.053	1.057	1.049	1.045	1.059	1.063	1.072	1.070	1.075	1.260	1.196	1.108	1.162	0.588	1.084	1.074	1.084	1.099	1.028	1.075	1.074	1.067	1.108	1.118	1.232	1.131	1.121	1.084	1.109	1.211	1.067	1.075	1.061	1.129	1.075	1.131	1.101	1.155	1.156	1.120	1.160	1.107	1.115	1.082	1.109	1.104	1.087	1.100	1.141	1.164	1.075	1.063	1.137	1.126	1.141	1.148	1.040	1.094	1.095	1.069	1.117	1.086	1.082	1.141	1.127	1.300	1.058	1.031	1.008	1.108	1.124	1.103	1.101	1.104	0.979	1.124	1.177	1.018	1.367	1.129	1.063	1.069	1.053	1.056	1.223	1.199	1.068	1.031	1.123	1.073	0.964	1.010
36:00:22	22.2	1.042	1.095	1.044	1.050	1.053	1.057	1.049	1.041	1.066	1.063	1.074	1.070	1.075	1.263	1.196	1.108	1.160	0.604	1.083	1.073	1.086	1.095	1.031	1.068	1.075	1.069	1.108	1.117	1.230	1.127	1.118	1.082	1.110	1.211	1.066	1.075	1.063	1.130	1.073	1.129	1.101	1.156	1.154	1.120	1.153	1.109	1.117	1.078	1.108	1.106	1.093	1.101	1.139	1.164	1.073	1.060	1.137	1.126	1.140	1.145	1.041	1.093	1.095	1.084	1.121	1.087	1.079	1.139	1.129	1.292	1.057	1.030	1.008	1.107	1.127	1.106	1.099	1.106	0.981	1.122	1.178	1.012	1.373	1.121	1.061	1.067	1.054	1.060	1.224	1.202	1.070	1.030	1.121	1.066	0.956	1.011
37:00:23	22.4	1.044	1.087	1.047	1.049	1.050	1.055	1.045	1.039	1.060	1.063	1.075	1.075	1.075	1.259	1.190	1.106	1.154	0.621	1.081	1.074	1.082	1.090	1.038	1.066	1.074	1.065	1.103	1.114	1.222	1.126	1.111	1.082	1.112	1.208	1.069	1.075	1.061	1.126	1.069	1.124	1.096	1.155	1.150	1.118	1.148	1.106	1.113	1.076	1.106	1.102	1.087	1.095	1.136	1.162	1.073	1.058	1.134	1.123	1.140	1.140	1.038	1.096	1.092	1.084	1.119	1.088	1.084	1.135	1.131	1.297	1.057	1.027	1.006	1.102	1.126	1.108	1.100	1.108	0.985	1.124	1.173	1.011	1.376	1.117	1.061	1.065	1.051	1.055	1.229	1.205	1.067	1.024	1.123	1.066	0.951	1.010
38:00:24	22.6	1.042	1.094	1.045	1.047	1.050	1.057	1.045	1.044	1.058	1.061	1.072	1.078	1.076	1.267	1.194	1.102	1.155	0.635	1.081	1.073	1.081	1.092	1.031	1.070	1.071	1.066	1.104	1.114	1.226	1.123	1.112	1.083	1.104	1.209	1.067	1.072	1.062	1.127	1.070	1.126	1.094	1.152	1.153	1.117	1.149	1.104	1.113	1.081	1.107	1.102	1.088	1.093	1.134	1.163	1.072	1.057	1.132	1.129	1.138	1.135	1.037	1.091	1.090	1.080	1.121	1.089	1.076	1.134	1.134	1.299	1.056	1.027	1.002	1.101	1.122	1.118	1.104	1.103	0.984	1.121	1.177	1.007	1.381	1.109	1.060	1.063	1.051	1.055	1.232	1.210	1.062	1.020	1.122	1.066	0.944	1.008
39:00:25	22.7	1.044	1.059	1.043	1.038	1.045	1.046	1.036	1.015	1.030	1.074	1.083	1.041	1.067	1.209	1.161	1.091	1.128	0.639	1.062	1.042	1.065	1.069	1.040	1.037	1.068	1.053	1.088	1.103	1.185	1.105	1.096	1.071	1.095	1.183	1.052	1.073	1.048	1.110	1.058	1.117	1.084	1.128	1.132	1.104	1.132	1.098	1.106	1.062	1.096	1.097	1.077	1.081	1.116	1.143	1.070	1.048	1.120	1.115	1.122	1.119	1.026	1.093	1.074	1.060	1.107	1.077	1.060	1.119	1.115	1.273	1.045	1.021	0.993	1.093	1.117	1.114	1.093	1.098	0.977	1.117	1.158	1.004	1.374	1.100	1.052	1.052	1.038	1.044	1.223	1.193	1.045	1.012	1.105	1.051	0.939	1.000
40:00:26	22.7	1.045	1.058	1.039	1.038	1.042	1.043	1.032	1.010	1.027	1.071	1.081	1.043	1.064	1.198	1.150	1.085	1.124	0.648	1.062	1.038	1.062	1.064	1.041	1.034	1.070	1.047	1.086	1.102	1.178	1.101	1.091	1.069	1.093	1.183	1.051	1.068	1.047	1.110	1.056	1.117	1.081	1.126	1.129	1.101	1.127	1.097	1.098	1.064	1.094	1.094	1.075	1.077	1.115	1.139	1.066	1.048	1.117	1.115	1.118	1.106	1.019	1.085	1.081	1.054	1.104	1.068	1.060	1.116	1.113	1.260	1.042	1.015	0.987	1.095	1.114	1.126	1.087	1.098	0.974	1.115	1.152	1.001	1.375	1.091	1.044	1.049	1.035	1.041	1.216	1.188	1.041	1.003	1.098	1.043	0.929	0.999
41:00:27	22.7	1.022	1.054	1.037	1.035	1.039	1.041	1.029	1.009	1.028	1.069	1.078	1.050	1.062	1.200	1.147	1.081	1.123	0.656	1.056	1.032	1.063	1.065	1.040	1.037	1.051	1.046	1.084	1.100	1.177	1.099	1.088	1.063	1.090	1.181	1.051	1.072	1.045	1.106	1.051	1.118	1.080	1.125	1.123	1.100	1.124	1.098	1.096	1.062	1.093	1.093	1.073	1.075	1.116	1.137	1.067	1.049	1.116	1.113	1.119	1.100	1.014	1.077	1.081	1.051	1.098	1.066	1.057	1.114	1.110	1.244	1.039	1.008	0.986	1.093	1.108	1.123	1.076	1.097	0.971	1.114	1.146	0.995	1.378	1.078	1.034	1.047	1.027	1.032	1.211	1.182	1.036	1.000	1.092	1.034	0.923	0.995
42:00:28	23.0	1.018	1.071	1.034	1.039	1.040	1.047	1.028	1.028	1.046	1.054	1.065	1.077	1.063	1.240	1.162	1.084	1.131	0.663	1.065	1.056	1.067	1.077	1.028	1.060	1.050	1.051	1.089	1.092	1.198	1.104	1.094	1.066	1.090	1.187	1.064	1.059	1.050	1.109	1.056	1.106	1.070	1.130	1.131	1.101	1.126	1.092	1.096	1.065	1.091	1.087	1.075	1.077	1.120	1.139	1.061	1.039	1.117	1.110	1.118	1.104	1.019	1.076	1.082	1.057	1.100	1.070	1.063	1.114	1.116	1.252	1.040	1.010	0.977	1.085	1.104	1.138	1.079	1.095	0.975	1.112	1.150	0.990	1.384	1.073	1.029	1.047	1.022	1.031	1.221	1.189	1.035	0.996	1.096	1.038	0.913	0.991
43:00:29	23.1	1.011	1.066	1.031	1.033	1.037	1.047	1.023	1.033	1.050	1.053	1.047	1.071	1.059	1.244	1.160	1.083	1.129	0.671	1.063	1.057	1.064	1.075	1.021	1.048	1.046	1.049	1.083	1.090	1.196	1.103	1.093	1.066	1.089	1.186	1.062	1.050	1.052	1.107	1.055	1.108	1.073	1.127	1.126	1.099	1.122	1.089	1.090	1.069	1.087	1.086	1.071	1.074	1.119	1.135	1.054	1.036	1.115	1.106	1.113	1.100	1.014	1.073	1.076	1.061	1.093	1.069	1.067	1.109	1.115	1.241	1.036	1.009	0.971	1.078	1.100	1.145	1.081	1.090	0.971	1.105	1.146	0.985	1.385	1.069	1.015	1.044	1.012	1.030	1.220	1.183	1.028	0.988	1.093	1.032	0.909	0.991
44:00:29	23.8	0.989	1.063	1.017	1.021	1.026	1.036	1.017	1.002	1.017	1.043	1.056	1.056	1.038	1.197	1.131	1.072	1.104	0.664	1.040	1.016	1.045	1.052	1.019	1.030	1.038	1.022	1.065	1.075	1.153	1.083	1.074	1.047	1.069	1.147	1.044	1.050	1.035	1.089	1.040	1.092	1.057	1.102	1.106	1.081	1.108	1.078	1.074	1.050	1.069	1.078	1.056	1.060	1.103	1.115	1.051	1.034	1.100	1.096	1.098	1.076	0.991	1.069	1.058	1.036	1.087	1.062	1.043	1.093	1.091	1.202	1.029	0.995	0.963	1.075	1.094	1.132	1.061	1.086	0.962	1.098	1.131	0.982	1.376	1.061	0.999	1.065	1.017	1.032	1.215	1.181	1.008	0.980	1.080	1.020	0.906	0.955
45:00:30	24.4	0.974	1.041	1.002	1.013	1.018	1.030	1.015	0.993	1.008	1.037	1.050	1.050	1.033	1.178	1.122	1.063	1.095	0.660	1.032	1.005	1.035	1.041	1.014	1.023	1.034	1.017	1.054	1.064	1.141	1.074	1.063	1.038	1.060	1.132	1.038	1.044	1.023	1.079	1.040	1.080	1.051	1.090	1.095	1.072	1.099	1.066	1.069	1.043	1.076	1.071	1.048	1.052	1.095	1.108	1.043	1.050	1.086	1.091	1.091	1.071	0.980	1.065	1.058	1.031	1.090	1.053	1.039	1.087	1.080	1.177	1.024	0.990	0.957	1.065	1.088	1.137	1.063	1.087	0.947	1.101	1.127	0.972	1.373	1.054	0.980	1.086	1.031	1.040	1.224	1.188	1.009	0.973	1.073	1.012	0.900	0.927
46:00:31	24.8	0.961	1.034	0.993	0.999	1.016	1.025	1.007	0.987	1.004	1.033	1.043	1.024	1.033	1.168	1.113	1.054	1.088	0.659	1.026	0.998	1.030	1.027	1.006	1.017	1.028	1.010	1.047	1.059	1.128	1.065	1.055	1.032	1.051	1.122	1.032	1.039	1.024	1.074	1.033	1.074	1.040	1.082	1.085	1.065	1.092	1.061	1.062	1.039	1.087	1.066	1.043	1.045	1.092	1.099	1.044	1.043	1.081	1.084	1.082	1.061	0.980	1.070	1.063	1.026	1.097	1.045	1.035	1.084	1.072	1.145	1.020	0.984	0.950	1.060	1.082	1.151	1.070	1.081	0.941	1.100	1.124	0.966	1.369	1.049	0.974	1.104	1.055	1.057	1.234	1.202	1.010	0.967	1.068	1.006	0.891	0.906
47:00:32	25.0	0.951	1.031	0.982	0.998	1.012	1.011	1.000	0.986	1.000	1.027	1.031	1.010	1.024	1.159	1.106	1.049	1.084	0.659	1.021	0.989	1.020	1.023	1.002	1.017	1.021	1.004	1.042	1.050	1.119	1.060	1.052	1.029	1.044	1.111	1.030	1.034	1.029	1.070	1.031	1.069	1.033	1.075	1.082	1.050	1.085	1.054	1.053	1.036	1.100	1.059	1.038	1.039	1.093	1.091	1.035	1.033	1.075	1.079	1.077	1.054	0.985	1.075	1.059	1.022	1.106	1.047	1.033	1.068	1.065	1.116	1.013	0.976	0.938	1.052	1.083	1.161	1.086	1.078	0.943	1.099	1.122	0.960	1.367	1.047	0.964	1.098	1.063	1.069	1.246	1.223	1.004	0.957	1.066	0.996	0.885	0.891
48:00:33	25.0	0.947	1.032	0.978	0.991	1.010	1.001	0.995	0.983	0.994	1.024	1.026	1.010	1.030	1.146	1.099	1.043	1.079	0.661	1.017	0.985	1.020	1.017	0.997	1.017	1.017	1.001	1.039	1.047	1.115	1.055	1.047	1.022	1.042	1.110	1.028	1.029	1.035	1.066	1.031	1.067	1.032	1.070	1.075	1.045	1.080	1.050	1.052	1.037	1.105	1.055	1.037	1.036	1.099	1.088	1.033	1.015	1.071	1.074	1.073	1.047	0.992	1.088	1.051	1.016	1.107	1.042	1.032	1.064	1.056	1.086	1.010	0.969	0.931	1.049	1.084	1.169	1.102	1.074	0.951	1.094	1.114	0.953	1.368	1.036	0.957	1.094	1.072	1.080	1.257	1.231	1.000	0.945	1.059	0.991	0.866	0.886
49:00:34	24.9	0.949	1.032	0.978	0.990	1.009	0.999	0.991	0.984	0.992	1.029	1.023	1.001	1.016	1.144	1.093	1.038	1.083	0.667	1.012	0.986	1.007	1.009	0.998	1.012	1.018	1.001	1.035	1.044	1.109	1.048	1.040	1.019	1.039	1.114	1.031	1.025	1.041	1.062	1.033	1.062	1.031	1.069	1.070	1.044	1.071	1.049	1.055	1.035	1.114	1.053	1.036	1.036	1.114	1.080	1.032	1.017	1.070	1.075	1.069	1.044	0.998	1.099	1.070	1.012	1.117	1.044	1.033	1.061	1.058	1.067	1.006	0.961	0.928	1.040	1.093	1.184	1.115	1.069	0.963	1.096	1.114	0.948	1.373	1.031	0.948	1.091	1.070	1.091	1.272	1.246	0.998	0.944	1.059	0.990	0.861	0.877
50:00:34	24.7	0.947	1.027	0.978	0.989	1.003	0.993	0.987	0.974	0.990	1.019	1.020	0.996	1.013	1.140	1.090	1.036	1.083	0.670	1.008	0.976	1.012	1.012	0.994	1.000	1.005	0.997	1.031	1.036	1.103	1.047	1.043	1.015	1.033	1.106	1.025	1.018	1.042	1.058	1.030	1.055	1.025	1.060	1.066	1.038	1.070	1.044	1.049	1.040	1.110	1.049	1.029	1.032	1.092	1.075	1.020	1.018	1.066	1.071	1.067	1.033	0.993	1.103	1.040	1.006	1.119	1.042	1.030	1.047	1.048	1.052	0.998	0.952	0.921	1.034	1.088	1.173	1.118	1.065	0.964	1.090	1.103	0.941	1.373	1.019	0.940	1.070	1.057	1.091	1.273	1.239	0.983	0.939	1.052	0.983	0.857	0.860
51:00:36	24.6	0.934	1.027	0.979	0.990	0.999	0.991	0.984	0.973	0.990	1.014	1.017	0.993	1.009	1.133	1.085	1.032	1.069	0.676	1.006	0.976	1.012	1.010	0.991	0.996	0.999	0.994	1.030	1.038	1.099	1.046	1.036	1.012	1.033	1.106	1.028	1.013	1.039	1.054	1.030	1.054	1.023	1.061	1.065	1.035	1.066	1.042	1.048	1.031	1.115	1.042	1.028	1.027	1.100	1.076	1.015	1.018	1.061	1.069	1.067	1.027	0.989	1.106	1.034	1.000	1.128	1.043	1.028	1.042	1.048	1.038	0.995	0.946	0.912	1.026	1.092	1.182	1.120	1.061	0.974	1.083	1.097	0.938	1.370	1.015	0.934	1.042	1.038	1.089	1.283	1.244	0.972	0.930	1.048	0.976	0.851	0.850
52:00:37	24.7	0.921	1.026	0.973	0.983	0.995	0.991	0.980	0.972	0.986	1.008	1.004	0.977	1.001	1.125	1.078	1.025	1.064	0.681	1.001	0.970	1.004	1.002	0.986	0.986	0.990	0.991	1.023	1.030	1.093	1.040	1.031	1.006	1.035	1.098	1.021	1.007	1.040	1.047	1.029	1.049	1.017	1.053	1.058	1.031	1.057	1.037	1.047	1.027	1.114	1.036	1.023	1.024	1.103	1.069	1.012	1.019	1.058	1.066	1.058	1.021	0.987	1.113	1.053	0.993	1.135	1.042	1.026	1.034	1.045	1.027	0.990	0.936	0.903	1.014	1.097	1.185	1.119	1.060	0.977	1.081	1.093	0.930	1.367	1.003	0.922	1.022	1.026	1.082	1.290	1.248	0.962	0.923	1.045	0.971	0.839	0.841
53:00:38	24.9	0.950	1.014	0.974	0.981	0.989	0.989	0.975	0.966	0.983	1.002	1.003	0.970	0.994	1.118	1.072	1.019	1.059	0.679	0.996	0.968	0.998	0.998	0.981	0.977	0.988	0.989	1.020	1.022	1.084	1.033	1.024	0.998	1.021	1.094	1.018	1.001	1.041	1.043	1.024	1.043	1.009	1.052	1.051	1.026	1.051	1.030	1.041	1.021	1.117	1.035	1.015	1.018	1.101	1.062	1.013	1.015	1.050	1.061	1.054	1.016	0.983	1.117	1.043	0.989	1.139	1.036	1.021	1.029	1.040	1.020	0.984	0.932	0.895	1.005	1.100	1.158	1.119	1.053	0.975	1.076	1.085	0.924	1.359	1.002	0.927	1.001	1.004	1.079	1.293	1.253	0.951	0.913	1.042	0.963	0.824	0.834
54:00:37	25.2	0.943	1.013	0.971	0.975	0.985	0.983	0.969	0.955	0.983	1.003	1.004	0.965	0.990	1.111	1.066	1.014	1.053	0.676	0.989	0.959	0.995	0.994	0.972	0.969	0.982	0.984	1.013	1.012	1.077	1.027	1.020	0.993	1.015	1.082	1.027	0.987	1.037	1.035	1.021	1.031	1.004	1.041	1.044	1.018	1.048	1.025	1.030	1.014	1.113	1.031	1.009	1.011	1.097	1.056	1.002	1.014	1.044	1.055	1.048	1.005	0.975	1.113	1.011	0.982	1.149	1.035	1.014	1.026	1.027	1.011	0.980	0.924	0.898	0.996	1.105	1.157	1.116	1.045	0.972	1.071	1.076	0.920	1.350	0.998	0.910	0.969	0.977	1.062	1.286	1.241	0.941	0.913	1.036	0.957	0.811	0.823
55:00:39	25.4	0.923	0.999	0.965	0.972	0.979	0.977	0.967	0.948	0.979	1.000	1.006	0.966	0.982	1.106	1.059	1.009	1.047	0.678	0.984	0.955	0.990	0.984	0.966	0.964	0.980	0.981	1.011	1.007	1.068	1.018	1.011	0.988	1.009	1.070	1.018	0.979	1.030	1.028	1.019	1.025	1.001	1.032	1.037	1.012	1.039	1.020	1.026	1.006	1.111	1.027	1.002	1.004	1.092	1.048	0.997	1.007	1.038	1.052	1.043	1.000	0.972	1.124	1.031	0.979	1.147	1.028	1.009	1.015	1.021	1.001	0.974	0.920	0.889	0.986	1.108	1.145	1.121	1.041	0.966	1.067	1.072	0.914	1.339	0.986	0.902	0.943	0.955	1.052	1.288	1.234	0.936	0.909	1.032	0.953	0.803	0.815
56:00:40	25.4	0.914	0.991	0.959	0.966	0.976	0.971	0.964	0.946	0.980	0.998	1.005	0.959	0.978	1.097	1.053	1.003	1.042	0.678	0.978	0.951	0.987	0.982	0.960	0.948	0.974	0.980	1.005	0.999	1.057	1.015	1.009	0.983	1.004	1.068	1.011	0.971	1.024	1.021	1.015	1.021	0.995	1.026	1.031	1.007	1.032	1.014	1.023	0.999	1.103	1.026	0.997	0.998	1.093	1.043	0.989	1.004	1.033	1.041	1.040	0.995	0.965	1.122	1.013	0.974	1.144	1.026	1.005	1.003	1.014	0.990	0.969	0.910	0.872	0.980	1.111	1.148	1.118	1.034	0.969	1.062	1.066	0.908	1.327	0.974	0.891	0.924	0.971	1.043	1.283	1.225	0.928	0.895	1.027	0.948	0.794	0.806
57:00:40	25.4	0.904	0.980	0.960	0.957	0.974	0.965	0.960	0.938	0.975	0.999	0.997	0.953	0.970	1.087	1.045	0.997	1.035	0.681	0.976	0.950	0.975	0.971	0.956	0.948	0.969	0.980	1.000	0.997	1.053	1.009	1.001	0.978	1.002	1.062	1.018	0.969	1.016	1.013	1.015	1.014	0.986	1.021	1.024	0.990	1.023	1.009	1.019	0.990	1.089	1.021	0.990	0.998	1.091	1.039	0.989	1.006	1.025	1.038	1.033	0.992	0.960	1.124	1.012	0.971	1.121	1.020	1.004	0.995	1.011	0.981	0.965	0.904	0.872	0.972	1.108	1.111	1.112	1.032	0.967	1.056	1.060	0.904	1.303	0.971	0.901	0.917	0.907	1.021	1.273	1.212	0.922	0.888	1.023	0.934	0.787	0.800
58:00:41	25.3	0.942	1.008	0.947	0.948	0.970	0.977	0.949	0.959	0.980	1.041	1.015	0.954	0.992	1.117	1.050	1.000	1.043	0.682	0.982	0.969	0.984	0.982	0.945	0.944	0.966	0.994	1.001	0.993	1.060	1.016	1.009	0.979	0.999	1.077	0.998	0.968	1.022	1.015	1.017	1.011	0.985	1.026	1.033	0.994	1.029	1.005	1.012	0.995	1.124	1.031	0.993	0.994	1.088	1.043	0.979	0.998	1.022	1.037	1.041	0.978	0.943	1.139	0.964	0.974	1.139	1.020	1.006	0.986	1.019	0.976	0.958	0.899	0.865	0.969	1.127	1.108	1.151	1.039	0.983	1.054	1.056	0.901	1.309	0.958	0.891	0.918	0.903	1.014	1.285	1.200	0.914	0.881	1.015	0.924	0.781	0.794
59:00:42	25.3	0.896	0.970	0.961	0.946	0.970	0.958	0.956	0.936	0.974	1.000	0.980	0.936	0.961	1.079	1.035	0.987	1.027	0.682	0.969	0.939	0.977	0.965	0.944	1.014	0.959	0.980	0.993	0.986	1.046	1.004	0.992	0.969	0.993	1.065	1.003	0.988	0.995	1.003	1.010	1.006	0.976	1.012	1.014	0.986	1.016	0.999	1.015	0.979	1.060	1.013	0.976	0.990	1.081	1.031	0.983	0.997	1.018	1.032	1.028	0.977	0.930	1.117	0.998	0.959	1.131	1.018	0.995	0.976	1.007	0.965	0.956	0.891	0.854	0.957	1.117	1.075	1.107	1.026	0.945	1.038	1.043	0.895	1.265	0.951	0.879	0.902	0.897	0.941	1.264	1.161	0.905	0.878	1.008	0.907	0.771	0.782
60:00:44	25.4	0.928	0.966	0.955	0.941	0.963	0.957	0.956	0.935	0.969	0.998	0.977	0.953	0.954	1.063	1.030	0.980	1.021	0.677	0.961	0.936	0.969	0.959	0.938	0.941	0.952	0.978	0.990	0.980	1.035	0.999	0.986	0.964	0.986	1.048	0.993	0.964	0.988	0.999	1.006	1.000	0.971	1.006	1.009	0.981	1.008	0.992	1.011	0.974	1.053	1.011	0.970	0.984	1.076	1.020	0.978	0.994	1.010	1.026	1.024	0.969	0.916	1.112	0.982	0.955	1.118	1.010	0.989	0.966	0.999	0.959	0.952	0.883	0.847	0.949	1.117	1.029	1.098	1.017	0.934	1.030	1.032	0.888	1.236	0.931	0.855	0.894	0.887	0.906	1.255	1.131	0.900	0.870	1.000	0.898	0.762	0.773
61:00:45	25.4	0.930	0.965	0.949	0.939	0.958	0.954	0.946	0.937	0.969	0.997	0.973	0.915	0.952	1.063	1.027	0.976	1.016	0.675	0.956	0.929	0.970	0.958	0.931	0.930	0.948	0.975	0.982	0.972	1.026	0.994	0.981	0.957	0.980	1.039	0.982	0.952	0.978	0.991	1.001	0.991	0.965	0.998	1.004	0.973	1.004	0.985	1.007	0.969	1.032	1.007	0.963	0.973	1.064	1.009	0.962	0.985	1.004	1.012	1.014	0.962	0.899	1.110	0.954	0.946	1.107	1.008	0.979	0.952	0.988	0.952	0.945	0.874	0.837	0.945	1.106	1.058	1.087	1.009	0.923	1.021	1.025	0.884	1.209	0.917	0.857	0.891	0.879	0.882	1.242	1.093	0.892	0.859	0.985	0.887	0.749	0.777
62:00:46	25.2	0.897	0.962	0.946	0.931	0.956	0.951	0.934	0.938	0.965	0.996	0.969	0.911	0.949	1.051	1.016	0.970	1.009	0.678	0.954	0.926	0.969	0.960	0.929	0.924	0.942	0.977	0.980	0.969	1.019	0.991	0.975	0.956	0.976	1.037	0.975	0.949	0.967	0.986	1.002	0.985	0.960	0.994	0.999	0.970	0.998	0.982	1.001	0.968	1.018	1.008	0.961	0.969	1.063	1.010	0.958	0.983	0.997	1.011	1.012	0.952	0.885	1.112	0.949	0.939	1.098	1.007	0.970	0.947	0.989	0.943	0.941	0.868	0.825	0.938	1.105	0.981	1.078	1.006	0.909	1.016	1.018	0.881	1.187	0.902	0.831	0.881	0.869	0.868	1.228	1.057	0.886	0.854	0.976	0.878	0.740	0.757
63:00:46	25.1	0.878	0.958	0.938	0.929	0.950	0.950	0.930	0.939	0.962	0.996	0.966	0.911	0.940	1.044	1.012	0.964	1.004	0.680	0.951	0.922	0.966	0.956	0.923	0.920	0.935	0.977	0.977	0.967	1.013	0.988	0.971	0.954	0.973	1.036	0.974	0.950	0.953	0.982	1.000	0.982	0.958	0.991	0.998	0.969	0.992	0.976	0.998	0.963	1.004	1.010	0.961	0.963	1.070	1.004	0.955	0.981	0.991	1.009	1.011	0.945	0.870	1.113	0.946	0.939	1.095	0.999	0.965	0.940	0.987	0.937	0.936	0.862	0.819	0.933	1.093	0.958	1.068	1.002	0.901	1.014	1.014	0.875	1.160	0.890	0.843	0.871	0.863	0.863	1.222	1.027	0.881	0.844	0.966	0.873	0.731	0.752
64:00:46	25.2	0.869	0.955	0.929	0.919	0.946	0.944	0.926	0.935	0.959	0.991	0.958	0.887	0.931	1.039	1.002	0.956	0.995	0.683	0.945	0.918	0.957	0.950	0.913	0.912	0.926	0.973	0.973	0.955	1.007	0.982	0.961	0.945	0.966	1.026	0.967	0.946	0.939	0.973	0.995	0.972	0.950	0.983	0.991	0.963	0.982	0.969	0.988	0.958	0.987	1.009	0.958	0.954	1.066	0.998	0.955	0.982	0.980	0.999	1.004	0.936	0.858	1.108	0.934	0.932	1.088	0.990	0.956	0.929	0.978	0.930	0.931	0.853	0.815	0.923	1.081	0.990	1.056	0.996	0.887	1.008	1.007	0.870	1.127	0.877	0.817	0.871	0.856	0.857	1.197	0.999	0.874	0.839	0.959	0.862	0.725	0.741
65:00:47	25.3	0.855	0.970	0.915	0.921	0.934	0.950	0.920	0.944	0.948	1.011	0.975	0.880	0.947	1.064	1.003	0.960	1.001	0.686	0.946	0.932	0.954	0.959	0.893	0.917	0.927	0.985	0.969	0.957	1.003	0.982	0.965	0.948	0.961	1.039	0.972	0.958	0.938	0.973	1.001	0.964	0.948	0.983	0.992	0.960	0.981	0.962	0.976	0.957	0.996	1.037	0.971	0.952	1.066	1.002	0.933	0.980	0.975	0.996	1.009	0.928	0.853	1.127	0.917	0.961	1.103	0.976	0.956	0.921	0.986	0.927	0.925	0.839	0.825	0.925	1.086	0.922	1.090	1.014	0.900	1.007	1.008	0.871	1.121	0.868	0.822	0.855	0.857	0.856	1.189	0.964	0.867	0.834	0.936	0.857	0.715	0.728
66:00:49	25.6	0.891	0.952	0.911	0.922	0.931	0.948	0.921	0.946	0.946	1.012	0.970	0.867	0.930	1.075	1.002	0.956	0.997	0.689	0.942	0.930	0.954	0.959	0.880	0.912	0.919	0.994	0.969	0.955	1.000	0.983	0.960	0.946	0.961	1.036	0.980	0.956	0.925	0.973	1.004	0.958	0.944	0.979	0.992	0.958	0.977	0.961	0.973	0.954	0.981	1.041	0.974	0.948	1.073	0.999	0.930	0.979	0.970	0.992	1.008	0.922	0.844	1.127	0.916	0.946	1.115	0.976	0.948	0.913	0.993	0.925	0.923	0.831	0.807	0.918	1.089	0.924	1.084	1.017	0.886	1.004	1.007	0.873	1.114	0.862	0.798	0.851	0.846	0.862	1.173	0.944	0.860	0.826	0.925	0.850	0.708	0.717
67:00:50	25.7	0.859	0.942	0.898	0.917	0.921	0.939	0.914	0.937	0.946	1.009	0.958	0.860	0.919	1.058	0.995	0.951	0.989	0.687	0.938	0.925	0.949	0.951	0.875	0.901	0.908	0.989	0.961	0.948	0.994	0.971	0.952	0.939	0.951	1.027	0.972	0.940	0.913	0.966	1.003	0.949	0.940	0.970	0.983	0.949	0.971	0.954	0.961	0.947	0.965	1.039	0.971	0.937	1.068	0.994	0.921	0.974	0.959	0.983	1.000	0.911	0.831	1.123	0.909	0.949	1.115	0.970	0.945	0.905	0.987	0.918	0.919	0.819	0.795	0.910	1.080	0.910	1.077	1.017	0.868	0.995	0.999	0.868	1.092	0.849	0.790	0.852	0.836	0.842	1.128	0.924	0.848	0.820	0.910	0.843	0.701	0.702
68:00:51	25.9	0.848	0.918	0.905	0.901	0.910	0.930	0.912	0.934	0.938	1.007	0.949	0.861	0.906	1.038	0.989	0.943	0.982	0.688	0.934	0.915	0.945	0.946	0.865	0.897	0.905	0.994	0.955	0.940	0.982	0.963	0.942	0.935	0.944	1.020	0.965	0.933	0.895	0.959	1.001	0.939	0.935	0.965	0.976	0.943	0.963	0.945	0.950	0.938	0.967	1.036	0.969	0.927	1.062	0.985	0.914	0.975	0.952	0.974	0.991	0.903	0.822	1.111	0.903	0.943	1.120	0.965	0.943	0.899	0.982	0.909	0.913	0.809	0.799	0.904	1.076	0.882	1.068	1.022	0.853	0.991	0.990	0.863	1.079	0.837	0.778	0.837	0.839	0.834	1.118	0.909	0.843	0.811	0.898	0.836	0.690	0.710
69:00:52	25.9	0.824	0.915	0.907	0.887	0.910	0.927	0.908	0.935	0.936	1.001	0.944	0.860	0.897	1.018	0.984	0.937	0.976	0.691	0.928	0.909	0.942	0.942	0.858	0.893	0.895	0.993	0.950	0.936	0.975	0.958	0.935	0.930	0.941	1.022	0.964	0.924	0.917	0.955	1.004	0.935	0.934	0.960	0.971	0.938	0.958	0.943	0.945	0.930	0.941	1.046	0.970	0.930	1.062	0.978	0.909	0.968	0.945	0.973	0.988	0.891	0.813	1.104	0.900	0.931	1.119	0.960	0.926	0.892	0.986	0.901	0.910	0.800	0.782	0.896	1.070	0.895	1.058	1.015	0.838	0.989	0.982	0.860	1.070	0.831	0.765	0.831	0.821	0.822	1.093	0.893	0.838	0.804	0.888	0.826	0.682	0.693
70:00:53	25.9	0.828	0.916	0.897	0.881	0.906	0.918	0.920	0.924	0.930	0.974	0.942	0.840	0.890	1.009	0.979	0.932	0.966	0.685	0.921	0.902	0.930	0.933	0.857	0.883	0.880	0.984	0.941	0.926	0.966	0.949	0.926	0.925	0.930	1.006	0.954	0.911	0.891	0.944	0.995	0.925	0.924	0.948	0.961	0.928	0.947	0.933	0.932	0.924	0.926	1.039	0.963	0.925	1.053	0.967	0.901	0.952	0.935	0.966	0.976	0.880	0.803	1.079	0.891	0.916	1.112	0.950	0.914	0.882	0.974	0.892	0.903	0.787	0.772	0.889	1.055	0.862	1.034	1.011	0.817	0.979	0.969	0.852	1.043	0.820	0.780	0.816	0.814	0.811	1.017	0.913	0.822	0.790	0.873	0.818	0.673	0.686
71:00:54	25.7	0.812	0.913	0.863	0.879	0.895	0.902	0.893	0.920	0.922	0.950	0.925	0.817	0.886	0.990	0.971	0.927	0.956	0.686	0.919	0.888	0.930	0.920	0.850	0.875	0.869	0.974	0.938	0.917	0.957	0.946	0.916	0.921	0.916	0.998	0.945	0.902	0.874	0.937	0.993	0.918	0.917	0.944	0.956	0.922	0.941	0.927	0.938	0.908	0.906	1.036	0.967	0.927	1.053	0.957	0.895	0.953	0.925	0.963	0.972	0.875	0.795	1.073	0.881	0.931	1.098	0.944	0.928	0.878	0.975	0.881	0.904	0.784	0.766	0.875	1.049	0.861	1.030	1.026	0.809	0.986	0.965	0.848	1.024	0.815	0.737	0.814	0.797	0.801	0.962	0.889	0.814	0.786	0.871	0.810	0.677	0.681
72:00:55	25.6	0.796	0.893	0.859	0.861	0.883	0.876	0.884	0.901	0.918	0.928	0.909	0.795	0.878	1.001	0.957	0.916	0.944	0.674	0.907	0.868	0.920	0.901	0.857	0.867	0.850	0.951	0.929	0.904	0.949	0.935	0.905	0.909	0.910	0.983	0.925	0.892	0.853	0.929	0.974	0.909	0.904	0.926	0.946	0.911	0.929	0.921	0.933	0.899	0.900	0.985	0.936	0.932	1.030	0.947	0.906	0.965	0.910	0.948	0.955	0.860	0.786	1.037	0.869	0.923	1.062	0.962	0.898	0.866	0.955	0.873	0.894	0.777	0.745	0.868	1.009	0.862	0.974	1.002	0.773	0.961	0.946	0.839	0.989	0.806	0.736	0.799	0.793	0.799	0.932	0.875	0.802	0.776	0.859	0.796	0.656	0.659