Time	T° 600	A1	A2	A3	A4	A5	A6	A7	A8	A9	A10	A11	A12	B1	B2	B3	B4	B5	B6	B7	B8	B9	B10	B11	B12	C1	C2	C3	C4	C5	C6	C7	C8	C9	C10	C11	C12	D1	D2	D3	D4	D5	D6	D7	D8	D9	D10	D11	D12	E1	E2	E3	E4	E5	E6	E7	E8	E9	E10	E11	E12	F1	F2	F3	F4	F5	F6	F7	F8	F9	F10	F11	F12	G1	G2	G3	G4	G5	G6	G7	G8	G9	G10	G11	G12	H1	H2	H3	H4	H5	H6	H7	H8	H9	H10	H11	H12
0:00:06	23.9	0.045	0.047	0.051	0.052	0.048	0.049	0.047	0.048	0.051	0.050	0.050	0.047	0.046	0.047	0.048	0.052	0.049	0.048	0.047	0.056	0.048	0.052	0.049	0.049	0.046	0.047	0.047	0.048	0.047	0.049	0.046	0.047	0.048	0.052	0.050	0.049	0.046	0.047	0.047	0.046	0.046	0.048	0.048	0.050	0.046	0.049	0.047	0.048	0.047	0.051	0.047	0.051	0.049	0.046	0.051	0.046	0.047	0.047	0.046	0.047	0.047	0.052	0.048	0.047	0.049	0.047	0.047	0.047	0.047	0.046	0.047	0.047	0.049	0.051	0.050	0.047	0.048	0.047	0.046	0.050	0.050	0.046	0.046	0.046	0.047	0.051	0.048	0.048	0.048	0.047	0.049	0.049	0.049	0.051	0.047	0.047
1:00:03	24.1	0.050	0.051	0.057	0.059	0.054	0.054	0.053	0.053	0.057	0.056	0.055	0.052	0.050	0.052	0.052	0.057	0.055	0.053	0.052	0.061	0.054	0.058	0.055	0.054	0.050	0.052	0.051	0.053	0.052	0.055	0.052	0.052	0.054	0.058	0.056	0.054	0.050	0.052	0.052	0.051	0.052	0.052	0.053	0.054	0.052	0.055	0.052	0.054	0.051	0.057	0.052	0.056	0.054	0.046	0.056	0.051	0.053	0.052	0.052	0.052	0.052	0.053	0.050	0.052	0.054	0.052	0.051	0.053	0.053	0.051	0.053	0.052	0.054	0.057	0.056	0.052	0.054	0.052	0.050	0.055	0.055	0.051	0.052	0.052	0.052	0.057	0.054	0.053	0.054	0.052	0.055	0.055	0.054	0.056	0.053	0.052
2:00:05	24.3	0.060	0.064	0.070	0.074	0.067	0.067	0.065	0.066	0.070	0.069	0.067	0.063	0.059	0.064	0.063	0.070	0.066	0.066	0.064	0.073	0.067	0.070	0.066	0.064	0.060	0.065	0.061	0.065	0.065	0.066	0.064	0.064	0.065	0.070	0.068	0.066	0.061	0.065	0.064	0.063	0.063	0.064	0.064	0.065	0.064	0.067	0.064	0.067	0.063	0.070	0.064	0.068	0.066	0.046	0.068	0.063	0.068	0.064	0.064	0.066	0.063	0.052	0.052	0.064	0.066	0.064	0.061	0.065	0.066	0.064	0.070	0.066	0.065	0.069	0.068	0.063	0.067	0.063	0.060	0.068	0.067	0.061	0.065	0.065	0.065	0.070	0.067	0.066	0.067	0.065	0.067	0.067	0.067	0.070	0.066	0.067
3:00:04	24.1	0.088	0.100	0.106	0.115	0.105	0.102	0.097	0.103	0.105	0.109	0.100	0.093	0.086	0.092	0.093	0.101	0.096	0.099	0.096	0.104	0.100	0.106	0.096	0.097	0.089	0.096	0.088	0.097	0.098	0.098	0.095	0.094	0.095	0.103	0.099	0.101	0.091	0.099	0.093	0.093	0.093	0.097	0.096	0.096	0.095	0.099	0.095	0.104	0.097	0.102	0.095	0.100	0.094	0.047	0.100	0.096	0.099	0.095	0.097	0.104	0.095	0.053	0.060	0.096	0.097	0.096	0.089	0.096	0.098	0.097	0.104	0.105	0.097	0.098	0.100	0.092	0.101	0.093	0.086	0.102	0.098	0.089	0.101	0.102	0.096	0.104	0.101	0.100	0.101	0.097	0.099	0.101	0.100	0.101	0.104	0.106
4:00:05	23.9	0.146	0.160	0.148	0.169	0.180	0.166	0.136	0.159	0.172	0.161	0.172	0.161	0.128	0.156	0.146	0.152	0.159	0.151	0.154	0.166	0.166	0.172	0.147	0.161	0.138	0.139	0.123	0.145	0.165	0.163	0.147	0.151	0.140	0.166	0.164	0.155	0.134	0.156	0.144	0.138	0.149	0.141	0.147	0.144	0.150	0.150	0.146	0.159	0.143	0.146	0.155	0.158	0.140	0.047	0.155	0.156	0.155	0.146	0.148	0.153	0.146	0.053	0.079	0.149	0.151	0.154	0.143	0.149	0.151	0.153	0.152	0.153	0.147	0.136	0.143	0.133	0.150	0.142	0.135	0.157	0.150	0.142	0.159	0.152	0.143	0.149	0.143	0.149	0.145	0.136	0.148	0.149	0.157	0.154	0.154	0.157
5:00:06	23.8	0.174	0.189	0.183	0.201	0.194	0.219	0.173	0.214	0.222	0.211	0.207	0.192	0.177	0.187	0.182	0.220	0.180	0.188	0.206	0.203	0.212	0.201	0.203	0.197	0.181	0.186	0.158	0.180	0.220	0.202	0.203	0.197	0.183	0.204	0.209	0.192	0.189	0.187	0.189	0.172	0.185	0.184	0.187	0.177	0.185	0.182	0.179	0.198	0.178	0.192	0.196	0.193	0.190	0.047	0.195	0.190	0.191	0.189	0.185	0.189	0.185	0.053	0.111	0.186	0.195	0.196	0.176	0.187	0.189	0.192	0.194	0.199	0.186	0.195	0.186	0.165	0.182	0.200	0.176	0.198	0.187	0.180	0.195	0.198	0.192	0.194	0.194	0.197	0.186	0.187	0.200	0.200	0.191	0.196	0.192	0.193
6:00:07	23.6	0.212	0.257	0.240	0.250	0.252	0.249	0.208	0.260	0.271	0.263	0.255	0.248	0.220	0.228	0.214	0.269	0.218	0.236	0.234	0.263	0.247	0.251	0.254	0.252	0.229	0.227	0.194	0.224	0.270	0.247	0.231	0.226	0.230	0.250	0.250	0.242	0.231	0.220	0.242	0.207	0.228	0.227	0.228	0.214	0.222	0.218	0.224	0.230	0.233	0.234	0.247	0.250	0.236	0.048	0.234	0.234	0.223	0.225	0.232	0.226	0.239	0.054	0.163	0.243	0.242	0.256	0.220	0.236	0.251	0.229	0.244	0.229	0.237	0.239	0.239	0.215	0.237	0.269	0.218	0.243	0.243	0.196	0.235	0.246	0.231	0.246	0.244	0.238	0.235	0.243	0.247	0.237	0.249	0.247	0.235	0.241
7:00:08	23.3	0.236	0.279	0.260	0.275	0.274	0.290	0.237	0.289	0.299	0.284	0.289	0.267	0.254	0.256	0.243	0.276	0.257	0.279	0.270	0.292	0.266	0.275	0.274	0.260	0.256	0.255	0.218	0.248	0.316	0.276	0.275	0.254	0.263	0.277	0.279	0.273	0.268	0.263	0.270	0.237	0.257	0.255	0.247	0.243	0.250	0.241	0.253	0.261	0.269	0.275	0.267	0.270	0.257	0.048	0.272	0.267	0.258	0.259	0.262	0.261	0.268	0.054	0.203	0.264	0.266	0.276	0.240	0.267	0.270	0.256	0.278	0.267	0.288	0.285	0.275	0.258	0.271	0.292	0.247	0.274	0.278	0.227	0.271	0.272	0.264	0.280	0.275	0.261	0.268	0.266	0.276	0.269	0.281	0.282	0.265	0.274
8:00:09	22.9	0.269	0.304	0.269	0.305	0.300	0.315	0.278	0.311	0.323	0.311	0.317	0.306	0.277	0.295	0.288	0.299	0.289	0.300	0.298	0.310	0.298	0.306	0.316	0.302	0.287	0.287	0.238	0.287	0.328	0.301	0.320	0.293	0.291	0.306	0.317	0.305	0.299	0.293	0.295	0.271	0.292	0.290	0.289	0.280	0.284	0.286	0.286	0.296	0.298	0.306	0.292	0.299	0.289	0.048	0.306	0.294	0.297	0.297	0.303	0.294	0.298	0.054	0.252	0.297	0.303	0.319	0.277	0.305	0.311	0.291	0.314	0.302	0.312	0.302	0.299	0.281	0.294	0.334	0.277	0.310	0.314	0.249	0.308	0.306	0.287	0.305	0.304	0.292	0.295	0.296	0.304	0.293	0.307	0.307	0.301	0.302
9:00:11	22.6	0.302	0.341	0.309	0.348	0.336	0.337	0.342	0.340	0.348	0.337	0.344	0.332	0.306	0.328	0.331	0.344	0.329	0.331	0.331	0.332	0.339	0.336	0.334	0.331	0.312	0.325	0.254	0.335	0.366	0.338	0.378	0.340	0.319	0.331	0.337	0.335	0.320	0.314	0.331	0.282	0.336	0.342	0.330	0.319	0.330	0.323	0.319	0.328	0.323	0.334	0.324	0.325	0.315	0.049	0.326	0.338	0.323	0.322	0.332	0.325	0.331	0.054	0.282	0.317	0.340	0.346	0.304	0.332	0.340	0.329	0.345	0.330	0.332	0.322	0.323	0.310	0.323	0.352	0.311	0.340	0.342	0.276	0.332	0.334	0.311	0.330	0.329	0.318	0.320	0.325	0.329	0.339	0.332	0.331	0.329	0.333
10:00:11	22.7	0.365	0.402	0.350	0.425	0.406	0.397	0.421	0.416	0.406	0.411	0.402	0.420	0.356	0.386	0.389	0.403	0.392	0.389	0.388	0.360	0.406	0.389	0.392	0.409	0.364	0.382	0.289	0.395	0.423	0.390	0.460	0.401	0.388	0.383	0.397	0.400	0.367	0.376	0.375	0.311	0.393	0.397	0.399	0.377	0.387	0.389	0.371	0.392	0.377	0.379	0.368	0.372	0.359	0.049	0.391	0.392	0.383	0.382	0.381	0.389	0.377	0.054	0.310	0.374	0.403	0.404	0.341	0.392	0.390	0.407	0.403	0.390	0.382	0.356	0.368	0.335	0.367	0.401	0.374	0.400	0.392	0.325	0.397	0.400	0.376	0.386	0.384	0.385	0.379	0.383	0.395	0.401	0.386	0.393	0.393	0.397
11:00:12	22.8	0.447	0.502	0.433	0.532	0.508	0.494	0.515	0.536	0.519	0.521	0.511	0.534	0.438	0.474	0.475	0.502	0.486	0.471	0.487	0.429	0.512	0.489	0.497	0.520	0.450	0.474	0.338	0.482	0.509	0.482	0.545	0.490	0.466	0.480	0.497	0.498	0.453	0.459	0.463	0.366	0.472	0.493	0.498	0.459	0.482	0.486	0.456	0.482	0.469	0.466	0.456	0.460	0.444	0.050	0.476	0.489	0.473	0.462	0.473	0.473	0.469	0.054	0.336	0.467	0.490	0.489	0.414	0.481	0.488	0.495	0.499	0.476	0.464	0.417	0.447	0.418	0.453	0.492	0.448	0.493	0.480	0.390	0.488	0.485	0.452	0.469	0.466	0.472	0.464	0.466	0.476	0.474	0.469	0.472	0.475	0.476
12:00:13	22.8	0.542	0.607	0.538	0.638	0.623	0.607	0.616	0.658	0.648	0.636	0.632	0.654	0.542	0.578	0.584	0.621	0.600	0.566	0.605	0.518	0.628	0.605	0.618	0.635	0.554	0.586	0.416	0.603	0.625	0.598	0.626	0.606	0.561	0.591	0.617	0.609	0.564	0.575	0.577	0.424	0.588	0.612	0.615	0.567	0.598	0.597	0.558	0.583	0.574	0.577	0.571	0.574	0.558	0.049	0.588	0.605	0.584	0.557	0.584	0.567	0.570	0.054	0.389	0.588	0.593	0.605	0.510	0.586	0.605	0.586	0.605	0.573	0.559	0.503	0.547	0.522	0.565	0.605	0.529	0.603	0.588	0.462	0.590	0.584	0.537	0.569	0.567	0.568	0.567	0.565	0.565	0.561	0.571	0.562	0.573	0.567
13:00:13	22.9	0.622	0.700	0.637	0.738	0.737	0.711	0.710	0.766	0.770	0.746	0.741	0.758	0.645	0.681	0.697	0.741	0.716	0.656	0.722	0.622	0.745	0.718	0.731	0.733	0.651	0.696	0.517	0.727	0.755	0.722	0.709	0.728	0.655	0.702	0.732	0.709	0.670	0.690	0.700	0.485	0.706	0.740	0.734	0.683	0.718	0.706	0.657	0.677	0.671	0.692	0.693	0.690	0.678	0.050	0.706	0.722	0.698	0.654	0.695	0.657	0.665	0.054	0.479	0.704	0.694	0.722	0.614	0.694	0.725	0.681	0.710	0.665	0.655	0.608	0.649	0.635	0.676	0.723	0.610	0.715	0.699	0.539	0.689	0.675	0.614	0.664	0.669	0.667	0.672	0.660	0.655	0.646	0.671	0.652	0.664	0.648
14:00:14	23.0	0.693	0.786	0.727	0.825	0.837	0.807	0.788	0.864	0.880	0.853	0.844	0.850	0.735	0.775	0.802	0.850	0.828	0.744	0.827	0.721	0.861	0.817	0.840	0.827	0.737	0.801	0.620	0.836	0.872	0.831	0.781	0.838	0.747	0.806	0.841	0.807	0.756	0.790	0.816	0.541	0.810	0.857	0.838	0.790	0.835	0.806	0.751	0.766	0.754	0.793	0.802	0.796	0.785	0.050	0.812	0.833	0.809	0.744	0.795	0.744	0.742	0.054	0.593	0.806	0.785	0.826	0.707	0.790	0.834	0.764	0.808	0.753	0.735	0.703	0.741	0.734	0.775	0.827	0.682	0.811	0.800	0.609	0.783	0.760	0.680	0.749	0.758	0.746	0.761	0.747	0.735	0.729	0.761	0.738	0.752	0.726
15:00:16	23.1	0.758	0.859	0.809	0.899	0.920	0.890	0.854	0.945	0.974	0.943	0.928	0.927	0.808	0.857	0.894	0.942	0.925	0.826	0.918	0.810	0.962	0.910	0.935	0.904	0.811	0.891	0.717	0.939	0.976	0.932	0.838	0.933	0.828	0.896	0.937	0.882	0.835	0.880	0.912	0.605	0.904	0.960	0.931	0.884	0.937	0.893	0.834	0.841	0.829	0.887	0.898	0.890	0.882	0.050	0.910	0.922	0.907	0.825	0.883	0.818	0.812	0.054	0.703	0.899	0.868	0.923	0.794	0.875	0.930	0.841	0.891	0.827	0.806	0.789	0.827	0.819	0.862	0.921	0.748	0.897	0.884	0.676	0.863	0.832	0.744	0.824	0.838	0.823	0.843	0.824	0.810	0.804	0.840	0.814	0.825	0.790
16:00:16	23.2	0.819	0.925	0.884	0.967	0.995	0.961	0.914	1.018	1.051	1.026	1.003	0.994	0.879	0.927	0.971	1.019	1.007	0.906	1.000	0.891	1.048	0.992	1.018	0.975	0.881	0.974	0.805	1.024	1.067	1.018	0.895	1.015	0.902	0.975	1.022	0.954	0.905	0.959	0.997	0.678	0.988	1.047	1.009	0.969	1.022	0.973	0.912	0.912	0.901	0.971	0.980	0.975	0.969	0.050	0.994	1.003	0.992	0.902	0.959	0.886	0.879	0.055	0.805	0.980	0.942	1.006	0.872	0.951	1.013	0.911	0.966	0.896	0.877	0.870	0.906	0.900	0.942	1.001	0.814	0.969	0.962	0.741	0.938	0.902	0.805	0.897	0.912	0.894	0.917	0.895	0.880	0.881	0.914	0.888	0.898	0.852
17:00:18	23.6	0.869	0.979	0.947	1.020	1.056	1.018	0.959	1.074	1.113	1.091	1.063	1.042	0.937	0.987	1.028	1.082	1.072	0.984	1.063	0.960	1.117	1.057	1.081	1.030	0.942	1.042	0.884	1.095	1.139	1.085	0.947	1.077	0.965	1.036	1.088	1.011	0.970	1.025	1.063	0.792	1.054	1.118	1.071	1.038	1.092	1.035	0.978	0.969	0.957	1.041	1.050	1.043	1.039	0.050	1.059	1.062	1.058	0.963	1.019	0.942	0.935	0.054	0.900	1.045	1.000	1.071	0.941	1.010	1.078	0.965	1.025	0.953	0.937	0.942	0.975	0.974	1.007	1.068	0.870	1.029	1.024	0.800	0.996	0.963	0.860	0.962	0.977	0.958	0.983	0.963	0.944	0.951	0.975	0.954	0.961	0.906
18:00:18	24.0	0.912	1.030	1.003	1.076	1.106	1.074	0.993	1.116	1.162	1.151	1.110	1.084	0.985	1.039	1.074	1.133	1.114	1.066	1.111	1.017	1.170	1.106	1.136	1.071	0.987	1.091	0.954	1.150	1.194	1.138	0.987	1.123	1.020	1.087	1.138	1.057	1.016	1.076	1.114	1.016	1.101	1.172	1.120	1.089	1.143	1.083	1.029	1.016	1.004	1.097	1.104	1.096	1.093	0.049	1.107	1.106	1.107	1.017	1.067	0.993	0.978	0.055	0.984	1.098	1.048	1.119	0.994	1.057	1.129	1.012	1.079	1.000	0.985	1.001	1.029	1.028	1.058	1.111	0.914	1.074	1.074	0.849	1.046	1.014	0.909	1.017	1.030	1.013	1.034	1.014	1.000	1.018	1.023	1.014	1.013	0.953
19:00:19	24.0	0.954	1.076	1.052	1.137	1.156	1.119	1.021	1.154	1.204	1.202	1.155	1.130	1.029	1.098	1.117	1.187	1.160	1.141	1.163	1.066	1.217	1.153	1.175	1.121	1.035	1.145	1.011	1.204	1.238	1.198	1.026	1.166	1.099	1.142	1.186	1.102	1.062	1.131	1.160	1.131	1.140	1.224	1.168	1.130	1.187	1.133	1.079	1.062	1.050	1.154	1.153	1.147	1.144	0.049	1.152	1.148	1.158	1.076	1.112	1.046	1.014	0.054	1.055	1.148	1.102	1.170	1.038	1.103	1.184	1.065	1.139	1.050	1.034	1.048	1.083	1.082	1.112	1.165	0.959	1.121	1.130	0.892	1.099	1.067	0.959	1.075	1.087	1.072	1.091	1.079	1.062	1.094	1.071	1.078	1.071	1.002
20:00:20	24.0	1.002	1.146	1.104	1.209	1.220	1.178	1.055	1.197	1.271	1.265	1.211	1.173	1.080	1.178	1.173	1.275	1.219	1.146	1.218	1.112	1.285	1.213	1.239	1.157	1.084	1.251	1.059	1.279	1.313	1.276	1.067	1.221	1.166	1.213	1.243	1.153	1.110	1.221	1.224	1.143	1.177	1.297	1.224	1.175	1.251	1.185	1.130	1.109	1.101	1.248	1.224	1.223	1.208	0.049	1.221	1.213	1.247	1.168	1.174	1.106	1.053	0.054	1.110	1.223	1.165	1.280	1.079	1.174	1.301	1.134	1.252	1.106	1.096	1.101	1.154	1.150	1.184	1.241	1.009	1.180	1.216	0.932	1.187	1.134	1.020	1.141	1.158	1.136	1.167	1.162	1.149	1.022	1.140	1.158	1.142	1.061
21:00:22	24.2	1.063	1.219	1.179	1.050	1.268	1.188	1.089	1.275	1.233	1.315	1.217	1.224	1.165	1.202	1.282	1.372	1.331	1.101	1.296	1.149	1.413	1.334	1.245	1.215	1.181	1.342	1.105	1.382	1.456	1.444	1.107	1.375	1.237	1.365	1.384	1.238	1.193	1.346	1.401	1.172	1.238	1.431	1.319	1.248	1.399	1.292	1.244	1.179	1.172	1.404	1.402	1.405	1.363	0.049	1.365	1.365	1.410	1.306	1.332	1.207	1.091	0.055	1.169	1.376	1.264	1.421	1.123	1.242	1.493	1.265	1.344	1.192	1.197	1.202	1.294	1.313	1.358	1.438	1.070	1.350	1.410	0.977	1.327	1.247	0.913	1.270	1.316	1.226	1.333	1.295	1.222	1.105	1.303	1.227	1.259	1.136
22:00:22	24.1	0.910	0.936	1.035	0.964	1.027	1.041	1.071	1.067	1.242	1.138	1.113	1.143	1.097	1.029	1.221	1.273	1.294	1.030	1.167	1.194	1.302	1.150	1.252	1.107	1.068	1.210	1.176	1.246	1.298	1.316	1.136	1.299	1.105	1.159	1.290	1.138	1.154	1.180	1.383	1.166	1.361	1.359	1.258	1.100	1.313	1.196	1.198	1.150	1.059	1.296	1.324	1.321	1.272	0.049	1.356	1.321	1.345	1.202	1.311	1.162	1.131	0.055	1.285	1.270	1.188	1.370	1.187	1.419	1.357	1.156	1.365	1.170	1.114	1.337	1.244	1.310	1.307	1.374	1.132	1.340	1.360	1.036	1.291	1.224	1.018	1.161	1.250	1.212	1.262	1.267	1.180	1.303	1.304	1.288	1.226	1.082
23:00:22	24.2	0.907	0.923	0.930	0.971	1.065	1.022	1.020	1.099	1.243	1.147	1.120	1.132	0.986	1.051	1.235	1.284	1.145	1.093	1.151	1.209	1.330	1.207	1.262	1.163	0.989	1.240	1.276	1.296	1.332	1.325	1.159	1.326	1.105	1.193	1.323	1.177	1.065	1.237	1.359	1.117	1.271	1.353	1.261	1.274	1.339	1.219	1.209	1.079	1.048	1.320	1.335	1.329	1.347	0.048	1.367	1.364	1.361	1.190	1.336	1.151	1.203	0.054	1.397	1.310	1.282	1.383	1.301	1.341	1.370	1.146	1.337	1.119	1.213	1.277	1.292	1.306	1.351	1.397	1.135	1.378	1.388	1.158	1.330	1.266	1.105	1.282	1.349	1.280	1.353	1.397	1.343	1.280	1.385	1.339	1.357	1.157
24:00:23	24.2	0.938	0.945	0.951	0.995	1.040	1.028	1.017	1.090	1.231	1.205	1.176	1.124	0.997	1.042	1.204	1.270	1.156	1.079	1.151	1.149	1.340	1.222	1.255	1.123	1.000	1.224	1.127	1.293	1.328	1.311	1.209	1.311	1.125	1.180	1.318	1.166	1.065	1.241	1.353	1.084	1.305	1.354	1.256	1.316	1.337	1.232	1.229	1.119	1.052	1.298	1.325	1.317	1.325	0.048	1.355	1.356	1.349	1.248	1.313	1.142	1.109	0.055	1.256	1.295	1.273	1.371	1.266	1.377	1.363	1.131	1.310	1.113	1.190	1.282	1.255	1.283	1.319	1.383	1.121	1.353	1.361	1.049	1.305	1.251	1.060	1.254	1.309	1.288	1.314	1.366	1.309	1.211	1.335	1.291	1.297	1.144
25:00:25	24.1	0.953	0.924	0.950	0.988	1.040	1.033	1.040	1.091	1.192	1.204	1.175	1.097	1.009	1.042	1.157	1.243	1.137	1.009	1.153	1.166	1.322	1.242	1.240	1.093	1.020	1.203	1.170	1.307	1.326	1.297	1.289	1.303	1.111	1.181	1.320	1.138	1.058	1.262	1.340	1.102	1.304	1.357	1.271	1.317	1.336	1.270	1.259	1.114	1.047	1.281	1.319	1.308	1.312	0.049	1.341	1.353	1.348	1.249	1.299	1.122	1.151	0.055	1.284	1.277	1.241	1.355	1.264	1.339	1.353	1.113	1.275	1.097	1.153	1.242	1.210	1.258	1.296	1.373	1.155	1.331	1.330	1.132	1.284	1.191	1.004	1.198	1.249	1.240	1.274	1.337	1.267	1.171	1.292	1.245	1.233	1.099
26:00:26	24.1	0.960	0.930	0.975	0.991	1.024	1.017	1.059	1.067	1.153	1.204	1.111	1.076	1.012	1.046	1.145	1.213	1.109	0.982	1.156	1.155	1.322	1.240	1.240	1.086	1.016	1.195	1.222	1.282	1.322	1.279	1.190	1.292	1.101	1.192	1.321	1.114	1.043	1.252	1.330	1.099	1.306	1.353	1.292	1.283	1.332	1.284	1.256	1.093	1.033	1.259	1.306	1.304	1.300	0.048	1.328	1.344	1.341	1.250	1.297	1.123	1.133	0.055	1.266	1.255	1.211	1.338	1.237	1.300	1.343	1.090	1.252	1.092	1.123	1.210	1.172	1.229	1.274	1.351	1.097	1.312	1.297	1.075	1.264	1.162	0.972	1.155	1.199	1.194	1.239	1.306	1.233	1.138	1.255	1.210	1.182	1.062
27:00:27	24.2	0.955	0.915	0.956	0.965	1.007	1.011	0.997	1.041	1.111	1.131	1.081	1.055	1.005	1.025	1.116	1.190	1.061	0.964	1.156	1.157	1.301	1.210	1.223	1.089	1.011	1.185	1.245	1.252	1.319	1.255	1.181	1.276	1.055	1.185	1.310	1.089	1.038	1.204	1.314	1.112	1.290	1.346	1.274	1.241	1.322	1.252	1.248	1.064	1.021	1.231	1.298	1.287	1.281	0.048	1.306	1.326	1.327	1.228	1.279	1.095	1.104	0.055	1.255	1.234	1.185	1.315	1.201	1.262	1.324	1.074	1.222	1.072	1.099	1.182	1.145	1.208	1.247	1.329	1.057	1.294	1.269	1.039	1.234	1.110	0.957	1.117	1.157	1.162	1.192	1.280	1.196	1.105	1.216	1.179	1.142	1.036
28:00:28	24.3	0.945	0.948	0.930	0.951	0.986	0.996	0.997	1.015	1.096	1.125	1.073	1.042	0.995	1.003	1.074	1.180	1.015	0.953	1.141	1.150	1.290	1.172	1.235	1.042	1.004	1.167	1.084	1.223	1.311	1.223	1.154	1.249	1.037	1.173	1.310	1.067	1.022	1.105	1.290	1.073	1.269	1.332	1.246	1.220	1.312	1.226	1.198	1.051	1.008	1.175	1.274	1.276	1.249	0.048	1.281	1.305	1.304	1.225	1.255	1.068	1.070	0.055	1.224	1.206	1.160	1.284	1.173	1.239	1.304	1.049	1.210	1.053	1.075	1.161	1.116	1.186	1.192	1.301	1.043	1.267	1.235	1.018	1.198	1.079	0.947	1.089	1.127	1.141	1.166	1.254	1.175	1.082	1.187	1.154	1.106	1.019
29:00:29	24.0	0.941	0.977	0.895	0.939	0.972	0.984	0.985	1.011	1.067	1.169	1.058	1.020	0.986	0.950	1.042	1.154	0.953	0.969	1.122	1.129	1.261	1.145	1.209	1.019	1.005	1.131	1.058	1.188	1.295	1.212	1.130	1.220	1.025	1.159	1.310	1.045	1.012	1.091	1.273	1.010	1.244	1.304	1.218	1.180	1.293	1.208	1.140	1.038	0.994	1.149	1.249	1.253	1.213	0.048	1.264	1.271	1.289	1.108	1.224	1.047	1.045	0.055	1.201	1.181	1.143	1.248	1.151	1.210	1.282	1.034	1.181	1.037	1.056	1.137	1.095	1.166	1.165	1.267	1.030	1.239	1.210	0.999	1.156	1.056	0.939	1.071	1.103	1.121	1.140	1.238	1.153	1.060	1.156	1.132	1.073	1.007
30:00:30	23.7	0.936	0.996	0.912	0.933	0.966	0.989	0.990	1.021	1.104	1.214	1.067	1.007	0.982	0.955	1.034	1.150	0.911	0.975	1.098	1.120	1.246	1.165	1.205	1.022	0.999	1.106	1.046	1.145	1.284	1.201	1.137	1.192	1.017	1.127	1.315	1.025	1.007	1.062	1.260	1.002	1.221	1.281	1.192	1.155	1.269	1.188	1.150	1.018	0.984	1.108	1.222	1.234	1.181	0.049	1.251	1.258	1.269	1.088	1.182	1.032	1.025	0.056	1.177	1.157	1.137	1.229	1.144	1.197	1.272	1.025	1.168	1.025	1.039	1.114	1.080	1.134	1.138	1.245	1.021	1.215	1.188	0.986	1.131	1.035	0.934	1.051	1.081	1.101	1.117	1.204	1.133	1.043	1.130	1.114	1.050	0.996
31:00:30	23.5	0.933	0.975	0.891	0.926	0.951	0.977	1.007	1.008	1.073	1.188	1.059	0.974	0.986	0.935	1.031	1.115	0.856	0.985	1.067	1.079	1.208	1.198	1.167	0.999	0.987	1.040	1.035	1.092	1.250	1.173	1.120	1.159	1.005	1.098	1.237	1.010	1.001	1.036	1.233	0.984	1.200	1.233	1.164	1.115	1.236	1.164	1.091	0.999	0.976	1.093	1.172	1.202	1.141	0.048	1.216	1.240	1.235	1.076	1.139	1.018	1.006	0.055	1.186	1.173	1.098	1.205	1.123	1.173	1.234	1.015	1.131	1.009	1.022	1.099	1.055	1.122	1.116	1.225	1.014	1.182	1.168	0.976	1.079	1.018	0.927	1.032	1.064	1.084	1.099	1.188	1.109	1.022	1.105	1.101	1.029	0.986
32:00:30	23.3	0.926	0.975	0.886	0.922	0.957	0.967	0.994	1.006	1.071	1.166	1.041	0.955	0.977	0.939	1.027	1.095	0.805	0.975	1.044	1.044	1.189	1.187	1.162	1.006	0.981	1.022	1.015	1.064	1.213	1.147	1.111	1.123	0.998	1.096	1.147	0.997	0.991	1.029	1.203	0.964	1.160	1.202	1.128	1.063	1.210	1.166	1.060	0.991	0.968	1.083	1.124	1.159	1.096	0.048	1.175	1.218	1.217	1.065	1.106	1.007	0.988	0.055	1.121	1.117	1.080	1.179	1.077	1.157	1.207	1.002	1.114	1.003	1.011	1.080	1.043	1.105	1.095	1.202	1.003	1.152	1.144	0.961	1.048	1.007	0.920	1.017	1.049	1.069	1.084	1.170	1.091	1.009	1.079	1.077	1.016	0.977
33:00:32	23.1	0.918	0.959	0.872	0.914	0.980	0.968	0.974	0.995	1.018	1.119	1.021	0.943	0.969	0.948	1.030	1.072	0.780	0.965	1.038	1.018	1.158	1.173	1.097	0.999	0.972	1.005	1.003	1.035	1.194	1.119	1.093	1.093	0.989	1.079	1.230	0.985	0.980	1.017	1.173	0.968	1.131	1.171	1.097	1.027	1.175	1.129	1.039	0.982	0.961	1.071	1.096	1.116	1.071	0.048	1.129	1.182	1.180	1.047	1.078	0.996	0.972	0.056	1.099	1.090	1.057	1.151	1.054	1.137	1.182	0.992	1.090	0.993	0.997	1.067	1.026	1.087	1.075	1.177	0.997	1.110	1.122	0.952	1.026	0.996	0.914	1.005	1.033	1.054	1.065	1.150	1.073	0.996	1.055	1.061	1.001	0.967
34:00:33	22.8	0.911	0.947	0.888	0.909	0.986	0.957	0.966	0.982	1.006	1.097	0.997	0.936	0.961	0.960	1.014	1.047	0.758	0.960	1.018	0.999	1.106	1.143	1.108	0.976	0.968	0.993	0.994	1.011	1.167	1.103	1.074	1.072	0.982	1.061	1.220	0.974	0.971	1.006	1.144	0.937	1.105	1.152	1.063	1.004	1.156	1.091	1.023	0.974	0.953	1.060	1.077	1.095	1.052	0.048	1.100	1.146	1.168	1.035	1.059	0.988	0.960	0.056	1.081	1.068	1.051	1.125	1.027	1.123	1.165	0.983	1.073	0.985	0.981	1.050	1.018	1.071	1.060	1.153	0.991	1.083	1.105	0.939	1.009	0.983	0.906	0.992	1.022	1.040	1.049	1.124	1.049	0.987	1.037	1.046	0.992	0.960
35:00:34	22.6	0.905	0.935	0.870	0.904	0.948	0.949	0.962	0.964	0.979	1.070	0.996	0.921	0.952	0.963	1.004	1.033	0.746	0.968	1.010	1.006	1.062	1.118	1.093	0.964	0.960	0.988	0.987	0.998	1.151	1.082	1.051	1.053	0.975	1.042	1.183	0.964	0.962	1.000	1.125	0.929	1.077	1.132	1.042	0.976	1.121	1.098	1.007	0.964	0.947	1.051	1.067	1.074	1.043	0.048	1.077	1.108	1.136	1.017	1.058	0.978	0.948	0.056	1.077	1.056	1.035	1.106	1.009	1.107	1.146	0.974	1.056	0.977	0.967	1.038	1.008	1.062	1.046	1.132	0.983	1.062	1.095	0.932	0.993	0.971	0.897	0.984	1.012	1.026	1.035	1.101	1.032	0.978	1.019	1.034	0.984	0.952
36:00:34	22.7	0.894	0.930	0.924	0.898	0.942	0.949	0.942	0.965	0.976	1.032	0.987	0.916	0.943	0.975	0.963	1.024	0.730	0.950	1.001	1.003	1.050	1.101	1.067	0.957	0.952	0.980	0.974	0.980	1.132	1.066	1.042	1.045	0.973	1.035	1.153	0.958	0.956	0.987	1.110	0.931	1.060	1.101	1.115	0.962	1.146	1.115	1.000	0.963	0.941	1.040	1.051	1.059	1.021	0.048	1.058	1.098	1.161	0.995	1.041	0.968	0.939	0.056	1.062	1.037	1.020	1.081	0.979	1.090	1.126	0.965	1.044	0.971	0.959	1.022	0.999	1.045	1.026	1.113	0.975	1.045	1.074	0.923	0.985	0.965	0.889	0.975	1.002	1.016	1.019	1.077	1.012	0.972	1.005	1.024	0.977	0.945
37:00:35	22.8	0.893	0.918	0.887	0.890	0.946	0.931	0.930	0.951	0.958	1.038	0.967	0.900	0.936	0.963	0.946	1.049	0.715	0.942	0.987	0.990	1.045	1.071	1.047	0.945	0.946	0.967	0.972	0.960	1.118	1.031	1.025	1.017	0.967	1.015	1.117	0.952	0.948	0.978	1.103	0.919	1.039	1.091	1.097	0.946	1.126	1.092	0.985	0.957	0.937	1.025	1.036	1.039	1.017	0.048	1.044	1.069	1.105	0.994	1.017	0.963	0.931	0.055	1.045	1.022	1.000	1.072	0.958	1.073	1.108	0.956	1.028	0.962	0.949	1.013	0.994	1.033	1.018	1.099	0.968	1.027	1.053	0.913	0.974	0.958	0.880	0.969	0.991	1.005	1.009	1.057	0.997	0.965	0.991	1.011	0.969	0.937
38:00:37	22.9	0.882	0.911	0.910	0.888	0.925	0.930	0.928	0.945	0.952	1.012	0.962	0.886	0.929	0.960	0.914	1.034	0.708	0.929	0.977	0.985	1.031	1.042	1.027	0.935	0.940	0.964	0.957	0.951	1.087	1.009	1.023	1.002	0.961	1.001	1.083	0.944	0.940	0.971	1.087	0.916	1.028	1.075	1.067	0.947	1.104	1.079	0.976	0.945	0.930	1.016	1.024	1.029	1.006	0.048	1.023	1.062	1.104	0.982	1.005	0.952	0.922	0.056	1.035	1.011	0.988	1.054	0.941	1.062	1.093	0.949	1.017	0.954	0.943	1.002	0.989	1.023	1.002	1.079	0.960	1.013	1.040	0.907	0.964	0.951	0.871	0.963	0.981	0.995	0.997	1.042	0.982	0.958	0.977	1.001	0.962	0.930
39:00:38	23.0	0.860	0.901	0.898	0.878	0.927	0.924	0.917	0.935	0.935	0.995	0.948	0.875	0.921	0.955	0.897	1.018	0.695	0.928	0.968	1.000	1.026	1.018	1.000	0.923	0.931	0.951	0.945	0.938	1.073	0.993	1.019	0.986	0.951	0.985	1.051	0.935	0.931	0.962	1.073	0.920	1.006	1.052	1.042	1.027	1.084	1.046	0.971	0.940	0.921	1.006	1.004	1.002	0.990	0.048	1.012	1.041	1.067	0.969	0.988	0.945	0.912	0.055	1.022	0.995	0.979	1.028	0.916	1.045	1.070	0.940	1.005	0.945	0.935	0.991	0.980	1.005	0.990	1.060	0.951	1.004	1.024	0.899	0.952	0.940	0.864	0.956	0.971	0.984	0.984	1.018	0.973	0.951	0.963	0.992	0.953	0.923
40:00:39	23.2	0.831	0.893	0.900	0.865	0.909	0.912	0.913	0.923	0.927	0.983	0.939	0.870	0.915	0.955	0.887	1.000	0.687	0.909	0.959	0.966	1.024	1.008	1.012	0.912	0.924	0.946	0.925	0.926	1.043	1.031	1.036	0.960	0.945	0.977	1.027	0.928	0.924	0.954	1.055	0.904	0.998	1.041	1.014	1.019	1.127	1.014	0.963	0.931	0.915	0.998	0.993	0.987	0.977	0.048	0.995	1.009	1.057	0.966	0.978	0.940	0.905	0.056	1.010	0.982	0.963	1.010	0.898	1.031	1.052	0.932	0.994	0.939	0.930	0.981	0.974	0.992	0.977	1.036	0.943	0.988	1.012	0.893	0.942	0.936	0.856	0.949	0.963	0.973	0.971	0.994	0.961	0.944	0.952	0.982	0.947	0.920
41:00:40	23.6	0.823	0.883	0.891	0.854	0.907	0.907	0.887	0.907	0.908	0.966	0.925	0.856	0.906	0.940	0.878	0.980	0.670	0.895	0.954	0.950	1.006	0.977	0.974	0.895	0.917	0.932	0.905	0.905	1.004	1.017	1.010	0.937	0.936	0.961	0.997	0.920	0.916	0.941	1.034	0.880	0.977	1.013	1.000	0.969	1.158	0.990	0.948	0.925	0.910	0.990	0.975	0.961	0.960	0.048	0.983	0.983	1.033	0.951	0.967	0.932	0.899	0.056	0.993	0.967	0.959	0.995	0.872	1.015	1.028	0.922	0.983	0.933	0.922	0.971	0.969	0.981	0.966	1.017	0.934	0.974	0.992	0.882	0.929	0.924	0.847	0.942	0.953	0.960	0.962	0.972	0.950	0.937	0.940	0.972	0.939	0.913
42:00:39	23.8	0.805	0.870	0.880	0.847	0.892	0.893	0.875	0.890	0.897	0.977	0.912	0.840	0.897	0.929	0.869	0.968	0.654	0.887	0.934	0.911	0.984	0.976	0.960	0.886	0.907	0.915	0.896	0.889	0.981	1.014	0.986	0.917	0.922	0.946	0.976	0.910	0.909	0.933	1.015	0.879	0.955	0.999	0.972	0.951	1.100	0.966	0.941	0.916	0.902	0.981	0.961	0.949	0.947	0.048	0.969	0.969	1.018	0.935	0.953	0.921	0.890	0.055	0.977	0.958	0.949	0.981	0.859	0.997	1.006	0.913	0.973	0.924	0.915	0.961	0.961	0.972	0.956	0.998	0.926	0.966	0.976	0.874	0.919	0.913	0.832	0.931	0.942	0.950	0.948	0.959	0.935	0.928	0.927	0.960	0.930	0.909
43:00:41	23.8	0.793	0.862	0.881	0.838	0.885	0.884	0.888	0.903	0.882	0.960	0.906	0.831	0.891	0.917	0.875	0.953	0.644	0.880	0.932	0.888	0.970	0.958	0.952	0.887	0.898	0.915	0.882	0.889	0.960	0.980	0.960	0.895	0.915	0.939	0.963	0.904	0.902	0.925	0.997	0.854	0.940	0.982	0.943	0.916	1.082	0.951	0.931	0.910	0.894	0.970	0.947	0.933	0.928	0.048	0.954	0.960	0.998	0.933	0.939	0.912	0.880	0.055	0.961	0.941	0.947	0.967	0.844	0.986	0.990	0.905	0.961	0.916	0.908	0.948	0.952	0.959	0.942	0.981	0.916	0.951	0.965	0.864	0.909	0.906	0.815	0.922	0.931	0.942	0.936	0.946	0.926	0.918	0.918	0.950	0.921	0.891
44:00:42	23.8	0.787	0.855	0.877	0.828	0.874	0.871	0.859	0.876	0.882	0.933	0.897	0.818	0.883	0.900	0.871	0.930	0.642	0.869	0.912	0.872	0.950	0.941	0.930	0.873	0.891	0.903	0.856	0.879	0.923	0.956	0.932	0.883	0.905	0.929	0.947	0.896	0.894	0.916	0.984	0.834	0.925	0.968	0.921	0.898	1.047	0.934	0.925	0.905	0.887	0.961	0.936	0.918	0.917	0.048	0.942	0.937	0.983	0.915	0.930	0.903	0.874	0.055	0.950	0.931	0.937	0.953	0.825	0.973	0.973	0.896	0.949	0.907	0.900	0.941	0.945	0.951	0.935	0.964	0.908	0.934	0.952	0.856	0.901	0.898	0.808	0.913	0.920	0.930	0.926	0.931	0.913	0.911	0.908	0.935	0.913	0.883
45:00:43	23.6	0.772	0.839	0.843	0.817	0.857	0.863	0.856	0.872	0.856	0.933	0.890	0.803	0.875	0.897	0.853	0.915	0.635	0.865	0.903	0.857	0.933	0.939	0.903	0.856	0.882	0.890	0.875	0.867	0.908	0.930	0.921	0.874	0.893	0.912	0.926	0.885	0.887	0.907	0.971	0.927	0.918	0.954	0.912	0.863	1.020	0.920	0.915	0.897	0.878	0.952	0.928	0.907	0.903	0.048	0.930	0.919	0.972	0.908	0.925	0.895	0.865	0.055	0.938	0.921	0.926	0.938	0.808	0.960	0.954	0.886	0.938	0.898	0.892	0.931	0.936	0.938	0.925	0.954	0.898	0.925	0.937	0.847	0.890	0.888	0.795	0.905	0.910	0.921	0.912	0.916	0.900	0.900	0.898	0.924	0.904	0.877
46:00:44	23.6	0.780	0.836	0.848	0.809	0.853	0.858	0.855	0.858	0.849	0.906	0.881	0.791	0.865	0.883	0.859	0.901	0.622	0.855	0.884	0.841	0.918	0.921	0.909	0.847	0.875	0.886	0.849	0.868	0.882	0.909	0.894	0.853	0.884	0.901	0.914	0.878	0.880	0.900	0.951	0.936	0.909	0.947	0.898	0.833	0.992	0.896	0.905	0.890	0.870	0.941	0.917	0.891	0.890	0.048	0.914	0.911	0.947	0.906	0.907	0.889	0.857	0.055	0.928	0.908	0.911	0.926	0.797	0.949	0.940	0.878	0.926	0.891	0.884	0.921	0.928	0.925	0.914	0.937	0.892	0.912	0.924	0.838	0.883	0.880	0.789	0.898	0.902	0.913	0.903	0.902	0.886	0.891	0.889	0.910	0.897	0.860
47:00:45	23.6	0.771	0.825	0.834	0.798	0.844	0.849	0.839	0.844	0.840	0.893	0.873	0.777	0.855	0.871	0.849	0.885	0.612	0.846	0.884	0.827	0.904	0.915	0.887	0.836	0.870	0.882	0.809	0.859	0.861	0.882	0.873	0.838	0.875	0.890	0.901	0.870	0.871	0.890	0.941	0.924	0.890	0.944	0.886	0.814	0.962	0.883	0.902	0.880	0.862	0.932	0.905	0.879	0.878	0.048	0.899	0.899	0.923	0.896	0.899	0.883	0.849	0.056	0.914	0.895	0.899	0.908	0.779	0.938	0.923	0.869	0.915	0.882	0.876	0.911	0.918	0.914	0.905	0.922	0.880	0.897	0.910	0.828	0.871	0.872	0.774	0.890	0.893	0.901	0.891	0.882	0.876	0.883	0.880	0.899	0.888	0.852
48:00:45	23.5	0.750	0.811	0.805	0.788	0.834	0.844	0.821	0.830	0.833	0.874	0.854	0.761	0.845	0.851	0.834	0.867	0.611	0.835	0.865	0.809	0.886	0.900	0.873	0.817	0.857	0.863	0.822	0.843	0.853	0.865	0.860	0.831	0.863	0.875	0.884	0.858	0.862	0.880	0.922	0.867	0.885	0.924	0.872	0.802	0.936	0.869	0.880	0.871	0.853	0.922	0.893	0.866	0.863	0.048	0.885	0.883	0.909	0.875	0.892	0.873	0.839	0.056	0.902	0.883	0.888	0.896	0.763	0.923	0.907	0.858	0.902	0.872	0.867	0.901	0.907	0.904	0.894	0.908	0.870	0.887	0.894	0.818	0.859	0.860	0.762	0.881	0.883	0.892	0.881	0.874	0.864	0.873	0.871	0.888	0.878	0.829
49:00:47	23.5	0.746	0.800	0.797	0.777	0.822	0.827	0.812	0.818	0.813	0.867	0.840	0.753	0.835	0.841	0.826	0.850	0.601	0.825	0.848	0.794	0.869	0.884	0.856	0.810	0.848	0.860	0.811	0.840	0.834	0.847	0.841	0.819	0.849	0.866	0.869	0.852	0.853	0.871	0.905	0.803	0.867	0.918	0.859	0.784	0.918	0.855	0.880	0.860	0.843	0.912	0.881	0.852	0.849	0.048	0.871	0.868	0.889	0.862	0.887	0.866	0.830	0.055	0.890	0.873	0.877	0.880	0.748	0.913	0.891	0.849	0.892	0.865	0.859	0.891	0.901	0.890	0.885	0.894	0.858	0.873	0.881	0.808	0.851	0.851	0.746	0.873	0.872	0.878	0.869	0.867	0.852	0.865	0.860	0.877	0.869	0.821
50:00:47	23.6	0.734	0.790	0.786	0.767	0.810	0.811	0.799	0.808	0.801	0.868	0.831	0.765	0.824	0.830	0.807	0.835	0.586	0.815	0.841	0.779	0.853	0.876	0.842	0.797	0.838	0.852	0.789	0.830	0.819	0.828	0.823	0.806	0.838	0.855	0.860	0.842	0.844	0.862	0.891	0.771	0.854	0.902	0.848	0.765	0.899	0.842	0.866	0.850	0.834	0.902	0.869	0.839	0.837	0.048	0.858	0.857	0.875	0.856	0.866	0.856	0.820	0.055	0.876	0.859	0.864	0.865	0.735	0.900	0.875	0.838	0.881	0.857	0.849	0.880	0.891	0.878	0.876	0.881	0.848	0.857	0.868	0.799	0.839	0.841	0.732	0.863	0.862	0.869	0.859	0.846	0.841	0.856	0.850	0.868	0.858	0.804
51:00:49	23.8	0.739	0.779	0.782	0.756	0.805	0.800	0.800	0.801	0.793	0.851	0.824	0.740	0.812	0.818	0.790	0.817	0.573	0.807	0.826	0.764	0.839	0.867	0.835	0.794	0.828	0.840	0.764	0.819	0.804	0.809	0.801	0.792	0.826	0.842	0.847	0.832	0.834	0.850	0.870	0.760	0.839	0.877	0.834	0.746	0.877	0.829	0.859	0.839	0.824	0.891	0.857	0.827	0.826	0.048	0.845	0.845	0.862	0.845	0.858	0.846	0.811	0.055	0.863	0.845	0.852	0.851	0.727	0.888	0.863	0.828	0.870	0.847	0.839	0.869	0.881	0.865	0.865	0.866	0.837	0.842	0.855	0.789	0.828	0.831	0.719	0.853	0.851	0.859	0.848	0.833	0.832	0.847	0.839	0.858	0.849	0.792
52:00:50	24.0	0.718	0.760	0.761	0.743	0.792	0.788	0.781	0.788	0.782	0.836	0.807	0.719	0.804	0.804	0.783	0.802	0.568	0.796	0.811	0.750	0.821	0.844	0.805	0.776	0.819	0.823	0.757	0.804	0.793	0.790	0.786	0.781	0.816	0.828	0.835	0.821	0.824	0.839	0.855	0.743	0.829	0.865	0.822	0.733	0.856	0.814	0.851	0.829	0.813	0.880	0.846	0.815	0.810	0.048	0.832	0.828	0.844	0.835	0.845	0.836	0.801	0.055	0.851	0.836	0.844	0.837	0.710	0.875	0.849	0.818	0.860	0.838	0.829	0.861	0.870	0.857	0.855	0.851	0.829	0.831	0.842	0.780	0.815	0.821	0.706	0.843	0.843	0.850	0.838	0.817	0.824	0.836	0.826	0.849	0.839	0.777
53:00:50	23.9	0.714	0.754	0.754	0.733	0.782	0.779	0.769	0.778	0.775	0.826	0.797	0.715	0.789	0.793	0.765	0.788	0.555	0.784	0.804	0.736	0.809	0.839	0.816	0.765	0.809	0.814	0.735	0.795	0.778	0.774	0.770	0.769	0.803	0.814	0.824	0.810	0.813	0.828	0.838	0.727	0.816	0.857	0.809	0.717	0.843	0.800	0.838	0.821	0.802	0.870	0.831	0.800	0.796	0.048	0.820	0.814	0.840	0.831	0.832	0.824	0.790	0.055	0.837	0.823	0.834	0.823	0.702	0.865	0.838	0.806	0.850	0.827	0.817	0.848	0.858	0.843	0.843	0.839	0.815	0.820	0.830	0.771	0.805	0.810	0.690	0.832	0.830	0.837	0.827	0.806	0.814	0.827	0.815	0.840	0.829	0.763
54:00:51	23.7	0.721	0.743	0.743	0.724	0.770	0.773	0.754	0.767	0.765	0.813	0.785	0.692	0.777	0.782	0.754	0.775	0.550	0.774	0.794	0.723	0.799	0.832	0.804	0.751	0.800	0.799	0.719	0.786	0.769	0.759	0.756	0.764	0.794	0.804	0.810	0.799	0.803	0.818	0.826	0.714	0.805	0.838	0.796	0.705	0.822	0.788	0.826	0.812	0.790	0.857	0.821	0.788	0.787	0.048	0.807	0.802	0.825	0.822	0.827	0.814	0.780	0.055	0.826	0.813	0.825	0.812	0.690	0.853	0.825	0.797	0.838	0.819	0.807	0.837	0.848	0.827	0.831	0.827	0.806	0.805	0.818	0.763	0.793	0.802	0.675	0.823	0.819	0.824	0.814	0.797	0.805	0.818	0.804	0.832	0.819	0.749
55:00:52	23.5	0.706	0.732	0.732	0.712	0.762	0.763	0.748	0.754	0.751	0.792	0.770	0.674	0.763	0.769	0.743	0.763	0.542	0.764	0.779	0.711	0.790	0.828	0.768	0.742	0.788	0.790	0.707	0.774	0.755	0.743	0.744	0.754	0.784	0.792	0.801	0.785	0.791	0.807	0.812	0.700	0.787	0.824	0.785	0.695	0.806	0.776	0.820	0.801	0.776	0.843	0.808	0.777	0.778	0.048	0.796	0.788	0.811	0.809	0.820	0.802	0.769	0.055	0.813	0.802	0.814	0.798	0.677	0.841	0.815	0.785	0.828	0.808	0.796	0.825	0.836	0.815	0.820	0.813	0.793	0.792	0.806	0.754	0.782	0.792	0.660	0.809	0.807	0.813	0.803	0.787	0.793	0.807	0.792	0.822	0.810	0.734
56:00:52	23.3	0.674	0.727	0.721	0.701	0.753	0.754	0.738	0.741	0.740	0.782	0.757	0.662	0.747	0.760	0.730	0.752	0.535	0.757	0.769	0.701	0.777	0.805	0.762	0.729	0.778	0.776	0.695	0.765	0.745	0.730	0.731	0.742	0.773	0.788	0.787	0.779	0.780	0.798	0.802	0.689	0.780	0.814	0.776	0.685	0.793	0.761	0.801	0.793	0.765	0.833	0.797	0.767	0.767	0.048	0.784	0.770	0.798	0.794	0.804	0.790	0.758	0.055	0.801	0.790	0.804	0.787	0.665	0.829	0.804	0.775	0.817	0.798	0.786	0.812	0.823	0.802	0.804	0.800	0.783	0.778	0.795	0.746	0.771	0.783	0.646	0.798	0.795	0.802	0.793	0.779	0.783	0.796	0.782	0.813	0.800	0.719
57:00:54	23.1	0.656	0.724	0.711	0.688	0.745	0.746	0.731	0.729	0.728	0.760	0.754	0.649	0.733	0.752	0.720	0.741	0.529	0.749	0.760	0.693	0.767	0.805	0.750	0.717	0.768	0.764	0.680	0.751	0.736	0.718	0.720	0.731	0.764	0.780	0.775	0.763	0.770	0.788	0.790	0.679	0.768	0.794	0.766	0.676	0.782	0.751	0.800	0.783	0.755	0.826	0.788	0.757	0.758	0.048	0.774	0.757	0.784	0.784	0.792	0.780	0.749	0.056	0.791	0.780	0.793	0.777	0.653	0.818	0.790	0.765	0.807	0.789	0.774	0.802	0.811	0.791	0.794	0.789	0.776	0.768	0.784	0.737	0.761	0.773	0.632	0.788	0.785	0.792	0.784	0.768	0.772	0.784	0.770	0.803	0.790	0.706
58:00:56	22.9	0.657	0.717	0.701	0.676	0.737	0.733	0.722	0.721	0.715	0.752	0.739	0.637	0.716	0.742	0.709	0.732	0.523	0.742	0.750	0.683	0.755	0.790	0.753	0.705	0.756	0.756	0.675	0.743	0.726	0.706	0.710	0.721	0.756	0.771	0.765	0.768	0.760	0.779	0.782	0.671	0.755	0.782	0.755	0.668	0.770	0.742	0.784	0.774	0.744	0.817	0.777	0.746	0.747	0.048	0.763	0.744	0.773	0.771	0.783	0.770	0.739	0.055	0.780	0.772	0.782	0.765	0.642	0.807	0.781	0.755	0.796	0.777	0.764	0.792	0.800	0.778	0.781	0.774	0.766	0.755	0.774	0.730	0.751	0.764	0.620	0.778	0.775	0.782	0.775	0.755	0.762	0.774	0.762	0.794	0.781	0.694
59:00:56	22.7	0.633	0.676	0.691	0.666	0.728	0.718	0.703	0.712	0.706	0.741	0.728	0.619	0.707	0.733	0.703	0.721	0.516	0.734	0.740	0.675	0.744	0.787	0.731	0.710	0.746	0.736	0.661	0.729	0.723	0.695	0.698	0.711	0.744	0.761	0.755	0.740	0.747	0.769	0.767	0.659	0.741	0.774	0.743	0.658	0.762	0.732	0.775	0.763	0.732	0.810	0.767	0.736	0.736	0.048	0.752	0.731	0.761	0.761	0.775	0.757	0.728	0.055	0.769	0.762	0.772	0.755	0.630	0.795	0.770	0.746	0.784	0.768	0.752	0.783	0.789	0.767	0.771	0.763	0.766	0.746	0.763	0.722	0.740	0.753	0.608	0.766	0.763	0.771	0.765	0.742	0.751	0.762	0.751	0.782	0.767	0.678
60:00:57	22.6	0.647	0.688	0.684	0.655	0.720	0.709	0.698	0.694	0.688	0.725	0.719	0.611	0.690	0.727	0.693	0.712	0.511	0.726	0.731	0.665	0.736	0.769	0.728	0.690	0.730	0.741	0.649	0.730	0.700	0.684	0.689	0.703	0.735	0.755	0.747	0.733	0.734	0.760	0.759	0.652	0.733	0.761	0.734	0.650	0.749	0.726	0.770	0.756	0.720	0.800	0.757	0.726	0.726	0.048	0.741	0.723	0.754	0.747	0.768	0.746	0.718	0.056	0.760	0.752	0.761	0.743	0.624	0.787	0.762	0.737	0.775	0.755	0.742	0.773	0.777	0.756	0.758	0.750	0.748	0.733	0.754	0.715	0.731	0.745	0.593	0.756	0.752	0.759	0.754	0.729	0.739	0.752	0.743	0.772	0.757	0.666
61:00:57	22.8	0.636	0.677	0.671	0.643	0.711	0.697	0.693	0.684	0.676	0.714	0.709	0.594	0.682	0.715	0.683	0.700	0.504	0.717	0.720	0.657	0.727	0.767	0.720	0.677	0.717	0.728	0.644	0.718	0.692	0.672	0.678	0.693	0.726	0.746	0.738	0.723	0.720	0.750	0.747	0.645	0.722	0.749	0.723	0.642	0.735	0.718	0.762	0.744	0.709	0.792	0.746	0.715	0.715	0.048	0.731	0.710	0.744	0.737	0.757	0.734	0.707	0.055	0.750	0.743	0.752	0.734	0.616	0.774	0.751	0.727	0.765	0.746	0.729	0.764	0.769	0.746	0.748	0.741	0.738	0.726	0.745	0.707	0.720	0.734	0.576	0.744	0.741	0.749	0.744	0.718	0.728	0.739	0.733	0.762	0.745	0.653
62:00:58	22.8	0.628	0.677	0.663	0.631	0.700	0.686	0.686	0.676	0.665	0.698	0.701	0.583	0.678	0.711	0.675	0.694	0.502	0.711	0.712	0.650	0.717	0.760	0.717	0.666	0.698	0.720	0.634	0.715	0.680	0.662	0.668	0.686	0.717	0.739	0.728	0.710	0.706	0.742	0.735	0.635	0.709	0.736	0.713	0.634	0.725	0.711	0.750	0.730	0.697	0.782	0.737	0.705	0.700	0.048	0.721	0.706	0.736	0.728	0.745	0.723	0.699	0.055	0.741	0.734	0.743	0.723	0.610	0.766	0.743	0.717	0.757	0.737	0.710	0.754	0.758	0.737	0.737	0.729	0.740	0.715	0.736	0.700	0.710	0.720	0.560	0.733	0.728	0.738	0.735	0.707	0.717	0.728	0.724	0.751	0.736	0.639
63:00:59	23.0	0.617	0.656	0.644	0.620	0.689	0.674	0.673	0.663	0.652	0.691	0.679	0.569	0.666	0.699	0.667	0.684	0.495	0.702	0.704	0.641	0.708	0.746	0.709	0.645	0.689	0.704	0.628	0.697	0.674	0.653	0.659	0.673	0.709	0.730	0.720	0.693	0.695	0.733	0.724	0.628	0.702	0.727	0.703	0.625	0.718	0.704	0.741	0.724	0.686	0.776	0.728	0.697	0.695	0.048	0.714	0.693	0.725	0.718	0.734	0.711	0.687	0.055	0.731	0.725	0.734	0.714	0.599	0.755	0.733	0.708	0.745	0.725	0.696	0.744	0.747	0.727	0.729	0.720	0.724	0.708	0.727	0.691	0.700	0.709	0.545	0.721	0.716	0.728	0.726	0.694	0.706	0.713	0.714	0.740	0.723	0.626
64:01:00	23.2	0.618	0.647	0.635	0.609	0.680	0.663	0.660	0.653	0.639	0.669	0.665	0.557	0.660	0.692	0.659	0.674	0.490	0.692	0.693	0.633	0.697	0.739	0.706	0.632	0.670	0.696	0.621	0.691	0.662	0.642	0.651	0.665	0.698	0.719	0.713	0.683	0.682	0.725	0.715	0.619	0.696	0.716	0.694	0.616	0.706	0.696	0.731	0.713	0.674	0.765	0.719	0.689	0.684	0.048	0.703	0.686	0.717	0.709	0.724	0.698	0.676	0.055	0.722	0.716	0.725	0.704	0.591	0.746	0.724	0.699	0.735	0.714	0.681	0.735	0.737	0.718	0.719	0.711	0.712	0.698	0.718	0.683	0.690	0.696	0.529	0.709	0.703	0.718	0.716	0.683	0.695	0.702	0.705	0.728	0.711	0.613
65:01:00	23.3	0.609	0.637	0.624	0.597	0.669	0.651	0.648	0.646	0.631	0.665	0.651	0.545	0.658	0.683	0.651	0.667	0.488	0.683	0.684	0.625	0.690	0.740	0.698	0.620	0.650	0.689	0.612	0.689	0.652	0.635	0.642	0.656	0.688	0.712	0.705	0.670	0.669	0.716	0.705	0.610	0.684	0.704	0.685	0.610	0.696	0.688	0.722	0.701	0.664	0.755	0.711	0.679	0.672	0.048	0.694	0.677	0.708	0.697	0.714	0.685	0.663	0.056	0.712	0.708	0.715	0.693	0.584	0.736	0.715	0.687	0.727	0.703	0.668	0.725	0.726	0.709	0.710	0.701	0.699	0.690	0.709	0.674	0.679	0.683	0.515	0.696	0.690	0.708	0.707	0.672	0.683	0.690	0.697	0.716	0.699	0.599
66:01:02	23.6	0.578	0.620	0.609	0.585	0.659	0.639	0.637	0.636	0.617	0.665	0.637	0.528	0.649	0.674	0.642	0.657	0.480	0.675	0.675	0.617	0.679	0.728	0.687	0.608	0.635	0.676	0.606	0.676	0.647	0.625	0.632	0.646	0.677	0.702	0.694	0.653	0.651	0.707	0.694	0.603	0.675	0.694	0.675	0.601	0.686	0.679	0.710	0.688	0.647	0.746	0.701	0.670	0.663	0.048	0.685	0.671	0.698	0.690	0.703	0.670	0.649	0.056	0.703	0.699	0.706	0.684	0.575	0.725	0.706	0.677	0.716	0.690	0.655	0.716	0.714	0.699	0.700	0.691	0.693	0.680	0.699	0.664	0.666	0.669	0.499	0.684	0.678	0.697	0.696	0.661	0.671	0.677	0.686	0.704	0.686	0.584
67:01:03	23.9	0.541	0.600	0.595	0.572	0.648	0.627	0.626	0.629	0.605	0.635	0.623	0.514	0.642	0.665	0.633	0.646	0.468	0.665	0.667	0.606	0.668	0.714	0.675	0.588	0.621	0.659	0.600	0.662	0.645	0.615	0.621	0.637	0.667	0.692	0.686	0.640	0.634	0.697	0.679	0.598	0.661	0.685	0.665	0.593	0.678	0.667	0.702	0.671	0.624	0.737	0.692	0.660	0.657	0.048	0.675	0.656	0.689	0.680	0.693	0.656	0.634	0.055	0.692	0.689	0.698	0.675	0.567	0.714	0.695	0.667	0.704	0.676	0.644	0.705	0.702	0.688	0.692	0.684	0.686	0.671	0.688	0.654	0.654	0.653	0.482	0.671	0.666	0.685	0.685	0.650	0.658	0.663	0.675	0.691	0.671	0.569
68:01:04	24.3	0.504	0.592	0.582	0.558	0.636	0.612	0.611	0.617	0.592	0.616	0.609	0.500	0.632	0.655	0.624	0.640	0.474	0.653	0.658	0.599	0.660	0.709	0.665	0.576	0.609	0.655	0.592	0.660	0.630	0.606	0.613	0.628	0.655	0.682	0.676	0.625	0.615	0.688	0.670	0.587	0.656	0.672	0.655	0.583	0.667	0.658	0.691	0.657	0.605	0.727	0.682	0.652	0.647	0.047	0.665	0.653	0.680	0.672	0.681	0.642	0.613	0.055	0.684	0.681	0.687	0.666	0.561	0.703	0.686	0.655	0.694	0.662	0.634	0.694	0.690	0.679	0.681	0.674	0.679	0.659	0.678	0.643	0.642	0.638	0.466	0.659	0.652	0.671	0.672	0.639	0.646	0.648	0.663	0.677	0.657	0.553
69:01:05	24.8	0.486	0.583	0.570	0.547	0.626	0.599	0.597	0.605	0.579	0.606	0.595	0.485	0.623	0.646	0.616	0.631	0.476	0.644	0.650	0.591	0.652	0.708	0.654	0.563	0.602	0.647	0.587	0.651	0.622	0.598	0.604	0.621	0.645	0.672	0.666	0.610	0.603	0.679	0.662	0.580	0.647	0.664	0.647	0.576	0.659	0.648	0.680	0.645	0.588	0.717	0.673	0.644	0.636	0.048	0.656	0.645	0.672	0.664	0.671	0.627	0.596	0.055	0.674	0.671	0.677	0.657	0.554	0.693	0.676	0.645	0.684	0.649	0.623	0.683	0.678	0.669	0.672	0.664	0.671	0.649	0.668	0.633	0.630	0.623	0.449	0.645	0.638	0.658	0.660	0.628	0.632	0.634	0.651	0.663	0.643	0.539
70:01:06	25.2	0.475	0.556	0.550	0.530	0.616	0.582	0.585	0.589	0.571	0.596	0.585	0.474	0.602	0.635	0.606	0.618	0.451	0.632	0.640	0.582	0.641	0.690	0.640	0.550	0.587	0.626	0.579	0.633	0.623	0.590	0.594	0.613	0.633	0.662	0.657	0.594	0.589	0.668	0.652	0.574	0.632	0.654	0.636	0.568	0.650	0.637	0.667	0.625	0.575	0.709	0.663	0.635	0.629	0.048	0.646	0.633	0.661	0.655	0.661	0.610	0.584	0.055	0.663	0.661	0.668	0.646	0.545	0.681	0.667	0.633	0.670	0.634	0.607	0.674	0.666	0.658	0.663	0.659	0.667	0.639	0.656	0.622	0.618	0.607	0.431	0.627	0.623	0.644	0.647	0.613	0.619	0.619	0.638	0.647	0.627	0.523
71:01:05	25.6	0.444	0.549	0.541	0.515	0.600	0.565	0.567	0.577	0.555	0.581	0.569	0.450	0.594	0.624	0.596	0.608	0.454	0.621	0.629	0.572	0.628	0.677	0.629	0.534	0.580	0.623	0.571	0.625	0.614	0.578	0.582	0.602	0.620	0.650	0.641	0.577	0.574	0.656	0.640	0.564	0.624	0.643	0.626	0.558	0.639	0.626	0.655	0.607	0.562	0.695	0.651	0.623	0.618	0.047	0.635	0.626	0.650	0.644	0.648	0.592	0.565	0.055	0.653	0.651	0.657	0.637	0.539	0.667	0.655	0.620	0.658	0.618	0.593	0.660	0.652	0.647	0.651	0.645	0.643	0.626	0.643	0.609	0.604	0.590	0.413	0.605	0.607	0.628	0.633	0.600	0.604	0.602	0.624	0.631	0.609	0.506
72:01:07	25.7	0.432	0.532	0.525	0.500	0.587	0.550	0.552	0.565	0.542	0.571	0.552	0.443	0.583	0.614	0.586	0.597	0.445	0.609	0.620	0.563	0.620	0.668	0.616	0.518	0.575	0.610	0.561	0.616	0.605	0.570	0.573	0.593	0.609	0.640	0.634	0.560	0.564	0.646	0.630	0.556	0.614	0.635	0.616	0.550	0.631	0.616	0.643	0.591	0.552	0.684	0.641	0.615	0.608	0.047	0.625	0.614	0.640	0.633	0.636	0.575	0.552	0.055	0.641	0.641	0.646	0.626	0.529	0.657	0.644	0.607	0.646	0.600	0.578	0.647	0.639	0.635	0.641	0.635	0.643	0.616	0.630	0.596	0.590	0.574	0.396	0.588	0.589	0.613	0.620	0.587	0.589	0.585	0.610	0.616	0.593	0.487

