Time	T° 600	A1	A2	A3	A4	A5	A6	A7	A8	A9	A10	A11	A12	B1	B2	B3	B4	B5	B6	B7	B8	B9	B10	B11	B12	C1	C2	C3	C4	C5	C6	C7	C8	C9	C10	C11	C12	D1	D2	D3	D4	D5	D6	D7	D8	D9	D10	D11	D12	E1	E2	E3	E4	E5	E6	E7	E8	E9	E10	E11	E12	F1	F2	F3	F4	F5	F6	F7	F8	F9	F10	F11	F12	G1	G2	G3	G4	G5	G6	G7	G8	G9	G10	G11	G12	H1	H2	H3	H4	H5	H6	H7	H8	H9	H10	H11	H12
0:00:06	23.9	0.056	0.047	0.048	0.052	0.056	0.051	0.047	0.049	0.049	0.049	0.052	0.049	0.047	0.047	0.048	0.049	0.053	0.048	0.048	0.051	0.048	0.053	0.050	0.050	0.049	0.048	0.049	0.049	0.052	0.049	0.048	0.048	0.050	0.049	0.049	0.050	0.046	0.047	0.050	0.048	0.048	0.049	0.048	0.049	0.050	0.049	0.050	0.051	0.048	0.051	0.048	0.049	0.051	0.048	0.050	0.048	0.048	0.045	0.047	0.048	0.047	0.057	0.049	0.053	0.049	0.049	0.047	0.047	0.048	0.047	0.047	0.047	0.051	0.050	0.049	0.048	0.060	0.049	0.048	0.051	0.051	0.048	0.049	0.047	0.047	0.051	0.054	0.049	0.048	0.047	0.051	0.051	0.050	0.050	0.048	0.049
1:00:03	24.1	0.061	0.054	0.052	0.058	0.062	0.057	0.053	0.056	0.055	0.055	0.058	0.054	0.052	0.053	0.053	0.055	0.057	0.054	0.054	0.055	0.053	0.059	0.055	0.056	0.053	0.054	0.054	0.055	0.058	0.054	0.053	0.054	0.056	0.054	0.054	0.055	0.052	0.052	0.056	0.055	0.054	0.054	0.048	0.055	0.056	0.055	0.055	0.056	0.054	0.056	0.053	0.055	0.056	0.053	0.056	0.053	0.055	0.046	0.052	0.053	0.052	0.063	0.054	0.058	0.056	0.054	0.052	0.053	0.053	0.053	0.052	0.053	0.056	0.055	0.054	0.053	0.066	0.055	0.054	0.057	0.057	0.054	0.054	0.053	0.051	0.058	0.059	0.055	0.053	0.053	0.056	0.056	0.055	0.056	0.054	0.054
2:00:04	24.3	0.073	0.068	0.065	0.071	0.076	0.070	0.068	0.070	0.069	0.070	0.070	0.068	0.063	0.066	0.065	0.069	0.070	0.066	0.068	0.069	0.065	0.072	0.067	0.068	0.065	0.068	0.068	0.070	0.071	0.066	0.067	0.069	0.069	0.069	0.067	0.069	0.063	0.066	0.068	0.069	0.068	0.067	0.048	0.068	0.069	0.069	0.067	0.069	0.065	0.070	0.066	0.068	0.069	0.066	0.070	0.067	0.066	0.046	0.065	0.067	0.064	0.075	0.066	0.073	0.069	0.068	0.064	0.065	0.067	0.067	0.064	0.068	0.066	0.068	0.065	0.066	0.079	0.069	0.067	0.069	0.071	0.070	0.066	0.069	0.064	0.071	0.072	0.069	0.066	0.067	0.069	0.070	0.070	0.069	0.068	0.070
3:00:04	24.1	0.093	0.101	0.097	0.106	0.111	0.107	0.105	0.108	0.105	0.112	0.102	0.106	0.092	0.097	0.094	0.105	0.100	0.099	0.101	0.108	0.097	0.107	0.096	0.101	0.098	0.099	0.101	0.113	0.105	0.098	0.102	0.109	0.102	0.103	0.102	0.103	0.092	0.098	0.097	0.104	0.101	0.098	0.049	0.100	0.101	0.103	0.098	0.106	0.093	0.101	0.094	0.100	0.101	0.098	0.104	0.099	0.095	0.047	0.097	0.102	0.094	0.104	0.099	0.108	0.101	0.099	0.092	0.095	0.100	0.099	0.095	0.106	0.094	0.099	0.092	0.096	0.109	0.102	0.099	0.098	0.102	0.105	0.094	0.100	0.096	0.105	0.102	0.101	0.099	0.102	0.101	0.102	0.102	0.104	0.104	0.110
4:00:05	23.9	0.146	0.174	0.145	0.170	0.176	0.183	0.178	0.169	0.168	0.159	0.154	0.191	0.154	0.169	0.153	0.174	0.166	0.170	0.169	0.159	0.166	0.146	0.160	0.161	0.169	0.175	0.164	0.171	0.158	0.176	0.170	0.173	0.173	0.164	0.166	0.169	0.159	0.162	0.149	0.155	0.161	0.169	0.049	0.159	0.158	0.161	0.164	0.183	0.153	0.163	0.165	0.154	0.158	0.162	0.158	0.154	0.150	0.047	0.155	0.162	0.146	0.171	0.158	0.163	0.163	0.143	0.141	0.141	0.152	0.145	0.145	0.166	0.153	0.156	0.149	0.160	0.158	0.160	0.159	0.149	0.153	0.150	0.140	0.137	0.140	0.160	0.161	0.156	0.156	0.160	0.162	0.147	0.158	0.156	0.152	0.167
5:00:06	23.8	0.182	0.218	0.204	0.216	0.223	0.219	0.231	0.219	0.198	0.193	0.194	0.220	0.183	0.205	0.203	0.220	0.207	0.208	0.208	0.191	0.219	0.179	0.218	0.207	0.201	0.220	0.216	0.221	0.218	0.215	0.209	0.226	0.204	0.204	0.194	0.207	0.201	0.204	0.198	0.205	0.207	0.214	0.050	0.197	0.202	0.194	0.213	0.206	0.201	0.195	0.206	0.195	0.204	0.197	0.216	0.206	0.192	0.049	0.192	0.192	0.178	0.226	0.194	0.208	0.202	0.191	0.189	0.185	0.185	0.187	0.186	0.201	0.188	0.225	0.202	0.216	0.204	0.218	0.205	0.200	0.204	0.197	0.181	0.188	0.170	0.211	0.225	0.211	0.212	0.218	0.214	0.206	0.199	0.198	0.192	0.193
6:00:06	23.6	0.201	0.227	0.255	0.265	0.268	0.225	0.265	0.270	0.234	0.236	0.224	0.256	0.213	0.239	0.226	0.249	0.243	0.243	0.233	0.220	0.256	0.203	0.277	0.231	0.246	0.258	0.256	0.266	0.272	0.274	0.256	0.250	0.245	0.264	0.238	0.249	0.249	0.232	0.246	0.251	0.258	0.256	0.050	0.231	0.234	0.234	0.246	0.236	0.245	0.240	0.246	0.245	0.248	0.228	0.254	0.244	0.236	0.049	0.228	0.230	0.230	0.270	0.237	0.250	0.235	0.228	0.243	0.235	0.213	0.224	0.221	0.227	0.247	0.272	0.253	0.269	0.262	0.271	0.276	0.268	0.239	0.236	0.216	0.231	0.217	0.241	0.284	0.252	0.260	0.253	0.245	0.240	0.221	0.244	0.235	0.225
7:00:08	23.3	0.231	0.252	0.281	0.285	0.296	0.260	0.294	0.290	0.267	0.254	0.249	0.283	0.240	0.260	0.248	0.269	0.271	0.267	0.261	0.250	0.290	0.232	0.294	0.266	0.269	0.278	0.278	0.279	0.284	0.285	0.277	0.284	0.279	0.287	0.261	0.281	0.282	0.264	0.287	0.277	0.280	0.297	0.050	0.266	0.268	0.258	0.271	0.272	0.276	0.264	0.274	0.254	0.265	0.269	0.280	0.260	0.271	0.050	0.245	0.268	0.253	0.310	0.267	0.290	0.278	0.252	0.277	0.264	0.248	0.254	0.247	0.267	0.282	0.310	0.306	0.325	0.311	0.314	0.312	0.301	0.274	0.273	0.258	0.258	0.250	0.265	0.307	0.280	0.278	0.281	0.273	0.271	0.258	0.275	0.259	0.256
8:00:09	23.0	0.261	0.287	0.305	0.317	0.315	0.295	0.329	0.309	0.302	0.295	0.302	0.308	0.282	0.286	0.280	0.287	0.302	0.287	0.280	0.280	0.314	0.280	0.323	0.303	0.291	0.301	0.298	0.309	0.305	0.306	0.299	0.308	0.297	0.313	0.295	0.307	0.300	0.293	0.301	0.307	0.297	0.312	0.050	0.303	0.301	0.292	0.306	0.307	0.301	0.298	0.292	0.286	0.295	0.305	0.296	0.292	0.299	0.050	0.289	0.302	0.281	0.330	0.297	0.316	0.296	0.284	0.302	0.290	0.287	0.286	0.279	0.298	0.311	0.322	0.329	0.330	0.324	0.320	0.321	0.320	0.297	0.298	0.289	0.292	0.276	0.301	0.326	0.308	0.308	0.313	0.306	0.300	0.296	0.300	0.292	0.298
9:00:11	22.7	0.303	0.332	0.333	0.343	0.331	0.342	0.366	0.337	0.325	0.337	0.341	0.338	0.331	0.341	0.328	0.341	0.336	0.342	0.324	0.325	0.343	0.331	0.345	0.337	0.331	0.344	0.337	0.371	0.345	0.344	0.349	0.362	0.336	0.314	0.328	0.332	0.330	0.334	0.323	0.348	0.340	0.345	0.050	0.342	0.330	0.330	0.330	0.336	0.335	0.329	0.318	0.327	0.333	0.341	0.354	0.337	0.327	0.050	0.324	0.333	0.314	0.346	0.335	0.363	0.347	0.327	0.331	0.309	0.327	0.329	0.317	0.336	0.340	0.344	0.350	0.353	0.344	0.354	0.344	0.341	0.328	0.336	0.319	0.330	0.311	0.338	0.347	0.338	0.336	0.339	0.336	0.340	0.324	0.331	0.323	0.355
10:00:11	22.7	0.358	0.398	0.403	0.426	0.399	0.434	0.465	0.414	0.394	0.412	0.417	0.405	0.390	0.409	0.390	0.415	0.399	0.407	0.400	0.385	0.412	0.398	0.399	0.412	0.400	0.400	0.401	0.438	0.407	0.405	0.418	0.429	0.407	0.364	0.398	0.408	0.386	0.405	0.358	0.418	0.401	0.394	0.051	0.418	0.387	0.394	0.388	0.406	0.384	0.402	0.380	0.394	0.395	0.414	0.425	0.411	0.399	0.051	0.391	0.397	0.380	0.398	0.392	0.432	0.412	0.386	0.392	0.337	0.390	0.388	0.382	0.415	0.384	0.396	0.395	0.406	0.362	0.416	0.396	0.386	0.389	0.397	0.381	0.405	0.367	0.406	0.401	0.402	0.398	0.404	0.404	0.402	0.394	0.406	0.406	0.436
11:00:12	22.8	0.416	0.490	0.515	0.531	0.490	0.541	0.582	0.525	0.488	0.519	0.525	0.511	0.488	0.501	0.483	0.517	0.490	0.490	0.496	0.479	0.519	0.492	0.501	0.493	0.493	0.490	0.496	0.549	0.504	0.497	0.526	0.540	0.505	0.442	0.506	0.511	0.478	0.496	0.435	0.526	0.494	0.491	0.051	0.517	0.477	0.485	0.484	0.508	0.474	0.487	0.458	0.478	0.481	0.516	0.520	0.511	0.496	0.051	0.487	0.490	0.470	0.491	0.482	0.540	0.495	0.475	0.472	0.391	0.481	0.482	0.492	0.517	0.478	0.495	0.482	0.495	0.422	0.523	0.500	0.484	0.467	0.492	0.477	0.514	0.458	0.500	0.507	0.496	0.498	0.501	0.502	0.480	0.490	0.497	0.506	0.518
12:00:13	22.9	0.479	0.611	0.636	0.651	0.611	0.661	0.703	0.644	0.599	0.634	0.637	0.619	0.606	0.614	0.604	0.638	0.606	0.604	0.608	0.588	0.641	0.604	0.619	0.582	0.617	0.602	0.624	0.670	0.628	0.629	0.644	0.664	0.633	0.537	0.628	0.628	0.594	0.610	0.542	0.646	0.610	0.610	0.051	0.620	0.593	0.590	0.602	0.620	0.590	0.596	0.569	0.593	0.599	0.639	0.644	0.633	0.611	0.052	0.603	0.591	0.578	0.605	0.604	0.661	0.608	0.587	0.577	0.469	0.595	0.597	0.613	0.618	0.591	0.606	0.599	0.613	0.504	0.645	0.618	0.600	0.557	0.601	0.581	0.641	0.556	0.610	0.628	0.606	0.621	0.623	0.616	0.575	0.607	0.597	0.614	0.603
13:00:13	22.9	0.549	0.721	0.740	0.761	0.721	0.769	0.808	0.745	0.701	0.738	0.735	0.714	0.721	0.737	0.721	0.763	0.725	0.723	0.723	0.689	0.766	0.720	0.746	0.666	0.739	0.724	0.754	0.801	0.754	0.762	0.765	0.789	0.751	0.640	0.737	0.735	0.716	0.729	0.665	0.767	0.737	0.736	0.051	0.722	0.710	0.693	0.722	0.725	0.707	0.698	0.685	0.715	0.717	0.755	0.767	0.750	0.722	0.052	0.714	0.687	0.678	0.725	0.738	0.794	0.741	0.708	0.693	0.564	0.718	0.717	0.730	0.712	0.705	0.721	0.729	0.739	0.599	0.769	0.738	0.719	0.647	0.710	0.691	0.757	0.646	0.711	0.744	0.714	0.743	0.741	0.724	0.672	0.718	0.697	0.716	0.678
14:00:14	23.0	0.601	0.817	0.829	0.852	0.817	0.862	0.898	0.840	0.794	0.832	0.826	0.796	0.824	0.857	0.833	0.880	0.842	0.841	0.833	0.786	0.890	0.827	0.862	0.741	0.847	0.843	0.876	0.926	0.873	0.892	0.879	0.913	0.865	0.737	0.846	0.830	0.818	0.834	0.778	0.877	0.854	0.864	0.051	0.812	0.821	0.788	0.838	0.820	0.809	0.798	0.803	0.834	0.841	0.865	0.895	0.860	0.836	0.052	0.824	0.774	0.767	0.836	0.862	0.913	0.866	0.822	0.802	0.660	0.832	0.833	0.846	0.797	0.802	0.825	0.843	0.857	0.689	0.888	0.854	0.837	0.729	0.818	0.790	0.870	0.722	0.802	0.842	0.814	0.851	0.849	0.819	0.769	0.815	0.785	0.807	0.746
15:00:16	23.1	0.645	0.895	0.904	0.927	0.899	0.939	0.969	0.920	0.871	0.910	0.901	0.869	0.907	0.955	0.930	0.980	0.939	0.949	0.927	0.868	0.988	0.915	0.965	0.809	0.939	0.948	0.975	1.035	0.978	1.008	0.975	1.023	0.960	0.824	0.939	0.911	0.902	0.925	0.887	0.971	0.962	0.975	0.051	0.893	0.914	0.871	0.940	0.896	0.900	0.884	0.904	0.937	0.944	0.958	1.006	0.959	0.933	0.052	0.914	0.847	0.841	0.937	0.970	1.017	0.977	0.924	0.899	0.745	0.933	0.931	0.936	0.871	0.883	0.915	0.943	0.957	0.772	0.986	0.955	0.938	0.804	0.910	0.875	0.962	0.789	0.878	0.927	0.895	0.944	0.938	0.899	0.861	0.898	0.857	0.880	0.806
16:00:16	23.2	0.690	0.962	0.965	0.987	0.970	1.003	1.029	0.993	0.945	0.978	0.968	0.932	0.978	1.041	1.013	1.062	1.021	1.041	1.010	0.940	1.073	0.994	1.057	0.875	1.020	1.033	1.060	1.133	1.065	1.108	1.058	1.113	1.043	0.904	1.018	0.978	0.976	1.004	0.977	1.054	1.052	1.073	0.052	0.963	0.997	0.946	1.024	0.965	0.970	0.957	0.992	1.027	1.034	1.037	1.101	1.041	1.012	0.052	0.997	0.912	0.912	1.023	1.064	1.104	1.069	1.013	0.984	0.826	1.019	1.014	1.011	0.937	0.952	0.993	1.032	1.051	0.851	1.070	1.042	1.027	0.876	0.992	0.946	1.048	0.855	0.947	1.000	0.968	1.022	1.009	0.968	0.952	0.972	0.924	0.950	0.863
17:00:18	23.6	0.735	1.018	1.018	1.034	1.020	1.056	1.075	1.046	1.007	1.034	1.020	0.990	1.034	1.104	1.076	1.125	1.084	1.111	1.071	0.997	1.137	1.057	1.122	0.926	1.080	1.101	1.124	1.204	1.132	1.186	1.115	1.180	1.101	0.966	1.079	1.032	1.028	1.065	1.057	1.117	1.123	1.146	0.051	1.025	1.059	1.006	1.090	1.021	1.030	1.014	1.067	1.097	1.104	1.093	1.170	1.107	1.074	0.052	1.059	0.965	0.966	1.092	1.138	1.170	1.141	1.080	1.050	0.895	1.086	1.075	1.066	0.992	1.008	1.058	1.105	1.123	0.918	1.140	1.111	1.093	0.937	1.052	1.002	1.111	0.906	1.000	1.054	1.023	1.078	1.066	1.023	1.034	1.026	0.977	1.004	0.908
18:00:18	24.0	0.779	1.069	1.058	1.070	1.069	1.098	1.123	1.093	1.061	1.085	1.063	1.036	1.075	1.154	1.129	1.177	1.140	1.169	1.121	1.049	1.191	1.108	1.180	0.969	1.125	1.160	1.176	1.265	1.189	1.250	1.170	1.237	1.151	1.019	1.127	1.080	1.067	1.113	1.123	1.168	1.181	1.207	0.052	1.085	1.113	1.060	1.145	1.063	1.072	1.059	1.127	1.157	1.163	1.141	1.228	1.160	1.130	0.051	1.109	1.007	1.013	1.153	1.196	1.220	1.200	1.135	1.102	0.956	1.137	1.125	1.112	1.045	1.053	1.107	1.162	1.182	0.978	1.194	1.165	1.152	0.991	1.105	1.052	1.164	0.955	1.045	1.096	1.073	1.126	1.111	1.065	1.110	1.075	1.027	1.050	0.951
19:00:19	24.0	0.823	1.113	1.095	1.104	1.113	1.137	1.168	1.143	1.107	1.132	1.104	1.080	1.117	1.199	1.177	1.221	1.192	1.219	1.162	1.107	1.231	1.157	1.223	1.018	1.173	1.208	1.221	1.391	1.241	1.296	1.230	1.280	1.192	1.071	1.175	1.132	1.104	1.150	1.177	1.213	1.229	1.257	0.051	1.164	1.163	1.111	1.193	1.107	1.109	1.111	1.179	1.204	1.212	1.190	1.273	1.205	1.194	0.051	1.155	1.052	1.055	1.207	1.246	1.264	1.250	1.181	1.157	1.009	1.184	1.172	1.151	1.099	1.095	1.158	1.209	1.232	1.023	1.241	1.214	1.205	1.049	1.152	1.101	1.218	0.997	1.095	1.141	1.125	1.165	1.154	1.105	1.190	1.122	1.081	1.093	0.994
20:00:20	24.0	0.867	1.149	1.125	1.129	1.163	1.177	1.221	1.181	1.154	1.193	1.141	1.120	1.160	1.236	1.214	1.269	1.262	1.290	1.187	1.200	1.268	1.200	1.251	1.074	1.222	1.269	1.284	1.306	1.360	1.368	1.347	1.334	1.240	1.136	1.226	1.187	1.143	1.180	1.214	1.272	1.278	1.307	0.052	1.264	1.212	1.164	1.231	1.146	1.142	1.161	1.221	1.259	1.258	1.234	1.359	1.248	1.260	0.051	1.196	1.101	1.106	1.263	1.284	1.359	1.305	1.220	1.203	1.047	1.232	1.226	1.179	1.154	1.142	1.214	1.248	1.282	1.057	1.275	1.257	1.253	1.108	1.205	1.156	1.266	1.042	1.150	1.189	1.174	1.204	1.191	1.143	1.273	1.169	1.144	1.140	1.040
21:00:21	24.2	0.909	1.197	1.155	1.180	1.217	1.229	1.039	1.246	1.224	1.235	1.202	1.178	1.202	1.311	1.279	1.377	1.397	1.414	1.215	1.113	1.430	1.295	1.361	1.133	1.298	1.398	1.365	1.341	1.422	1.449	1.314	1.432	1.416	1.196	1.336	1.265	1.188	1.230	1.264	1.409	1.398	1.454	0.052	1.187	1.313	1.301	1.290	1.198	1.184	1.216	1.310	1.373	1.355	1.364	1.429	1.352	1.427	0.051	1.272	1.155	1.148	1.421	1.361	1.316	1.450	1.301	1.331	1.091	1.353	1.328	1.244	1.246	1.204	1.369	1.304	1.417	1.092	1.400	1.369	1.370	1.248	1.320	1.244	1.341	1.089	1.221	1.285	1.276	1.275	1.258	1.206	1.159	1.246	1.226	1.204	1.088
22:00:22	24.1	0.948	1.246	1.181	1.079	1.097	0.957	1.076	1.147	1.038	1.012	1.050	1.243	1.255	1.400	1.329	1.294	1.281	1.290	1.252	1.074	1.324	1.129	1.335	1.102	1.100	1.354	1.300	1.349	1.313	1.310	1.345	1.304	1.335	1.300	1.290	1.162	1.202	1.343	1.399	1.315	1.387	1.373	0.052	1.274	1.215	1.143	1.446	1.172	1.258	1.240	1.419	1.312	1.437	1.314	1.341	1.319	1.356	0.051	1.307	1.241	1.207	1.354	1.507	1.330	1.307	1.410	1.328	1.131	1.279	1.259	1.285	1.103	1.277	1.316	1.439	1.462	1.135	1.378	1.448	1.434	1.157	1.241	1.222	1.372	1.136	1.105	1.308	1.416	1.282	1.177	1.289	1.264	1.212	1.131	1.227	1.154
23:00:22	24.2	0.995	0.997	1.204	1.058	1.078	1.007	1.067	1.086	1.021	1.043	1.032	1.029	1.076	1.258	1.289	1.277	1.305	1.307	1.309	1.081	1.353	1.212	1.372	1.000	1.220	1.326	1.310	1.352	1.318	1.339	1.334	1.343	1.350	1.334	1.327	1.229	1.212	1.268	1.272	1.326	1.304	1.332	0.052	1.260	1.271	1.152	1.313	1.120	1.139	1.279	1.310	1.335	1.342	1.359	1.353	1.329	1.382	0.051	1.294	1.078	1.232	1.375	1.321	1.343	1.343	1.331	1.376	1.168	1.364	1.365	1.331	1.166	1.159	1.408	1.331	1.327	1.173	1.363	1.356	1.402	1.153	1.368	1.306	1.275	1.111	1.264	1.391	1.355	1.320	1.307	1.247	1.238	1.285	1.282	1.227	1.048
24:00:23	24.2	0.982	1.005	1.232	1.051	1.107	1.042	1.062	1.117	1.083	1.080	1.094	1.093	1.167	1.311	1.299	1.280	1.299	1.312	1.221	1.078	1.351	1.243	1.374	1.013	1.208	1.339	1.313	1.351	1.309	1.343	1.309	1.346	1.336	1.339	1.319	1.199	1.245	1.288	1.322	1.320	1.318	1.343	0.052	1.235	1.269	1.153	1.341	1.123	1.244	1.293	1.326	1.342	1.355	1.335	1.353	1.328	1.377	0.051	1.327	1.128	1.105	1.385	1.355	1.344	1.341	1.344	1.366	1.249	1.365	1.370	1.347	1.201	1.312	1.407	1.379	1.355	1.262	1.369	1.379	1.404	1.159	1.375	1.345	1.344	1.048	1.375	1.410	1.369	1.397	1.405	1.386	1.191	1.366	1.274	1.280	1.145
25:00:25	24.1	0.879	1.049	1.142	1.045	1.077	1.039	1.055	1.107	1.074	1.058	1.096	1.119	1.144	1.315	1.278	1.283	1.284	1.305	1.220	1.077	1.348	1.275	1.371	1.025	1.183	1.336	1.312	1.347	1.299	1.351	1.281	1.347	1.312	1.322	1.315	1.165	1.232	1.269	1.324	1.316	1.320	1.342	0.052	1.205	1.268	1.150	1.340	1.121	1.262	1.266	1.326	1.341	1.350	1.310	1.353	1.317	1.367	0.051	1.319	1.144	1.124	1.389	1.357	1.345	1.340	1.337	1.356	1.134	1.366	1.367	1.338	1.181	1.283	1.391	1.378	1.361	1.222	1.373	1.379	1.402	1.145	1.370	1.309	1.351	1.126	1.335	1.383	1.338	1.390	1.401	1.384	1.165	1.357	1.232	1.279	1.128
26:00:26	24.2	0.882	1.034	1.077	1.044	1.062	1.015	1.071	1.097	1.090	1.070	1.077	1.071	1.124	1.327	1.274	1.279	1.266	1.309	1.268	1.084	1.336	1.246	1.369	1.015	1.114	1.343	1.316	1.350	1.294	1.352	1.258	1.347	1.295	1.308	1.296	1.151	1.171	1.254	1.330	1.319	1.327	1.346	0.052	1.194	1.276	1.156	1.342	1.105	1.233	1.237	1.329	1.342	1.345	1.301	1.357	1.316	1.362	0.052	1.312	1.114	1.103	1.390	1.357	1.345	1.341	1.327	1.340	1.296	1.366	1.366	1.332	1.151	1.253	1.374	1.378	1.367	1.372	1.376	1.382	1.397	1.129	1.369	1.283	1.355	1.092	1.320	1.358	1.301	1.379	1.397	1.354	1.131	1.352	1.194	1.250	1.090
27:00:27	24.2	0.847	0.983	1.077	1.032	1.023	0.997	1.070	1.075	1.063	1.055	1.042	1.050	1.081	1.296	1.241	1.260	1.229	1.297	1.277	1.067	1.322	1.187	1.354	1.008	1.068	1.329	1.290	1.342	1.264	1.359	1.226	1.346	1.258	1.275	1.263	1.121	1.129	1.202	1.325	1.299	1.326	1.344	0.052	1.154	1.259	1.153	1.330	1.092	1.189	1.185	1.319	1.329	1.331	1.274	1.353	1.310	1.340	0.051	1.291	1.090	1.088	1.385	1.359	1.341	1.342	1.314	1.316	1.269	1.358	1.351	1.312	1.123	1.204	1.347	1.374	1.369	1.350	1.376	1.378	1.390	1.096	1.351	1.260	1.290	1.049	1.279	1.305	1.264	1.372	1.369	1.319	1.105	1.329	1.161	1.211	1.050
28:00:28	24.2	0.835	0.954	1.085	1.038	1.006	0.976	1.069	1.057	1.040	1.034	1.016	1.023	1.050	1.262	1.227	1.234	1.209	1.281	1.280	1.041	1.304	1.120	1.337	1.003	1.047	1.311	1.252	1.333	1.259	1.357	1.213	1.344	1.241	1.267	1.201	1.101	1.079	1.154	1.326	1.296	1.327	1.340	0.052	1.143	1.261	1.167	1.321	1.081	1.146	1.159	1.313	1.305	1.308	1.262	1.336	1.298	1.327	0.051	1.271	1.077	1.067	1.374	1.357	1.338	1.344	1.306	1.296	1.241	1.318	1.316	1.273	1.100	1.197	1.324	1.366	1.365	1.319	1.372	1.367	1.383	1.060	1.315	1.234	1.236	0.989	1.244	1.291	1.236	1.375	1.363	1.292	1.085	1.304	1.134	1.187	1.020
29:00:29	24.0	0.817	0.944	1.014	1.070	1.012	0.966	1.046	1.156	1.022	1.001	0.993	1.010	1.043	1.223	1.202	1.202	1.188	1.254	1.262	1.007	1.283	1.083	1.323	0.998	1.024	1.281	1.214	1.307	1.245	1.354	1.191	1.334	1.231	1.244	1.163	1.075	1.043	1.114	1.329	1.282	1.324	1.338	0.052	1.123	1.245	1.164	1.300	1.068	1.113	1.120	1.294	1.283	1.290	1.249	1.309	1.273	1.315	0.050	1.251	1.063	1.048	1.368	1.351	1.324	1.339	1.296	1.270	1.243	1.295	1.281	1.243	1.071	1.166	1.297	1.356	1.364	1.296	1.361	1.354	1.370	1.037	1.295	1.200	1.160	0.962	1.230	1.267	1.209	1.355	1.331	1.257	1.067	1.288	1.112	1.163	0.999
30:00:30	23.7	0.801	0.930	0.998	1.055	1.004	0.945	1.013	1.176	1.059	1.001	0.985	1.000	1.030	1.190	1.201	1.173	1.192	1.228	1.249	0.971	1.270	1.056	1.311	0.991	1.006	1.258	1.204	1.297	1.258	1.349	1.178	1.328	1.234	1.222	1.138	1.058	1.017	1.088	1.332	1.252	1.320	1.342	0.052	1.112	1.244	1.167	1.301	1.052	1.091	1.097	1.289	1.254	1.278	1.237	1.288	1.264	1.314	0.050	1.221	1.048	1.039	1.364	1.345	1.327	1.333	1.294	1.248	1.234	1.280	1.259	1.217	1.055	1.123	1.282	1.351	1.363	1.266	1.363	1.352	1.362	1.038	1.274	1.146	1.083	0.948	1.167	1.244	1.196	1.326	1.304	1.231	1.054	1.246	1.091	1.139	0.985
31:00:30	23.5	0.782	0.946	0.982	1.018	1.086	0.929	0.991	1.156	1.077	1.042	1.004	0.992	1.016	1.132	1.165	1.143	1.160	1.184	1.199	0.966	1.226	1.018	1.274	0.984	0.979	1.190	1.163	1.280	1.226	1.331	1.140	1.304	1.206	1.181	1.100	1.042	0.995	1.035	1.325	1.188	1.291	1.331	0.052	1.087	1.197	1.161	1.278	1.030	1.056	1.067	1.227	1.216	1.254	1.202	1.257	1.209	1.288	0.050	1.231	1.036	1.014	1.349	1.323	1.290	1.310	1.266	1.214	1.199	1.247	1.217	1.179	1.033	1.086	1.242	1.324	1.352	1.227	1.351	1.335	1.341	1.014	1.246	1.117	1.065	0.942	1.130	1.175	1.153	1.310	1.268	1.188	1.040	1.197	1.070	1.080	0.971
32:00:30	23.3	0.766	1.012	0.983	1.017	1.029	0.926	0.967	1.126	1.060	1.023	1.029	0.979	1.020	1.114	1.153	1.118	1.146	1.140	1.163	0.978	1.213	0.992	1.253	0.977	0.967	1.160	1.132	1.254	1.220	1.316	1.116	1.271	1.185	1.163	1.103	1.025	0.987	1.006	1.319	1.133	1.253	1.330	0.051	1.070	1.129	1.134	1.258	1.009	1.034	1.056	1.192	1.188	1.238	1.155	1.222	1.165	1.267	0.050	1.186	1.013	0.989	1.323	1.303	1.276	1.292	1.253	1.188	1.164	1.219	1.173	1.137	1.028	1.077	1.218	1.305	1.345	1.188	1.345	1.313	1.315	1.003	1.200	1.087	1.021	0.932	1.087	1.147	1.108	1.286	1.213	1.157	1.024	1.138	1.049	1.037	0.958
33:00:32	23.1	0.755	0.968	0.994	0.998	1.016	0.942	0.949	1.096	1.042	0.997	0.990	0.969	1.016	1.079	1.110	1.097	1.121	1.100	1.119	1.021	1.197	0.960	1.251	0.974	0.961	1.115	1.096	1.239	1.185	1.273	1.096	1.249	1.158	1.149	1.066	1.014	0.959	0.979	1.293	1.089	1.225	1.321	0.052	1.055	1.105	1.088	1.238	1.022	1.023	1.039	1.143	1.152	1.213	1.152	1.190	1.116	1.230	0.050	1.131	1.001	0.977	1.309	1.276	1.242	1.264	1.230	1.165	1.134	1.203	1.149	1.111	0.993	1.056	1.198	1.284	1.330	1.158	1.328	1.286	1.287	1.000	1.194	1.072	1.001	0.920	1.073	1.126	1.084	1.254	1.163	1.112	1.013	1.111	1.034	1.024	0.948
34:00:33	22.8	0.744	0.959	0.994	1.028	0.992	0.975	0.942	1.062	1.008	0.979	0.970	0.962	1.016	1.051	1.093	1.055	1.099	1.074	1.083	1.005	1.172	0.932	1.230	0.972	0.959	1.098	1.071	1.205	1.167	1.262	1.064	1.225	1.135	1.136	1.044	1.003	0.955	0.962	1.273	1.070	1.195	1.312	0.052	1.041	1.102	1.055	1.163	0.995	1.010	1.031	1.106	1.127	1.204	1.119	1.176	1.083	1.211	0.049	1.097	0.989	0.968	1.291	1.252	1.240	1.246	1.210	1.142	1.115	1.169	1.101	1.086	0.990	1.049	1.193	1.266	1.317	1.143	1.314	1.268	1.273	0.992	1.124	1.060	0.985	0.913	1.075	1.101	1.054	1.195	1.132	1.078	1.003	1.087	1.021	1.008	0.939
35:00:33	22.6	0.736	0.958	0.978	1.001	0.979	0.922	0.935	1.054	1.016	0.955	0.954	0.954	0.992	1.034	1.061	1.032	1.091	1.046	1.069	0.984	1.154	0.924	1.210	0.964	0.950	1.064	1.057	1.174	1.133	1.245	1.078	1.196	1.117	1.119	1.014	0.991	0.938	0.949	1.255	1.051	1.170	1.287	0.052	1.024	1.071	1.030	1.156	0.984	1.009	1.015	1.065	1.099	1.179	1.089	1.143	1.058	1.182	0.050	1.053	0.981	0.960	1.268	1.213	1.211	1.224	1.185	1.119	1.090	1.145	1.181	1.067	0.975	1.042	1.183	1.235	1.305	1.107	1.290	1.239	1.252	0.992	1.072	1.033	0.971	0.904	1.059	1.049	1.033	1.126	1.146	1.040	0.994	1.083	1.007	0.996	0.929
36:00:35	22.7	0.727	0.947	0.957	0.987	0.981	0.923	0.916	1.031	1.011	0.950	0.954	0.946	0.974	1.006	1.034	1.011	1.088	1.006	1.031	0.973	1.138	0.923	1.189	0.955	0.961	1.023	1.034	1.165	1.099	1.217	1.079	1.174	1.111	1.104	1.000	0.980	0.927	0.933	1.213	1.034	1.128	1.277	0.052	1.011	1.040	1.008	1.081	0.973	1.012	1.005	1.049	1.071	1.157	1.056	1.107	1.042	1.156	0.050	1.037	0.973	0.952	1.247	1.176	1.155	1.203	1.180	1.090	1.057	1.114	1.146	1.036	0.965	1.049	1.155	1.215	1.291	1.085	1.262	1.223	1.218	0.984	1.036	1.025	0.963	0.896	1.058	1.051	1.019	1.101	1.110	1.018	0.988	1.075	0.996	0.988	0.923
37:00:35	22.8	0.722	0.940	0.930	0.962	0.979	0.900	0.914	1.017	0.997	0.938	0.947	0.940	0.952	1.015	1.035	0.998	1.067	0.992	1.006	0.965	1.091	1.008	1.155	0.949	0.942	1.013	1.029	1.154	1.065	1.189	1.032	1.161	1.080	1.089	0.990	0.969	0.928	0.921	1.174	1.018	1.100	1.252	0.052	0.998	1.018	1.008	1.108	0.969	0.964	1.002	1.034	1.035	1.122	1.038	1.096	1.031	1.137	0.051	1.018	0.967	0.943	1.225	1.149	1.143	1.186	1.140	1.055	1.026	1.094	1.106	1.006	0.957	1.003	1.128	1.192	1.267	1.050	1.244	1.189	1.196	0.981	1.041	1.012	0.955	0.886	1.048	1.035	1.006	1.057	1.077	0.995	0.981	1.052	0.986	0.977	0.916
38:00:37	22.9	0.719	0.933	0.933	0.954	0.968	0.896	0.900	1.001	0.971	0.927	0.940	0.934	0.936	1.025	1.049	0.992	1.061	0.971	0.977	0.937	1.070	1.010	1.132	0.944	0.948	1.009	1.018	1.111	1.051	1.180	1.026	1.123	1.061	1.068	0.978	0.960	0.920	0.925	1.156	1.006	1.083	1.225	0.052	0.985	1.012	0.994	1.072	0.962	0.955	0.994	1.008	1.009	1.116	1.027	1.097	1.020	1.118	0.051	0.998	0.958	0.933	1.217	1.119	1.087	1.172	1.122	1.031	1.004	1.078	1.068	1.000	0.954	0.991	1.109	1.176	1.250	1.025	1.216	1.163	1.171	0.976	1.030	1.002	0.950	0.879	1.013	1.036	0.995	1.068	1.062	0.981	0.974	1.030	0.973	0.969	0.908
39:00:38	23.0	0.714	0.927	0.948	0.944	0.956	0.887	0.891	0.990	0.970	0.920	0.926	0.927	0.926	0.999	1.027	0.979	1.036	0.972	0.961	0.925	1.060	1.022	1.119	0.937	0.937	0.992	1.003	1.090	1.036	1.166	1.000	1.093	1.031	1.051	0.968	0.950	0.901	0.913	1.142	0.988	1.084	1.204	0.052	0.974	0.997	0.980	1.063	0.954	0.949	0.982	0.998	0.990	1.088	1.011	1.057	0.999	1.102	0.053	0.979	0.949	0.924	1.188	1.095	1.062	1.161	1.137	1.008	0.976	1.069	1.042	0.982	0.943	0.967	1.096	1.159	1.228	1.004	1.208	1.135	1.158	0.973	1.030	0.986	0.940	0.869	0.975	1.012	0.976	1.026	1.066	0.960	0.966	1.008	0.964	0.961	0.898
40:00:39	23.2	0.708	0.912	0.929	0.950	0.943	0.876	0.877	0.973	0.945	0.917	0.919	0.918	0.915	0.978	1.027	0.975	1.010	0.980	0.949	0.901	1.034	1.000	1.077	0.930	0.930	0.985	0.986	1.071	1.015	1.140	0.980	1.071	1.010	1.029	0.959	0.942	0.880	0.893	1.101	0.972	1.068	1.179	0.052	0.963	0.982	0.969	1.021	0.943	0.941	0.970	0.981	0.980	1.117	0.995	1.055	0.981	1.073	0.054	0.963	0.941	0.915	1.142	1.079	1.026	1.131	1.110	0.982	0.952	1.055	0.991	0.965	0.942	0.967	1.063	1.108	1.198	0.978	1.178	1.104	1.129	0.967	0.983	0.971	0.928	0.863	0.975	0.984	0.963	0.987	1.000	0.947	0.959	0.990	0.955	0.954	0.888
41:00:40	23.6	0.701	0.902	0.901	0.930	0.933	0.860	0.869	0.953	0.936	0.900	0.910	0.908	0.915	0.940	1.013	0.996	0.993	0.957	0.930	0.887	1.012	1.014	1.058	0.922	0.916	0.966	0.972	1.059	1.006	1.104	0.961	1.042	0.986	1.008	0.934	0.931	0.878	0.891	1.087	0.958	1.065	1.140	0.052	0.952	0.976	0.958	1.018	0.940	0.927	0.945	0.976	1.040	1.142	0.984	1.021	0.969	1.054	0.056	0.950	0.933	0.907	1.129	1.051	1.008	1.134	1.104	0.957	0.932	1.034	0.975	0.951	0.930	0.950	1.049	1.075	1.180	0.962	1.152	1.071	1.103	0.958	0.964	0.964	0.922	0.854	0.930	0.998	0.952	0.978	0.996	0.937	0.952	0.985	0.945	0.945	0.879
42:00:39	23.8	0.697	0.895	0.906	0.941	0.910	0.857	0.861	0.965	0.935	0.891	0.897	0.897	0.906	0.931	0.984	0.965	0.974	0.980	0.932	0.873	0.994	0.986	1.060	0.914	0.898	0.959	0.955	1.030	0.991	1.086	0.939	1.040	0.969	0.985	0.930	0.922	0.867	0.879	1.062	0.946	1.014	1.121	0.052	0.940	0.966	0.948	0.972	0.925	0.914	0.929	0.970	0.971	1.142	0.964	0.977	0.952	1.031	0.060	0.941	0.925	0.896	1.105	1.025	0.993	1.093	1.067	0.935	0.915	1.012	0.957	0.942	0.923	0.937	1.038	1.061	1.149	0.941	1.128	1.056	1.085	0.952	0.963	0.952	0.912	0.844	0.910	0.978	0.939	0.965	0.989	0.923	0.943	0.960	0.935	0.937	0.870
43:00:41	23.8	0.691	0.884	0.889	0.919	0.916	0.842	0.856	0.934	0.936	0.887	0.890	0.889	0.900	0.921	0.960	0.932	0.959	0.991	0.922	0.857	0.987	0.979	1.092	0.909	0.889	0.951	0.941	1.035	0.985	1.039	0.925	1.038	0.960	0.972	0.920	0.915	0.868	0.877	1.069	0.934	0.998	1.093	0.052	0.933	0.965	0.945	0.987	0.922	0.916	0.923	0.957	0.935	1.089	0.952	0.958	0.939	1.010	0.066	0.934	0.918	0.888	1.082	0.999	0.977	1.094	0.999	0.912	0.902	1.010	0.950	0.932	0.918	0.917	0.997	1.045	1.147	0.917	1.080	1.037	1.059	0.943	0.955	0.941	0.906	0.839	0.903	0.953	0.926	0.959	0.942	0.911	0.936	0.944	0.923	0.926	0.863
44:00:42	23.8	0.695	0.876	0.888	0.894	0.906	0.831	0.845	0.913	0.920	0.875	0.877	0.880	0.889	0.905	0.944	0.913	0.941	0.999	0.918	0.843	0.961	0.951	1.063	0.899	0.875	0.930	0.923	0.979	0.964	1.007	0.912	1.026	0.931	0.952	0.904	0.903	0.846	0.857	1.020	0.919	0.970	1.052	0.052	0.921	0.936	0.932	0.946	0.913	0.896	0.906	0.938	0.926	1.040	0.933	0.933	0.924	0.984	0.074	0.918	0.907	0.878	1.063	0.982	0.950	1.037	0.970	0.888	0.883	0.985	0.940	0.919	0.908	0.913	0.988	0.998	1.076	0.902	1.053	1.005	1.034	0.935	0.943	0.930	0.891	0.828	0.881	0.936	0.918	0.916	0.926	0.898	0.926	0.931	0.915	0.919	0.853
45:00:43	23.6	0.683	0.864	0.867	0.882	0.899	0.818	0.832	0.911	0.912	0.871	0.868	0.870	0.884	0.895	0.925	0.921	0.930	0.965	0.902	0.827	0.955	0.941	1.012	0.892	0.869	0.926	0.914	0.976	0.946	1.005	0.900	1.007	0.927	0.936	0.895	0.897	0.844	0.858	1.005	0.911	0.949	1.018	0.052	0.912	0.928	0.926	0.945	0.904	0.894	0.882	0.924	0.911	0.985	0.920	0.917	0.911	0.965	0.085	0.913	0.900	0.868	1.004	0.959	0.935	1.029	0.958	0.871	0.866	0.972	0.929	0.912	0.901	0.891	0.962	0.990	1.085	0.881	1.038	0.981	1.009	0.926	0.912	0.921	0.886	0.806	0.875	0.927	0.905	0.953	0.924	0.884	0.920	0.924	0.905	0.908	0.841
46:00:44	23.6	0.688	0.854	0.847	0.883	0.866	0.806	0.804	0.877	0.906	0.857	0.860	0.858	0.883	0.879	0.904	0.917	0.913	0.942	0.891	0.814	0.935	0.924	0.994	0.883	0.860	0.910	0.903	0.949	0.927	1.005	0.885	0.977	0.906	0.921	0.884	0.888	0.834	0.841	0.981	0.899	0.936	0.995	0.052	0.901	0.917	0.913	0.920	0.897	0.874	0.872	0.910	0.907	0.961	0.907	0.900	0.898	0.945	0.099	0.901	0.889	0.857	1.005	0.939	0.914	1.003	0.945	0.852	0.853	0.947	0.914	0.902	0.895	0.888	0.962	0.956	1.047	0.867	1.003	0.957	0.990	0.918	0.901	0.906	0.876	0.794	0.859	0.922	0.894	0.955	0.902	0.869	0.912	0.904	0.893	0.901	0.827
47:00:45	23.6	0.681	0.848	0.831	0.888	0.874	0.795	0.800	0.873	0.881	0.846	0.849	0.849	0.876	0.866	0.891	0.887	0.899	0.909	0.880	0.802	0.916	0.889	0.955	0.880	0.852	0.894	0.890	0.921	0.908	0.988	0.874	0.968	0.891	0.905	0.867	0.880	0.827	0.830	0.958	0.886	0.914	0.983	0.052	0.891	0.904	0.908	0.908	0.893	0.868	0.857	0.893	0.888	0.942	0.893	0.892	0.884	0.925	0.113	0.894	0.882	0.849	0.971	0.923	0.899	0.983	0.927	0.833	0.837	0.946	0.900	0.892	0.885	0.874	0.953	0.926	1.014	0.848	0.973	0.934	0.968	0.911	0.900	0.899	0.869	0.781	0.848	0.906	0.883	0.922	0.874	0.857	0.904	0.891	0.884	0.892	0.815
48:00:45	23.5	0.677	0.840	0.828	0.847	0.846	0.783	0.789	0.854	0.877	0.844	0.842	0.837	0.862	0.855	0.870	0.867	0.885	0.888	0.867	0.785	0.894	0.868	0.925	0.870	0.842	0.885	0.878	0.905	0.887	0.977	0.861	0.946	0.874	0.891	0.858	0.871	0.817	0.813	0.940	0.874	0.899	0.964	0.052	0.879	0.889	0.897	0.894	0.882	0.863	0.841	0.881	0.875	0.922	0.880	0.882	0.870	0.908	0.126	0.884	0.871	0.837	0.934	0.904	0.884	0.950	0.904	0.814	0.821	0.928	0.895	0.881	0.877	0.860	0.928	0.912	0.987	0.824	0.949	0.911	0.947	0.903	0.892	0.887	0.857	0.771	0.826	0.890	0.871	0.927	0.859	0.841	0.894	0.881	0.871	0.882	0.800
49:00:47	23.5	0.669	0.830	0.809	0.837	0.839	0.775	0.780	0.852	0.862	0.827	0.828	0.826	0.853	0.839	0.852	0.855	0.870	0.867	0.851	0.768	0.875	0.846	0.902	0.859	0.835	0.867	0.865	0.889	0.871	0.953	0.849	0.930	0.858	0.877	0.850	0.863	0.808	0.798	0.914	0.861	0.882	0.939	0.052	0.870	0.877	0.890	0.870	0.872	0.857	0.826	0.868	0.859	0.903	0.865	0.870	0.860	0.889	0.138	0.876	0.864	0.827	0.912	0.888	0.873	0.922	0.884	0.796	0.805	0.909	0.877	0.868	0.873	0.844	0.918	0.883	0.956	0.805	0.926	0.892	0.925	0.893	0.883	0.878	0.848	0.764	0.813	0.875	0.860	0.894	0.851	0.827	0.886	0.865	0.861	0.870	0.788
50:00:47	23.6	0.664	0.819	0.791	0.816	0.828	0.766	0.774	0.829	0.854	0.824	0.820	0.814	0.842	0.826	0.831	0.836	0.855	0.847	0.836	0.755	0.854	0.831	0.882	0.846	0.822	0.853	0.850	0.880	0.854	0.936	0.837	0.903	0.843	0.863	0.839	0.851	0.798	0.785	0.891	0.849	0.867	0.920	0.052	0.858	0.865	0.879	0.858	0.861	0.845	0.813	0.854	0.844	0.884	0.854	0.857	0.846	0.872	0.148	0.863	0.853	0.817	0.902	0.872	0.857	0.905	0.866	0.778	0.791	0.897	0.862	0.860	0.861	0.837	0.906	0.866	0.928	0.790	0.901	0.872	0.900	0.882	0.862	0.868	0.839	0.754	0.808	0.863	0.844	0.886	0.831	0.816	0.877	0.851	0.850	0.860	0.772
51:00:49	23.8	0.650	0.808	0.782	0.822	0.822	0.755	0.758	0.817	0.846	0.805	0.808	0.800	0.830	0.814	0.815	0.824	0.838	0.820	0.822	0.739	0.838	0.817	0.860	0.836	0.814	0.840	0.836	0.862	0.838	0.911	0.824	0.885	0.824	0.850	0.828	0.842	0.790	0.771	0.869	0.836	0.848	0.900	0.052	0.848	0.855	0.871	0.846	0.852	0.835	0.799	0.839	0.829	0.863	0.841	0.843	0.834	0.859	0.158	0.854	0.843	0.805	0.853	0.850	0.839	0.877	0.849	0.761	0.775	0.877	0.852	0.849	0.848	0.821	0.891	0.849	0.904	0.775	0.883	0.850	0.883	0.874	0.845	0.853	0.831	0.742	0.793	0.842	0.830	0.835	0.817	0.801	0.868	0.838	0.840	0.851	0.758
52:00:50	24.0	0.641	0.796	0.767	0.818	0.805	0.740	0.747	0.803	0.828	0.798	0.798	0.792	0.819	0.799	0.798	0.811	0.822	0.798	0.806	0.723	0.816	0.801	0.842	0.824	0.804	0.825	0.823	0.842	0.822	0.886	0.810	0.861	0.809	0.836	0.813	0.828	0.780	0.759	0.846	0.825	0.834	0.876	0.052	0.838	0.843	0.858	0.827	0.841	0.824	0.784	0.825	0.813	0.844	0.826	0.828	0.821	0.842	0.167	0.844	0.834	0.794	0.854	0.835	0.829	0.856	0.836	0.744	0.759	0.857	0.843	0.839	0.838	0.812	0.868	0.830	0.870	0.759	0.858	0.832	0.859	0.861	0.828	0.843	0.818	0.729	0.776	0.835	0.819	0.822	0.804	0.786	0.858	0.820	0.829	0.840	0.743
53:00:50	23.9	0.626	0.786	0.760	0.812	0.792	0.727	0.739	0.790	0.826	0.794	0.786	0.778	0.808	0.791	0.785	0.804	0.812	0.784	0.793	0.710	0.801	0.788	0.832	0.811	0.795	0.817	0.815	0.838	0.810	0.869	0.800	0.845	0.797	0.826	0.804	0.817	0.768	0.742	0.834	0.815	0.823	0.863	0.052	0.828	0.836	0.852	0.818	0.832	0.810	0.772	0.813	0.800	0.830	0.817	0.816	0.810	0.829	0.176	0.834	0.825	0.786	0.819	0.819	0.818	0.833	0.826	0.731	0.746	0.840	0.836	0.827	0.832	0.797	0.857	0.822	0.863	0.745	0.835	0.816	0.843	0.852	0.824	0.834	0.809	0.718	0.756	0.813	0.806	0.797	0.794	0.772	0.848	0.813	0.816	0.830	0.729
54:00:51	23.7	0.617	0.775	0.749	0.800	0.779	0.716	0.728	0.778	0.806	0.786	0.776	0.766	0.796	0.780	0.775	0.791	0.797	0.774	0.781	0.699	0.783	0.780	0.817	0.800	0.788	0.805	0.804	0.816	0.800	0.847	0.790	0.831	0.787	0.814	0.789	0.807	0.755	0.731	0.820	0.805	0.810	0.841	0.052	0.817	0.826	0.845	0.806	0.823	0.797	0.761	0.803	0.790	0.815	0.806	0.805	0.797	0.819	0.185	0.823	0.814	0.777	0.817	0.806	0.806	0.821	0.815	0.717	0.736	0.827	0.823	0.815	0.821	0.782	0.836	0.799	0.830	0.731	0.815	0.805	0.827	0.842	0.813	0.825	0.796	0.706	0.744	0.791	0.794	0.786	0.775	0.761	0.840	0.800	0.805	0.820	0.715
55:00:52	23.5	0.599	0.766	0.723	0.782	0.769	0.702	0.718	0.768	0.796	0.765	0.765	0.753	0.784	0.772	0.763	0.778	0.786	0.766	0.770	0.688	0.772	0.769	0.804	0.785	0.776	0.795	0.794	0.812	0.789	0.832	0.781	0.816	0.776	0.803	0.784	0.794	0.742	0.717	0.810	0.795	0.797	0.823	0.052	0.808	0.817	0.835	0.798	0.813	0.785	0.750	0.792	0.779	0.802	0.796	0.795	0.786	0.802	0.183	0.816	0.803	0.767	0.793	0.793	0.799	0.800	0.802	0.705	0.724	0.812	0.817	0.806	0.814	0.763	0.858	0.785	0.824	0.721	0.791	0.789	0.814	0.832	0.801	0.812	0.785	0.694	0.727	0.786	0.782	0.777	0.764	0.750	0.829	0.794	0.793	0.812	0.703
56:00:52	23.3	0.583	0.755	0.705	0.766	0.761	0.689	0.702	0.749	0.789	0.756	0.754	0.739	0.773	0.761	0.752	0.770	0.772	0.756	0.759	0.676	0.759	0.757	0.790	0.770	0.764	0.784	0.786	0.810	0.776	0.814	0.768	0.800	0.763	0.791	0.771	0.781	0.730	0.706	0.795	0.783	0.786	0.806	0.052	0.795	0.804	0.825	0.784	0.804	0.774	0.739	0.783	0.766	0.789	0.786	0.787	0.777	0.792	0.180	0.810	0.793	0.758	0.784	0.779	0.792	0.784	0.790	0.693	0.714	0.798	0.806	0.797	0.807	0.748	0.829	0.770	0.797	0.709	0.775	0.775	0.797	0.824	0.789	0.802	0.772	0.677	0.716	0.774	0.770	0.759	0.750	0.737	0.817	0.783	0.781	0.801	0.688
57:00:54	23.1	0.569	0.746	0.695	0.759	0.750	0.676	0.687	0.744	0.765	0.746	0.742	0.723	0.761	0.753	0.740	0.759	0.763	0.746	0.750	0.666	0.745	0.748	0.781	0.757	0.754	0.774	0.777	0.786	0.766	0.799	0.760	0.786	0.754	0.779	0.761	0.774	0.720	0.695	0.786	0.774	0.776	0.789	0.052	0.785	0.794	0.815	0.772	0.797	0.762	0.729	0.771	0.755	0.777	0.772	0.776	0.767	0.780	0.177	0.796	0.783	0.749	0.763	0.768	0.780	0.770	0.781	0.681	0.704	0.784	0.790	0.789	0.798	0.733	0.802	0.756	0.774	0.693	0.754	0.765	0.782	0.813	0.779	0.792	0.758	0.664	0.706	0.759	0.760	0.739	0.739	0.724	0.809	0.771	0.770	0.791	0.677
58:00:56	22.9	0.559	0.738	0.685	0.753	0.725	0.666	0.674	0.729	0.763	0.734	0.733	0.709	0.750	0.745	0.731	0.750	0.752	0.738	0.742	0.657	0.736	0.740	0.771	0.744	0.744	0.766	0.767	0.781	0.759	0.790	0.754	0.775	0.747	0.770	0.753	0.766	0.710	0.685	0.779	0.766	0.768	0.777	0.052	0.777	0.783	0.809	0.767	0.791	0.746	0.720	0.764	0.747	0.767	0.765	0.768	0.758	0.769	0.172	0.791	0.774	0.741	0.744	0.758	0.778	0.756	0.772	0.672	0.693	0.774	0.780	0.779	0.790	0.720	0.785	0.745	0.761	0.686	0.743	0.756	0.771	0.806	0.769	0.782	0.750	0.651	0.698	0.751	0.749	0.729	0.730	0.717	0.800	0.757	0.762	0.782	0.665
59:00:56	22.7	0.550	0.727	0.667	0.732	0.723	0.654	0.658	0.722	0.745	0.721	0.721	0.698	0.741	0.735	0.722	0.740	0.741	0.729	0.730	0.647	0.724	0.731	0.760	0.729	0.728	0.757	0.760	0.774	0.747	0.770	0.744	0.761	0.736	0.758	0.743	0.753	0.697	0.673	0.768	0.757	0.756	0.761	0.052	0.765	0.773	0.799	0.753	0.781	0.730	0.709	0.753	0.736	0.755	0.754	0.759	0.748	0.756	0.167	0.781	0.764	0.728	0.735	0.746	0.768	0.744	0.760	0.661	0.683	0.761	0.770	0.769	0.781	0.710	0.783	0.733	0.745	0.675	0.730	0.745	0.756	0.799	0.761	0.772	0.735	0.638	0.687	0.740	0.737	0.717	0.719	0.703	0.788	0.742	0.751	0.770	0.649
60:00:57	22.6	0.542	0.717	0.655	0.721	0.712	0.646	0.644	0.702	0.738	0.715	0.712	0.684	0.731	0.727	0.715	0.732	0.730	0.723	0.721	0.641	0.714	0.723	0.750	0.714	0.715	0.749	0.748	0.758	0.742	0.758	0.735	0.748	0.727	0.749	0.734	0.742	0.688	0.664	0.761	0.751	0.748	0.749	0.052	0.755	0.767	0.788	0.748	0.772	0.715	0.700	0.744	0.727	0.747	0.747	0.749	0.738	0.747	0.164	0.775	0.754	0.706	0.711	0.737	0.768	0.729	0.753	0.652	0.674	0.754	0.762	0.759	0.772	0.706	0.765	0.728	0.740	0.667	0.725	0.738	0.745	0.787	0.751	0.763	0.723	0.627	0.678	0.726	0.727	0.714	0.706	0.693	0.776	0.723	0.741	0.760	0.640
61:00:57	22.8	0.543	0.709	0.645	0.712	0.694	0.631	0.634	0.695	0.727	0.703	0.703	0.667	0.717	0.716	0.703	0.720	0.722	0.712	0.708	0.629	0.701	0.712	0.741	0.699	0.709	0.738	0.741	0.750	0.730	0.744	0.728	0.736	0.717	0.738	0.723	0.734	0.675	0.652	0.748	0.740	0.736	0.732	0.052	0.745	0.755	0.781	0.735	0.763	0.698	0.691	0.736	0.717	0.735	0.735	0.739	0.728	0.733	0.159	0.761	0.745	0.700	0.703	0.727	0.747	0.720	0.743	0.641	0.665	0.741	0.751	0.751	0.763	0.686	0.743	0.711	0.719	0.654	0.709	0.724	0.732	0.778	0.742	0.754	0.710	0.613	0.665	0.715	0.716	0.699	0.698	0.681	0.767	0.716	0.731	0.749	0.634
62:00:58	22.8	0.539	0.700	0.636	0.698	0.686	0.621	0.620	0.687	0.707	0.693	0.695	0.654	0.707	0.709	0.696	0.712	0.714	0.705	0.700	0.622	0.694	0.706	0.732	0.684	0.697	0.730	0.731	0.740	0.722	0.732	0.720	0.727	0.709	0.730	0.714	0.725	0.667	0.645	0.741	0.734	0.729	0.722	0.052	0.737	0.748	0.771	0.737	0.755	0.685	0.683	0.728	0.708	0.728	0.729	0.730	0.720	0.724	0.153	0.761	0.735	0.678	0.698	0.720	0.751	0.709	0.736	0.634	0.658	0.734	0.743	0.744	0.753	0.680	0.743	0.703	0.712	0.647	0.703	0.717	0.724	0.770	0.731	0.745	0.702	0.602	0.658	0.705	0.707	0.694	0.686	0.669	0.755	0.701	0.722	0.739	0.622
63:00:59	23.0	0.514	0.691	0.625	0.684	0.681	0.612	0.608	0.671	0.695	0.683	0.678	0.643	0.698	0.700	0.687	0.702	0.701	0.694	0.690	0.614	0.681	0.696	0.721	0.670	0.680	0.722	0.721	0.730	0.713	0.719	0.709	0.714	0.700	0.718	0.706	0.714	0.655	0.634	0.731	0.724	0.718	0.708	0.052	0.727	0.738	0.762	0.725	0.745	0.676	0.672	0.717	0.698	0.717	0.721	0.723	0.712	0.713	0.145	0.741	0.724	0.661	0.696	0.709	0.745	0.697	0.728	0.624	0.648	0.725	0.734	0.733	0.741	0.673	0.753	0.691	0.702	0.637	0.694	0.708	0.713	0.761	0.722	0.733	0.688	0.588	0.648	0.693	0.696	0.686	0.672	0.656	0.741	0.688	0.710	0.727	0.604
64:01:00	23.2	0.523	0.681	0.614	0.664	0.675	0.600	0.594	0.661	0.682	0.670	0.670	0.630	0.684	0.690	0.677	0.694	0.693	0.684	0.680	0.604	0.671	0.686	0.712	0.654	0.672	0.712	0.712	0.717	0.703	0.709	0.702	0.704	0.690	0.709	0.698	0.702	0.644	0.624	0.721	0.716	0.708	0.697	0.052	0.716	0.731	0.754	0.712	0.733	0.661	0.662	0.708	0.688	0.705	0.709	0.711	0.702	0.702	0.138	0.742	0.712	0.651	0.673	0.702	0.727	0.688	0.719	0.615	0.640	0.715	0.725	0.724	0.731	0.659	0.715	0.682	0.689	0.628	0.681	0.696	0.701	0.750	0.713	0.724	0.673	0.575	0.633	0.677	0.686	0.679	0.662	0.645	0.728	0.678	0.701	0.717	0.594
65:01:00	23.3	0.502	0.671	0.602	0.652	0.655	0.589	0.580	0.652	0.675	0.659	0.655	0.612	0.673	0.682	0.670	0.686	0.684	0.676	0.672	0.597	0.663	0.679	0.702	0.640	0.657	0.703	0.704	0.710	0.696	0.699	0.691	0.695	0.682	0.700	0.689	0.689	0.630	0.616	0.712	0.709	0.700	0.687	0.052	0.707	0.723	0.747	0.701	0.722	0.656	0.654	0.699	0.680	0.699	0.702	0.701	0.695	0.694	0.133	0.732	0.700	0.637	0.676	0.691	0.724	0.679	0.711	0.606	0.632	0.706	0.717	0.715	0.720	0.648	0.734	0.673	0.682	0.620	0.675	0.687	0.692	0.743	0.704	0.714	0.661	0.562	0.622	0.662	0.678	0.669	0.650	0.634	0.715	0.666	0.690	0.706	0.580
66:01:02	23.6	0.493	0.661	0.590	0.640	0.639	0.576	0.568	0.640	0.659	0.646	0.642	0.601	0.659	0.672	0.659	0.676	0.674	0.665	0.661	0.587	0.652	0.668	0.692	0.623	0.644	0.694	0.694	0.705	0.686	0.686	0.681	0.683	0.672	0.688	0.676	0.677	0.617	0.604	0.702	0.700	0.689	0.674	0.052	0.695	0.712	0.735	0.691	0.709	0.650	0.643	0.690	0.669	0.688	0.692	0.694	0.686	0.683	0.126	0.717	0.687	0.626	0.663	0.681	0.716	0.670	0.703	0.597	0.622	0.698	0.708	0.704	0.707	0.636	0.711	0.662	0.670	0.610	0.664	0.675	0.681	0.731	0.694	0.702	0.647	0.549	0.610	0.647	0.667	0.659	0.639	0.621	0.701	0.655	0.678	0.693	0.565
67:01:03	24.0	0.490	0.650	0.579	0.632	0.625	0.564	0.553	0.622	0.649	0.634	0.629	0.589	0.643	0.662	0.650	0.668	0.665	0.656	0.651	0.578	0.643	0.659	0.683	0.608	0.634	0.683	0.686	0.693	0.677	0.676	0.673	0.674	0.663	0.679	0.665	0.664	0.606	0.596	0.692	0.691	0.679	0.664	0.052	0.685	0.702	0.725	0.683	0.696	0.640	0.634	0.681	0.660	0.678	0.682	0.683	0.677	0.673	0.120	0.710	0.674	0.615	0.646	0.672	0.705	0.661	0.694	0.588	0.614	0.690	0.700	0.698	0.696	0.624	0.686	0.656	0.663	0.601	0.656	0.666	0.670	0.722	0.684	0.693	0.633	0.535	0.598	0.634	0.657	0.649	0.631	0.608	0.690	0.644	0.666	0.680	0.551
68:01:04	24.3	0.482	0.639	0.571	0.618	0.625	0.551	0.541	0.608	0.633	0.620	0.615	0.573	0.628	0.653	0.640	0.660	0.654	0.648	0.642	0.569	0.633	0.650	0.671	0.591	0.625	0.674	0.674	0.685	0.668	0.667	0.664	0.665	0.653	0.669	0.653	0.649	0.596	0.586	0.683	0.683	0.669	0.656	0.052	0.673	0.693	0.713	0.675	0.682	0.632	0.625	0.670	0.651	0.670	0.673	0.674	0.668	0.663	0.116	0.698	0.660	0.604	0.632	0.662	0.698	0.652	0.686	0.580	0.603	0.681	0.691	0.688	0.685	0.609	0.678	0.645	0.653	0.592	0.646	0.655	0.660	0.709	0.673	0.680	0.615	0.519	0.583	0.620	0.646	0.637	0.619	0.596	0.678	0.633	0.653	0.667	0.539
69:01:04	24.8	0.493	0.627	0.556	0.607	0.608	0.536	0.528	0.596	0.621	0.608	0.601	0.555	0.617	0.645	0.634	0.651	0.645	0.640	0.635	0.561	0.625	0.643	0.663	0.576	0.612	0.667	0.668	0.682	0.660	0.660	0.654	0.656	0.644	0.659	0.642	0.636	0.582	0.577	0.673	0.675	0.661	0.645	0.052	0.662	0.683	0.704	0.667	0.669	0.627	0.616	0.662	0.643	0.664	0.667	0.666	0.660	0.654	0.112	0.690	0.647	0.595	0.640	0.653	0.693	0.644	0.680	0.572	0.595	0.675	0.682	0.677	0.672	0.595	0.688	0.637	0.646	0.585	0.637	0.648	0.649	0.699	0.664	0.670	0.606	0.505	0.570	0.606	0.636	0.627	0.606	0.582	0.666	0.624	0.638	0.655	0.522
70:01:06	25.3	0.446	0.615	0.540	0.592	0.593	0.523	0.514	0.594	0.608	0.593	0.586	0.538	0.600	0.635	0.623	0.641	0.635	0.631	0.625	0.552	0.614	0.632	0.653	0.559	0.598	0.657	0.657	0.673	0.650	0.648	0.643	0.647	0.634	0.649	0.630	0.620	0.569	0.569	0.661	0.666	0.651	0.636	0.052	0.650	0.673	0.692	0.656	0.655	0.618	0.605	0.653	0.632	0.653	0.655	0.656	0.650	0.642	0.109	0.678	0.631	0.580	0.621	0.644	0.676	0.637	0.670	0.563	0.586	0.666	0.671	0.666	0.660	0.580	0.659	0.626	0.636	0.574	0.628	0.637	0.638	0.685	0.654	0.658	0.589	0.491	0.555	0.592	0.622	0.618	0.593	0.568	0.651	0.613	0.621	0.641	0.505
71:01:06	25.6	0.434	0.601	0.526	0.575	0.577	0.506	0.498	0.571	0.596	0.577	0.570	0.522	0.581	0.622	0.611	0.629	0.622	0.617	0.612	0.541	0.601	0.620	0.640	0.542	0.580	0.645	0.646	0.662	0.637	0.636	0.631	0.634	0.622	0.636	0.616	0.602	0.554	0.555	0.650	0.654	0.639	0.622	0.052	0.635	0.659	0.679	0.643	0.636	0.601	0.593	0.640	0.622	0.643	0.642	0.644	0.637	0.628	0.107	0.663	0.614	0.563	0.605	0.631	0.671	0.626	0.659	0.551	0.574	0.655	0.661	0.652	0.645	0.564	0.646	0.613	0.625	0.560	0.614	0.625	0.625	0.671	0.641	0.645	0.571	0.475	0.539	0.578	0.605	0.605	0.579	0.553	0.635	0.599	0.603	0.623	0.488
72:01:07	25.7	0.416	0.588	0.521	0.558	0.565	0.495	0.478	0.549	0.586	0.562	0.554	0.503	0.563	0.610	0.601	0.619	0.612	0.606	0.601	0.532	0.590	0.610	0.629	0.526	0.567	0.633	0.636	0.650	0.626	0.624	0.621	0.623	0.611	0.625	0.602	0.584	0.541	0.542	0.638	0.644	0.628	0.611	0.051	0.623	0.648	0.669	0.632	0.618	0.585	0.582	0.630	0.613	0.634	0.629	0.634	0.628	0.618	0.107	0.652	0.596	0.546	0.593	0.621	0.654	0.619	0.649	0.541	0.564	0.645	0.650	0.640	0.632	0.548	0.634	0.603	0.613	0.549	0.602	0.613	0.612	0.658	0.630	0.632	0.559	0.459	0.523	0.563	0.591	0.591	0.565	0.538	0.619	0.586	0.589	0.606	0.472

