Time	T° 600	A1	A2	A3	A4	A5	A6	A7	A8	A9	A10	A11	A12	B1	B2	B3	B4	B5	B6	B7	B8	B9	B10	B11	B12	C1	C2	C3	C4	C5	C6	C7	C8	C9	C10	C11	C12	D1	D2	D3	D4	D5	D6	D7	D8	D9	D10	D11	D12	E1	E2	E3	E4	E5	E6	E7	E8	E9	E10	E11	E12	F1	F2	F3	F4	F5	F6	F7	F8	F9	F10	F11	F12	G1	G2	G3	G4	G5	G6	G7	G8	G9	G10	G11	G12	H1	H2	H3	H4	H5	H6	H7	H8	H9	H10	H11	H12
0:00:06	23.8	0.046	0.046	0.051	0.051	0.048	0.049	0.047	0.047	0.049	0.050	0.049	0.048	0.046	0.046	0.047	0.049	0.049	0.049	0.047	0.047	0.048	0.050	0.049	0.050	0.046	0.047	0.046	0.047	0.046	0.049	0.046	0.047	0.048	0.051	0.048	0.049	0.046	0.047	0.047	0.047	0.047	0.055	0.051	0.050	0.047	0.049	0.048	0.048	0.047	0.050	0.048	0.051	0.050	0.048	0.049	0.046	0.048	0.046	0.047	0.050	0.047	0.050	0.049	0.046	0.049	0.047	0.048	0.047	0.046	0.047	0.047	0.046	0.049	0.050	0.049	0.048	0.048	0.047	0.047	0.047	0.050	0.047	0.048	0.046	0.047	0.050	0.048	0.045	0.046	0.047	0.049	0.049	0.050	0.051	0.047	0.047
1:00:02	24.1	0.051	0.052	0.056	0.056	0.053	0.054	0.052	0.052	0.052	0.055	0.055	0.052	0.050	0.050	0.051	0.053	0.053	0.053	0.052	0.052	0.053	0.055	0.053	0.054	0.051	0.051	0.050	0.051	0.052	0.054	0.051	0.052	0.053	0.056	0.054	0.054	0.051	0.051	0.051	0.051	0.051	0.059	0.055	0.056	0.051	0.053	0.053	0.053	0.052	0.057	0.055	0.056	0.054	0.054	0.055	0.051	0.052	0.051	0.052	0.055	0.052	0.055	0.054	0.051	0.054	0.052	0.053	0.053	0.052	0.051	0.051	0.051	0.054	0.056	0.055	0.054	0.054	0.052	0.052	0.047	0.055	0.052	0.054	0.051	0.052	0.055	0.053	0.045	0.047	0.052	0.054	0.055	0.054	0.056	0.052	0.052
2:00:04	24.3	0.063	0.065	0.069	0.071	0.066	0.068	0.065	0.064	0.061	0.068	0.069	0.061	0.061	0.062	0.063	0.066	0.065	0.065	0.065	0.066	0.066	0.066	0.065	0.066	0.063	0.063	0.063	0.065	0.069	0.066	0.063	0.064	0.064	0.068	0.068	0.066	0.063	0.064	0.064	0.064	0.063	0.071	0.066	0.069	0.063	0.065	0.066	0.066	0.066	0.070	0.072	0.070	0.065	0.069	0.068	0.063	0.065	0.063	0.066	0.067	0.064	0.068	0.066	0.064	0.067	0.066	0.066	0.066	0.064	0.064	0.064	0.064	0.067	0.068	0.068	0.068	0.068	0.066	0.065	0.047	0.068	0.065	0.067	0.066	0.064	0.068	0.067	0.045	0.048	0.065	0.067	0.069	0.066	0.069	0.065	0.066
3:00:03	24.1	0.092	0.095	0.100	0.105	0.099	0.103	0.102	0.093	0.083	0.103	0.109	0.090	0.088	0.091	0.093	0.099	0.094	0.099	0.099	0.101	0.096	0.095	0.095	0.100	0.091	0.093	0.093	0.102	0.108	0.098	0.095	0.094	0.090	0.100	0.103	0.099	0.092	0.096	0.095	0.095	0.092	0.099	0.094	0.095	0.092	0.095	0.097	0.101	0.104	0.102	0.100	0.102	0.090	0.101	0.100	0.094	0.095	0.091	0.099	0.101	0.096	0.100	0.097	0.095	0.099	0.094	0.095	0.100	0.096	0.095	0.097	0.100	0.104	0.101	0.100	0.102	0.101	0.097	0.095	0.048	0.100	0.098	0.101	0.104	0.097	0.101	0.100	0.045	0.051	0.098	0.099	0.102	0.093	0.102	0.098	0.103
4:00:04	23.9	0.175	0.132	0.139	0.143	0.161	0.149	0.172	0.155	0.134	0.171	0.167	0.164	0.142	0.141	0.140	0.147	0.156	0.151	0.147	0.148	0.143	0.145	0.161	0.158	0.133	0.138	0.145	0.156	0.136	0.147	0.145	0.145	0.134	0.153	0.148	0.164	0.145	0.156	0.140	0.140	0.132	0.164	0.141	0.150	0.146	0.155	0.156	0.165	0.149	0.147	0.133	0.158	0.127	0.147	0.142	0.139	0.151	0.144	0.153	0.159	0.156	0.147	0.156	0.147	0.139	0.141	0.138	0.154	0.148	0.149	0.149	0.159	0.161	0.154	0.153	0.152	0.149	0.149	0.142	0.048	0.146	0.152	0.156	0.158	0.153	0.155	0.153	0.046	0.058	0.142	0.144	0.147	0.140	0.158	0.154	0.161
5:00:05	23.8	0.182	0.191	0.178	0.175	0.182	0.212	0.199	0.208	0.170	0.217	0.210	0.227	0.184	0.197	0.189	0.184	0.186	0.191	0.175	0.183	0.185	0.185	0.178	0.199	0.172	0.196	0.198	0.233	0.206	0.181	0.180	0.179	0.157	0.188	0.195	0.193	0.187	0.204	0.187	0.191	0.175	0.196	0.176	0.187	0.179	0.188	0.204	0.187	0.190	0.186	0.175	0.202	0.178	0.184	0.183	0.178	0.219	0.198	0.199	0.200	0.187	0.176	0.211	0.184	0.202	0.182	0.186	0.198	0.183	0.184	0.187	0.190	0.196	0.195	0.200	0.195	0.191	0.178	0.180	0.048	0.184	0.191	0.200	0.200	0.193	0.195	0.191	0.046	0.077	0.191	0.190	0.203	0.170	0.200	0.187	0.199
6:00:06	23.5	0.233	0.192	0.202	0.203	0.236	0.259	0.260	0.268	0.196	0.279	0.262	0.216	0.218	0.252	0.227	0.215	0.216	0.234	0.216	0.216	0.208	0.220	0.237	0.229	0.226	0.253	0.278	0.295	0.234	0.221	0.227	0.220	0.178	0.225	0.232	0.242	0.235	0.268	0.237	0.250	0.216	0.245	0.221	0.225	0.224	0.232	0.270	0.240	0.248	0.250	0.238	0.261	0.227	0.227	0.228	0.230	0.245	0.274	0.244	0.246	0.236	0.230	0.291	0.274	0.255	0.233	0.220	0.244	0.234	0.226	0.236	0.240	0.245	0.246	0.242	0.243	0.259	0.248	0.239	0.049	0.254	0.246	0.257	0.252	0.244	0.242	0.241	0.045	0.116	0.239	0.242	0.266	0.223	0.255	0.254	0.250
7:00:07	23.3	0.243	0.235	0.232	0.230	0.271	0.283	0.272	0.304	0.226	0.312	0.292	0.225	0.252	0.280	0.255	0.244	0.258	0.269	0.246	0.246	0.243	0.245	0.267	0.264	0.250	0.282	0.292	0.332	0.260	0.252	0.258	0.253	0.212	0.257	0.257	0.271	0.274	0.292	0.263	0.286	0.259	0.278	0.255	0.251	0.252	0.268	0.277	0.264	0.285	0.279	0.269	0.294	0.254	0.268	0.266	0.255	0.287	0.277	0.278	0.275	0.266	0.268	0.323	0.297	0.290	0.264	0.263	0.280	0.270	0.254	0.266	0.262	0.279	0.281	0.280	0.279	0.286	0.274	0.266	0.049	0.282	0.270	0.287	0.275	0.269	0.287	0.269	0.045	0.155	0.270	0.264	0.284	0.241	0.285	0.278	0.266
8:00:08	22.9	0.281	0.281	0.281	0.265	0.305	0.310	0.312	0.335	0.264	0.324	0.321	0.247	0.283	0.309	0.290	0.279	0.303	0.304	0.286	0.287	0.279	0.284	0.302	0.296	0.283	0.311	0.328	0.349	0.276	0.291	0.293	0.286	0.253	0.295	0.294	0.304	0.300	0.325	0.294	0.331	0.292	0.305	0.296	0.286	0.291	0.301	0.311	0.302	0.309	0.310	0.300	0.313	0.261	0.301	0.292	0.290	0.376	0.306	0.308	0.311	0.305	0.302	0.346	0.318	0.313	0.285	0.291	0.302	0.296	0.289	0.301	0.300	0.311	0.315	0.310	0.305	0.312	0.305	0.299	0.049	0.317	0.309	0.315	0.306	0.296	0.309	0.302	0.046	0.203	0.297	0.294	0.315	0.265	0.316	0.308	0.295
9:00:10	22.6	0.316	0.326	0.326	0.306	0.323	0.332	0.334	0.352	0.307	0.345	0.355	0.273	0.313	0.339	0.322	0.332	0.339	0.334	0.320	0.334	0.324	0.334	0.334	0.335	0.318	0.340	0.353	0.376	0.325	0.326	0.327	0.317	0.310	0.340	0.344	0.331	0.319	0.339	0.321	0.346	0.325	0.343	0.324	0.316	0.326	0.323	0.336	0.334	0.337	0.334	0.327	0.335	0.273	0.336	0.331	0.324	0.435	0.336	0.341	0.342	0.328	0.327	0.353	0.337	0.344	0.294	0.329	0.343	0.332	0.325	0.332	0.331	0.329	0.332	0.331	0.335	0.332	0.323	0.321	0.050	0.348	0.338	0.340	0.333	0.319	0.327	0.331	0.046	0.250	0.320	0.322	0.348	0.293	0.333	0.333	0.329
10:00:10	22.7	0.387	0.407	0.407	0.361	0.386	0.389	0.392	0.415	0.375	0.399	0.425	0.322	0.362	0.394	0.387	0.394	0.404	0.415	0.399	0.398	0.388	0.400	0.388	0.399	0.388	0.397	0.410	0.429	0.391	0.382	0.385	0.379	0.376	0.401	0.411	0.385	0.369	0.392	0.372	0.400	0.375	0.396	0.384	0.361	0.387	0.344	0.398	0.391	0.402	0.379	0.374	0.382	0.281	0.396	0.389	0.382	0.507	0.389	0.390	0.392	0.375	0.385	0.394	0.383	0.386	0.341	0.377	0.397	0.398	0.378	0.387	0.391	0.385	0.382	0.379	0.388	0.378	0.373	0.373	0.050	0.398	0.385	0.397	0.390	0.382	0.383	0.394	0.046	0.286	0.376	0.392	0.403	0.328	0.397	0.393	0.404
11:00:11	22.8	0.475	0.506	0.514	0.446	0.479	0.480	0.488	0.523	0.448	0.495	0.530	0.392	0.454	0.493	0.484	0.493	0.499	0.508	0.506	0.504	0.485	0.488	0.481	0.486	0.485	0.491	0.512	0.527	0.477	0.472	0.476	0.474	0.459	0.490	0.516	0.482	0.452	0.482	0.463	0.482	0.459	0.484	0.469	0.414	0.475	0.412	0.497	0.486	0.493	0.471	0.462	0.472	0.313	0.501	0.487	0.475	0.582	0.488	0.464	0.478	0.450	0.468	0.478	0.478	0.474	0.427	0.451	0.486	0.485	0.460	0.484	0.477	0.469	0.468	0.470	0.477	0.470	0.462	0.453	0.050	0.482	0.475	0.488	0.474	0.460	0.463	0.487	0.045	0.317	0.460	0.474	0.492	0.404	0.478	0.478	0.478
12:00:12	22.8	0.566	0.616	0.625	0.552	0.590	0.590	0.605	0.655	0.528	0.615	0.634	0.463	0.553	0.613	0.601	0.619	0.621	0.615	0.627	0.623	0.600	0.591	0.588	0.586	0.592	0.607	0.633	0.652	0.584	0.588	0.594	0.584	0.551	0.603	0.628	0.588	0.544	0.595	0.576	0.588	0.565	0.595	0.566	0.464	0.584	0.499	0.616	0.593	0.598	0.581	0.571	0.585	0.387	0.616	0.603	0.589	0.648	0.605	0.551	0.582	0.543	0.573	0.590	0.595	0.587	0.497	0.548	0.603	0.601	0.559	0.601	0.569	0.570	0.570	0.578	0.584	0.589	0.571	0.552	0.050	0.587	0.586	0.593	0.571	0.549	0.564	0.591	0.045	0.341	0.563	0.566	0.593	0.484	0.577	0.574	0.558
13:00:12	22.9	0.639	0.711	0.722	0.655	0.700	0.694	0.712	0.778	0.595	0.724	0.734	0.542	0.648	0.725	0.709	0.747	0.740	0.715	0.743	0.743	0.715	0.686	0.690	0.682	0.684	0.719	0.745	0.776	0.688	0.703	0.707	0.692	0.654	0.714	0.737	0.686	0.639	0.709	0.691	0.698	0.677	0.712	0.669	0.501	0.696	0.596	0.738	0.691	0.694	0.691	0.683	0.701	0.482	0.733	0.720	0.696	0.713	0.718	0.638	0.682	0.633	0.678	0.713	0.715	0.700	0.546	0.652	0.714	0.716	0.659	0.714	0.658	0.664	0.672	0.685	0.688	0.704	0.676	0.653	0.050	0.696	0.697	0.701	0.660	0.627	0.659	0.687	0.046	0.402	0.664	0.654	0.691	0.576	0.672	0.664	0.628
14:00:13	23.0	0.705	0.789	0.807	0.749	0.798	0.786	0.805	0.893	0.658	0.820	0.826	0.611	0.729	0.826	0.804	0.855	0.846	0.795	0.848	0.850	0.819	0.778	0.785	0.769	0.758	0.819	0.852	0.890	0.796	0.804	0.808	0.784	0.742	0.814	0.834	0.775	0.717	0.814	0.791	0.794	0.773	0.824	0.765	0.549	0.796	0.686	0.848	0.770	0.779	0.786	0.783	0.806	0.590	0.843	0.827	0.794	0.770	0.821	0.717	0.770	0.714	0.773	0.821	0.821	0.801	0.596	0.744	0.814	0.818	0.750	0.812	0.737	0.746	0.765	0.783	0.782	0.810	0.770	0.745	0.050	0.791	0.797	0.800	0.743	0.697	0.742	0.770	0.045	0.488	0.752	0.731	0.781	0.656	0.755	0.747	0.692
15:00:15	23.1	0.769	0.863	0.880	0.833	0.884	0.867	0.886	0.987	0.716	0.904	0.907	0.677	0.804	0.915	0.882	0.952	0.939	0.865	0.934	0.945	0.911	0.860	0.868	0.844	0.827	0.905	0.946	0.988	0.897	0.897	0.900	0.867	0.819	0.906	0.920	0.854	0.791	0.904	0.881	0.884	0.863	0.924	0.860	0.620	0.886	0.770	0.945	0.846	0.858	0.871	0.875	0.900	0.689	0.940	0.923	0.878	0.827	0.910	0.795	0.852	0.789	0.858	0.919	0.914	0.889	0.697	0.828	0.908	0.906	0.831	0.900	0.809	0.820	0.850	0.870	0.871	0.906	0.856	0.829	0.050	0.880	0.887	0.888	0.823	0.759	0.818	0.847	0.045	0.595	0.831	0.804	0.863	0.732	0.828	0.821	0.750
16:00:15	23.2	0.826	0.924	0.945	0.908	0.956	0.939	0.960	1.061	0.769	0.976	0.977	0.740	0.870	0.992	0.951	1.033	1.016	0.928	1.010	1.026	0.987	0.934	0.936	0.912	0.889	0.978	1.025	1.069	0.990	0.977	0.977	0.942	0.884	0.983	0.992	0.921	0.856	0.980	0.957	0.959	0.937	1.006	0.937	0.738	0.962	0.842	1.025	0.909	0.930	0.950	0.958	0.985	0.780	1.020	1.001	0.946	0.869	0.985	0.862	0.920	0.859	0.937	1.003	0.998	0.971	0.850	0.902	0.990	0.982	0.904	0.973	0.872	0.890	0.928	0.951	0.948	0.987	0.931	0.903	0.050	0.954	0.962	0.961	0.892	0.819	0.892	0.920	0.045	0.692	0.903	0.871	0.932	0.801	0.893	0.886	0.800
17:00:17	23.6	0.876	0.975	0.996	0.971	1.018	0.998	1.020	1.121	0.820	1.039	1.031	0.801	0.925	1.046	1.005	1.095	1.077	0.982	1.069	1.088	1.049	0.995	0.990	0.964	0.948	1.038	1.084	1.136	1.069	1.039	1.036	1.001	0.939	1.040	1.050	0.976	0.915	1.042	1.019	1.020	0.997	1.075	0.996	0.934	1.024	0.902	1.087	0.964	0.993	1.015	1.027	1.052	0.862	1.083	1.063	1.001	0.909	1.043	0.926	0.976	0.920	1.005	1.069	1.058	1.037	0.978	0.964	1.054	1.049	0.964	1.031	0.924	0.949	0.998	1.018	1.016	1.049	0.991	0.967	0.050	1.015	1.020	1.021	0.955	0.870	0.954	0.982	0.046	0.784	0.965	0.927	0.990	0.866	0.953	0.943	0.847
18:00:18	24.0	0.924	1.020	1.041	1.027	1.069	1.049	1.070	1.169	0.861	1.088	1.081	0.860	0.972	1.097	1.048	1.148	1.120	1.033	1.116	1.142	1.109	1.057	1.039	1.008	0.994	1.087	1.138	1.189	1.188	1.090	1.088	1.055	0.982	1.090	1.101	1.025	0.959	1.098	1.073	1.072	1.047	1.127	1.041	1.011	1.077	0.957	1.137	1.010	1.043	1.065	1.081	1.107	0.932	1.137	1.117	1.047	0.951	1.094	0.987	1.028	0.968	1.057	1.126	1.109	1.095	1.136	1.016	1.111	1.097	1.016	1.082	0.967	0.996	1.050	1.075	1.076	1.102	1.041	1.020	0.049	1.067	1.071	1.074	1.009	0.916	1.007	1.031	0.046	0.868	1.017	0.974	1.044	0.921	1.007	0.992	0.884
19:00:18	24.0	0.966	1.063	1.082	1.073	1.108	1.099	1.118	1.203	0.897	1.129	1.129	0.905	1.014	1.136	1.092	1.193	1.165	1.082	1.158	1.196	1.166	1.117	1.078	1.050	1.033	1.128	1.193	1.235	1.118	1.144	1.144	1.108	1.018	1.135	1.152	1.065	1.007	1.146	1.119	1.127	1.085	1.180	1.090	1.057	1.129	1.003	1.179	1.050	1.100	1.113	1.133	1.161	0.986	1.222	1.169	1.091	0.983	1.146	1.052	1.083	1.013	1.111	1.177	1.161	1.148	1.055	1.060	1.166	1.139	1.058	1.121	1.005	1.040	1.106	1.129	1.133	1.155	1.091	1.075	0.049	1.114	1.114	1.119	1.063	0.962	1.055	1.074	0.045	0.947	1.069	1.023	1.117	0.966	1.057	1.037	0.918
20:00:19	24.0	1.003	1.099	1.119	1.117	1.155	1.155	1.174	1.254	0.930	1.170	1.215	0.941	1.057	1.180	1.140	1.264	1.231	1.135	1.201	1.286	1.252	1.206	1.121	1.099	1.079	1.181	1.343	1.386	1.184	1.216	1.215	1.169	1.067	1.188	1.210	1.109	1.064	1.209	1.181	1.191	1.140	1.242	1.136	1.057	1.186	1.043	1.230	1.092	1.165	1.172	1.201	1.241	1.033	1.307	1.297	1.156	1.019	1.216	1.121	1.155	1.063	1.175	1.235	1.229	1.237	1.063	1.110	1.260	1.185	1.106	1.170	1.051	1.089	1.169	1.195	1.220	1.236	1.158	1.144	0.049	1.173	1.187	1.198	1.135	1.020	1.112	1.117	0.045	1.013	1.136	1.085	1.237	1.008	1.142	1.112	0.967
21:00:21	24.2	0.989	1.172	1.191	1.177	1.244	1.247	1.243	1.402	0.979	1.250	1.019	0.978	1.112	1.301	1.252	1.386	1.386	1.175	1.290	1.242	1.281	1.198	1.185	1.164	1.133	1.311	1.267	1.333	1.187	1.333	1.328	1.265	1.098	1.250	1.300	1.151	1.129	1.365	1.313	1.347	1.222	1.407	1.205	0.962	1.280	1.092	1.344	1.132	1.127	1.296	1.359	1.410	1.074	1.276	1.222	1.267	1.058	1.439	1.122	1.268	1.120	1.290	1.369	1.394	1.403	1.058	1.158	1.310	1.263	1.158	1.278	1.106	1.142	1.305	1.342	1.384	1.433	1.306	1.262	0.049	1.313	1.342	1.405	1.261	1.053	1.179	1.162	0.045	1.071	1.259	1.155	1.222	1.052	1.222	1.229	1.023
22:00:21	24.1	0.886	1.124	1.192	1.269	1.173	1.038	1.076	1.269	1.008	1.155	1.081	1.020	1.016	1.217	1.111	1.258	1.269	1.259	1.168	1.144	1.162	1.129	1.181	1.143	1.012	1.218	1.310	1.364	1.179	1.169	1.141	1.176	1.177	1.328	1.170	1.219	1.022	1.320	1.292	1.272	1.351	1.376	1.322	1.007	1.270	1.132	1.322	1.202	1.079	1.270	1.326	1.336	1.113	1.309	1.314	1.258	1.096	1.369	1.100	1.173	1.124	1.288	1.505	1.350	1.320	1.058	1.254	1.277	1.333	1.002	1.328	1.206	1.143	1.268	1.325	1.264	1.354	1.276	1.119	0.049	1.366	1.397	1.365	1.187	0.955	1.208	1.210	0.045	1.137	1.166	1.113	1.409	1.112	1.297	1.223	1.113
23:00:21	24.2	0.867	0.955	0.973	0.976	1.055	1.000	0.994	1.286	0.868	1.119	1.092	1.057	1.013	1.252	1.126	1.298	1.290	1.083	1.097	1.181	1.191	1.132	1.081	1.028	1.083	1.246	1.305	1.367	1.194	1.154	1.157	1.131	1.050	1.246	1.261	1.158	1.085	1.329	1.268	1.280	1.290	1.399	1.192	1.012	1.246	1.211	1.337	1.111	1.102	1.239	1.307	1.341	1.188	1.315	1.313	1.336	1.128	1.388	1.196	1.206	1.152	1.317	1.358	1.368	1.360	1.062	1.137	1.325	1.323	1.178	1.335	1.112	1.155	1.319	1.346	1.296	1.390	1.306	1.285	0.049	1.388	1.408	1.419	1.270	1.201	1.250	1.302	0.046	1.245	1.323	1.151	1.389	1.207	1.295	1.375	1.083
24:00:22	24.2	0.895	0.970	0.989	0.977	1.059	1.002	1.010	1.245	0.897	1.139	1.062	1.088	1.013	1.241	1.118	1.295	1.260	1.015	1.138	1.185	1.172	1.114	1.120	1.039	1.065	1.234	1.272	1.351	1.160	1.150	1.136	1.134	1.145	1.251	1.259	1.088	1.072	1.319	1.251	1.243	1.282	1.385	1.074	1.012	1.240	1.111	1.335	1.067	1.088	1.221	1.301	1.325	1.330	1.304	1.316	1.297	1.138	1.360	1.140	1.163	1.178	1.303	1.369	1.353	1.325	1.030	1.235	1.316	1.339	1.242	1.332	1.114	1.168	1.281	1.318	1.252	1.365	1.277	1.249	0.048	1.377	1.393	1.397	1.215	1.191	1.270	1.207	0.046	1.349	1.313	1.338	1.355	1.182	1.389	1.332	1.195
25:00:24	24.1	0.996	0.982	0.986	0.973	1.061	0.997	1.018	1.236	0.924	1.133	1.037	0.851	1.015	1.223	1.099	1.273	1.233	1.037	1.169	1.197	1.168	1.116	1.138	1.043	1.047	1.221	1.257	1.343	1.146	1.134	1.118	1.114	1.120	1.250	1.255	1.095	1.051	1.300	1.224	1.213	1.243	1.377	1.052	1.010	1.227	1.197	1.337	1.075	1.061	1.193	1.280	1.330	1.292	1.299	1.318	1.272	1.171	1.341	1.115	1.134	1.135	1.280	1.365	1.339	1.301	1.010	1.225	1.328	1.322	1.257	1.320	1.092	1.137	1.246	1.293	1.223	1.346	1.261	1.208	0.048	1.357	1.379	1.376	1.164	1.121	1.225	1.326	0.045	1.272	1.274	1.324	1.314	1.282	1.340	1.275	1.116
26:00:25	24.1	0.994	0.982	0.990	0.971	1.035	0.999	1.007	1.211	0.941	1.095	1.022	0.914	1.011	1.206	1.087	1.243	1.200	1.025	1.186	1.180	1.158	1.104	1.128	1.046	1.028	1.200	1.237	1.332	1.126	1.117	1.092	1.102	1.156	1.260	1.230	1.085	1.038	1.283	1.203	1.182	1.190	1.361	1.013	0.994	1.194	1.231	1.322	1.058	1.042	1.176	1.270	1.330	1.309	1.282	1.300	1.237	1.255	1.318	1.095	1.109	1.109	1.262	1.359	1.318	1.273	0.984	1.184	1.313	1.308	1.258	1.306	1.076	1.114	1.223	1.274	1.196	1.321	1.227	1.159	0.048	1.334	1.360	1.369	1.148	1.051	1.187	1.290	0.045	1.279	1.238	1.293	1.280	1.304	1.269	1.234	1.049
27:00:26	24.2	1.025	0.999	0.994	0.956	0.997	1.001	1.006	1.188	0.944	1.077	1.009	0.933	1.007	1.177	1.078	1.217	1.157	1.017	1.164	1.155	1.133	1.094	1.102	1.035	1.025	1.177	1.209	1.310	1.072	1.102	1.078	1.089	1.171	1.233	1.185	1.085	1.023	1.250	1.183	1.158	1.149	1.341	0.979	0.994	1.172	1.210	1.300	1.053	1.025	1.154	1.256	1.313	1.305	1.241	1.272	1.203	1.203	1.291	1.080	1.087	1.084	1.237	1.347	1.295	1.247	0.990	1.151	1.297	1.303	1.197	1.287	1.053	1.088	1.197	1.259	1.175	1.298	1.220	1.129	0.048	1.315	1.341	1.351	1.122	1.008	1.155	1.234	0.046	1.249	1.196	1.248	1.253	1.237	1.208	1.189	1.007
28:00:27	24.3	1.003	0.997	0.988	0.936	0.994	0.996	1.007	1.184	0.945	1.057	0.995	0.938	1.001	1.156	1.069	1.200	1.132	1.011	1.152	1.126	1.104	1.085	1.063	1.031	1.017	1.155	1.195	1.303	1.047	1.091	1.065	1.062	1.152	1.221	1.134	1.081	1.015	1.236	1.175	1.141	1.124	1.326	0.920	0.975	1.151	1.209	1.281	1.043	1.015	1.133	1.226	1.300	1.296	1.191	1.249	1.189	1.208	1.272	1.063	1.072	1.065	1.226	1.336	1.278	1.228	0.981	1.133	1.261	1.285	1.105	1.254	1.038	1.069	1.179	1.247	1.157	1.280	1.198	1.113	0.048	1.297	1.318	1.335	1.100	0.991	1.135	1.206	0.045	1.222	1.175	1.217	1.215	1.193	1.176	1.158	0.968
29:00:28	24.0	0.987	1.001	0.979	0.905	0.982	0.992	0.979	1.155	0.945	1.034	0.983	0.929	0.991	1.133	1.054	1.166	1.081	1.002	1.118	1.099	1.071	1.075	1.041	1.023	0.990	1.124	1.164	1.272	1.004	1.062	1.048	1.049	1.113	1.189	1.098	1.055	1.002	1.196	1.152	1.113	1.091	1.299	0.875	0.970	1.125	1.192	1.237	1.021	1.001	1.111	1.185	1.273	1.271	1.129	1.207	1.159	1.178	1.244	1.052	1.052	1.041	1.195	1.311	1.244	1.195	0.971	1.118	1.206	1.256	1.077	1.222	1.018	1.053	1.149	1.197	1.133	1.248	1.158	1.081	0.048	1.273	1.301	1.306	1.075	0.978	1.108	1.168	0.045	1.194	1.142	1.174	1.177	1.162	1.141	1.121	0.953
30:00:29	23.7	0.972	0.997	0.986	0.890	0.968	0.997	0.980	1.139	0.941	1.026	0.977	0.921	0.991	1.116	1.047	1.139	1.046	1.007	1.103	1.023	1.039	1.068	1.006	1.020	0.985	1.119	1.149	1.262	0.978	1.036	1.038	1.027	1.100	1.174	1.089	1.035	0.998	1.196	1.149	1.104	1.079	1.267	0.859	0.966	1.103	1.169	1.217	1.016	0.991	1.097	1.141	1.218	1.252	1.102	1.147	1.127	1.170	1.229	1.041	1.036	1.027	1.185	1.296	1.229	1.179	0.967	1.103	1.155	1.230	1.060	1.197	1.004	1.038	1.132	1.178	1.116	1.235	1.136	1.062	0.048	1.248	1.284	1.275	1.047	0.966	1.086	1.144	0.046	1.174	1.123	1.135	1.149	1.131	1.117	1.086	0.943
31:00:29	23.5	0.960	0.975	0.984	0.886	0.965	0.990	0.980	1.097	0.937	1.032	0.970	0.907	0.985	1.102	1.030	1.103	1.007	1.029	1.057	0.990	1.013	1.055	0.997	1.008	0.979	1.095	1.129	1.236	0.944	1.021	1.023	1.005	1.070	1.135	1.066	1.019	0.992	1.172	1.115	1.078	1.036	1.234	0.825	0.962	1.081	1.131	1.177	1.002	0.981	1.083	1.125	1.185	1.230	1.060	1.118	1.107	1.143	1.203	1.030	1.021	1.010	1.164	1.271	1.200	1.155	0.963	1.075	1.118	1.194	1.043	1.157	0.993	1.026	1.109	1.158	1.100	1.203	1.112	1.040	0.048	1.222	1.250	1.238	1.025	0.961	1.063	1.119	0.045	1.148	1.097	1.084	1.121	1.109	1.085	1.053	0.935
32:00:29	23.3	0.953	0.963	0.979	0.888	0.957	0.984	0.959	1.060	0.934	1.053	0.963	0.900	0.976	1.071	1.014	1.077	0.978	1.049	1.016	0.965	0.980	1.048	0.982	1.000	0.978	1.072	1.095	1.217	0.925	0.991	0.997	0.984	1.029	1.091	1.030	1.001	0.984	1.148	1.095	1.063	1.017	1.186	0.792	0.959	1.055	1.057	1.146	0.990	0.975	1.066	1.105	1.143	1.181	1.032	1.078	1.080	1.121	1.176	1.020	1.007	0.995	1.143	1.243	1.172	1.125	0.956	1.054	1.093	1.165	1.007	1.114	0.983	1.014	1.086	1.129	1.080	1.179	1.081	1.026	0.048	1.192	1.216	1.199	1.002	0.952	1.042	1.094	0.046	1.128	1.074	1.047	1.096	1.079	1.064	1.030	0.926
33:00:31	23.0	0.940	0.969	0.978	0.946	0.955	0.971	0.956	1.050	0.930	1.028	0.956	0.890	0.971	1.069	1.004	1.086	0.951	1.029	0.978	0.956	0.967	1.040	0.976	0.991	0.969	1.061	1.086	1.190	0.901	0.978	0.982	0.985	1.015	1.056	1.002	0.989	0.978	1.130	1.081	1.053	1.004	1.158	0.776	0.952	1.041	1.037	1.116	0.979	0.968	1.057	1.095	1.128	1.138	1.007	1.069	1.067	1.098	1.155	1.011	0.996	0.982	1.128	1.219	1.156	1.111	0.950	1.047	1.068	1.143	0.991	1.084	0.974	1.005	1.075	1.110	1.072	1.159	1.072	1.014	0.048	1.170	1.206	1.179	0.986	0.948	1.026	1.072	0.045	1.122	1.055	1.020	1.076	1.066	1.045	1.012	0.919
34:00:32	22.8	0.922	0.967	0.964	1.009	0.953	0.983	0.959	1.063	0.928	1.009	0.949	0.880	0.968	1.060	1.002	1.068	0.934	1.006	0.968	0.951	0.961	1.035	0.972	0.983	0.966	1.053	1.082	1.161	0.869	0.967	0.976	1.041	0.985	1.022	0.984	0.979	0.969	1.112	1.072	1.040	0.998	1.139	0.763	0.949	1.030	1.024	1.093	0.970	0.962	1.045	1.087	1.111	1.125	0.984	1.040	1.044	1.086	1.142	1.004	0.986	0.971	1.116	1.204	1.138	1.096	0.943	1.030	1.049	1.127	0.982	1.067	0.966	0.996	1.063	1.093	1.061	1.146	1.060	1.003	0.048	1.153	1.186	1.161	0.976	0.939	1.013	1.055	0.045	1.107	1.039	1.002	1.060	1.042	1.031	0.996	0.914
35:00:33	22.6	0.924	0.949	0.951	0.974	0.952	0.970	0.954	1.039	0.926	0.999	0.938	0.878	0.958	1.042	0.988	1.063	0.919	0.991	0.968	0.941	0.947	1.029	0.969	0.977	0.965	1.038	1.062	1.134	0.843	0.962	0.967	1.046	0.970	1.011	0.964	0.970	0.960	1.096	1.058	1.031	0.983	1.117	0.748	0.938	1.030	1.029	1.083	0.962	0.956	1.034	1.070	1.096	1.096	0.976	1.017	1.028	1.072	1.127	0.995	0.977	0.961	1.096	1.187	1.115	1.080	0.935	1.014	1.088	1.099	0.972	1.047	0.957	0.987	1.045	1.071	1.046	1.118	1.040	0.990	0.048	1.135	1.166	1.141	0.965	0.930	1.000	1.034	0.045	1.084	1.023	0.982	1.036	1.017	1.021	0.986	0.907
36:00:33	22.7	0.918	0.940	0.943	0.971	0.958	0.972	0.959	1.023	0.923	0.985	0.930	0.871	0.951	1.031	0.975	1.052	0.903	0.978	0.951	0.971	0.943	1.022	0.961	0.968	0.950	1.028	1.050	1.117	0.834	0.948	0.959	1.032	0.950	0.989	0.999	0.961	0.952	1.077	1.043	1.022	0.968	1.096	0.734	0.932	1.016	1.012	1.072	0.953	0.949	1.023	1.054	1.081	1.072	0.968	1.032	1.010	1.056	1.109	0.985	0.969	0.952	1.079	1.167	1.097	1.060	0.929	0.997	1.061	1.078	0.959	1.032	0.950	0.980	1.032	1.052	1.034	1.095	1.014	0.979	0.048	1.109	1.139	1.117	0.953	0.923	0.993	1.021	0.046	1.074	1.011	0.966	1.019	0.995	1.011	0.972	0.900
37:00:35	22.8	0.908	0.929	0.925	0.975	0.954	0.967	0.941	1.016	0.918	0.977	0.920	0.861	0.945	1.019	0.965	1.041	0.922	0.961	1.002	1.024	0.940	1.016	0.959	0.961	0.940	1.014	1.036	1.091	0.819	0.945	1.052	1.016	0.934	0.983	0.994	0.953	0.945	1.065	1.035	1.010	0.936	1.092	0.728	0.921	1.021	1.072	1.060	0.944	0.943	1.013	1.040	1.066	1.042	0.953	0.996	0.994	1.051	1.093	0.978	0.959	0.946	1.064	1.151	1.083	1.047	0.924	0.985	0.993	1.062	0.950	1.017	0.944	0.974	1.022	1.040	1.027	1.082	1.000	0.971	0.048	1.097	1.114	1.098	0.942	0.919	0.984	1.010	0.045	1.058	0.999	0.955	1.004	0.975	1.003	0.963	0.894
38:00:36	22.9	0.892	0.924	0.917	0.965	0.933	0.948	0.929	1.000	0.911	0.961	0.911	0.850	0.939	1.012	0.957	1.026	0.901	0.951	0.988	1.004	0.938	1.002	0.951	0.953	0.936	1.008	1.028	1.075	0.806	0.938	1.048	1.000	0.918	0.963	0.958	0.944	0.937	1.048	1.020	0.999	0.921	1.059	0.708	0.917	1.018	1.052	1.039	0.933	0.937	1.005	1.033	1.048	1.003	0.940	0.998	0.987	1.027	1.073	0.970	0.951	0.939	1.056	1.130	1.067	1.036	0.918	0.970	0.984	1.045	0.932	1.000	0.936	0.968	1.014	1.029	1.019	1.066	0.987	0.960	0.048	1.067	1.088	1.080	0.933	0.912	0.977	0.997	0.046	1.047	0.988	0.946	0.991	0.959	0.994	0.953	0.884
39:00:37	23.0	0.895	0.910	0.908	0.955	0.930	0.944	0.928	0.989	0.906	0.955	0.901	0.838	0.930	1.000	0.943	1.016	0.909	0.935	1.007	0.987	0.922	0.992	0.947	0.947	0.918	0.996	1.016	1.061	0.791	0.926	1.053	0.992	0.903	0.958	0.939	0.938	0.931	1.035	1.008	0.992	0.911	1.059	0.700	0.908	1.023	1.051	1.028	0.925	0.929	0.991	1.020	1.032	0.972	0.936	0.998	0.964	1.020	1.054	0.962	0.943	0.933	1.041	1.114	1.050	1.022	0.915	0.964	0.961	1.035	0.925	0.991	0.928	0.959	1.001	1.018	1.008	1.050	0.972	0.955	0.048	1.049	1.068	1.065	0.923	0.903	0.968	0.987	0.046	1.031	0.975	0.938	0.980	0.935	0.987	0.944	0.874
40:00:38	23.2	0.890	0.899	0.894	0.946	0.917	0.935	0.918	0.971	0.901	0.946	0.893	0.829	0.920	0.986	0.927	0.999	0.895	0.920	0.962	0.973	0.910	0.980	0.939	0.941	0.910	0.983	1.000	1.049	0.778	0.997	1.005	0.975	0.883	0.947	0.908	0.931	0.922	1.019	0.993	0.980	0.910	1.048	0.685	0.904	1.014	1.045	1.011	0.917	0.923	0.979	1.006	1.013	0.940	0.927	0.973	0.942	0.991	1.030	0.952	0.934	0.926	1.024	1.092	1.033	1.005	0.909	0.946	0.946	1.037	0.913	0.977	0.917	0.952	0.989	1.005	0.997	1.025	0.960	0.944	0.048	1.024	1.038	1.049	0.915	0.896	0.960	0.977	0.046	1.017	0.964	0.931	0.966	0.913	0.980	0.937	0.865
41:00:39	23.6	0.885	0.887	0.882	0.925	0.912	0.927	0.907	0.956	0.895	0.934	0.886	0.818	0.911	0.968	0.913	0.986	0.882	0.910	0.943	0.951	0.895	0.969	0.934	0.931	0.908	0.968	0.983	1.032	0.766	1.035	1.011	0.971	0.874	0.945	0.895	0.924	0.912	1.001	0.982	0.977	0.912	1.036	0.674	0.899	0.988	1.010	0.991	0.910	0.919	0.967	0.993	1.003	0.920	0.920	0.979	0.923	0.973	1.019	0.946	0.925	0.919	1.010	1.076	1.017	0.991	0.901	0.939	0.941	1.008	0.904	0.969	0.908	0.945	0.981	0.997	0.991	1.016	0.951	0.934	0.048	1.013	1.023	1.030	0.906	0.887	0.951	0.968	0.045	1.006	0.954	0.924	0.957	0.893	0.973	0.928	0.854
42:00:38	23.8	0.877	0.879	0.874	0.904	0.901	0.919	0.895	0.941	0.887	0.922	0.878	0.805	0.904	0.952	0.898	0.967	0.861	0.900	0.914	0.946	0.884	0.957	0.926	0.921	0.892	0.953	0.971	1.034	0.755	1.034	0.979	0.948	0.863	0.930	0.883	0.915	0.903	0.986	0.969	0.963	0.901	1.011	0.661	0.895	0.986	0.978	0.976	0.901	0.909	0.955	0.979	0.987	0.901	0.909	0.953	0.912	0.958	1.002	0.937	0.917	0.912	0.994	1.057	1.000	0.978	0.895	0.930	0.934	0.994	0.891	0.961	0.898	0.937	0.971	0.988	0.984	1.004	0.943	0.923	0.048	1.003	1.004	1.021	0.897	0.881	0.944	0.957	0.046	0.996	0.945	0.914	0.945	0.874	0.967	0.919	0.844
43:00:40	23.8	0.885	0.865	0.859	0.890	0.887	0.896	0.889	0.927	0.880	0.911	0.869	0.793	0.896	0.938	0.884	0.956	0.843	0.889	0.889	0.915	0.878	0.945	0.917	0.913	0.895	0.942	0.957	1.022	0.743	0.999	0.945	0.927	0.862	0.926	0.873	0.909	0.893	0.970	0.957	0.953	0.894	0.993	0.648	0.890	0.949	0.943	0.963	0.892	0.904	0.943	0.964	0.971	0.886	0.899	0.941	0.898	0.946	0.986	0.928	0.908	0.903	0.984	1.035	0.985	0.963	0.891	0.926	0.925	0.982	0.878	0.954	0.888	0.928	0.960	0.978	0.975	0.988	0.931	0.920	0.048	0.991	0.991	1.004	0.887	0.877	0.935	0.946	0.046	0.984	0.933	0.905	0.934	0.854	0.959	0.909	0.832
44:00:41	23.8	0.868	0.859	0.853	0.869	0.876	0.901	0.878	0.911	0.872	0.895	0.859	0.779	0.889	0.926	0.873	0.944	0.831	0.877	0.881	0.906	0.873	0.934	0.901	0.906	0.876	0.928	0.945	1.009	0.733	0.941	0.921	0.909	0.850	0.915	0.867	0.898	0.881	0.958	0.946	0.944	0.880	0.980	0.635	0.884	0.934	0.917	0.948	0.882	0.894	0.934	0.954	0.961	0.873	0.893	0.939	0.884	0.928	0.965	0.919	0.900	0.896	0.971	1.020	0.971	0.954	0.883	0.914	0.916	0.966	0.863	0.939	0.879	0.919	0.950	0.969	0.969	0.976	0.924	0.911	0.049	0.977	0.978	0.983	0.878	0.870	0.927	0.934	0.046	0.974	0.922	0.895	0.924	0.840	0.948	0.899	0.820
45:00:42	23.6	0.883	0.850	0.847	0.863	0.869	0.890	0.865	0.897	0.864	0.890	0.850	0.766	0.880	0.915	0.860	0.931	0.814	0.868	0.865	0.886	0.860	0.920	0.890	0.896	0.874	0.918	0.934	0.995	0.722	0.921	0.908	0.912	0.851	0.912	0.849	0.891	0.873	0.946	0.935	0.939	0.868	0.962	0.628	0.878	0.925	0.890	0.934	0.875	0.886	0.922	0.941	0.947	0.859	0.883	0.928	0.879	0.917	0.953	0.912	0.890	0.889	0.956	1.002	0.957	0.939	0.876	0.914	0.904	0.954	0.851	0.930	0.871	0.911	0.938	0.959	0.959	0.966	0.912	0.909	0.048	0.965	0.959	0.968	0.868	0.861	0.919	0.924	0.046	0.959	0.912	0.883	0.916	0.820	0.940	0.889	0.806
46:00:43	23.6	0.823	0.838	0.834	0.844	0.854	0.887	0.857	0.882	0.856	0.875	0.840	0.755	0.872	0.901	0.845	0.915	0.804	0.854	0.849	0.875	0.852	0.909	0.882	0.886	0.863	0.905	0.922	0.975	0.715	0.886	0.896	0.886	0.837	0.898	0.836	0.880	0.863	0.929	0.923	0.927	0.858	0.946	0.615	0.870	0.911	0.874	0.918	0.864	0.875	0.911	0.932	0.936	0.847	0.873	0.925	0.856	0.892	0.934	0.902	0.881	0.881	0.943	0.988	0.945	0.928	0.870	0.900	0.893	0.938	0.837	0.917	0.861	0.903	0.927	0.948	0.947	0.952	0.901	0.899	0.048	0.948	0.943	0.950	0.861	0.842	0.911	0.914	0.046	0.945	0.904	0.873	0.904	0.804	0.931	0.878	0.793
47:00:44	23.6	0.821	0.829	0.823	0.831	0.833	0.869	0.849	0.870	0.846	0.869	0.829	0.741	0.863	0.889	0.830	0.901	0.792	0.844	0.836	0.861	0.843	0.897	0.867	0.880	0.852	0.890	0.908	0.963	0.705	0.882	0.880	0.880	0.835	0.891	0.824	0.873	0.855	0.916	0.912	0.913	0.842	0.932	0.607	0.864	0.893	0.862	0.908	0.856	0.861	0.901	0.918	0.923	0.831	0.863	0.914	0.853	0.875	0.916	0.891	0.871	0.872	0.931	0.972	0.931	0.912	0.862	0.895	0.883	0.920	0.822	0.906	0.851	0.893	0.915	0.938	0.937	0.941	0.889	0.891	0.048	0.933	0.933	0.935	0.850	0.824	0.900	0.905	0.046	0.927	0.894	0.862	0.889	0.785	0.921	0.867	0.780
48:00:44	23.5	0.811	0.820	0.811	0.817	0.815	0.847	0.840	0.856	0.836	0.853	0.821	0.725	0.853	0.874	0.817	0.889	0.780	0.833	0.823	0.849	0.838	0.885	0.850	0.871	0.841	0.878	0.897	0.953	0.696	0.854	0.868	0.871	0.820	0.874	0.811	0.862	0.844	0.903	0.900	0.903	0.831	0.912	0.596	0.854	0.877	0.836	0.894	0.846	0.851	0.889	0.907	0.911	0.819	0.855	0.899	0.840	0.855	0.900	0.880	0.860	0.863	0.915	0.958	0.917	0.900	0.855	0.880	0.872	0.903	0.810	0.893	0.842	0.883	0.903	0.928	0.929	0.928	0.879	0.880	0.048	0.917	0.920	0.917	0.841	0.810	0.892	0.896	0.046	0.913	0.884	0.853	0.877	0.774	0.911	0.857	0.765
49:00:46	23.5	0.828	0.812	0.802	0.806	0.814	0.834	0.832	0.847	0.830	0.850	0.810	0.715	0.844	0.858	0.802	0.873	0.770	0.825	0.809	0.835	0.827	0.873	0.843	0.859	0.840	0.867	0.879	0.930	0.686	0.838	0.851	0.861	0.820	0.868	0.799	0.852	0.834	0.890	0.887	0.893	0.821	0.905	0.588	0.846	0.860	0.810	0.879	0.836	0.841	0.878	0.896	0.897	0.804	0.847	0.880	0.816	0.834	0.884	0.865	0.850	0.854	0.900	0.938	0.904	0.894	0.847	0.876	0.866	0.887	0.793	0.882	0.833	0.871	0.893	0.917	0.921	0.917	0.871	0.861	0.048	0.908	0.904	0.901	0.830	0.799	0.881	0.887	0.046	0.898	0.875	0.842	0.864	0.759	0.901	0.846	0.750
50:00:46	23.6	0.774	0.800	0.792	0.791	0.808	0.824	0.820	0.832	0.821	0.842	0.801	0.704	0.833	0.847	0.788	0.858	0.758	0.814	0.796	0.825	0.819	0.862	0.830	0.848	0.819	0.854	0.868	0.911	0.676	0.823	0.844	0.848	0.805	0.850	0.790	0.843	0.822	0.874	0.876	0.878	0.810	0.887	0.577	0.837	0.849	0.793	0.858	0.826	0.830	0.865	0.886	0.883	0.789	0.836	0.870	0.803	0.816	0.868	0.853	0.840	0.845	0.887	0.922	0.890	0.880	0.841	0.864	0.856	0.875	0.781	0.868	0.824	0.860	0.882	0.907	0.910	0.904	0.862	0.848	0.048	0.893	0.891	0.883	0.820	0.784	0.870	0.877	0.046	0.883	0.864	0.832	0.853	0.748	0.891	0.836	0.737
51:00:48	23.8	0.780	0.790	0.777	0.778	0.797	0.817	0.810	0.820	0.814	0.819	0.791	0.690	0.823	0.832	0.773	0.843	0.745	0.803	0.783	0.811	0.809	0.848	0.815	0.837	0.814	0.839	0.854	0.890	0.666	0.805	0.825	0.834	0.799	0.840	0.779	0.834	0.810	0.860	0.863	0.864	0.799	0.868	0.565	0.828	0.832	0.779	0.841	0.820	0.819	0.855	0.875	0.871	0.775	0.825	0.855	0.788	0.798	0.851	0.843	0.830	0.836	0.872	0.903	0.877	0.866	0.835	0.853	0.846	0.857	0.767	0.856	0.814	0.850	0.870	0.896	0.899	0.892	0.846	0.835	0.048	0.881	0.875	0.870	0.810	0.769	0.861	0.869	0.045	0.868	0.854	0.823	0.844	0.733	0.879	0.824	0.722
52:00:48	24.0	0.784	0.779	0.758	0.762	0.783	0.805	0.798	0.810	0.806	0.822	0.782	0.676	0.811	0.817	0.758	0.828	0.732	0.793	0.770	0.799	0.797	0.836	0.804	0.825	0.793	0.825	0.838	0.868	0.653	0.791	0.814	0.822	0.794	0.821	0.767	0.824	0.796	0.844	0.849	0.852	0.785	0.848	0.557	0.819	0.819	0.762	0.829	0.806	0.808	0.843	0.861	0.858	0.758	0.817	0.839	0.773	0.780	0.837	0.836	0.819	0.823	0.859	0.885	0.860	0.853	0.827	0.842	0.838	0.841	0.754	0.842	0.802	0.839	0.856	0.884	0.888	0.878	0.835	0.822	0.048	0.868	0.860	0.855	0.799	0.756	0.850	0.858	0.045	0.854	0.843	0.811	0.831	0.719	0.868	0.813	0.707
53:00:49	23.9	0.756	0.767	0.746	0.749	0.771	0.796	0.787	0.796	0.798	0.799	0.771	0.665	0.800	0.804	0.746	0.816	0.720	0.781	0.760	0.788	0.788	0.825	0.797	0.817	0.785	0.813	0.822	0.858	0.646	0.776	0.803	0.814	0.778	0.801	0.755	0.813	0.784	0.833	0.839	0.840	0.774	0.835	0.545	0.809	0.808	0.745	0.820	0.796	0.795	0.831	0.851	0.846	0.746	0.808	0.822	0.758	0.765	0.827	0.828	0.810	0.813	0.846	0.873	0.849	0.842	0.814	0.833	0.829	0.826	0.741	0.829	0.791	0.828	0.844	0.872	0.878	0.867	0.823	0.809	0.048	0.853	0.845	0.842	0.789	0.742	0.840	0.849	0.046	0.842	0.834	0.802	0.818	0.703	0.856	0.804	0.693
54:00:50	23.7	0.734	0.756	0.736	0.736	0.759	0.784	0.776	0.783	0.787	0.795	0.759	0.653	0.791	0.791	0.734	0.803	0.708	0.768	0.748	0.777	0.778	0.813	0.786	0.806	0.775	0.802	0.811	0.845	0.637	0.768	0.791	0.800	0.765	0.790	0.741	0.802	0.774	0.820	0.828	0.827	0.765	0.818	0.535	0.799	0.796	0.731	0.807	0.787	0.784	0.820	0.841	0.836	0.737	0.797	0.814	0.747	0.751	0.815	0.818	0.799	0.802	0.831	0.858	0.838	0.833	0.803	0.824	0.819	0.814	0.731	0.818	0.779	0.817	0.834	0.860	0.869	0.854	0.812	0.798	0.048	0.842	0.836	0.830	0.779	0.729	0.829	0.839	0.046	0.829	0.826	0.793	0.807	0.691	0.845	0.796	0.679
55:00:51	23.5	0.732	0.730	0.714	0.726	0.752	0.775	0.765	0.772	0.786	0.788	0.751	0.642	0.774	0.779	0.721	0.791	0.698	0.757	0.738	0.767	0.768	0.802	0.773	0.801	0.760	0.789	0.795	0.827	0.634	0.750	0.780	0.782	0.783	0.775	0.734	0.792	0.755	0.807	0.818	0.817	0.751	0.803	0.531	0.790	0.785	0.723	0.795	0.780	0.771	0.810	0.827	0.821	0.723	0.797	0.796	0.736	0.739	0.804	0.808	0.790	0.790	0.822	0.843	0.827	0.820	0.792	0.813	0.809	0.800	0.714	0.808	0.768	0.805	0.820	0.847	0.859	0.838	0.792	0.796	0.048	0.829	0.819	0.816	0.768	0.714	0.817	0.828	0.045	0.817	0.815	0.779	0.792	0.677	0.832	0.785	0.665
56:00:51	23.3	0.713	0.717	0.702	0.715	0.745	0.761	0.755	0.761	0.776	0.771	0.739	0.629	0.764	0.768	0.708	0.779	0.687	0.748	0.727	0.755	0.753	0.789	0.762	0.789	0.748	0.776	0.786	0.817	0.624	0.739	0.767	0.775	0.770	0.767	0.722	0.780	0.742	0.792	0.806	0.802	0.741	0.790	0.523	0.780	0.774	0.710	0.784	0.769	0.761	0.798	0.815	0.810	0.714	0.784	0.790	0.721	0.723	0.792	0.795	0.777	0.778	0.810	0.828	0.814	0.809	0.789	0.803	0.799	0.785	0.704	0.796	0.756	0.792	0.808	0.834	0.848	0.823	0.779	0.779	0.048	0.815	0.809	0.806	0.759	0.699	0.807	0.817	0.046	0.805	0.805	0.771	0.779	0.665	0.821	0.776	0.651
57:00:53	23.1	0.657	0.714	0.690	0.702	0.732	0.751	0.746	0.750	0.759	0.759	0.724	0.616	0.755	0.758	0.701	0.771	0.678	0.736	0.719	0.746	0.746	0.775	0.753	0.777	0.741	0.766	0.775	0.815	0.616	0.732	0.759	0.772	0.741	0.761	0.711	0.768	0.732	0.781	0.796	0.792	0.733	0.782	0.512	0.771	0.765	0.699	0.773	0.755	0.748	0.786	0.805	0.800	0.705	0.775	0.782	0.708	0.714	0.783	0.784	0.769	0.768	0.795	0.815	0.804	0.800	0.779	0.792	0.791	0.778	0.694	0.784	0.747	0.781	0.798	0.825	0.839	0.812	0.768	0.763	0.048	0.802	0.797	0.795	0.749	0.685	0.797	0.808	0.046	0.793	0.795	0.762	0.767	0.650	0.810	0.766	0.636
58:00:55	22.9	0.669	0.687	0.676	0.686	0.724	0.746	0.738	0.739	0.757	0.757	0.715	0.605	0.739	0.748	0.689	0.758	0.670	0.728	0.710	0.739	0.734	0.764	0.743	0.768	0.728	0.755	0.765	0.796	0.609	0.720	0.750	0.760	0.740	0.749	0.703	0.760	0.718	0.772	0.788	0.779	0.724	0.766	0.507	0.763	0.756	0.690	0.763	0.747	0.737	0.777	0.797	0.791	0.694	0.767	0.772	0.696	0.701	0.772	0.775	0.760	0.758	0.786	0.802	0.790	0.791	0.771	0.782	0.781	0.766	0.684	0.773	0.736	0.772	0.788	0.815	0.829	0.798	0.755	0.753	0.048	0.787	0.784	0.784	0.740	0.670	0.787	0.800	0.046	0.784	0.783	0.756	0.757	0.639	0.798	0.753	0.625
59:00:55	22.7	0.654	0.662	0.664	0.673	0.716	0.737	0.727	0.728	0.751	0.755	0.702	0.596	0.719	0.736	0.678	0.747	0.661	0.718	0.701	0.729	0.721	0.752	0.731	0.756	0.715	0.746	0.753	0.780	0.603	0.708	0.740	0.742	0.748	0.736	0.692	0.750	0.696	0.761	0.776	0.770	0.714	0.753	0.504	0.752	0.746	0.682	0.753	0.736	0.727	0.766	0.784	0.779	0.684	0.761	0.759	0.684	0.689	0.761	0.763	0.750	0.745	0.774	0.787	0.776	0.781	0.760	0.773	0.768	0.755	0.673	0.761	0.726	0.761	0.777	0.803	0.820	0.784	0.741	0.746	0.048	0.773	0.771	0.772	0.728	0.655	0.777	0.788	0.045	0.772	0.770	0.742	0.747	0.627	0.787	0.741	0.610
60:00:56	22.6	0.638	0.649	0.654	0.660	0.706	0.727	0.717	0.719	0.744	0.745	0.690	0.579	0.705	0.727	0.669	0.739	0.652	0.710	0.694	0.721	0.710	0.742	0.724	0.746	0.709	0.738	0.743	0.767	0.598	0.700	0.732	0.732	0.740	0.725	0.684	0.738	0.685	0.753	0.766	0.760	0.706	0.741	0.499	0.741	0.737	0.672	0.744	0.723	0.716	0.758	0.775	0.770	0.676	0.763	0.747	0.672	0.679	0.752	0.752	0.740	0.734	0.765	0.777	0.764	0.772	0.749	0.762	0.759	0.746	0.665	0.752	0.715	0.751	0.767	0.793	0.810	0.773	0.729	0.734	0.048	0.760	0.756	0.762	0.717	0.643	0.767	0.779	0.046	0.763	0.760	0.730	0.739	0.620	0.775	0.731	0.598
61:00:56	22.8	0.627	0.635	0.646	0.652	0.697	0.717	0.710	0.710	0.736	0.734	0.677	0.568	0.693	0.717	0.657	0.727	0.644	0.701	0.685	0.711	0.699	0.732	0.714	0.735	0.700	0.727	0.732	0.754	0.590	0.690	0.722	0.724	0.726	0.715	0.675	0.727	0.677	0.744	0.754	0.747	0.698	0.728	0.493	0.732	0.728	0.662	0.733	0.712	0.706	0.748	0.765	0.760	0.665	0.760	0.736	0.662	0.668	0.743	0.742	0.728	0.719	0.753	0.763	0.754	0.761	0.738	0.753	0.749	0.735	0.655	0.743	0.704	0.739	0.756	0.784	0.801	0.762	0.719	0.724	0.048	0.750	0.744	0.752	0.706	0.628	0.755	0.769	0.046	0.751	0.749	0.720	0.729	0.609	0.764	0.718	0.584
62:00:57	22.8	0.625	0.623	0.638	0.639	0.687	0.707	0.699	0.700	0.724	0.718	0.667	0.555	0.681	0.708	0.648	0.717	0.636	0.693	0.676	0.702	0.687	0.724	0.705	0.724	0.682	0.718	0.723	0.743	0.583	0.680	0.714	0.712	0.720	0.706	0.665	0.716	0.667	0.734	0.745	0.737	0.689	0.717	0.486	0.724	0.719	0.654	0.724	0.700	0.694	0.740	0.754	0.750	0.655	0.751	0.725	0.653	0.657	0.731	0.731	0.716	0.707	0.745	0.751	0.742	0.751	0.728	0.743	0.740	0.725	0.648	0.734	0.693	0.725	0.745	0.774	0.790	0.750	0.708	0.714	0.048	0.738	0.733	0.740	0.693	0.613	0.744	0.759	0.046	0.741	0.740	0.710	0.717	0.600	0.751	0.706	0.569
63:00:58	23.0	0.596	0.612	0.631	0.627	0.677	0.695	0.689	0.690	0.715	0.709	0.651	0.544	0.671	0.699	0.638	0.708	0.629	0.684	0.667	0.693	0.676	0.713	0.697	0.712	0.667	0.707	0.714	0.733	0.577	0.672	0.705	0.707	0.715	0.696	0.656	0.705	0.661	0.725	0.735	0.729	0.680	0.705	0.480	0.714	0.710	0.645	0.715	0.689	0.680	0.729	0.747	0.740	0.646	0.739	0.717	0.643	0.647	0.723	0.719	0.705	0.690	0.734	0.742	0.733	0.741	0.720	0.734	0.732	0.718	0.640	0.724	0.683	0.705	0.735	0.765	0.782	0.742	0.698	0.704	0.048	0.728	0.724	0.732	0.681	0.599	0.732	0.750	0.046	0.731	0.729	0.697	0.705	0.590	0.739	0.695	0.558
64:00:59	23.2	0.568	0.605	0.626	0.615	0.669	0.684	0.678	0.679	0.706	0.704	0.638	0.531	0.666	0.690	0.629	0.699	0.621	0.675	0.660	0.685	0.673	0.702	0.688	0.701	0.668	0.701	0.704	0.719	0.570	0.661	0.696	0.690	0.703	0.686	0.646	0.694	0.657	0.717	0.725	0.716	0.672	0.696	0.476	0.705	0.702	0.639	0.702	0.683	0.667	0.719	0.737	0.730	0.638	0.741	0.706	0.636	0.637	0.712	0.709	0.693	0.680	0.727	0.731	0.722	0.730	0.707	0.726	0.722	0.708	0.632	0.715	0.671	0.691	0.725	0.755	0.772	0.731	0.688	0.696	0.048	0.717	0.711	0.722	0.668	0.584	0.720	0.739	0.046	0.720	0.720	0.686	0.694	0.583	0.728	0.682	0.545
65:00:59	23.3	0.555	0.602	0.617	0.602	0.659	0.672	0.668	0.670	0.698	0.694	0.627	0.520	0.659	0.680	0.618	0.690	0.613	0.665	0.651	0.675	0.661	0.693	0.680	0.690	0.657	0.690	0.695	0.709	0.561	0.650	0.687	0.685	0.696	0.676	0.635	0.684	0.649	0.707	0.715	0.705	0.663	0.686	0.468	0.694	0.693	0.631	0.693	0.670	0.650	0.711	0.728	0.722	0.630	0.732	0.701	0.626	0.628	0.703	0.698	0.681	0.664	0.717	0.721	0.714	0.722	0.698	0.716	0.713	0.699	0.624	0.705	0.658	0.679	0.714	0.747	0.763	0.722	0.678	0.685	0.048	0.707	0.702	0.712	0.655	0.569	0.707	0.728	0.046	0.710	0.709	0.673	0.680	0.575	0.715	0.669	0.531
66:01:01	23.6	0.554	0.597	0.607	0.592	0.648	0.659	0.654	0.659	0.686	0.681	0.614	0.509	0.651	0.670	0.609	0.679	0.604	0.656	0.643	0.666	0.649	0.681	0.670	0.675	0.639	0.682	0.685	0.700	0.555	0.640	0.678	0.673	0.688	0.667	0.624	0.673	0.636	0.698	0.706	0.695	0.654	0.674	0.462	0.682	0.684	0.621	0.681	0.656	0.630	0.700	0.719	0.713	0.621	0.721	0.692	0.616	0.619	0.693	0.685	0.669	0.652	0.708	0.711	0.703	0.711	0.686	0.707	0.703	0.690	0.615	0.695	0.643	0.660	0.703	0.735	0.752	0.711	0.666	0.676	0.047	0.695	0.693	0.702	0.644	0.555	0.694	0.717	0.045	0.698	0.697	0.659	0.667	0.564	0.702	0.657	0.517
67:01:02	23.9	0.535	0.586	0.597	0.583	0.640	0.648	0.643	0.650	0.672	0.673	0.604	0.503	0.640	0.661	0.597	0.670	0.596	0.647	0.633	0.657	0.643	0.671	0.661	0.665	0.633	0.672	0.674	0.690	0.547	0.629	0.668	0.664	0.678	0.657	0.614	0.661	0.624	0.687	0.695	0.685	0.646	0.664	0.455	0.672	0.675	0.611	0.671	0.642	0.612	0.690	0.713	0.703	0.612	0.708	0.679	0.608	0.608	0.683	0.673	0.654	0.640	0.697	0.701	0.693	0.702	0.674	0.697	0.695	0.681	0.609	0.686	0.628	0.641	0.692	0.726	0.742	0.702	0.656	0.665	0.048	0.687	0.682	0.693	0.630	0.539	0.682	0.705	0.045	0.686	0.684	0.648	0.653	0.555	0.689	0.644	0.502
68:01:03	24.3	0.522	0.571	0.587	0.574	0.627	0.633	0.629	0.640	0.661	0.661	0.587	0.491	0.630	0.651	0.587	0.660	0.587	0.637	0.625	0.648	0.632	0.660	0.651	0.646	0.617	0.662	0.664	0.678	0.540	0.620	0.659	0.656	0.670	0.648	0.603	0.648	0.609	0.678	0.686	0.675	0.636	0.655	0.449	0.660	0.667	0.601	0.661	0.629	0.597	0.679	0.700	0.696	0.604	0.696	0.672	0.597	0.599	0.673	0.660	0.642	0.626	0.686	0.692	0.685	0.694	0.664	0.686	0.686	0.673	0.601	0.676	0.613	0.627	0.680	0.715	0.733	0.691	0.646	0.654	0.048	0.675	0.672	0.682	0.617	0.523	0.669	0.694	0.045	0.674	0.669	0.635	0.640	0.543	0.676	0.630	0.487
69:01:04	24.7	0.503	0.558	0.573	0.567	0.615	0.617	0.615	0.630	0.649	0.648	0.571	0.481	0.615	0.640	0.577	0.650	0.578	0.629	0.615	0.638	0.620	0.650	0.641	0.631	0.606	0.653	0.652	0.668	0.538	0.612	0.650	0.652	0.657	0.637	0.593	0.634	0.584	0.668	0.677	0.667	0.627	0.644	0.443	0.650	0.657	0.592	0.653	0.611	0.584	0.668	0.691	0.687	0.595	0.687	0.664	0.588	0.590	0.664	0.647	0.625	0.610	0.675	0.683	0.674	0.683	0.653	0.674	0.677	0.664	0.593	0.666	0.598	0.613	0.669	0.704	0.722	0.681	0.636	0.641	0.048	0.664	0.661	0.669	0.602	0.508	0.653	0.681	0.046	0.661	0.654	0.623	0.626	0.534	0.662	0.616	0.472
70:01:05	25.2	0.489	0.548	0.571	0.554	0.603	0.605	0.601	0.618	0.639	0.639	0.560	0.469	0.615	0.629	0.566	0.639	0.570	0.618	0.607	0.629	0.613	0.636	0.630	0.618	0.592	0.643	0.643	0.656	0.527	0.601	0.641	0.637	0.651	0.629	0.582	0.620	0.562	0.658	0.666	0.655	0.617	0.634	0.434	0.639	0.649	0.583	0.642	0.598	0.578	0.656	0.680	0.676	0.585	0.673	0.655	0.578	0.580	0.653	0.635	0.612	0.599	0.664	0.670	0.665	0.675	0.641	0.667	0.667	0.653	0.584	0.654	0.582	0.602	0.656	0.691	0.710	0.670	0.624	0.629	0.048	0.653	0.651	0.657	0.583	0.491	0.634	0.667	0.046	0.649	0.632	0.610	0.614	0.521	0.648	0.601	0.456
71:01:04	25.5	0.474	0.538	0.556	0.543	0.589	0.586	0.586	0.605	0.624	0.620	0.543	0.451	0.595	0.618	0.553	0.628	0.559	0.608	0.596	0.619	0.603	0.626	0.618	0.600	0.576	0.633	0.632	0.646	0.523	0.592	0.631	0.631	0.637	0.618	0.571	0.601	0.546	0.646	0.656	0.643	0.606	0.622	0.431	0.626	0.638	0.572	0.632	0.577	0.564	0.645	0.668	0.667	0.575	0.663	0.645	0.569	0.569	0.641	0.620	0.593	0.583	0.652	0.660	0.653	0.664	0.627	0.653	0.657	0.644	0.577	0.642	0.566	0.585	0.642	0.679	0.697	0.659	0.614	0.616	0.048	0.644	0.640	0.647	0.565	0.474	0.615	0.652	0.046	0.633	0.620	0.595	0.599	0.510	0.631	0.585	0.439
72:01:06	25.7	0.455	0.528	0.546	0.534	0.577	0.571	0.572	0.595	0.610	0.608	0.526	0.441	0.588	0.608	0.543	0.619	0.550	0.597	0.587	0.610	0.594	0.613	0.607	0.583	0.563	0.623	0.621	0.635	0.515	0.584	0.622	0.624	0.628	0.609	0.560	0.587	0.529	0.635	0.645	0.634	0.596	0.613	0.420	0.613	0.630	0.564	0.626	0.561	0.547	0.632	0.656	0.657	0.568	0.652	0.635	0.559	0.560	0.631	0.606	0.577	0.567	0.641	0.649	0.643	0.654	0.615	0.639	0.645	0.634	0.567	0.630	0.550	0.569	0.628	0.666	0.684	0.647	0.601	0.602	0.048	0.631	0.628	0.634	0.546	0.456	0.600	0.638	0.045	0.619	0.605	0.579	0.585	0.499	0.615	0.568	0.424

