Time	T° 600	A1	A2	A3	A4	A5	A6	A7	A8	A9	A10	A11	A12	B1	B2	B3	B4	B5	B6	B7	B8	B9	B10	B11	B12	C1	C2	C3	C4	C5	C6	C7	C8	C9	C10	C11	C12	D1	D2	D3	D4	D5	D6	D7	D8	D9	D10	D11	D12	E1	E2	E3	E4	E5	E6	E7	E8	E9	E10	E11	E12	F1	F2	F3	F4	F5	F6	F7	F8	F9	F10	F11	F12	G1	G2	G3	G4	G5	G6	G7	G8	G9	G10	G11	G12	H1	H2	H3	H4	H5	H6	H7	H8	H9	H10	H11	H12
0:00:06	23.9	0.049	0.052	0.049	0.051	0.049	0.051	0.046	0.049	0.048	0.062	0.053	0.048	0.047	0.048	0.048	0.049	0.054	0.047	0.047	0.050	0.047	0.052	0.052	0.050	0.047	0.048	0.073	0.047	0.048	0.050	0.054	0.047	0.050	0.049	0.049	0.050	0.047	0.048	0.048	0.048	0.047	0.050	0.056	0.049	0.050	0.050	0.050	0.050	0.047	0.050	0.050	0.051	0.049	0.048	0.053	0.047	0.047	0.048	0.048	0.047	0.048	0.050	0.049	0.052	0.050	0.049	0.049	0.048	0.046	0.047	0.048	0.048	0.051	0.049	0.049	0.048	0.051	0.048	0.048	0.049	0.051	0.048	0.048	0.045	0.047	0.052	0.051	0.055	0.049	0.048	0.051	0.051	0.050	0.050	0.048	0.048
1:00:03	24.1	0.054	0.056	0.054	0.056	0.054	0.056	0.052	0.053	0.054	0.065	0.055	0.053	0.051	0.052	0.052	0.053	0.058	0.052	0.052	0.055	0.052	0.057	0.058	0.055	0.052	0.053	0.083	0.052	0.053	0.055	0.059	0.051	0.055	0.054	0.055	0.055	0.052	0.053	0.053	0.052	0.052	0.055	0.060	0.054	0.055	0.055	0.055	0.055	0.052	0.055	0.054	0.056	0.054	0.053	0.058	0.051	0.053	0.054	0.053	0.052	0.052	0.055	0.054	0.057	0.056	0.053	0.053	0.053	0.046	0.052	0.053	0.053	0.056	0.054	0.055	0.053	0.057	0.054	0.053	0.054	0.056	0.053	0.052	0.046	0.052	0.056	0.057	0.060	0.054	0.052	0.056	0.056	0.055	0.055	0.053	0.053
2:00:04	24.3	0.064	0.065	0.066	0.068	0.068	0.070	0.064	0.067	0.067	0.078	0.063	0.065	0.062	0.064	0.064	0.064	0.071	0.066	0.065	0.067	0.065	0.070	0.071	0.067	0.063	0.065	0.092	0.066	0.066	0.068	0.072	0.063	0.067	0.067	0.067	0.067	0.064	0.065	0.067	0.064	0.066	0.070	0.071	0.066	0.068	0.066	0.067	0.068	0.064	0.068	0.067	0.069	0.068	0.065	0.071	0.062	0.065	0.067	0.067	0.064	0.064	0.068	0.067	0.069	0.068	0.066	0.066	0.066	0.047	0.065	0.067	0.067	0.069	0.067	0.069	0.066	0.069	0.067	0.066	0.067	0.069	0.066	0.064	0.046	0.064	0.070	0.071	0.072	0.067	0.064	0.070	0.069	0.068	0.068	0.066	0.067
3:00:04	24.1	0.093	0.089	0.097	0.098	0.103	0.106	0.093	0.101	0.100	0.109	0.077	0.097	0.089	0.091	0.091	0.091	0.101	0.097	0.095	0.097	0.095	0.106	0.105	0.097	0.090	0.097	0.115	0.098	0.097	0.100	0.101	0.093	0.097	0.101	0.101	0.098	0.092	0.094	0.098	0.097	0.097	0.107	0.100	0.095	0.098	0.096	0.096	0.098	0.095	0.098	0.100	0.100	0.104	0.098	0.102	0.089	0.095	0.098	0.101	0.097	0.093	0.099	0.100	0.100	0.100	0.096	0.098	0.096	0.047	0.097	0.100	0.102	0.101	0.098	0.103	0.096	0.101	0.101	0.098	0.096	0.099	0.095	0.092	0.047	0.097	0.104	0.104	0.103	0.103	0.096	0.105	0.102	0.099	0.097	0.101	0.102
4:00:05	23.9	0.167	0.123	0.181	0.170	0.190	0.151	0.161	0.162	0.166	0.171	0.114	0.179	0.134	0.149	0.165	0.154	0.178	0.180	0.160	0.156	0.157	0.152	0.161	0.166	0.143	0.163	0.172	0.163	0.167	0.169	0.156	0.134	0.174	0.153	0.155	0.165	0.141	0.152	0.160	0.169	0.158	0.159	0.164	0.150	0.169	0.150	0.166	0.165	0.150	0.159	0.160	0.160	0.170	0.159	0.154	0.140	0.158	0.144	0.158	0.155	0.137	0.156	0.163	0.155	0.154	0.154	0.150	0.151	0.048	0.166	0.161	0.162	0.152	0.151	0.151	0.133	0.157	0.151	0.143	0.141	0.157	0.150	0.152	0.048	0.145	0.147	0.149	0.156	0.150	0.150	0.143	0.158	0.142	0.144	0.157	0.154
5:00:06	23.8	0.200	0.164	0.194	0.198	0.205	0.224	0.203	0.214	0.220	0.213	0.192	0.221	0.166	0.181	0.209	0.174	0.218	0.218	0.186	0.178	0.186	0.195	0.186	0.205	0.181	0.188	0.181	0.198	0.210	0.214	0.186	0.163	0.207	0.207	0.186	0.190	0.179	0.192	0.190	0.221	0.194	0.208	0.202	0.196	0.207	0.180	0.192	0.197	0.197	0.207	0.210	0.218	0.219	0.214	0.213	0.179	0.198	0.187	0.184	0.201	0.184	0.206	0.199	0.200	0.217	0.186	0.182	0.188	0.048	0.195	0.199	0.203	0.178	0.187	0.213	0.182	0.219	0.215	0.187	0.196	0.199	0.187	0.193	0.049	0.175	0.180	0.189	0.193	0.195	0.203	0.186	0.212	0.204	0.196	0.194	0.208
6:00:06	23.6	0.247	0.192	0.237	0.237	0.244	0.259	0.261	0.263	0.271	0.269	0.213	0.261	0.194	0.225	0.295	0.206	0.277	0.260	0.222	0.212	0.242	0.225	0.206	0.247	0.209	0.241	0.238	0.253	0.253	0.269	0.235	0.198	0.269	0.257	0.229	0.227	0.209	0.234	0.224	0.276	0.231	0.245	0.261	0.268	0.249	0.219	0.232	0.236	0.244	0.278	0.281	0.268	0.260	0.257	0.273	0.231	0.255	0.233	0.224	0.245	0.234	0.257	0.259	0.274	0.281	0.234	0.228	0.228	0.049	0.242	0.245	0.241	0.228	0.248	0.261	0.236	0.274	0.286	0.242	0.246	0.268	0.239	0.234	0.049	0.227	0.227	0.232	0.254	0.253	0.258	0.238	0.272	0.252	0.256	0.247	0.249
7:00:08	23.3	0.287	0.241	0.275	0.266	0.272	0.293	0.282	0.285	0.277	0.270	0.240	0.290	0.226	0.250	0.321	0.237	0.291	0.287	0.264	0.248	0.280	0.247	0.246	0.259	0.237	0.262	0.261	0.285	0.284	0.278	0.271	0.229	0.294	0.267	0.243	0.253	0.241	0.260	0.262	0.285	0.263	0.265	0.282	0.308	0.276	0.248	0.254	0.258	0.275	0.289	0.297	0.293	0.295	0.289	0.295	0.259	0.280	0.260	0.271	0.285	0.268	0.284	0.279	0.292	0.315	0.257	0.256	0.259	0.050	0.279	0.266	0.273	0.273	0.280	0.291	0.270	0.304	0.313	0.260	0.290	0.301	0.268	0.261	0.050	0.261	0.262	0.264	0.281	0.288	0.283	0.265	0.276	0.285	0.295	0.276	0.281
8:00:09	23.0	0.305	0.292	0.303	0.302	0.306	0.319	0.301	0.308	0.307	0.307	0.274	0.319	0.271	0.281	0.351	0.280	0.326	0.303	0.296	0.291	0.308	0.283	0.287	0.301	0.278	0.284	0.306	0.311	0.301	0.310	0.297	0.265	0.326	0.302	0.281	0.291	0.277	0.294	0.288	0.317	0.297	0.293	0.312	0.325	0.299	0.275	0.287	0.293	0.303	0.319	0.330	0.324	0.323	0.314	0.314	0.290	0.305	0.297	0.295	0.313	0.291	0.322	0.316	0.321	0.331	0.298	0.289	0.295	0.050	0.311	0.300	0.302	0.306	0.307	0.317	0.297	0.329	0.332	0.290	0.314	0.331	0.300	0.302	0.050	0.284	0.297	0.301	0.308	0.316	0.313	0.297	0.316	0.316	0.328	0.305	0.305
9:00:11	22.6	0.322	0.348	0.350	0.347	0.349	0.339	0.320	0.338	0.353	0.352	0.311	0.338	0.312	0.337	0.358	0.320	0.362	0.358	0.341	0.340	0.352	0.332	0.333	0.331	0.315	0.320	0.357	0.344	0.354	0.346	0.350	0.297	0.350	0.329	0.323	0.325	0.304	0.332	0.341	0.357	0.344	0.340	0.351	0.349	0.331	0.293	0.328	0.328	0.328	0.340	0.353	0.358	0.358	0.346	0.360	0.329	0.333	0.323	0.321	0.333	0.317	0.335	0.327	0.343	0.357	0.344	0.324	0.328	0.050	0.339	0.337	0.327	0.328	0.338	0.341	0.327	0.351	0.361	0.320	0.344	0.350	0.332	0.337	0.050	0.315	0.327	0.331	0.331	0.335	0.326	0.328	0.335	0.342	0.337	0.339	0.330
10:00:11	22.7	0.394	0.427	0.419	0.445	0.427	0.411	0.367	0.403	0.420	0.437	0.351	0.412	0.380	0.409	0.412	0.393	0.425	0.411	0.406	0.407	0.412	0.402	0.424	0.411	0.386	0.383	0.443	0.399	0.407	0.405	0.400	0.360	0.414	0.380	0.392	0.391	0.368	0.388	0.397	0.408	0.412	0.405	0.406	0.407	0.375	0.349	0.399	0.392	0.376	0.393	0.392	0.401	0.427	0.405	0.415	0.383	0.393	0.382	0.373	0.374	0.372	0.385	0.378	0.390	0.396	0.409	0.384	0.386	0.050	0.411	0.411	0.389	0.382	0.379	0.392	0.370	0.393	0.406	0.380	0.400	0.401	0.391	0.417	0.050	0.386	0.392	0.398	0.392	0.390	0.375	0.387	0.387	0.409	0.356	0.403	0.397
11:00:12	22.8	0.479	0.537	0.511	0.546	0.537	0.522	0.447	0.508	0.520	0.552	0.422	0.522	0.461	0.502	0.497	0.481	0.528	0.514	0.503	0.502	0.512	0.491	0.527	0.506	0.484	0.478	0.522	0.494	0.499	0.502	0.483	0.446	0.526	0.474	0.487	0.491	0.456	0.476	0.488	0.501	0.512	0.505	0.505	0.501	0.469	0.430	0.497	0.490	0.479	0.490	0.482	0.486	0.537	0.507	0.513	0.466	0.494	0.471	0.457	0.452	0.451	0.482	0.477	0.486	0.465	0.505	0.471	0.476	0.050	0.502	0.505	0.478	0.466	0.468	0.480	0.448	0.479	0.496	0.471	0.494	0.499	0.480	0.518	0.050	0.478	0.493	0.484	0.480	0.486	0.467	0.473	0.479	0.500	0.413	0.492	0.481
12:00:13	22.8	0.571	0.645	0.627	0.661	0.654	0.648	0.533	0.634	0.641	0.684	0.505	0.642	0.560	0.605	0.617	0.592	0.651	0.636	0.613	0.610	0.623	0.591	0.643	0.614	0.598	0.590	0.591	0.598	0.612	0.622	0.588	0.562	0.642	0.598	0.603	0.605	0.558	0.583	0.608	0.630	0.630	0.627	0.615	0.617	0.578	0.526	0.614	0.602	0.585	0.612	0.605	0.608	0.659	0.626	0.629	0.577	0.610	0.588	0.560	0.541	0.556	0.607	0.591	0.609	0.573	0.625	0.592	0.588	0.051	0.606	0.607	0.578	0.566	0.578	0.584	0.550	0.601	0.617	0.590	0.602	0.615	0.582	0.630	0.051	0.574	0.606	0.587	0.592	0.598	0.583	0.580	0.588	0.603	0.482	0.591	0.578
13:00:13	22.9	0.644	0.743	0.741	0.767	0.767	0.758	0.628	0.743	0.754	0.808	0.597	0.746	0.646	0.713	0.740	0.706	0.771	0.760	0.740	0.733	0.746	0.693	0.761	0.711	0.701	0.701	0.666	0.699	0.733	0.747	0.700	0.679	0.767	0.723	0.715	0.721	0.645	0.695	0.732	0.756	0.750	0.754	0.735	0.737	0.694	0.629	0.728	0.712	0.682	0.728	0.726	0.728	0.780	0.746	0.750	0.696	0.725	0.705	0.669	0.635	0.662	0.732	0.716	0.728	0.692	0.746	0.714	0.707	0.051	0.705	0.707	0.673	0.662	0.689	0.688	0.657	0.723	0.734	0.702	0.714	0.741	0.692	0.738	0.050	0.654	0.706	0.691	0.700	0.708	0.695	0.681	0.697	0.702	0.566	0.691	0.665
14:00:14	23.0	0.707	0.839	0.844	0.853	0.872	0.853	0.703	0.837	0.865	0.922	0.683	0.837	0.717	0.813	0.855	0.808	0.893	0.883	0.852	0.843	0.858	0.794	0.867	0.796	0.787	0.808	0.734	0.787	0.852	0.864	0.818	0.788	0.876	0.840	0.815	0.820	0.723	0.794	0.847	0.873	0.859	0.871	0.842	0.843	0.804	0.718	0.842	0.808	0.760	0.834	0.837	0.846	0.886	0.856	0.865	0.816	0.831	0.814	0.774	0.717	0.743	0.840	0.819	0.838	0.803	0.850	0.822	0.816	0.051	0.793	0.795	0.761	0.739	0.783	0.778	0.748	0.835	0.844	0.805	0.814	0.846	0.785	0.829	0.050	0.716	0.794	0.779	0.796	0.799	0.791	0.769	0.797	0.788	0.644	0.777	0.745
15:00:16	23.1	0.772	0.922	0.928	0.931	0.952	0.936	0.770	0.915	0.951	1.021	0.760	0.911	0.788	0.902	0.953	0.899	0.989	0.989	0.954	0.944	0.958	0.892	0.953	0.868	0.861	0.905	0.792	0.868	0.960	0.967	0.926	0.885	0.974	0.943	0.907	0.903	0.798	0.880	0.949	0.973	0.954	0.975	0.938	0.945	0.908	0.805	0.936	0.890	0.834	0.921	0.938	0.951	0.984	0.952	0.967	0.918	0.923	0.911	0.868	0.792	0.819	0.936	0.912	0.934	0.905	0.944	0.915	0.912	0.051	0.875	0.873	0.838	0.812	0.869	0.859	0.834	0.932	0.937	0.893	0.903	0.945	0.872	0.910	0.050	0.776	0.872	0.857	0.881	0.884	0.875	0.849	0.881	0.867	0.718	0.853	0.816
16:00:16	23.2	0.828	1.003	0.999	0.998	1.020	1.000	0.827	0.982	1.021	1.103	0.828	0.974	0.846	0.978	1.039	0.970	1.069	1.078	1.040	1.025	1.040	0.986	1.028	0.930	0.928	0.985	0.841	0.941	1.046	1.051	1.018	0.967	1.053	1.026	0.985	0.974	0.867	0.953	1.034	1.055	1.033	1.067	1.019	1.031	0.992	0.879	1.015	0.959	0.900	0.998	1.024	1.038	1.068	1.038	1.053	1.007	1.001	0.992	0.947	0.853	0.889	1.018	0.991	1.018	0.990	1.022	0.995	0.996	0.051	0.946	0.939	0.906	0.883	0.944	0.931	0.909	1.012	1.017	0.969	0.977	1.030	0.946	0.977	0.049	0.836	0.943	0.930	0.959	0.959	0.949	0.923	0.955	0.932	0.775	0.920	0.882
17:00:18	23.6	0.883	1.062	1.053	1.043	1.074	1.053	0.876	1.036	1.075	1.172	0.886	1.024	0.907	1.040	1.113	1.031	1.134	1.150	1.108	1.091	1.107	1.075	1.083	0.980	0.981	1.052	0.885	1.002	1.119	1.119	1.092	1.033	1.114	1.097	1.044	1.028	0.921	1.011	1.102	1.121	1.092	1.143	1.081	1.098	1.069	0.940	1.075	1.014	0.954	1.057	1.095	1.109	1.132	1.104	1.120	1.079	1.061	1.056	1.008	0.908	0.953	1.088	1.050	1.085	1.060	1.083	1.057	1.060	0.051	1.008	0.992	0.960	0.942	1.004	0.993	0.974	1.081	1.077	1.028	1.036	1.092	1.004	1.031	0.049	0.888	1.002	0.991	1.023	1.022	1.008	0.982	1.013	0.988	0.828	0.979	0.941
18:00:18	24.0	0.924	1.112	1.088	1.077	1.109	1.097	0.912	1.077	1.116	1.231	0.937	1.062	0.948	1.083	1.167	1.075	1.183	1.205	1.159	1.140	1.156	1.154	1.121	1.019	1.021	1.101	0.925	1.056	1.175	1.177	1.148	1.084	1.160	1.150	1.088	1.073	0.970	1.058	1.151	1.170	1.142	1.198	1.130	1.152	1.124	0.988	1.118	1.055	0.997	1.102	1.148	1.160	1.185	1.155	1.173	1.131	1.111	1.108	1.058	0.956	1.001	1.140	1.099	1.136	1.117	1.131	1.107	1.112	0.052	1.064	1.036	1.005	0.989	1.052	1.045	1.024	1.134	1.127	1.080	1.086	1.141	1.049	1.082	0.049	0.931	1.055	1.044	1.078	1.073	1.056	1.035	1.059	1.042	0.873	1.026	0.991
19:00:19	24.0	0.965	1.148	1.131	1.117	1.145	1.139	0.938	1.116	1.156	1.280	0.983	1.097	0.987	1.121	1.210	1.119	1.222	1.246	1.198	1.182	1.193	1.196	1.158	1.057	1.056	1.142	0.961	1.121	1.219	1.230	1.193	1.129	1.204	1.201	1.130	1.117	1.012	1.111	1.201	1.210	1.199	1.257	1.186	1.202	1.168	1.033	1.159	1.102	1.038	1.145	1.201	1.208	1.259	1.202	1.219	1.178	1.166	1.160	1.111	1.002	1.045	1.185	1.151	1.182	1.165	1.177	1.153	1.160	0.051	1.156	1.089	1.056	1.037	1.098	1.110	1.092	1.185	1.175	1.131	1.139	1.194	1.102	1.156	0.049	0.973	1.112	1.101	1.157	1.132	1.108	1.090	1.106	1.121	0.917	1.078	1.044
20:00:20	24.0	1.012	1.188	1.165	1.158	1.174	1.176	0.961	1.155	1.187	1.347	1.033	1.138	1.026	1.154	1.251	1.158	1.257	1.288	1.237	1.219	1.227	1.113	1.191	1.098	1.089	1.181	0.999	1.241	1.253	1.295	1.237	1.173	1.262	1.244	1.168	1.157	1.053	1.160	1.267	1.251	1.276	1.353	1.240	1.282	1.210	1.080	1.199	1.143	1.082	1.207	1.306	1.265	1.398	1.264	1.286	1.225	1.242	1.207	1.163	1.072	1.093	1.234	1.212	1.225	1.213	1.226	1.221	1.222	0.051	1.240	1.156	1.118	1.092	1.154	1.231	1.168	1.270	1.235	1.201	1.209	1.248	1.162	1.242	0.048	1.019	1.175	1.162	1.265	1.210	1.181	1.163	1.161	1.218	0.957	1.138	1.110
21:00:21	24.2	1.062	1.259	1.244	1.246	1.206	1.234	0.990	1.193	1.261	1.406	1.070	1.181	1.075	1.229	1.315	1.210	1.359	1.419	1.340	1.283	1.321	1.089	1.255	1.148	1.123	1.264	1.029	1.024	1.283	1.410	1.325	1.255	1.450	1.307	1.232	1.217	1.096	1.252	1.406	1.329	1.233	1.398	1.418	1.439	1.239	1.121	1.261	1.200	1.140	1.366	1.463	1.416	1.351	1.443	1.472	1.333	1.450	1.278	1.255	1.164	1.149	1.356	1.368	1.329	1.312	1.320	1.365	1.328	0.051	1.198	1.269	1.204	1.164	1.266	1.347	1.277	1.433	1.392	1.335	1.350	1.422	1.272	1.381	0.048	1.078	1.257	1.297	1.345	1.402	1.316	1.297	1.283	1.373	0.999	1.245	1.178
22:00:22	24.1	1.119	1.286	1.041	1.055	1.284	1.141	1.026	1.225	1.062	1.313	1.129	1.247	1.117	1.368	1.446	1.187	1.387	1.310	1.299	1.289	1.327	1.084	1.353	1.208	1.171	1.339	1.068	1.032	1.311	1.307	1.457	1.341	1.341	1.448	1.346	1.271	1.175	1.270	1.347	1.435	1.316	1.298	1.346	1.335	1.299	1.199	1.392	1.303	1.222	1.324	1.351	1.440	1.364	1.357	1.344	1.307	1.379	1.400	1.337	1.234	1.269	1.453	1.325	1.508	1.477	1.275	1.283	1.211	0.051	1.346	1.190	1.196	1.031	1.391	1.278	1.258	1.417	1.397	1.284	1.356	1.365	1.167	1.337	0.049	1.033	1.320	1.191	1.379	1.306	1.276	1.163	1.371	1.374	1.079	1.246	1.189
23:00:22	24.2	0.963	1.277	1.055	1.077	1.014	1.116	1.051	1.039	1.147	1.328	1.247	1.066	1.191	1.230	1.319	1.117	1.338	1.333	1.310	1.230	1.315	1.066	1.200	1.027	1.201	1.238	1.105	1.028	1.363	1.331	1.325	1.235	1.366	1.327	1.167	1.125	0.999	1.270	1.357	1.336	1.324	1.316	1.357	1.349	1.467	1.221	1.284	1.152	1.055	1.343	1.368	1.332	1.352	1.379	1.378	1.350	1.386	1.279	1.219	1.351	1.083	1.350	1.356	1.348	1.339	1.332	1.316	1.329	0.052	1.307	1.269	1.214	1.130	1.257	1.279	1.334	1.374	1.382	1.363	1.411	1.406	1.348	1.392	0.048	1.059	1.294	1.311	1.408	1.362	1.393	1.327	1.396	1.359	1.157	1.347	1.220
24:00:23	24.2	1.060	1.281	1.057	1.063	1.077	1.127	1.091	1.079	1.135	1.303	1.033	1.119	1.019	1.290	1.350	1.154	1.343	1.339	1.318	1.284	1.323	1.075	1.247	1.082	1.053	1.273	1.045	1.021	1.469	1.331	1.340	1.288	1.361	1.329	1.270	1.204	1.020	1.260	1.353	1.353	1.299	1.321	1.347	1.349	1.279	1.108	1.320	1.206	1.102	1.324	1.368	1.361	1.340	1.373	1.371	1.357	1.372	1.319	1.310	1.224	1.138	1.360	1.348	1.365	1.356	1.333	1.305	1.323	0.051	1.269	1.233	1.221	1.139	1.272	1.238	1.290	1.376	1.378	1.349	1.386	1.402	1.361	1.361	0.049	1.037	1.302	1.291	1.390	1.332	1.357	1.319	1.401	1.314	1.258	1.340	1.295
25:00:25	24.1	1.044	1.318	1.023	1.032	1.059	1.101	0.937	1.041	1.132	1.300	0.997	1.087	1.054	1.262	1.347	1.153	1.335	1.337	1.316	1.284	1.311	1.095	1.275	1.088	1.044	1.259	1.110	1.014	1.328	1.329	1.342	1.286	1.356	1.336	1.274	1.246	1.022	1.224	1.347	1.343	1.276	1.322	1.328	1.347	1.303	1.118	1.319	1.230	1.065	1.295	1.359	1.361	1.327	1.359	1.362	1.358	1.351	1.321	1.315	1.254	1.109	1.349	1.327	1.361	1.354	1.321	1.309	1.313	0.052	1.254	1.211	1.200	1.101	1.232	1.208	1.248	1.370	1.371	1.332	1.353	1.394	1.335	1.339	0.049	1.005	1.257	1.243	1.353	1.296	1.319	1.270	1.395	1.274	1.206	1.290	1.213
26:00:26	24.1	1.030	1.299	1.011	0.986	1.041	1.064	0.938	1.030	1.108	1.260	1.000	1.065	1.039	1.235	1.346	1.148	1.320	1.335	1.308	1.273	1.288	1.085	1.241	1.074	1.050	1.235	1.094	1.002	1.344	1.322	1.331	1.286	1.335	1.339	1.257	1.227	1.034	1.163	1.340	1.339	1.261	1.319	1.305	1.339	1.301	1.093	1.316	1.188	1.051	1.263	1.351	1.359	1.303	1.341	1.346	1.357	1.326	1.331	1.298	1.185	1.083	1.339	1.306	1.353	1.352	1.311	1.309	1.312	0.051	1.207	1.180	1.147	1.078	1.198	1.168	1.211	1.362	1.350	1.318	1.317	1.384	1.313	1.295	0.048	0.989	1.211	1.189	1.326	1.270	1.279	1.202	1.360	1.228	1.350	1.234	1.151
27:00:27	24.2	1.007	1.103	0.988	0.969	1.040	1.038	0.960	1.028	1.089	1.276	0.992	1.051	1.027	1.230	1.341	1.143	1.307	1.333	1.296	1.246	1.280	1.086	1.217	1.086	1.039	1.238	1.075	0.994	1.343	1.315	1.323	1.253	1.322	1.344	1.231	1.254	1.024	1.141	1.335	1.335	1.252	1.320	1.292	1.333	1.303	1.073	1.305	1.174	1.044	1.235	1.340	1.356	1.292	1.323	1.332	1.349	1.306	1.320	1.286	1.145	1.066	1.320	1.285	1.336	1.349	1.312	1.307	1.301	0.051	1.186	1.169	1.132	1.064	1.179	1.152	1.195	1.353	1.335	1.315	1.293	1.379	1.295	1.271	0.048	0.981	1.176	1.157	1.300	1.245	1.253	1.157	1.331	1.201	1.296	1.194	1.106
28:00:28	24.2	0.985	0.919	0.978	0.948	1.026	1.019	0.964	1.012	1.040	1.254	0.989	1.033	1.016	1.213	1.333	1.108	1.279	1.327	1.267	1.192	1.250	1.074	1.175	1.068	1.034	1.209	1.054	0.989	1.320	1.298	1.307	1.196	1.301	1.328	1.197	1.219	1.011	1.101	1.309	1.322	1.231	1.280	1.263	1.323	1.303	1.059	1.291	1.130	1.032	1.202	1.325	1.348	1.275	1.302	1.309	1.322	1.277	1.297	1.242	1.108	1.046	1.299	1.254	1.302	1.343	1.294	1.284	1.267	0.052	1.157	1.153	1.101	1.049	1.154	1.132	1.166	1.335	1.306	1.276	1.266	1.365	1.261	1.236	0.048	0.973	1.139	1.122	1.255	1.221	1.231	1.124	1.284	1.162	1.238	1.159	1.062
29:00:29	24.0	0.965	0.890	0.947	0.960	0.979	1.016	0.967	0.989	1.027	1.244	0.988	1.012	0.993	1.175	1.320	1.069	1.242	1.311	1.222	1.139	1.217	1.066	1.140	1.061	1.018	1.161	0.996	0.988	1.298	1.251	1.271	1.136	1.275	1.306	1.155	1.200	0.995	1.073	1.282	1.293	1.208	1.234	1.240	1.309	1.300	1.042	1.247	1.111	1.017	1.164	1.293	1.333	1.254	1.282	1.286	1.285	1.240	1.259	1.196	1.073	1.028	1.268	1.218	1.258	1.331	1.268	1.246	1.238	0.052	1.132	1.131	1.077	1.030	1.127	1.112	1.139	1.305	1.280	1.255	1.233	1.342	1.228	1.199	0.047	0.963	1.101	1.102	1.213	1.190	1.202	1.096	1.261	1.125	1.197	1.130	1.031
30:00:30	23.7	0.948	0.915	0.955	0.941	0.956	1.016	0.964	0.981	0.998	1.174	0.985	0.997	0.989	1.161	1.301	1.040	1.213	1.292	1.176	1.096	1.173	1.053	1.111	1.043	1.011	1.139	0.963	0.979	1.278	1.215	1.245	1.114	1.258	1.292	1.134	1.112	0.986	1.058	1.258	1.277	1.191	1.215	1.217	1.294	1.297	1.042	1.191	1.141	1.010	1.140	1.276	1.326	1.227	1.263	1.278	1.265	1.214	1.259	1.167	1.044	1.014	1.241	1.193	1.225	1.319	1.238	1.201	1.209	0.051	1.106	1.110	1.055	1.017	1.113	1.091	1.117	1.283	1.246	1.193	1.209	1.318	1.174	1.171	0.047	0.954	1.076	1.083	1.173	1.163	1.177	1.070	1.214	1.094	1.157	1.106	1.012
31:00:30	23.5	0.933	1.012	0.970	0.943	0.948	1.040	0.964	0.999	0.989	1.186	0.987	0.985	0.978	1.132	1.291	1.012	1.185	1.273	1.150	1.067	1.149	1.043	1.094	1.030	1.010	1.113	0.925	0.975	1.300	1.191	1.215	1.096	1.250	1.321	1.137	1.085	0.976	1.045	1.244	1.285	1.194	1.177	1.201	1.276	1.296	1.035	1.160	1.114	1.001	1.128	1.260	1.318	1.225	1.259	1.256	1.244	1.194	1.290	1.142	1.021	1.003	1.215	1.175	1.201	1.314	1.206	1.178	1.190	0.051	1.088	1.086	1.044	1.005	1.102	1.082	1.096	1.259	1.222	1.167	1.192	1.294	1.154	1.140	0.047	0.947	1.049	1.069	1.144	1.141	1.157	1.052	1.205	1.068	1.125	1.085	1.001
32:00:30	23.3	0.924	0.947	0.978	0.920	0.945	1.063	0.956	1.020	0.973	1.215	0.986	0.973	0.971	1.099	1.275	0.987	1.176	1.238	1.119	1.031	1.111	1.034	1.048	1.012	1.001	1.080	0.880	0.978	1.283	1.146	1.168	1.051	1.215	1.321	1.100	1.092	0.966	1.033	1.202	1.269	1.178	1.159	1.167	1.250	1.287	1.010	1.123	1.065	0.987	1.111	1.237	1.304	1.210	1.220	1.239	1.206	1.171	1.293	1.113	1.002	0.994	1.188	1.149	1.175	1.293	1.173	1.147	1.159	0.052	1.068	1.057	1.030	0.995	1.091	1.064	1.079	1.234	1.195	1.136	1.173	1.269	1.132	1.113	0.047	0.939	1.027	1.058	1.108	1.117	1.134	1.037	1.178	1.045	1.089	1.062	0.990
33:00:32	23.1	0.911	0.926	0.954	0.990	0.948	1.033	0.933	1.013	0.972	1.189	0.985	0.959	0.951	1.049	1.246	0.966	1.149	1.191	1.087	0.991	1.077	1.030	1.028	1.002	0.989	1.040	0.862	0.970	1.243	1.100	1.130	1.020	1.190	1.301	1.086	1.061	0.958	1.022	1.164	1.239	1.142	1.119	1.137	1.223	1.285	1.002	1.094	1.040	0.975	1.088	1.209	1.280	1.201	1.176	1.208	1.174	1.145	1.269	1.086	0.986	0.982	1.162	1.127	1.146	1.272	1.145	1.106	1.133	0.052	1.053	1.044	1.019	0.984	1.072	1.055	1.057	1.208	1.166	1.110	1.152	1.236	1.101	1.089	0.047	0.931	1.004	1.045	1.074	1.094	1.102	1.020	1.165	1.024	1.058	1.043	0.982
34:00:33	22.8	0.906	0.916	0.974	0.972	0.945	1.009	0.914	0.957	0.973	1.159	0.984	0.949	0.943	1.028	1.232	0.974	1.135	1.174	1.068	0.963	1.048	1.027	1.016	0.992	0.977	1.004	0.827	0.974	1.216	1.085	1.097	0.995	1.172	1.265	1.068	1.032	0.954	1.017	1.136	1.204	1.124	1.084	1.117	1.201	1.280	0.985	1.069	1.016	0.966	1.074	1.188	1.246	1.177	1.138	1.171	1.149	1.123	1.236	1.053	0.975	0.973	1.141	1.105	1.120	1.237	1.120	1.069	1.107	0.052	1.039	1.024	1.007	0.977	1.056	1.044	1.040	1.184	1.138	1.084	1.131	1.207	1.083	1.067	0.047	0.921	0.990	1.033	1.046	1.073	1.075	1.006	1.129	1.005	1.027	1.026	0.973
35:00:34	22.6	0.903	0.901	0.996	0.914	0.944	0.977	0.901	0.947	0.974	1.092	0.980	0.942	0.928	1.012	1.225	0.975	1.115	1.129	1.025	0.922	1.018	1.019	1.016	0.981	0.969	0.985	0.824	0.962	1.186	1.051	1.070	0.968	1.149	1.269	1.062	1.006	0.947	1.007	1.105	1.181	1.099	1.062	1.100	1.169	1.250	0.969	1.047	0.998	0.958	1.069	1.168	1.231	1.139	1.118	1.134	1.129	1.108	1.195	1.020	0.961	0.963	1.127	1.085	1.099	1.221	1.097	1.056	1.091	0.051	1.025	1.007	0.994	0.972	1.042	1.035	1.025	1.165	1.117	1.067	1.117	1.190	1.071	1.046	0.047	0.910	0.981	1.023	1.023	1.054	1.051	0.994	1.102	0.985	1.002	1.012	0.962
36:00:34	22.7	0.898	0.887	0.994	0.922	0.941	0.989	0.888	0.932	0.957	1.079	0.972	0.936	0.928	0.996	1.193	0.981	1.086	1.112	0.991	0.906	0.981	1.014	1.001	0.973	0.959	0.975	0.814	0.959	1.159	1.019	1.031	1.020	1.132	1.214	1.012	0.993	0.941	1.000	1.083	1.151	1.069	1.086	1.079	1.140	1.221	0.959	1.021	0.990	0.950	1.056	1.145	1.195	1.105	1.085	1.102	1.112	1.089	1.145	0.994	0.954	0.954	1.104	1.059	1.077	1.199	1.061	1.036	1.055	0.051	1.015	0.998	0.986	0.965	1.024	1.014	1.010	1.146	1.085	1.043	1.091	1.162	1.056	1.030	0.047	0.901	0.974	1.012	1.004	1.037	1.024	0.983	1.075	0.972	0.978	1.000	0.953
37:00:35	22.8	0.883	0.891	0.959	0.994	0.923	0.985	0.880	0.937	0.950	1.052	0.964	0.924	0.918	0.986	1.159	0.978	1.062	1.083	0.967	0.909	0.953	1.015	0.980	0.963	0.948	0.957	0.800	0.955	1.138	0.997	0.996	0.958	1.102	1.196	0.978	0.983	0.934	0.969	1.068	1.129	1.055	1.042	1.063	1.123	1.217	0.948	1.018	0.985	0.944	1.031	1.124	1.158	1.063	1.069	1.086	1.093	1.065	1.119	0.987	0.947	0.946	1.080	1.037	1.045	1.170	1.044	1.021	1.164	0.052	1.007	0.992	0.981	0.959	1.009	1.001	0.995	1.120	1.063	1.025	1.072	1.135	1.045	1.017	0.047	0.892	0.965	1.001	0.986	1.019	1.006	0.971	1.048	0.957	0.960	0.984	0.946
38:00:37	22.9	0.882	0.884	0.971	0.958	0.922	0.977	0.866	0.925	0.939	1.028	0.954	0.918	0.909	1.003	1.137	0.968	1.037	1.065	0.943	0.894	0.936	1.009	0.956	0.956	0.941	0.955	0.789	0.944	1.111	1.035	0.988	1.046	1.085	1.153	1.003	0.968	0.927	0.967	1.041	1.111	1.022	1.081	1.051	1.103	1.192	0.931	1.024	0.972	0.933	1.017	1.101	1.144	1.039	1.065	1.050	1.078	1.047	1.086	0.980	0.936	0.938	1.054	1.013	1.024	1.144	1.030	1.008	1.103	0.052	0.994	0.985	0.973	0.953	0.996	0.989	0.982	1.108	1.049	1.008	1.057	1.109	1.034	1.001	0.047	0.882	0.956	0.990	0.973	1.004	0.987	0.962	1.019	0.943	0.941	0.977	0.938
39:00:38	23.0	0.881	0.866	0.964	0.917	0.919	0.949	0.855	0.915	0.930	1.008	0.946	0.911	0.901	1.025	1.113	0.966	1.011	1.033	0.920	0.895	0.927	1.001	0.963	0.949	0.932	0.942	0.785	0.936	1.115	1.025	0.960	1.071	1.066	1.111	0.959	0.960	0.919	0.946	1.025	1.096	1.019	1.058	1.041	1.086	1.178	0.913	1.000	0.964	0.924	1.004	1.084	1.131	1.016	1.058	1.022	1.050	1.028	1.048	0.967	0.926	0.930	1.033	0.998	1.004	1.125	0.997	1.000	1.042	0.052	0.985	0.975	0.965	0.946	0.984	0.982	0.972	1.085	1.032	0.988	1.040	1.090	1.022	0.985	0.047	0.875	0.950	0.982	0.961	0.991	0.972	0.955	1.006	0.930	0.926	0.968	0.931
40:00:39	23.2	0.873	0.859	0.946	0.938	0.902	0.934	0.843	0.907	0.917	1.005	0.936	0.900	0.889	1.038	1.097	0.949	1.000	1.010	0.915	0.894	0.925	0.992	0.972	0.940	0.922	0.933	0.773	0.926	1.082	0.973	0.943	0.988	1.046	1.111	0.951	0.953	0.912	0.924	1.013	1.075	0.988	1.017	1.029	1.071	1.161	0.902	0.989	0.958	0.914	0.990	1.067	1.104	0.993	1.035	1.000	1.053	1.007	1.022	0.955	0.917	0.922	1.014	0.977	0.980	1.109	0.976	0.983	0.999	0.051	0.974	0.968	0.958	0.939	0.973	0.973	0.959	1.066	1.012	0.979	1.024	1.062	1.012	0.972	0.046	0.865	0.941	0.973	0.952	0.973	0.957	0.945	0.989	0.919	0.911	0.961	0.922
41:00:40	23.6	0.870	0.846	0.925	0.928	0.886	0.931	0.832	0.893	0.919	0.987	0.933	0.893	0.880	1.032	1.049	0.925	0.982	0.975	0.897	0.899	0.916	0.986	0.929	0.932	0.913	0.923	0.759	0.919	1.049	0.910	0.907	0.943	1.017	1.086	0.938	0.940	0.905	0.885	0.997	1.055	0.960	0.969	1.013	1.049	1.137	0.890	0.958	0.947	0.906	0.968	1.049	1.083	0.975	1.021	0.979	1.034	0.989	1.004	0.951	0.909	0.914	0.992	0.959	0.958	1.081	0.941	0.971	0.991	0.051	0.965	0.959	0.950	0.932	0.961	0.964	0.946	1.043	0.990	0.962	1.008	1.035	0.999	0.961	0.046	0.857	0.933	0.963	0.942	0.960	0.945	0.936	0.981	0.906	0.898	0.952	0.914
42:00:40	23.8	0.856	0.849	0.892	0.923	0.870	0.921	0.823	0.894	0.894	0.973	0.925	0.882	0.870	1.008	1.031	0.909	0.962	0.964	0.888	0.938	0.906	0.980	0.912	0.921	0.902	0.917	0.747	0.908	1.037	0.879	0.893	0.896	1.000	1.065	0.922	0.931	0.897	0.874	0.978	1.038	0.935	0.937	0.985	1.035	1.118	0.873	0.949	0.939	0.897	0.951	1.031	1.065	0.959	0.989	0.974	1.007	0.974	0.984	0.935	0.907	0.907	0.976	0.944	0.939	1.065	0.935	0.956	0.985	0.052	0.957	0.952	0.943	0.925	0.951	0.960	0.937	1.024	0.972	0.951	0.996	1.015	0.986	0.950	0.046	0.847	0.925	0.954	0.930	0.949	0.933	0.926	0.970	0.895	0.886	0.939	0.905
43:00:41	23.8	0.842	0.829	0.902	0.895	0.860	0.903	0.813	0.873	0.881	0.964	0.914	0.876	0.865	1.008	1.011	0.895	0.949	0.923	0.864	0.915	0.887	0.972	0.910	0.914	0.892	0.908	0.739	0.899	1.011	0.873	0.862	0.892	0.975	1.038	0.906	0.918	0.890	0.861	0.962	1.018	0.944	0.927	0.973	1.015	1.100	0.856	0.940	0.925	0.888	0.941	1.015	1.052	0.945	0.986	0.942	1.001	0.956	0.960	0.925	0.894	0.898	0.961	0.931	0.922	1.047	0.920	0.945	0.963	0.052	0.946	0.943	0.936	0.919	0.939	0.953	0.925	1.011	0.960	0.939	0.984	1.000	0.975	0.935	0.046	0.837	0.915	0.943	0.921	0.933	0.922	0.916	0.954	0.883	0.871	0.931	0.896
44:00:42	23.8	0.858	0.838	0.858	0.890	0.845	0.898	0.804	0.870	0.869	0.938	0.910	0.861	0.849	0.991	0.976	0.869	0.958	0.901	0.863	0.924	0.870	0.962	0.921	0.903	0.881	0.905	0.732	0.885	0.992	0.846	0.852	0.878	0.953	1.003	0.897	0.910	0.880	0.860	0.948	1.003	0.897	0.906	0.949	0.999	1.072	0.839	0.914	0.916	0.879	0.922	0.995	1.022	0.932	0.947	0.960	0.969	0.941	0.958	0.920	0.892	0.888	0.943	0.916	0.903	1.032	0.904	0.929	0.947	0.051	0.938	0.934	0.925	0.909	0.925	0.939	0.914	0.992	0.939	0.924	0.971	0.979	0.962	0.925	0.046	0.828	0.903	0.934	0.909	0.918	0.910	0.905	0.942	0.873	0.860	0.921	0.886
45:00:43	23.6	0.840	0.828	0.860	0.877	0.832	0.887	0.793	0.845	0.854	0.942	0.901	0.850	0.835	0.974	0.972	0.862	0.952	0.882	0.956	0.902	0.858	0.954	0.897	0.894	0.872	0.895	0.724	0.877	0.978	0.832	0.838	0.866	0.931	0.960	0.885	0.896	0.872	0.842	0.928	0.977	0.883	0.895	0.929	0.980	1.045	0.822	0.899	0.907	0.872	0.909	0.980	1.001	0.920	0.933	0.937	0.943	0.926	0.932	0.910	0.876	0.880	0.926	0.902	0.885	1.008	0.892	0.918	0.935	0.052	0.928	0.921	0.917	0.900	0.910	0.930	0.899	0.969	0.923	0.910	0.959	0.960	0.949	0.911	0.046	0.817	0.897	0.924	0.897	0.905	0.896	0.895	0.932	0.861	0.849	0.911	0.876
46:00:44	23.6	0.846	0.806	0.855	0.865	0.821	0.871	0.783	0.837	0.843	0.928	0.893	0.838	0.827	0.956	0.955	0.839	0.938	0.867	0.933	0.896	0.845	0.945	0.868	0.887	0.860	0.885	0.715	0.866	0.950	0.818	0.826	0.859	0.914	0.945	0.870	0.886	0.863	0.835	0.917	0.959	0.868	0.883	0.915	0.966	1.026	0.805	0.887	0.898	0.864	0.896	0.971	0.985	0.909	0.919	0.930	0.936	0.914	0.924	0.901	0.867	0.870	0.911	0.889	0.872	0.991	0.884	0.911	0.909	0.052	0.917	0.910	0.910	0.893	0.898	0.923	0.891	0.955	0.908	0.902	0.948	0.946	0.936	0.901	0.046	0.806	0.886	0.915	0.887	0.892	0.886	0.885	0.924	0.849	0.837	0.902	0.865
47:00:45	23.6	0.806	0.795	0.854	0.856	0.812	0.849	0.775	0.824	0.837	0.891	0.883	0.827	0.815	0.939	0.954	0.821	0.928	0.847	0.939	0.890	0.835	0.939	0.850	0.879	0.847	0.876	0.704	0.855	0.923	0.802	0.811	0.841	0.894	0.932	0.864	0.883	0.854	0.822	0.897	0.944	0.860	0.875	0.900	0.950	0.980	0.791	0.871	0.896	0.856	0.882	0.954	0.967	0.898	0.906	0.892	0.925	0.899	0.912	0.885	0.859	0.861	0.897	0.877	0.857	0.968	0.869	0.895	0.895	0.052	0.908	0.900	0.901	0.884	0.886	0.909	0.881	0.937	0.897	0.889	0.934	0.927	0.928	0.890	0.047	0.798	0.879	0.906	0.878	0.883	0.877	0.877	0.917	0.840	0.827	0.891	0.854
48:00:45	23.5	0.846	0.785	0.833	0.835	0.797	0.845	0.763	0.811	0.824	0.892	0.875	0.813	0.803	0.908	0.928	0.792	0.905	0.856	0.934	0.857	0.814	0.927	0.837	0.869	0.840	0.865	0.696	0.845	0.910	0.791	0.810	0.829	0.872	0.913	0.840	0.871	0.844	0.817	0.883	0.922	0.839	0.861	0.883	0.930	0.942	0.771	0.857	0.883	0.846	0.864	0.936	0.948	0.886	0.888	0.894	0.891	0.883	0.895	0.873	0.849	0.852	0.880	0.864	0.841	0.950	0.854	0.885	0.880	0.052	0.899	0.890	0.891	0.874	0.870	0.896	0.868	0.920	0.874	0.875	0.919	0.913	0.911	0.879	0.046	0.790	0.869	0.895	0.867	0.873	0.866	0.865	0.912	0.827	0.815	0.879	0.841
49:00:47	23.5	0.779	0.771	0.821	0.827	0.785	0.828	0.752	0.803	0.817	0.874	0.865	0.800	0.791	0.900	0.911	0.769	0.887	0.853	0.921	0.836	0.796	0.920	0.832	0.859	0.833	0.855	0.690	0.837	0.890	0.781	0.803	0.815	0.853	0.889	0.840	0.860	0.835	0.803	0.874	0.901	0.828	0.850	0.869	0.918	0.910	0.753	0.848	0.872	0.837	0.850	0.922	0.927	0.873	0.875	0.879	0.881	0.872	0.883	0.866	0.842	0.843	0.866	0.851	0.826	0.931	0.844	0.874	0.867	0.052	0.891	0.877	0.884	0.864	0.856	0.886	0.859	0.905	0.858	0.866	0.908	0.902	0.898	0.871	0.046	0.775	0.862	0.886	0.858	0.861	0.855	0.855	0.906	0.816	0.805	0.867	0.828
50:00:47	23.6	0.760	0.769	0.804	0.811	0.773	0.818	0.739	0.794	0.805	0.868	0.854	0.788	0.783	0.879	0.897	0.754	0.866	0.851	0.893	0.819	0.782	0.914	0.826	0.849	0.821	0.842	0.680	0.828	0.871	0.777	0.793	0.802	0.834	0.878	0.825	0.852	0.826	0.789	0.855	0.884	0.815	0.838	0.853	0.897	0.892	0.735	0.836	0.865	0.826	0.835	0.906	0.910	0.862	0.858	0.857	0.866	0.857	0.874	0.855	0.829	0.833	0.851	0.839	0.811	0.913	0.832	0.864	0.855	0.051	0.879	0.867	0.875	0.853	0.844	0.875	0.844	0.888	0.843	0.848	0.894	0.887	0.886	0.860	0.046	0.759	0.853	0.875	0.846	0.852	0.843	0.843	0.901	0.803	0.793	0.856	0.814
51:00:49	23.8	0.754	0.751	0.800	0.805	0.762	0.798	0.730	0.776	0.793	0.833	0.844	0.779	0.770	0.864	0.878	0.756	0.850	0.813	0.865	0.800	0.764	0.903	0.819	0.840	0.807	0.828	0.666	0.817	0.859	0.763	0.770	0.787	0.813	0.860	0.808	0.843	0.817	0.768	0.836	0.864	0.803	0.828	0.837	0.878	0.866	0.718	0.821	0.850	0.814	0.822	0.887	0.892	0.850	0.844	0.838	0.851	0.843	0.867	0.843	0.818	0.823	0.840	0.828	0.799	0.893	0.820	0.851	0.840	0.051	0.868	0.857	0.866	0.844	0.833	0.866	0.833	0.872	0.833	0.837	0.880	0.872	0.874	0.847	0.046	0.744	0.842	0.866	0.836	0.842	0.832	0.832	0.884	0.791	0.780	0.844	0.800
52:00:50	24.0	0.733	0.732	0.786	0.790	0.748	0.791	0.715	0.756	0.781	0.838	0.831	0.764	0.759	0.851	0.858	0.734	0.826	0.813	0.857	0.787	0.751	0.895	0.808	0.827	0.797	0.816	0.658	0.808	0.848	0.755	0.762	0.773	0.798	0.845	0.808	0.830	0.806	0.757	0.823	0.848	0.789	0.817	0.822	0.856	0.847	0.699	0.807	0.848	0.804	0.809	0.873	0.873	0.839	0.827	0.818	0.835	0.831	0.858	0.833	0.809	0.812	0.826	0.816	0.780	0.876	0.812	0.838	0.828	0.051	0.859	0.847	0.855	0.832	0.819	0.852	0.822	0.855	0.814	0.823	0.867	0.858	0.862	0.836	0.046	0.733	0.835	0.854	0.824	0.829	0.820	0.820	0.874	0.779	0.768	0.833	0.786
53:00:50	23.9	0.722	0.745	0.772	0.778	0.739	0.779	0.698	0.762	0.769	0.817	0.821	0.752	0.746	0.839	0.836	0.718	0.811	0.798	0.819	0.774	0.735	0.889	0.794	0.818	0.786	0.806	0.651	0.798	0.840	0.748	0.748	0.762	0.784	0.835	0.796	0.825	0.796	0.742	0.811	0.834	0.779	0.806	0.807	0.841	0.835	0.684	0.796	0.838	0.792	0.796	0.859	0.859	0.829	0.813	0.802	0.822	0.819	0.841	0.832	0.798	0.803	0.815	0.805	0.770	0.863	0.799	0.825	0.818	0.051	0.848	0.836	0.847	0.823	0.806	0.841	0.810	0.843	0.801	0.811	0.856	0.845	0.850	0.825	0.046	0.729	0.827	0.844	0.812	0.819	0.808	0.808	0.864	0.766	0.758	0.821	0.772
54:00:51	23.7	0.723	0.716	0.754	0.771	0.730	0.760	0.680	0.741	0.759	0.803	0.810	0.739	0.733	0.827	0.819	0.709	0.793	0.782	0.800	0.762	0.724	0.875	0.783	0.808	0.777	0.795	0.642	0.791	0.843	0.738	0.741	0.749	0.769	0.817	0.782	0.807	0.784	0.733	0.797	0.818	0.767	0.796	0.793	0.829	0.824	0.669	0.784	0.822	0.781	0.782	0.844	0.841	0.818	0.800	0.788	0.808	0.808	0.828	0.817	0.790	0.792	0.801	0.791	0.754	0.846	0.786	0.814	0.807	0.051	0.837	0.828	0.838	0.811	0.793	0.828	0.797	0.826	0.787	0.798	0.842	0.830	0.838	0.814	0.046	0.715	0.817	0.833	0.801	0.811	0.796	0.797	0.854	0.753	0.747	0.811	0.759
55:00:52	23.5	0.693	0.727	0.747	0.751	0.720	0.744	0.666	0.719	0.750	0.790	0.800	0.725	0.721	0.813	0.804	0.708	0.784	0.767	0.784	0.750	0.710	0.851	0.770	0.798	0.764	0.783	0.633	0.783	0.828	0.731	0.723	0.737	0.755	0.815	0.772	0.803	0.773	0.714	0.784	0.803	0.755	0.787	0.778	0.809	0.801	0.655	0.770	0.818	0.768	0.770	0.826	0.827	0.806	0.788	0.776	0.790	0.794	0.833	0.806	0.773	0.781	0.789	0.779	0.742	0.829	0.773	0.803	0.796	0.051	0.825	0.816	0.828	0.800	0.782	0.817	0.784	0.812	0.776	0.787	0.829	0.817	0.826	0.801	0.046	0.697	0.807	0.822	0.788	0.802	0.787	0.784	0.849	0.739	0.735	0.798	0.746
56:00:52	23.3	0.685	0.720	0.729	0.736	0.710	0.740	0.646	0.720	0.739	0.767	0.790	0.711	0.711	0.800	0.788	0.697	0.769	0.750	0.769	0.741	0.700	0.840	0.761	0.787	0.753	0.773	0.629	0.776	0.818	0.722	0.719	0.728	0.742	0.793	0.767	0.797	0.758	0.699	0.772	0.792	0.744	0.777	0.767	0.797	0.792	0.641	0.758	0.812	0.755	0.759	0.815	0.814	0.796	0.777	0.763	0.777	0.784	0.803	0.800	0.761	0.770	0.777	0.770	0.727	0.817	0.762	0.796	0.783	0.051	0.813	0.805	0.817	0.787	0.769	0.804	0.770	0.798	0.763	0.776	0.817	0.805	0.813	0.790	0.046	0.687	0.797	0.811	0.777	0.792	0.777	0.773	0.835	0.725	0.723	0.787	0.731
57:00:54	23.1	0.682	0.738	0.710	0.722	0.699	0.734	0.627	0.713	0.725	0.759	0.781	0.695	0.698	0.786	0.777	0.687	0.756	0.737	0.759	0.731	0.688	0.826	0.750	0.774	0.742	0.764	0.620	0.768	0.810	0.715	0.712	0.719	0.730	0.790	0.755	0.780	0.743	0.686	0.761	0.778	0.732	0.769	0.753	0.780	0.774	0.628	0.744	0.797	0.741	0.747	0.799	0.798	0.783	0.765	0.751	0.762	0.772	0.805	0.785	0.750	0.759	0.767	0.758	0.713	0.803	0.756	0.786	0.771	0.051	0.801	0.793	0.806	0.777	0.757	0.793	0.757	0.784	0.750	0.766	0.804	0.791	0.802	0.777	0.046	0.668	0.786	0.799	0.765	0.781	0.767	0.763	0.818	0.711	0.711	0.776	0.719
58:00:56	22.9	0.662	0.707	0.694	0.708	0.693	0.715	0.614	0.693	0.717	0.760	0.773	0.681	0.684	0.776	0.760	0.676	0.746	0.726	0.750	0.723	0.679	0.816	0.737	0.765	0.733	0.757	0.615	0.761	0.794	0.710	0.703	0.711	0.720	0.780	0.747	0.776	0.732	0.679	0.751	0.769	0.725	0.761	0.744	0.774	0.762	0.619	0.736	0.789	0.727	0.739	0.787	0.785	0.777	0.757	0.742	0.752	0.763	0.787	0.783	0.741	0.748	0.758	0.750	0.703	0.790	0.748	0.778	0.761	0.051	0.793	0.784	0.798	0.767	0.747	0.783	0.748	0.771	0.742	0.757	0.796	0.782	0.790	0.768	0.046	0.658	0.779	0.790	0.756	0.773	0.758	0.755	0.803	0.700	0.701	0.768	0.706
59:00:56	22.7	0.646	0.687	0.677	0.696	0.683	0.695	0.595	0.682	0.703	0.727	0.762	0.666	0.680	0.761	0.747	0.666	0.736	0.715	0.733	0.712	0.668	0.800	0.726	0.750	0.720	0.747	0.611	0.753	0.781	0.703	0.697	0.701	0.710	0.769	0.738	0.758	0.714	0.667	0.741	0.757	0.713	0.751	0.732	0.759	0.747	0.608	0.725	0.776	0.714	0.729	0.775	0.772	0.765	0.745	0.732	0.741	0.753	0.791	0.768	0.730	0.736	0.747	0.739	0.690	0.775	0.733	0.767	0.749	0.051	0.782	0.774	0.785	0.754	0.735	0.771	0.735	0.759	0.730	0.745	0.784	0.769	0.778	0.754	0.046	0.645	0.768	0.778	0.745	0.762	0.746	0.744	0.789	0.685	0.688	0.755	0.693
60:00:57	22.6	0.629	0.694	0.662	0.688	0.672	0.680	0.578	0.666	0.691	0.713	0.749	0.650	0.669	0.748	0.731	0.657	0.722	0.699	0.723	0.702	0.657	0.804	0.716	0.740	0.709	0.736	0.603	0.744	0.768	0.696	0.689	0.692	0.699	0.761	0.727	0.744	0.700	0.653	0.729	0.747	0.705	0.741	0.721	0.748	0.734	0.596	0.715	0.766	0.701	0.718	0.763	0.759	0.758	0.736	0.718	0.729	0.743	0.765	0.762	0.721	0.724	0.737	0.729	0.680	0.762	0.725	0.757	0.740	0.051	0.770	0.764	0.775	0.741	0.725	0.758	0.723	0.748	0.723	0.735	0.773	0.758	0.766	0.743	0.046	0.634	0.759	0.768	0.736	0.752	0.735	0.733	0.772	0.671	0.678	0.744	0.679
61:00:57	22.8	0.613	0.686	0.653	0.695	0.662	0.682	0.565	0.666	0.682	0.707	0.738	0.639	0.667	0.739	0.714	0.640	0.703	0.692	0.708	0.692	0.648	0.789	0.706	0.724	0.695	0.729	0.605	0.737	0.758	0.690	0.683	0.685	0.691	0.760	0.722	0.738	0.681	0.645	0.725	0.735	0.694	0.734	0.713	0.736	0.732	0.588	0.708	0.757	0.693	0.710	0.754	0.747	0.751	0.724	0.708	0.726	0.733	0.781	0.755	0.709	0.710	0.727	0.720	0.668	0.748	0.715	0.739	0.729	0.051	0.761	0.754	0.763	0.720	0.715	0.750	0.715	0.739	0.711	0.725	0.763	0.750	0.755	0.733	0.046	0.621	0.749	0.756	0.726	0.741	0.725	0.720	0.768	0.660	0.667	0.735	0.665
62:00:58	22.8	0.599	0.665	0.639	0.669	0.653	0.646	0.552	0.658	0.671	0.693	0.730	0.626	0.650	0.731	0.704	0.643	0.701	0.677	0.700	0.684	0.640	0.788	0.696	0.717	0.684	0.720	0.592	0.728	0.733	0.683	0.670	0.674	0.680	0.744	0.716	0.728	0.673	0.633	0.711	0.726	0.690	0.724	0.703	0.730	0.709	0.578	0.699	0.748	0.679	0.700	0.743	0.736	0.743	0.717	0.698	0.709	0.726	0.753	0.745	0.703	0.700	0.719	0.714	0.662	0.744	0.709	0.736	0.723	0.052	0.749	0.744	0.753	0.709	0.706	0.736	0.705	0.728	0.707	0.716	0.755	0.739	0.745	0.722	0.046	0.608	0.740	0.747	0.714	0.734	0.714	0.710	0.749	0.646	0.657	0.723	0.654
63:00:59	23.0	0.596	0.658	0.632	0.668	0.641	0.658	0.539	0.639	0.659	0.688	0.716	0.608	0.649	0.720	0.692	0.627	0.693	0.667	0.688	0.673	0.630	0.764	0.685	0.702	0.669	0.710	0.586	0.720	0.722	0.676	0.664	0.666	0.670	0.736	0.708	0.717	0.657	0.625	0.703	0.716	0.675	0.716	0.693	0.717	0.702	0.569	0.690	0.735	0.648	0.690	0.734	0.726	0.734	0.708	0.689	0.705	0.715	0.759	0.731	0.692	0.684	0.709	0.704	0.650	0.727	0.701	0.724	0.712	0.051	0.738	0.733	0.741	0.694	0.696	0.727	0.695	0.718	0.693	0.706	0.745	0.729	0.735	0.709	0.046	0.595	0.730	0.735	0.705	0.722	0.708	0.698	0.742	0.633	0.647	0.712	0.640
64:01:00	23.2	0.587	0.650	0.622	0.652	0.631	0.646	0.527	0.625	0.650	0.668	0.705	0.597	0.636	0.710	0.685	0.620	0.683	0.658	0.679	0.664	0.623	0.766	0.676	0.690	0.652	0.701	0.578	0.712	0.709	0.669	0.656	0.656	0.661	0.727	0.700	0.705	0.644	0.616	0.692	0.708	0.672	0.708	0.683	0.706	0.690	0.560	0.680	0.723	0.633	0.680	0.725	0.715	0.726	0.699	0.680	0.693	0.706	0.742	0.728	0.683	0.668	0.700	0.695	0.643	0.720	0.693	0.717	0.704	0.052	0.728	0.722	0.730	0.682	0.686	0.718	0.685	0.708	0.684	0.696	0.734	0.718	0.724	0.698	0.046	0.582	0.719	0.724	0.693	0.713	0.697	0.686	0.729	0.622	0.634	0.700	0.626
65:01:00	23.3	0.566	0.628	0.609	0.641	0.620	0.630	0.518	0.612	0.637	0.657	0.692	0.579	0.633	0.701	0.672	0.614	0.672	0.649	0.671	0.654	0.615	0.750	0.667	0.675	0.630	0.692	0.569	0.703	0.696	0.661	0.646	0.646	0.650	0.714	0.691	0.694	0.631	0.606	0.680	0.696	0.663	0.698	0.673	0.696	0.679	0.551	0.671	0.711	0.617	0.670	0.713	0.703	0.717	0.689	0.671	0.686	0.696	0.731	0.718	0.669	0.649	0.690	0.686	0.634	0.711	0.683	0.708	0.695	0.051	0.714	0.710	0.716	0.664	0.675	0.706	0.675	0.697	0.675	0.685	0.725	0.709	0.714	0.685	0.046	0.569	0.706	0.712	0.680	0.702	0.680	0.668	0.718	0.608	0.622	0.688	0.612
66:01:02	23.6	0.545	0.618	0.599	0.631	0.607	0.620	0.509	0.600	0.627	0.654	0.679	0.564	0.630	0.692	0.660	0.602	0.659	0.642	0.664	0.645	0.605	0.731	0.656	0.661	0.607	0.683	0.564	0.694	0.682	0.653	0.639	0.638	0.642	0.709	0.679	0.682	0.619	0.595	0.674	0.686	0.654	0.689	0.664	0.687	0.671	0.542	0.661	0.698	0.603	0.660	0.704	0.692	0.709	0.679	0.659	0.678	0.687	0.729	0.709	0.657	0.633	0.681	0.676	0.624	0.698	0.675	0.696	0.685	0.051	0.703	0.698	0.704	0.653	0.665	0.696	0.664	0.689	0.663	0.675	0.713	0.699	0.703	0.674	0.047	0.557	0.697	0.702	0.669	0.692	0.663	0.651	0.711	0.596	0.612	0.675	0.597
67:01:03	23.9	0.536	0.604	0.588	0.617	0.597	0.609	0.499	0.590	0.615	0.633	0.666	0.550	0.623	0.684	0.652	0.594	0.650	0.633	0.654	0.637	0.599	0.720	0.646	0.649	0.591	0.674	0.556	0.684	0.669	0.647	0.633	0.629	0.632	0.704	0.668	0.670	0.607	0.585	0.663	0.678	0.649	0.679	0.656	0.677	0.660	0.534	0.653	0.687	0.592	0.651	0.693	0.683	0.700	0.670	0.650	0.668	0.678	0.712	0.696	0.646	0.617	0.671	0.666	0.615	0.691	0.666	0.687	0.678	0.051	0.691	0.688	0.691	0.642	0.656	0.686	0.655	0.679	0.654	0.665	0.704	0.689	0.692	0.661	0.046	0.545	0.684	0.690	0.657	0.680	0.651	0.637	0.702	0.584	0.599	0.662	0.583
68:01:04	24.3	0.511	0.587	0.580	0.612	0.586	0.596	0.488	0.579	0.603	0.627	0.650	0.535	0.616	0.673	0.639	0.587	0.637	0.623	0.646	0.628	0.591	0.704	0.636	0.634	0.577	0.664	0.550	0.674	0.657	0.640	0.624	0.621	0.622	0.692	0.657	0.659	0.596	0.576	0.656	0.667	0.640	0.672	0.645	0.668	0.651	0.527	0.642	0.674	0.583	0.641	0.685	0.671	0.690	0.660	0.638	0.660	0.667	0.709	0.684	0.634	0.604	0.660	0.656	0.605	0.682	0.654	0.679	0.668	0.051	0.678	0.675	0.679	0.634	0.646	0.675	0.645	0.670	0.643	0.655	0.693	0.679	0.681	0.649	0.047	0.529	0.672	0.676	0.644	0.668	0.635	0.626	0.692	0.571	0.589	0.647	0.568
69:01:04	24.8	0.495	0.569	0.571	0.601	0.576	0.583	0.477	0.570	0.591	0.611	0.635	0.519	0.609	0.663	0.634	0.576	0.628	0.613	0.635	0.618	0.582	0.691	0.628	0.620	0.566	0.654	0.543	0.667	0.647	0.632	0.612	0.611	0.613	0.677	0.646	0.647	0.586	0.567	0.646	0.656	0.633	0.663	0.637	0.657	0.639	0.518	0.634	0.662	0.574	0.632	0.674	0.663	0.682	0.652	0.630	0.653	0.659	0.698	0.679	0.621	0.592	0.651	0.646	0.598	0.670	0.648	0.670	0.660	0.051	0.665	0.664	0.666	0.621	0.637	0.665	0.634	0.658	0.635	0.645	0.683	0.670	0.670	0.636	0.047	0.511	0.659	0.664	0.631	0.656	0.623	0.614	0.684	0.561	0.579	0.632	0.552
70:01:06	25.2	0.497	0.551	0.572	0.582	0.563	0.569	0.466	0.555	0.580	0.579	0.619	0.503	0.604	0.654	0.620	0.573	0.621	0.601	0.626	0.609	0.574	0.675	0.619	0.606	0.557	0.645	0.535	0.658	0.636	0.625	0.605	0.603	0.603	0.671	0.640	0.635	0.578	0.557	0.642	0.645	0.624	0.655	0.626	0.649	0.631	0.510	0.623	0.649	0.565	0.621	0.665	0.653	0.673	0.642	0.621	0.646	0.648	0.680	0.667	0.603	0.583	0.641	0.635	0.588	0.663	0.638	0.658	0.651	0.051	0.652	0.654	0.653	0.612	0.627	0.654	0.623	0.651	0.623	0.634	0.672	0.661	0.658	0.624	0.047	0.495	0.643	0.649	0.615	0.643	0.608	0.600	0.672	0.548	0.569	0.617	0.535
71:01:06	25.6	0.464	0.527	0.553	0.577	0.551	0.549	0.452	0.536	0.562	0.564	0.608	0.490	0.571	0.643	0.613	0.554	0.607	0.593	0.617	0.598	0.562	0.668	0.605	0.590	0.546	0.633	0.525	0.645	0.621	0.613	0.594	0.592	0.590	0.660	0.630	0.620	0.559	0.543	0.628	0.633	0.618	0.645	0.616	0.637	0.618	0.500	0.611	0.633	0.549	0.609	0.654	0.643	0.660	0.634	0.610	0.632	0.637	0.675	0.656	0.592	0.566	0.629	0.624	0.576	0.650	0.627	0.648	0.641	0.051	0.636	0.639	0.635	0.591	0.614	0.641	0.609	0.638	0.613	0.623	0.661	0.648	0.646	0.607	0.047	0.477	0.625	0.632	0.600	0.627	0.594	0.585	0.657	0.534	0.554	0.600	0.518
72:01:07	25.7	0.457	0.515	0.552	0.552	0.539	0.535	0.440	0.522	0.548	0.570	0.593	0.479	0.555	0.634	0.601	0.545	0.596	0.583	0.606	0.588	0.553	0.651	0.596	0.574	0.534	0.623	0.516	0.634	0.613	0.604	0.589	0.583	0.579	0.656	0.619	0.605	0.552	0.533	0.619	0.623	0.609	0.635	0.606	0.626	0.609	0.492	0.601	0.619	0.527	0.598	0.642	0.631	0.649	0.622	0.599	0.625	0.627	0.665	0.646	0.575	0.556	0.618	0.613	0.566	0.639	0.620	0.639	0.631	0.051	0.623	0.626	0.619	0.575	0.602	0.628	0.597	0.628	0.602	0.611	0.648	0.635	0.632	0.594	0.047	0.459	0.606	0.616	0.584	0.614	0.580	0.568	0.645	0.522	0.543	0.583	0.502

