Time	T° 600	A1	A2	A3	A4	A5	A6	A7	A8	A9	A10	A11	A12	B1	B2	B3	B4	B5	B6	B7	B8	B9	B10	B11	B12	C1	C2	C3	C4	C5	C6	C7	C8	C9	C10	C11	C12	D1	D2	D3	D4	D5	D6	D7	D8	D9	D10	D11	D12	E1	E2	E3	E4	E5	E6	E7	E8	E9	E10	E11	E12	F1	F2	F3	F4	F5	F6	F7	F8	F9	F10	F11	F12	G1	G2	G3	G4	G5	G6	G7	G8	G9	G10	G11	G12	H1	H2	H3	H4	H5	H6	H7	H8	H9	H10	H11	H12
0:00:06	25.0	0.045	0.044	0.047	0.047	0.045	0.046	0.044	0.044	0.045	0.050	0.047	0.045	0.043	0.044	0.044	0.046	0.054	0.044	0.044	0.045	0.045	0.047	0.045	0.046	0.044	0.043	0.044	0.044	0.044	0.045	0.049	0.045	0.045	0.047	0.044	0.046	0.045	0.044	0.044	0.044	0.043	0.045	0.051	0.046	0.044	0.046	0.045	0.045	0.044	0.044	0.047	0.045	0.045	0.046	0.052	0.044	0.044	0.045	0.044	0.045	0.044	0.044	0.046	0.045	0.044	0.044	0.044	0.044	0.044	0.044	0.044	0.044	0.046	0.044	0.058	0.045	0.045	0.044	0.044	0.046	0.047	0.044	0.044	0.044	0.044	0.046	0.044	0.045	0.044	0.057	0.046	0.047	0.046	0.047	0.044	0.047
1:00:03	24.9	0.045	0.044	0.048	0.047	0.045	0.046	0.044	0.044	0.045	0.051	0.047	0.045	0.044	0.044	0.044	0.046	0.054	0.045	0.044	0.045	0.045	0.048	0.046	0.047	0.044	0.044	0.044	0.044	0.045	0.046	0.050	0.045	0.045	0.047	0.046	0.046	0.045	0.044	0.044	0.044	0.043	0.045	0.051	0.046	0.045	0.046	0.046	0.046	0.044	0.044	0.047	0.044	0.045	0.047	0.053	0.044	0.045	0.045	0.045	0.045	0.044	0.045	0.047	0.045	0.044	0.044	0.045	0.044	0.044	0.044	0.044	0.044	0.046	0.044	0.059	0.045	0.045	0.044	0.044	0.047	0.047	0.044	0.044	0.044	0.044	0.046	0.044	0.046	0.045	0.057	0.047	0.047	0.047	0.048	0.045	0.047
2:00:04	24.6	0.045	0.044	0.048	0.047	0.045	0.047	0.045	0.045	0.046	0.051	0.048	0.046	0.044	0.044	0.045	0.047	0.054	0.045	0.045	0.046	0.046	0.048	0.047	0.047	0.045	0.044	0.045	0.044	0.045	0.045	0.052	0.046	0.046	0.048	0.046	0.047	0.045	0.045	0.044	0.044	0.044	0.046	0.051	0.046	0.045	0.047	0.047	0.047	0.045	0.045	0.048	0.045	0.046	0.047	0.054	0.044	0.045	0.045	0.045	0.046	0.045	0.045	0.047	0.046	0.045	0.045	0.045	0.045	0.044	0.045	0.045	0.046	0.047	0.045	0.060	0.046	0.046	0.045	0.045	0.048	0.048	0.045	0.045	0.045	0.045	0.047	0.045	0.046	0.045	0.054	0.047	0.048	0.048	0.048	0.045	0.047
3:00:06	24.6	0.047	0.045	0.049	0.049	0.046	0.048	0.045	0.045	0.047	0.053	0.049	0.048	0.045	0.045	0.046	0.048	0.055	0.046	0.046	0.047	0.047	0.050	0.048	0.050	0.046	0.045	0.046	0.046	0.046	0.047	0.054	0.047	0.047	0.049	0.047	0.049	0.047	0.046	0.045	0.045	0.045	0.046	0.052	0.048	0.046	0.048	0.048	0.049	0.046	0.046	0.048	0.046	0.047	0.048	0.055	0.045	0.047	0.046	0.047	0.048	0.045	0.046	0.049	0.047	0.046	0.046	0.046	0.047	0.045	0.047	0.047	0.048	0.048	0.046	0.061	0.047	0.047	0.046	0.046	0.049	0.049	0.046	0.047	0.047	0.047	0.048	0.046	0.047	0.045	0.054	0.048	0.049	0.050	0.050	0.047	0.050
4:00:07	24.7	0.050	0.045	0.051	0.050	0.048	0.050	0.047	0.046	0.049	0.055	0.050	0.050	0.047	0.047	0.047	0.050	0.057	0.048	0.047	0.048	0.049	0.052	0.050	0.053	0.048	0.047	0.047	0.047	0.048	0.048	0.056	0.049	0.049	0.051	0.049	0.052	0.049	0.047	0.047	0.047	0.048	0.048	0.054	0.049	0.047	0.050	0.051	0.052	0.048	0.048	0.049	0.048	0.048	0.049	0.056	0.046	0.048	0.048	0.049	0.050	0.047	0.048	0.051	0.049	0.048	0.047	0.048	0.049	0.046	0.049	0.050	0.051	0.050	0.047	0.063	0.049	0.048	0.048	0.048	0.050	0.051	0.048	0.050	0.048	0.048	0.049	0.047	0.049	0.047	0.055	0.050	0.052	0.051	0.052	0.050	0.051
5:00:08	24.9	0.054	0.047	0.053	0.053	0.050	0.051	0.050	0.049	0.051	0.059	0.053	0.054	0.049	0.049	0.050	0.052	0.059	0.051	0.049	0.051	0.052	0.053	0.054	0.058	0.052	0.050	0.050	0.051	0.052	0.051	0.060	0.052	0.053	0.054	0.053	0.056	0.052	0.051	0.050	0.049	0.051	0.051	0.057	0.053	0.051	0.053	0.055	0.056	0.051	0.050	0.051	0.051	0.050	0.051	0.059	0.046	0.051	0.051	0.054	0.052	0.050	0.050	0.055	0.052	0.050	0.051	0.051	0.053	0.046	0.053	0.054	0.055	0.053	0.049	0.066	0.051	0.052	0.051	0.052	0.052	0.056	0.052	0.054	0.049	0.050	0.050	0.050	0.052	0.050	0.057	0.052	0.056	0.054	0.056	0.050	0.055
6:00:09	25.0	0.063	0.051	0.058	0.059	0.056	0.056	0.055	0.054	0.056	0.065	0.057	0.058	0.054	0.054	0.056	0.058	0.066	0.057	0.055	0.056	0.058	0.057	0.062	0.066	0.058	0.057	0.054	0.058	0.059	0.058	0.068	0.060	0.061	0.060	0.061	0.059	0.059	0.058	0.055	0.053	0.057	0.057	0.064	0.060	0.056	0.060	0.064	0.061	0.055	0.055	0.056	0.056	0.053	0.055	0.064	0.048	0.057	0.055	0.061	0.056	0.055	0.055	0.060	0.058	0.054	0.056	0.056	0.060	0.047	0.060	0.061	0.060	0.059	0.052	0.072	0.056	0.057	0.057	0.059	0.057	0.062	0.058	0.061	0.049	0.052	0.054	0.053	0.057	0.053	0.061	0.057	0.062	0.059	0.061	0.054	0.057
7:00:09	24.9	0.079	0.059	0.062	0.069	0.064	0.063	0.065	0.063	0.066	0.077	0.067	0.071	0.065	0.064	0.067	0.070	0.079	0.071	0.066	0.067	0.070	0.066	0.078	0.072	0.070	0.069	0.063	0.072	0.073	0.070	0.082	0.074	0.077	0.072	0.077	0.071	0.071	0.071	0.066	0.063	0.069	0.068	0.077	0.072	0.067	0.072	0.079	0.075	0.064	0.066	0.064	0.068	0.060	0.063	0.074	0.048	0.068	0.065	0.073	0.060	0.065	0.065	0.074	0.070	0.062	0.068	0.067	0.074	0.047	0.066	0.075	0.071	0.070	0.060	0.085	0.067	0.068	0.071	0.074	0.063	0.077	0.072	0.066	0.049	0.060	0.060	0.060	0.069	0.063	0.071	0.068	0.073	0.071	0.077	0.062	0.067
8:00:09	24.8	0.099	0.074	0.078	0.077	0.084	0.081	0.084	0.082	0.085	0.095	0.086	0.094	0.085	0.084	0.090	0.094	0.105	0.092	0.088	0.088	0.094	0.086	0.108	0.089	0.095	0.093	0.080	0.098	0.101	0.095	0.110	0.101	0.105	0.092	0.105	0.091	0.098	0.098	0.087	0.081	0.089	0.090	0.103	0.096	0.087	0.096	0.106	0.100	0.081	0.085	0.080	0.089	0.070	0.079	0.095	0.049	0.090	0.086	0.100	0.077	0.086	0.084	0.098	0.093	0.079	0.087	0.088	0.100	0.047	0.091	0.097	0.095	0.092	0.074	0.111	0.080	0.087	0.097	0.102	0.080	0.103	0.099	0.091	0.049	0.074	0.073	0.074	0.091	0.081	0.086	0.088	0.099	0.087	0.087	0.078	0.084
9:00:11	24.6	0.125	0.099	0.109	0.109	0.121	0.111	0.108	0.117	0.118	0.113	0.118	0.121	0.117	0.114	0.123	0.129	0.141	0.115	0.122	0.123	0.130	0.110	0.146	0.128	0.127	0.126	0.110	0.133	0.139	0.131	0.147	0.139	0.145	0.127	0.147	0.121	0.128	0.134	0.120	0.111	0.113	0.125	0.134	0.132	0.123	0.127	0.147	0.124	0.100	0.114	0.106	0.101	0.090	0.108	0.128	0.050	0.126	0.120	0.117	0.102	0.118	0.112	0.120	0.122	0.103	0.106	0.122	0.120	0.046	0.124	0.117	0.130	0.126	0.096	0.145	0.113	0.118	0.132	0.135	0.109	0.139	0.129	0.124	0.048	0.094	0.094	0.101	0.116	0.107	0.097	0.117	0.133	0.115	0.118	0.097	0.105
10:00:11	24.4	0.162	0.131	0.135	0.141	0.154	0.144	0.138	0.148	0.147	0.152	0.150	0.155	0.152	0.145	0.158	0.164	0.164	0.144	0.156	0.156	0.167	0.152	0.184	0.165	0.157	0.160	0.142	0.171	0.176	0.164	0.185	0.179	0.181	0.164	0.187	0.156	0.159	0.168	0.154	0.144	0.144	0.157	0.163	0.167	0.154	0.163	0.184	0.161	0.126	0.136	0.140	0.132	0.116	0.140	0.162	0.050	0.154	0.153	0.159	0.125	0.155	0.139	0.147	0.152	0.128	0.140	0.155	0.154	0.046	0.149	0.149	0.154	0.154	0.123	0.181	0.141	0.150	0.170	0.176	0.133	0.174	0.173	0.154	0.048	0.122	0.123	0.136	0.141	0.137	0.133	0.148	0.166	0.146	0.172	0.129	0.138
11:00:12	24.3	0.210	0.169	0.168	0.183	0.200	0.184	0.186	0.192	0.182	0.211	0.192	0.210	0.196	0.189	0.206	0.215	0.199	0.189	0.203	0.204	0.212	0.183	0.235	0.218	0.201	0.206	0.180	0.223	0.222	0.212	0.234	0.231	0.221	0.210	0.241	0.203	0.213	0.192	0.195	0.186	0.182	0.199	0.205	0.212	0.201	0.210	0.234	0.212	0.174	0.174	0.181	0.177	0.144	0.179	0.211	0.051	0.195	0.203	0.207	0.158	0.201	0.184	0.193	0.193	0.168	0.190	0.195	0.201	0.046	0.186	0.197	0.216	0.200	0.164	0.229	0.189	0.194	0.220	0.229	0.176	0.222	0.213	0.208	0.049	0.163	0.157	0.182	0.193	0.183	0.174	0.194	0.213	0.177	0.198	0.171	0.168
12:00:13	24.3	0.243	0.213	0.213	0.227	0.248	0.228	0.234	0.244	0.242	0.258	0.233	0.245	0.246	0.234	0.253	0.269	0.253	0.231	0.252	0.257	0.261	0.227	0.291	0.265	0.259	0.253	0.228	0.276	0.271	0.260	0.289	0.283	0.260	0.251	0.287	0.264	0.274	0.233	0.242	0.234	0.222	0.248	0.226	0.259	0.257	0.261	0.296	0.267	0.231	0.220	0.230	0.219	0.170	0.231	0.269	0.051	0.217	0.262	0.254	0.200	0.257	0.236	0.236	0.230	0.202	0.245	0.246	0.249	0.046	0.227	0.246	0.272	0.251	0.215	0.280	0.231	0.248	0.271	0.290	0.225	0.273	0.246	0.255	0.048	0.212	0.194	0.221	0.247	0.235	0.233	0.235	0.264	0.223	0.255	0.233	0.204
13:00:15	24.3	0.272	0.258	0.239	0.275	0.299	0.285	0.305	0.306	0.305	0.322	0.286	0.294	0.296	0.289	0.299	0.325	0.307	0.266	0.307	0.320	0.323	0.275	0.358	0.279	0.310	0.316	0.279	0.325	0.323	0.316	0.349	0.337	0.325	0.296	0.348	0.282	0.297	0.281	0.286	0.290	0.274	0.307	0.284	0.318	0.313	0.307	0.361	0.322	0.289	0.273	0.283	0.264	0.208	0.291	0.332	0.052	0.282	0.334	0.280	0.246	0.318	0.296	0.292	0.287	0.252	0.302	0.309	0.310	0.046	0.275	0.295	0.321	0.311	0.274	0.344	0.284	0.316	0.330	0.356	0.265	0.344	0.306	0.298	0.048	0.271	0.247	0.286	0.284	0.303	0.296	0.305	0.324	0.272	0.304	0.268	0.253
14:00:15	24.4	0.300	0.299	0.287	0.312	0.359	0.331	0.359	0.356	0.375	0.363	0.353	0.300	0.347	0.342	0.351	0.379	0.361	0.329	0.351	0.358	0.381	0.317	0.418	0.312	0.366	0.370	0.337	0.370	0.368	0.359	0.388	0.373	0.397	0.366	0.396	0.362	0.331	0.341	0.343	0.343	0.312	0.357	0.365	0.368	0.373	0.353	0.399	0.359	0.334	0.317	0.343	0.298	0.251	0.357	0.388	0.054	0.350	0.391	0.353	0.296	0.374	0.358	0.355	0.339	0.327	0.361	0.371	0.376	0.046	0.317	0.369	0.363	0.378	0.327	0.393	0.326	0.382	0.381	0.404	0.307	0.397	0.375	0.359	0.048	0.324	0.310	0.328	0.345	0.365	0.346	0.368	0.387	0.313	0.350	0.295	0.296
15:00:16	24.8	0.322	0.330	0.337	0.364	0.381	0.360	0.388	0.379	0.394	0.368	0.411	0.348	0.385	0.374	0.389	0.405	0.400	0.385	0.373	0.377	0.404	0.366	0.435	0.347	0.407	0.389	0.367	0.388	0.373	0.369	0.398	0.398	0.418	0.401	0.413	0.402	0.378	0.384	0.372	0.370	0.359	0.381	0.398	0.393	0.388	0.373	0.419	0.396	0.330	0.364	0.384	0.347	0.292	0.400	0.431	0.057	0.402	0.427	0.405	0.333	0.396	0.388	0.407	0.389	0.379	0.389	0.394	0.418	0.046	0.357	0.396	0.397	0.415	0.360	0.437	0.378	0.400	0.410	0.428	0.355	0.430	0.436	0.422	0.048	0.345	0.345	0.386	0.416	0.428	0.377	0.431	0.433	0.360	0.393	0.346	0.338
16:00:16	24.9	0.335	0.351	0.375	0.381	0.409	0.381	0.425	0.428	0.453	0.394	0.411	0.361	0.405	0.395	0.391	0.419	0.424	0.406	0.389	0.402	0.407	0.392	0.450	0.400	0.401	0.415	0.377	0.406	0.395	0.384	0.401	0.420	0.445	0.443	0.444	0.398	0.387	0.396	0.396	0.392	0.389	0.408	0.451	0.406	0.411	0.427	0.455	0.414	0.348	0.390	0.413	0.388	0.330	0.421	0.458	0.061	0.444	0.449	0.437	0.369	0.442	0.416	0.422	0.421	0.419	0.424	0.424	0.443	0.046	0.388	0.453	0.424	0.440	0.385	0.440	0.403	0.433	0.432	0.440	0.403	0.460	0.475	0.438	0.047	0.351	0.378	0.411	0.453	0.449	0.379	0.473	0.456	0.391	0.413	0.358	0.367
17:00:17	24.7	0.347	0.372	0.391	0.401	0.467	0.387	0.467	0.475	0.480	0.444	0.473	0.391	0.409	0.389	0.426	0.445	0.449	0.436	0.414	0.433	0.438	0.435	0.494	0.430	0.437	0.442	0.388	0.412	0.419	0.400	0.429	0.454	0.484	0.476	0.486	0.429	0.406	0.432	0.426	0.426	0.423	0.435	0.475	0.426	0.451	0.458	0.492	0.449	0.358	0.397	0.432	0.418	0.370	0.448	0.484	0.069	0.474	0.471	0.461	0.388	0.442	0.455	0.476	0.447	0.454	0.461	0.457	0.480	0.045	0.423	0.500	0.468	0.466	0.426	0.460	0.426	0.471	0.462	0.475	0.433	0.486	0.526	0.457	0.048	0.383	0.383	0.428	0.468	0.474	0.408	0.488	0.493	0.408	0.430	0.391	0.387
18:00:19	24.8	0.378	0.399	0.426	0.428	0.495	0.434	0.503	0.520	0.502	0.453	0.495	0.413	0.456	0.432	0.457	0.475	0.510	0.477	0.444	0.446	0.488	0.460	0.526	0.465	0.437	0.475	0.389	0.436	0.438	0.422	0.465	0.467	0.521	0.517	0.508	0.482	0.398	0.472	0.455	0.464	0.467	0.471	0.499	0.457	0.495	0.500	0.527	0.489	0.396	0.430	0.453	0.458	0.416	0.487	0.483	0.085	0.517	0.513	0.513	0.414	0.483	0.503	0.488	0.473	0.497	0.500	0.478	0.528	0.045	0.463	0.550	0.484	0.516	0.445	0.481	0.471	0.500	0.494	0.513	0.461	0.522	0.539	0.490	0.047	0.393	0.423	0.466	0.497	0.491	0.452	0.534	0.530	0.439	0.471	0.414	0.414
19:00:20	25.0	0.403	0.434	0.447	0.446	0.533	0.452	0.508	0.549	0.545	0.493	0.504	0.459	0.493	0.472	0.487	0.511	0.533	0.482	0.460	0.452	0.517	0.490	0.568	0.482	0.491	0.506	0.408	0.463	0.459	0.453	0.489	0.500	0.546	0.560	0.523	0.519	0.414	0.488	0.495	0.494	0.505	0.500	0.538	0.494	0.531	0.520	0.555	0.522	0.426	0.450	0.469	0.479	0.448	0.515	0.511	0.110	0.546	0.555	0.550	0.437	0.500	0.520	0.500	0.522	0.517	0.532	0.510	0.557	0.045	0.479	0.567	0.508	0.530	0.461	0.524	0.496	0.532	0.508	0.535	0.500	0.567	0.585	0.505	0.047	0.412	0.440	0.499	0.530	0.535	0.494	0.574	0.572	0.477	0.508	0.435	0.438
20:00:21	25.3	0.421	0.475	0.474	0.489	0.568	0.482	0.531	0.598	0.587	0.522	0.544	0.488	0.530	0.502	0.536	0.531	0.569	0.510	0.487	0.515	0.551	0.526	0.590	0.501	0.515	0.522	0.447	0.489	0.480	0.473	0.519	0.533	0.589	0.598	0.572	0.536	0.438	0.524	0.542	0.534	0.515	0.525	0.570	0.535	0.569	0.565	0.598	0.548	0.450	0.499	0.501	0.503	0.485	0.535	0.548	0.141	0.587	0.570	0.567	0.470	0.544	0.566	0.545	0.562	0.561	0.561	0.551	0.576	0.045	0.504	0.605	0.542	0.560	0.497	0.565	0.516	0.556	0.555	0.597	0.534	0.611	0.594	0.543	0.047	0.433	0.480	0.545	0.567	0.603	0.548	0.607	0.613	0.492	0.519	0.477	0.462
21:00:22	25.5	0.429	0.524	0.497	0.507	0.621	0.487	0.537	0.625	0.595	0.538	0.568	0.495	0.574	0.541	0.558	0.559	0.575	0.529	0.508	0.561	0.584	0.546	0.617	0.527	0.538	0.549	0.476	0.500	0.528	0.507	0.569	0.568	0.626	0.620	0.605	0.558	0.472	0.538	0.562	0.561	0.548	0.562	0.583	0.584	0.603	0.586	0.625	0.559	0.467	0.500	0.540	0.536	0.510	0.566	0.577	0.173	0.601	0.615	0.605	0.498	0.567	0.602	0.571	0.578	0.591	0.588	0.588	0.602	0.045	0.541	0.639	0.567	0.602	0.524	0.597	0.548	0.593	0.588	0.618	0.555	0.643	0.629	0.559	0.047	0.459	0.491	0.565	0.586	0.631	0.574	0.643	0.639	0.520	0.539	0.495	0.489
22:00:23	25.8	0.454	0.577	0.504	0.517	0.610	0.492	0.535	0.614	0.628	0.544	0.592	0.530	0.589	0.587	0.573	0.599	0.583	0.542	0.528	0.585	0.620	0.557	0.650	0.552	0.554	0.587	0.508	0.566	0.557	0.543	0.593	0.592	0.631	0.641	0.634	0.592	0.483	0.548	0.593	0.590	0.569	0.598	0.609	0.619	0.638	0.599	0.657	0.568	0.488	0.515	0.574	0.561	0.533	0.590	0.618	0.212	0.634	0.636	0.629	0.523	0.593	0.618	0.601	0.592	0.603	0.612	0.617	0.632	0.045	0.568	0.651	0.604	0.624	0.536	0.628	0.562	0.640	0.618	0.649	0.581	0.673	0.641	0.588	0.047	0.494	0.516	0.587	0.613	0.654	0.601	0.662	0.655	0.539	0.559	0.519	0.509
23:00:24	26.0	0.479	0.611	0.519	0.541	0.646	0.516	0.555	0.654	0.646	0.570	0.608	0.562	0.622	0.609	0.598	0.635	0.602	0.566	0.549	0.586	0.651	0.580	0.650	0.573	0.582	0.609	0.537	0.583	0.571	0.583	0.611	0.625	0.665	0.656	0.655	0.619	0.512	0.577	0.619	0.635	0.593	0.633	0.644	0.632	0.665	0.628	0.697	0.602	0.513	0.547	0.610	0.594	0.564	0.608	0.650	0.253	0.665	0.660	0.658	0.551	0.624	0.644	0.635	0.630	0.631	0.633	0.642	0.663	0.045	0.589	0.688	0.613	0.643	0.566	0.660	0.603	0.666	0.660	0.685	0.610	0.703	0.670	0.620	0.047	0.516	0.561	0.618	0.630	0.671	0.616	0.698	0.683	0.570	0.592	0.541	0.533
24:00:25	26.0	0.500	0.644	0.532	0.548	0.664	0.544	0.571	0.701	0.643	0.599	0.621	0.579	0.645	0.649	0.606	0.668	0.620	0.590	0.608	0.602	0.675	0.592	0.695	0.604	0.601	0.640	0.555	0.611	0.629	0.612	0.648	0.644	0.690	0.699	0.708	0.640	0.534	0.597	0.666	0.670	0.617	0.666	0.670	0.673	0.701	0.629	0.728	0.625	0.536	0.567	0.643	0.614	0.592	0.651	0.688	0.297	0.689	0.693	0.691	0.580	0.663	0.687	0.648	0.660	0.647	0.673	0.664	0.703	0.045	0.620	0.702	0.637	0.682	0.599	0.688	0.624	0.698	0.687	0.706	0.641	0.754	0.701	0.639	0.047	0.546	0.583	0.640	0.647	0.707	0.637	0.716	0.731	0.595	0.618	0.565	0.553
25:00:26	25.8	0.527	0.676	0.559	0.577	0.688	0.561	0.613	0.726	0.655	0.630	0.630	0.593	0.667	0.671	0.641	0.700	0.642	0.622	0.651	0.651	0.720	0.621	0.733	0.630	0.626	0.688	0.586	0.653	0.642	0.643	0.681	0.687	0.747	0.724	0.743	0.646	0.561	0.627	0.698	0.693	0.635	0.711	0.694	0.704	0.740	0.660	0.762	0.655	0.560	0.595	0.663	0.637	0.615	0.666	0.716	0.345	0.721	0.742	0.713	0.604	0.693	0.711	0.693	0.692	0.675	0.690	0.703	0.731	0.046	0.648	0.725	0.658	0.712	0.626	0.732	0.647	0.733	0.723	0.747	0.665	0.778	0.724	0.668	0.048	0.561	0.584	0.667	0.666	0.743	0.650	0.748	0.749	0.624	0.637	0.600	0.581
26:00:25	25.5	0.560	0.709	0.576	0.595	0.703	0.569	0.633	0.762	0.690	0.652	0.661	0.629	0.711	0.711	0.703	0.734	0.671	0.655	0.668	0.658	0.741	0.657	0.756	0.644	0.634	0.707	0.616	0.674	0.686	0.673	0.716	0.719	0.788	0.735	0.776	0.669	0.595	0.661	0.728	0.732	0.664	0.750	0.731	0.724	0.782	0.695	0.807	0.680	0.586	0.625	0.704	0.676	0.656	0.708	0.751	0.415	0.761	0.783	0.764	0.631	0.731	0.737	0.695	0.715	0.709	0.745	0.741	0.763	0.045	0.688	0.774	0.711	0.750	0.657	0.770	0.662	0.762	0.746	0.785	0.689	0.839	0.763	0.696	0.049	0.579	0.608	0.672	0.690	0.768	0.685	0.793	0.787	0.655	0.655	0.610	0.603
27:00:27	25.2	0.585	0.753	0.596	0.626	0.714	0.600	0.641	0.755	0.697	0.660	0.660	0.629	0.726	0.747	0.753	0.770	0.676	0.659	0.715	0.688	0.781	0.672	0.749	0.670	0.658	0.749	0.647	0.715	0.717	0.706	0.746	0.742	0.809	0.777	0.805	0.678	0.613	0.681	0.762	0.775	0.695	0.775	0.741	0.753	0.800	0.711	0.831	0.690	0.611	0.640	0.742	0.717	0.669	0.744	0.789	0.461	0.778	0.820	0.775	0.653	0.754	0.752	0.730	0.742	0.716	0.783	0.778	0.787	0.045	0.703	0.781	0.687	0.783	0.675	0.797	0.689	0.805	0.793	0.814	0.713	0.858	0.780	0.710	0.051	0.594	0.626	0.693	0.713	0.813	0.696	0.809	0.808	0.677	0.674	0.610	0.612
28:00:28	24.9	0.605	0.777	0.617	0.635	0.727	0.612	0.675	0.806	0.720	0.689	0.708	0.647	0.762	0.775	0.778	0.799	0.719	0.724	0.755	0.740	0.814	0.698	0.791	0.674	0.673	0.780	0.669	0.741	0.754	0.742	0.777	0.775	0.836	0.815	0.844	0.705	0.645	0.703	0.798	0.797	0.727	0.801	0.768	0.788	0.826	0.739	0.878	0.711	0.645	0.669	0.766	0.736	0.712	0.773	0.811	0.504	0.820	0.857	0.822	0.672	0.801	0.788	0.762	0.774	0.758	0.810	0.820	0.814	0.045	0.739	0.823	0.740	0.805	0.701	0.830	0.717	0.826	0.828	0.853	0.730	0.906	0.822	0.740	0.053	0.613	0.646	0.696	0.730	0.845	0.723	0.838	0.845	0.692	0.694	0.631	0.629
29:00:28	24.7	0.625	0.832	0.640	0.641	0.734	0.625	0.699	0.824	0.743	0.701	0.752	0.655	0.780	0.802	0.833	0.842	0.737	0.746	0.782	0.788	0.839	0.717	0.828	0.684	0.697	0.822	0.716	0.797	0.804	0.776	0.821	0.773	0.874	0.849	0.895	0.711	0.671	0.737	0.828	0.843	0.764	0.855	0.797	0.824	0.860	0.773	0.898	0.722	0.667	0.695	0.796	0.785	0.735	0.791	0.842	0.539	0.855	0.891	0.849	0.684	0.843	0.820	0.771	0.818	0.799	0.835	0.844	0.845	0.045	0.759	0.840	0.730	0.833	0.720	0.872	0.729	0.867	0.859	0.882	0.743	0.939	0.854	0.762	0.059	0.635	0.673	0.689	0.735	0.877	0.720	0.840	0.875	0.711	0.708	0.647	0.644
30:00:30	24.8	0.637	0.874	0.646	0.649	0.739	0.632	0.713	0.863	0.750	0.708	0.761	0.659	0.808	0.832	0.865	0.871	0.752	0.752	0.811	0.815	0.867	0.730	0.845	0.695	0.687	0.852	0.749	0.825	0.836	0.810	0.848	0.828	0.892	0.877	0.921	0.720	0.683	0.752	0.852	0.872	0.775	0.878	0.799	0.845	0.905	0.784	0.924	0.728	0.667	0.714	0.833	0.807	0.758	0.834	0.863	0.571	0.884	0.918	0.877	0.695	0.811	0.871	0.758	0.838	0.809	0.857	0.857	0.874	0.045	0.772	0.841	0.730	0.837	0.727	0.894	0.740	0.897	0.893	0.912	0.760	0.958	0.835	0.774	0.067	0.628	0.661	0.693	0.744	0.897	0.713	0.842	0.880	0.719	0.720	0.657	0.652
31:00:30	24.9	0.646	0.923	0.664	0.659	0.729	0.648	0.724	0.869	0.751	0.720	0.787	0.664	0.754	0.869	0.883	0.904	0.754	0.769	0.842	0.847	0.925	0.740	0.846	0.700	0.691	0.863	0.797	0.830	0.873	0.843	0.879	0.861	0.919	0.896	0.929	0.717	0.706	0.779	0.868	0.886	0.799	0.895	0.813	0.886	0.934	0.796	0.931	0.729	0.677	0.730	0.870	0.817	0.780	0.873	0.900	0.589	0.909	0.939	0.892	0.708	0.806	0.884	0.777	0.865	0.835	0.870	0.875	0.911	0.045	0.780	0.849	0.740	0.823	0.739	0.934	0.753	0.908	0.917	0.928	0.764	0.974	0.830	0.783	0.078	0.638	0.671	0.699	0.746	0.888	0.710	0.825	0.881	0.733	0.733	0.676	0.661
32:00:32	25.0	0.649	0.949	0.679	0.673	0.740	0.659	0.723	0.873	0.763	0.726	0.787	0.671	0.787	0.905	0.915	0.933	0.770	0.782	0.897	0.887	0.934	0.754	0.871	0.710	0.701	0.842	0.826	0.891	0.890	0.862	0.904	0.887	0.935	0.932	0.957	0.720	0.718	0.806	0.896	0.921	0.820	0.919	0.814	0.921	0.956	0.820	0.951	0.736	0.686	0.743	0.904	0.812	0.795	0.902	0.930	0.614	0.932	0.960	0.884	0.723	0.783	0.901	0.776	0.891	0.860	0.890	0.906	0.917	0.045	0.789	0.849	0.740	0.809	0.743	0.958	0.754	0.946	0.947	0.962	0.779	0.996	0.826	0.792	0.096	0.649	0.679	0.708	0.762	0.900	0.718	0.810	0.887	0.744	0.739	0.678	0.670
33:00:33	25.1	0.667	0.987	0.688	0.685	0.742	0.677	0.736	0.896	0.771	0.734	0.791	0.678	0.781	0.928	0.930	0.951	0.781	0.788	0.905	0.894	0.962	0.768	0.869	0.717	0.702	0.842	0.851	0.928	0.923	0.890	0.913	0.929	0.947	0.938	0.956	0.720	0.724	0.806	0.901	0.941	0.829	0.930	0.815	0.938	0.982	0.822	0.947	0.739	0.696	0.754	0.934	0.853	0.811	0.923	0.954	0.642	0.944	0.978	0.898	0.732	0.754	0.882	0.780	0.905	0.883	0.931	0.928	0.920	0.045	0.799	0.851	0.745	0.811	0.756	0.964	0.771	0.943	0.968	0.984	0.786	1.004	0.826	0.801	0.118	0.659	0.690	0.711	0.771	0.905	0.726	0.798	0.895	0.754	0.746	0.691	0.680
34:00:34	25.0	0.678	1.025	0.707	0.697	0.753	0.689	0.731	0.879	0.789	0.735	0.785	0.686	0.784	0.955	0.942	0.974	0.794	0.800	0.945	0.940	0.954	0.779	0.878	0.726	0.710	0.868	0.887	0.937	0.941	0.913	0.947	0.952	0.942	0.958	0.960	0.722	0.754	0.797	0.911	0.930	0.835	0.945	0.818	0.967	0.999	0.830	0.950	0.749	0.716	0.764	0.956	0.845	0.817	0.938	0.941	0.669	0.962	0.997	0.896	0.741	0.741	0.883	0.775	0.906	0.891	0.949	0.946	0.935	0.045	0.804	0.856	0.754	0.816	0.756	0.975	0.780	0.958	1.002	0.995	0.796	0.997	0.827	0.803	0.151	0.666	0.700	0.713	0.772	0.882	0.738	0.787	0.885	0.762	0.756	0.700	0.689
35:00:34	25.0	0.697	1.056	0.720	0.713	0.758	0.714	0.753	0.915	0.790	0.747	0.796	0.699	0.782	0.974	0.974	0.998	0.795	0.806	0.969	0.971	0.966	0.795	0.882	0.733	0.724	0.897	0.906	0.955	0.978	0.941	0.964	0.972	0.950	0.946	0.964	0.729	0.743	0.806	0.939	0.974	0.849	0.964	0.827	0.994	1.018	0.850	0.940	0.763	0.716	0.780	0.971	0.870	0.836	0.959	0.974	0.699	0.980	1.013	0.900	0.753	0.744	0.902	0.790	0.942	0.920	0.978	0.971	0.957	0.045	0.813	0.868	0.764	0.823	0.773	0.968	0.790	0.975	1.035	1.001	0.805	1.009	0.832	0.812	0.202	0.677	0.713	0.742	0.782	0.903	0.751	0.784	0.886	0.773	0.764	0.707	0.700
36:00:35	25.0	0.701	1.075	0.733	0.722	0.773	0.730	0.757	0.932	0.806	0.752	0.795	0.705	0.796	0.992	0.953	1.015	0.812	0.816	0.974	0.987	0.964	0.807	0.881	0.737	0.731	0.909	0.934	0.980	0.983	0.964	0.994	0.985	0.960	0.967	0.961	0.736	0.753	0.811	0.949	0.965	0.848	0.982	0.835	0.999	1.030	0.849	0.926	0.764	0.726	0.789	0.980	0.884	0.848	0.978	0.977	0.724	0.982	1.022	0.909	0.762	0.749	0.913	0.793	0.939	0.943	0.998	0.965	0.946	0.045	0.824	0.869	0.768	0.817	0.775	1.008	0.793	0.993	1.052	0.997	0.816	0.992	0.837	0.815	0.265	0.686	0.721	0.724	0.787	0.897	0.753	0.781	0.875	0.785	0.772	0.714	0.710
37:00:36	25.2	0.725	1.096	0.720	0.739	0.760	0.743	0.755	0.877	0.810	0.761	0.785	0.708	0.763	1.003	0.953	1.025	0.794	0.827	1.008	1.007	0.934	0.810	0.862	0.742	0.716	0.908	0.964	1.004	1.006	0.982	0.994	1.020	0.946	0.965	0.949	0.751	0.741	0.805	0.952	0.997	0.835	0.978	0.833	1.005	1.037	0.841	0.887	0.766	0.740	0.794	0.980	0.876	0.837	0.978	0.986	0.740	0.968	0.994	0.880	0.768	0.745	0.893	0.787	0.927	0.947	0.994	0.965	0.920	0.045	0.838	0.849	0.754	0.835	0.789	1.011	0.805	0.987	1.030	0.975	0.818	0.952	0.833	0.811	0.307	0.701	0.727	0.725	0.790	0.879	0.760	0.773	0.847	0.782	0.776	0.719	0.720
38:00:37	25.4	0.727	1.095	0.729	0.755	0.770	0.747	0.757	0.872	0.800	0.759	0.784	0.716	0.770	1.002	0.964	1.021	0.807	0.833	1.037	1.034	0.940	0.821	0.869	0.750	0.763	0.918	0.977	1.014	1.032	1.002	1.009	1.034	0.938	0.975	0.946	0.757	0.773	0.812	0.964	0.991	0.839	0.995	0.844	1.016	1.045	0.849	0.880	0.771	0.744	0.805	0.987	0.875	0.851	0.972	0.980	0.766	0.973	0.996	0.886	0.780	0.748	0.885	0.791	0.939	0.949	1.012	0.978	0.922	0.045	0.846	0.849	0.762	0.849	0.800	1.023	0.815	1.000	1.042	0.959	0.826	0.952	0.838	0.821	0.334	0.717	0.736	0.732	0.802	0.876	0.767	0.780	0.844	0.787	0.785	0.728	0.728
39:00:38	25.3	0.737	1.128	0.765	0.766	0.796	0.747	0.777	0.909	0.832	0.772	0.803	0.730	0.809	1.026	1.011	1.019	0.834	0.840	1.071	1.046	0.980	0.836	0.889	0.760	0.766	0.967	0.998	1.042	1.052	1.031	1.042	1.052	0.940	0.997	0.969	0.754	0.774	0.828	0.986	1.030	0.863	1.018	0.858	1.038	1.044	0.859	0.895	0.781	0.755	0.818	1.016	0.902	0.875	0.993	1.024	0.809	0.995	1.024	0.886	0.796	0.769	0.904	0.805	0.957	0.973	1.027	1.015	0.936	0.045	0.852	0.866	0.783	0.820	0.801	0.993	0.816	1.010	1.041	0.973	0.835	0.967	0.851	0.843	0.346	0.717	0.750	0.752	0.808	0.889	0.775	0.796	0.859	0.803	0.798	0.740	0.736
40:00:39	25.2	0.756	1.112	0.750	0.777	0.791	0.777	0.781	0.829	0.820	0.777	0.805	0.734	0.791	1.024	0.961	0.988	0.827	0.848	1.077	1.060	0.920	0.846	0.873	0.769	0.771	0.936	0.985	1.045	1.058	1.060	1.044	1.034	0.933	0.974	0.952	0.769	0.782	0.831	1.006	1.015	0.852	0.979	0.860	1.045	1.025	0.853	0.875	0.785	0.763	0.829	1.019	0.887	0.867	1.014	0.993	0.832	0.972	0.991	0.883	0.799	0.761	0.880	0.806	0.941	0.975	1.019	0.999	0.908	0.045	0.857	0.860	0.776	0.868	0.819	1.013	0.834	1.006	1.034	0.930	0.848	0.953	0.850	0.831	0.350	0.730	0.753	0.750	0.816	0.896	0.781	0.798	0.843	0.807	0.807	0.745	0.746
41:00:40	25.1	0.760	1.143	0.791	0.785	0.830	0.765	0.790	0.874	0.827	0.789	0.813	0.749	0.825	1.037	0.966	1.025	0.854	0.852	1.096	1.070	0.955	0.859	0.899	0.780	0.795	0.969	0.976	1.068	1.085	1.079	1.054	1.062	0.942	1.019	0.966	0.766	0.796	0.850	1.012	1.031	0.872	1.008	0.874	1.066	1.057	0.871	0.886	0.794	0.775	0.837	1.056	0.919	0.899	1.027	0.999	0.874	1.002	1.029	0.897	0.819	0.785	0.897	0.818	0.971	0.993	1.057	1.032	0.924	0.045	0.866	0.869	0.798	0.836	0.818	1.021	0.837	1.023	1.054	0.953	0.859	0.953	0.866	0.849	0.351	0.740	0.766	0.760	0.823	0.898	0.791	0.806	0.853	0.818	0.814	0.762	0.753
42:00:40	25.0	0.779	1.155	0.799	0.793	0.847	0.773	0.798	0.901	0.831	0.796	0.818	0.756	0.825	1.035	0.960	1.025	0.859	0.861	1.077	1.078	0.956	0.869	0.887	0.786	0.808	0.971	0.965	1.081	1.092	1.097	1.088	1.083	0.944	1.003	0.965	0.771	0.803	0.858	1.015	1.039	0.873	1.018	0.885	1.077	1.055	0.878	0.891	0.813	0.781	0.852	1.086	0.931	0.905	1.045	1.016	0.895	1.001	1.029	0.894	0.827	0.811	0.882	0.821	0.951	1.007	1.052	1.031	0.922	0.045	0.876	0.869	0.803	0.841	0.831	1.000	0.849	1.022	1.058	0.939	0.875	0.944	0.869	0.859	0.361	0.747	0.777	0.772	0.837	0.879	0.799	0.812	0.848	0.830	0.826	0.775	0.761
43:00:42	25.1	0.791	1.127	0.782	0.803	0.807	0.790	0.785	0.857	0.822	0.796	0.820	0.762	0.801	1.027	0.913	1.005	0.847	0.867	1.070	1.045	0.912	0.878	0.869	0.800	0.808	0.955	0.934	1.088	1.082	1.113	1.082	1.081	0.938	0.987	0.945	0.778	0.814	0.864	1.012	1.052	0.868	1.009	0.886	1.066	1.073	0.872	0.881	0.806	0.788	0.858	1.092	0.917	0.897	1.032	0.967	0.908	0.986	0.997	0.890	0.835	0.782	0.887	0.813	0.936	1.017	1.016	1.032	0.909	0.045	0.884	0.865	0.800	0.893	0.841	0.974	0.860	1.020	1.055	0.909	0.877	0.932	0.870	0.862	0.365	0.759	0.777	0.773	0.840	0.869	0.814	0.817	0.844	0.839	0.832	0.778	0.770
44:00:43	25.2	0.783	1.148	0.782	0.811	0.800	0.805	0.792	0.855	0.802	0.796	0.822	0.773	0.801	1.026	0.897	1.001	0.857	0.867	1.075	1.052	0.914	0.885	0.879	0.809	0.839	0.961	0.907	1.101	1.106	1.119	1.078	1.080	0.934	0.980	0.943	0.787	0.823	0.862	1.011	1.064	0.868	1.014	0.892	1.063	1.075	0.877	0.884	0.815	0.801	0.863	1.037	0.895	0.898	1.068	0.959	0.914	0.978	0.999	0.890	0.846	0.786	0.886	0.815	0.936	1.016	0.996	1.040	0.908	0.045	0.892	0.865	0.807	0.884	0.849	0.972	0.868	1.010	1.057	0.906	0.885	0.926	0.875	0.869	0.369	0.773	0.784	0.779	0.846	0.871	0.819	0.823	0.846	0.847	0.840	0.788	0.781
45:00:43	25.6	0.799	1.149	0.798	0.823	0.807	0.800	0.798	0.869	0.817	0.810	0.833	0.781	0.799	1.028	0.898	1.007	0.868	0.876	1.080	1.045	0.932	0.897	0.878	0.819	0.845	0.958	0.870	1.104	1.106	1.133	1.087	1.082	0.939	0.982	0.962	0.795	0.836	0.872	1.038	1.070	0.878	0.992	0.901	1.065	1.094	0.886	0.887	0.824	0.808	0.872	1.030	0.900	0.908	1.047	0.982	0.930	0.983	0.998	0.900	0.855	0.800	0.884	0.826	0.949	1.027	1.006	1.047	0.915	0.045	0.899	0.874	0.817	0.890	0.857	0.984	0.877	1.022	1.053	0.898	0.893	0.922	0.884	0.883	0.374	0.780	0.795	0.792	0.851	0.878	0.827	0.831	0.852	0.857	0.848	0.797	0.790
46:00:44	25.6	0.805	1.162	0.807	0.834	0.821	0.817	0.816	0.871	0.841	0.830	0.840	0.787	0.813	1.012	0.900	1.000	0.879	0.888	1.088	1.052	0.942	0.908	0.882	0.827	0.854	0.957	0.861	1.092	1.115	1.136	1.093	1.103	0.942	0.997	0.961	0.797	0.840	0.884	1.053	1.087	0.877	1.069	0.909	1.066	1.121	0.889	0.890	0.831	0.816	0.884	1.015	0.908	0.910	1.089	0.989	0.900	0.990	0.997	0.907	0.866	0.803	0.898	0.838	0.955	1.041	1.008	1.055	0.916	0.045	0.907	0.887	0.824	0.889	0.867	0.979	0.882	1.031	1.054	0.905	0.903	0.926	0.892	0.890	0.377	0.790	0.803	0.801	0.861	0.881	0.837	0.841	0.859	0.868	0.860	0.807	0.798
47:00:45	25.4	0.815	1.175	0.814	0.850	0.827	0.831	0.820	0.872	0.848	0.837	0.847	0.793	0.812	1.033	0.899	0.988	0.885	0.890	1.089	1.057	0.943	0.916	0.884	0.834	0.871	0.965	0.838	1.087	1.122	1.147	1.090	1.109	0.935	1.000	0.960	0.803	0.850	0.883	1.040	1.085	0.880	1.071	0.915	1.050	1.122	0.893	0.897	0.840	0.828	0.900	1.031	0.901	0.911	1.112	0.984	0.910	0.983	0.992	0.915	0.875	0.813	0.902	0.828	0.951	1.042	0.999	1.058	0.919	0.045	0.915	0.890	0.831	0.908	0.876	0.987	0.892	1.026	1.044	0.910	0.911	0.922	0.898	0.894	0.380	0.801	0.810	0.812	0.879	0.874	0.842	0.847	0.864	0.874	0.867	0.816	0.803
48:00:46	25.3	0.818	1.174	0.825	0.864	0.842	0.834	0.826	0.869	0.867	0.846	0.855	0.798	0.830	1.023	0.897	0.984	0.890	0.899	1.095	1.051	0.933	0.925	0.891	0.844	0.858	0.955	0.835	1.125	1.107	1.166	1.069	1.109	0.939	1.019	0.955	0.808	0.854	0.889	1.031	1.079	0.889	1.076	0.924	1.027	1.080	0.897	0.902	0.846	0.839	0.900	1.060	0.905	0.923	1.109	0.985	0.950	0.976	0.987	0.918	0.887	0.824	0.905	0.829	0.957	1.045	0.983	1.044	0.925	0.045	0.924	0.895	0.838	0.888	0.882	0.990	0.898	1.026	1.036	0.909	0.919	0.924	0.906	0.902	0.385	0.809	0.821	0.822	0.883	0.874	0.852	0.853	0.871	0.887	0.876	0.825	0.812
49:00:47	25.0	0.839	1.172	0.862	0.875	0.882	0.833	0.845	0.911	0.870	0.847	0.856	0.804	0.855	0.988	0.947	1.015	0.905	0.911	1.110	1.073	0.964	0.935	0.891	0.846	0.864	0.971	0.860	1.113	1.125	1.178	1.117	1.132	0.939	1.046	0.972	0.810	0.868	0.901	1.063	1.126	0.895	1.087	0.935	1.071	1.084	0.911	0.911	0.856	0.840	0.913	1.097	0.932	0.939	1.131	1.009	1.001	0.994	1.015	0.933	0.890	0.836	0.919	0.847	0.948	1.055	0.998	1.047	0.933	0.045	0.934	0.898	0.855	0.861	0.894	0.973	0.899	1.008	1.049	0.909	0.927	0.931	0.916	0.911	0.397	0.812	0.832	0.835	0.877	0.883	0.861	0.860	0.883	0.893	0.883	0.837	0.823
50:00:48	24.9	0.845	1.203	0.868	0.886	0.886	0.845	0.852	0.905	0.875	0.853	0.862	0.813	0.861	0.932	0.941	1.007	0.910	0.904	1.109	1.068	0.957	0.943	0.900	0.857	0.872	0.952	0.873	1.105	1.101	1.189	1.097	1.134	0.928	1.034	0.956	0.818	0.871	0.922	1.075	1.137	0.893	1.066	0.942	1.060	1.137	0.913	0.916	0.864	0.850	0.917	1.103	0.931	0.943	1.132	1.011	0.989	1.007	1.000	0.959	0.902	0.847	0.900	0.878	0.931	1.058	0.985	1.043	0.936	0.045	0.944	0.900	0.860	0.884	0.891	0.949	0.907	0.994	1.059	0.909	0.937	0.935	0.923	0.926	0.400	0.817	0.838	0.839	0.888	0.888	0.870	0.867	0.890	0.901	0.891	0.845	0.829
51:00:49	24.9	0.832	1.124	0.855	0.891	0.856	0.854	0.842	0.885	0.877	0.865	0.882	0.819	0.848	0.914	0.901	0.978	0.905	0.904	1.094	1.083	0.940	0.951	0.898	0.868	0.860	0.951	0.889	1.101	1.089	1.181	1.063	1.100	0.932	1.015	0.952	0.823	0.881	0.912	1.013	1.132	0.895	1.044	0.947	1.012	1.122	0.914	0.920	0.867	0.855	0.917	1.074	0.914	0.929	1.127	0.969	0.954	0.991	0.984	0.942	0.910	0.844	0.893	0.842	0.943	1.033	0.966	1.024	0.929	0.045	0.946	0.912	0.862	0.924	0.914	0.968	0.915	0.983	1.044	0.907	0.944	0.934	0.929	0.921	0.402	0.831	0.843	0.844	0.896	0.886	0.878	0.872	0.892	0.907	0.900	0.849	0.832
52:00:50	24.9	0.858	1.118	0.883	0.899	0.880	0.864	0.863	0.900	0.888	0.867	0.877	0.828	0.876	0.944	0.927	1.016	0.918	0.918	1.115	1.078	0.966	0.958	0.902	0.878	0.882	0.955	0.904	1.167	1.094	1.198	1.095	1.132	0.936	1.020	0.975	0.832	0.889	0.922	0.994	1.144	0.902	1.038	0.952	1.048	1.131	0.921	0.926	0.882	0.869	0.934	1.081	0.940	0.947	1.149	0.987	0.992	0.997	0.990	0.950	0.916	0.861	0.901	0.861	0.928	1.015	0.971	1.016	0.942	0.045	0.953	0.914	0.875	0.879	0.907	0.945	0.929	0.968	1.039	0.916	0.951	0.935	0.935	0.929	0.407	0.832	0.851	0.853	0.899	0.896	0.886	0.882	0.900	0.917	0.907	0.861	0.845
53:00:51	25.0	0.855	1.048	0.874	0.906	0.867	0.859	0.853	0.894	0.895	0.887	0.896	0.836	0.866	0.927	0.897	0.985	0.922	0.919	1.071	1.080	0.925	0.967	0.911	0.886	0.874	0.947	0.898	1.080	1.053	1.196	1.032	1.041	0.938	1.000	0.968	0.836	0.893	0.925	0.943	1.158	0.904	1.005	0.961	1.016	1.098	0.919	0.933	0.884	0.871	0.931	1.037	0.922	0.935	1.143	0.971	0.965	0.992	0.984	0.952	0.925	0.854	0.898	0.858	0.932	0.995	0.956	1.000	0.931	0.045	0.961	0.924	0.879	0.915	0.918	0.956	0.944	0.957	1.027	0.915	0.961	0.941	0.942	0.932	0.406	0.848	0.858	0.861	0.908	0.914	0.897	0.886	0.905	0.924	0.915	0.870	0.852
54:00:51	25.1	0.870	1.016	0.891	0.914	0.875	0.873	0.863	0.893	0.901	0.895	0.901	0.846	0.872	0.930	0.906	0.986	0.923	0.926	1.056	1.063	0.941	0.976	0.915	0.894	0.880	0.952	0.901	0.975	1.054	1.194	1.023	1.040	0.946	0.996	0.956	0.845	0.907	0.931	0.958	1.156	0.909	1.005	0.966	1.015	1.085	0.929	0.937	0.895	0.881	0.944	1.030	0.924	0.940	1.135	0.979	0.962	0.999	0.985	0.959	0.935	0.863	0.897	0.861	0.934	0.997	0.954	1.003	0.937	0.045	0.969	0.933	0.885	0.914	0.930	0.959	0.952	0.942	1.037	0.920	0.969	0.945	0.948	0.939	0.408	0.858	0.864	0.868	0.915	0.903	0.907	0.895	0.911	0.933	0.924	0.880	0.861
55:00:52	25.2	0.872	1.047	0.905	0.924	0.885	0.884	0.869	0.903	0.909	0.903	0.909	0.851	0.882	0.926	0.910	0.998	0.925	0.930	1.047	1.076	0.939	0.983	0.918	0.901	0.886	0.963	0.894	1.009	1.063	1.179	1.008	1.023	0.946	0.996	0.953	0.851	0.913	0.940	0.949	1.150	0.915	0.993	0.973	1.009	1.077	0.933	0.940	0.902	0.891	0.947	1.024	0.930	0.944	1.127	0.982	0.959	1.001	0.986	0.963	0.946	0.870	0.905	0.884	0.934	1.000	0.948	0.998	0.940	0.045	0.979	0.941	0.891	0.917	0.936	0.964	0.960	0.942	1.000	0.924	0.974	0.949	0.955	0.949	0.408	0.866	0.874	0.878	0.923	0.909	0.917	0.904	0.919	0.942	0.933	0.887	0.867
56:00:53	25.2	0.878	0.937	0.909	0.931	0.886	0.891	0.877	0.905	0.916	0.909	0.922	0.859	0.886	0.934	0.915	0.997	0.931	0.938	1.035	1.054	0.937	0.990	0.926	0.908	0.902	0.937	0.836	1.003	0.990	1.167	1.007	1.014	0.951	0.992	0.955	0.858	0.919	0.948	0.955	1.140	0.920	0.983	0.980	1.013	1.076	0.936	0.947	0.913	0.900	0.957	1.012	0.931	0.946	1.122	0.982	0.956	1.002	0.988	0.972	0.957	0.877	0.909	0.880	0.939	1.003	0.936	0.989	0.944	0.045	0.986	0.941	0.897	0.929	0.944	0.963	0.964	0.948	1.000	0.927	0.980	0.952	0.962	0.958	0.404	0.877	0.882	0.888	0.932	0.919	0.924	0.914	0.925	0.949	0.941	0.893	0.873
57:00:54	25.4	0.886	0.934	0.923	0.940	0.897	0.898	0.879	0.911	0.925	0.916	0.926	0.863	0.891	0.930	0.915	0.984	0.940	0.945	1.027	1.005	0.935	0.995	0.934	0.912	0.909	0.934	0.816	0.999	1.009	1.180	0.998	1.004	0.955	0.997	0.957	0.865	0.929	0.951	0.941	1.139	0.927	0.984	0.986	1.008	1.075	0.944	0.952	0.916	0.909	0.967	1.007	0.932	0.949	1.108	0.984	0.962	1.006	0.988	0.978	0.964	0.888	0.916	0.885	0.942	1.005	0.933	0.991	0.949	0.045	0.992	0.951	0.904	0.925	0.960	0.971	0.975	0.953	0.997	0.932	0.983	0.957	0.970	0.965	0.403	0.885	0.890	0.897	0.942	0.924	0.931	0.922	0.933	0.957	0.948	0.900	0.880
58:00:55	25.5	0.892	0.920	0.943	0.949	0.912	0.904	0.889	0.923	0.931	0.918	0.932	0.864	0.905	0.938	0.922	0.988	0.949	0.950	1.029	1.014	0.939	1.003	0.941	0.915	0.909	0.938	0.823	0.995	1.002	1.181	0.999	1.010	0.959	0.981	0.958	0.872	0.944	0.960	0.955	1.159	0.938	0.978	0.992	1.000	1.094	0.949	0.959	0.922	0.920	0.972	1.004	0.939	0.952	1.080	0.991	0.960	1.013	0.992	0.985	0.969	0.901	0.945	0.892	0.945	1.005	0.938	0.996	0.956	0.045	0.997	0.956	0.906	0.921	0.963	0.959	0.964	0.935	0.986	0.941	0.989	0.964	0.975	0.970	0.404	0.890	0.899	0.905	0.953	0.933	0.939	0.928	0.940	0.963	0.954	0.903	0.884
59:00:55	25.5	0.894	0.907	0.951	0.955	0.916	0.910	0.892	0.931	0.938	0.923	0.941	0.869	0.911	0.943	0.929	0.985	0.956	0.958	1.019	1.010	0.944	1.010	0.950	0.921	0.926	0.942	0.832	0.983	0.975	1.187	1.002	1.021	0.968	0.987	0.966	0.880	0.950	0.964	0.953	1.149	0.944	0.978	1.001	1.010	1.045	0.953	0.963	0.927	0.931	0.977	1.002	0.937	0.956	1.092	0.996	0.970	1.017	0.996	0.993	0.974	0.908	0.937	0.901	0.949	1.012	0.934	0.988	0.963	0.045	1.002	0.966	0.910	0.952	0.967	0.972	0.973	0.940	0.990	0.947	0.993	0.971	0.984	0.978	0.398	0.895	0.908	0.914	0.959	0.939	0.945	0.939	0.946	0.968	0.959	0.908	0.888
60:00:57	25.5	0.897	0.917	0.958	0.962	0.919	0.916	0.892	0.934	0.942	0.927	0.948	0.873	0.916	0.943	0.931	0.978	0.959	0.962	1.033	1.027	0.946	1.016	0.954	0.925	0.934	0.942	0.823	0.990	1.000	1.065	1.005	1.020	0.970	0.989	0.971	0.885	0.961	0.973	0.982	1.122	0.948	0.983	1.007	1.002	1.037	0.963	0.969	0.931	0.938	0.988	1.030	0.945	0.963	1.058	1.006	0.972	1.024	1.004	1.000	0.978	0.912	0.942	0.909	0.954	1.008	0.957	0.989	0.971	0.044	1.006	0.970	0.914	0.938	0.974	0.974	0.977	0.951	0.990	0.954	0.999	0.982	0.989	0.984	0.394	0.900	0.918	0.919	0.966	0.947	0.950	0.944	0.952	0.972	0.962	0.911	0.892
61:00:57	25.7	0.902	0.920	0.964	0.971	0.928	0.925	0.899	0.941	0.948	0.928	0.954	0.879	0.925	0.944	0.933	0.978	0.964	0.966	1.023	1.022	0.951	1.020	0.959	0.928	0.938	0.948	0.820	0.987	0.990	1.009	0.997	1.033	0.976	0.992	0.975	0.889	0.964	0.987	0.957	1.119	0.953	0.978	1.013	1.008	1.041	0.969	0.974	0.936	0.942	0.998	1.003	0.952	0.966	1.061	1.010	0.983	1.030	1.011	1.011	0.981	0.916	0.946	0.917	0.961	0.984	0.961	0.990	0.974	0.045	1.010	0.976	0.917	0.960	0.978	0.979	0.995	0.945	0.994	0.957	1.000	0.981	0.993	0.989	0.385	0.903	0.926	0.925	0.973	0.955	0.955	0.949	0.957	0.976	0.966	0.915	0.894
62:00:59	26.1	0.902	0.932	0.963	0.980	0.944	0.943	0.932	0.956	0.951	0.930	0.959	0.873	0.950	0.964	0.958	0.982	0.977	0.981	1.035	1.011	0.965	1.021	0.961	0.928	0.933	0.962	0.843	1.003	1.002	1.032	1.000	1.020	0.972	1.006	0.979	0.894	0.968	0.990	0.975	1.103	0.966	1.020	1.015	1.003	1.029	0.992	0.978	0.942	0.952	1.007	1.018	0.976	0.988	1.058	1.026	1.007	1.041	1.012	1.012	0.984	0.939	0.959	0.931	0.960	0.987	0.964	1.008	0.986	0.045	1.014	0.978	0.923	0.940	0.989	0.974	0.990	0.963	0.998	0.962	1.003	0.983	0.999	0.993	0.379	0.900	0.934	0.931	0.982	0.963	0.953	0.957	0.962	0.979	0.969	0.919	0.895
63:01:00	26.5	0.904	0.924	0.971	0.976	0.945	0.928	0.917	0.957	0.958	0.933	0.963	0.882	0.946	0.960	0.947	0.977	0.978	0.977	1.012	1.010	0.959	1.026	0.971	0.934	0.931	0.963	0.835	0.986	0.987	1.004	0.998	1.010	0.981	1.005	0.982	0.895	0.974	0.998	0.978	1.107	0.964	1.004	1.025	0.999	1.027	0.979	0.982	0.942	0.949	1.012	1.008	0.967	0.970	1.075	1.016	0.993	1.043	1.014	1.018	0.987	0.933	0.958	0.934	0.972	0.992	0.971	0.994	0.994	0.045	1.016	0.987	0.923	0.951	0.989	0.988	1.005	0.959	0.994	0.969	1.006	0.989	1.001	0.994	0.372	0.906	0.938	0.936	0.984	0.970	0.961	0.963	0.968	0.981	0.971	0.922	0.897
64:01:01	27.1	0.908	0.926	0.973	0.982	0.943	0.934	0.917	0.962	0.958	0.935	0.966	0.882	0.948	0.962	0.949	0.979	0.979	0.979	1.012	1.000	0.961	1.030	0.971	0.935	0.933	0.961	0.833	0.977	0.980	1.018	0.993	0.997	0.983	1.002	0.985	0.896	0.978	0.991	0.978	1.065	0.966	0.984	1.028	1.000	1.024	0.983	0.988	0.944	0.953	1.018	1.011	0.969	0.968	1.037	1.018	0.991	1.046	1.018	1.023	0.990	0.935	0.967	0.944	0.976	0.990	0.969	1.003	0.993	0.045	1.019	0.989	0.926	0.954	0.996	0.986	1.009	0.969	1.001	0.973	1.008	0.993	1.004	0.997	0.366	0.908	0.941	0.937	0.988	0.975	0.964	0.966	0.972	0.984	0.974	0.925	0.898
65:01:01	27.8	0.909	0.924	0.976	0.979	0.950	0.936	0.927	0.968	0.966	0.937	0.969	0.881	0.952	0.967	0.958	0.981	0.984	0.982	1.022	1.001	0.968	1.032	0.974	0.935	0.926	0.965	0.835	0.976	0.988	1.034	0.990	0.994	0.986	1.003	0.984	0.897	0.983	1.007	0.977	1.067	0.972	0.998	1.032	0.987	1.025	0.987	0.989	0.945	0.953	1.026	1.017	0.974	0.972	1.045	1.032	0.997	1.050	1.019	1.025	0.992	0.942	0.974	0.944	0.975	0.995	0.973	1.010	0.997	0.045	1.021	0.991	0.925	0.953	1.001	0.993	1.013	0.968	0.998	0.978	1.010	0.997	1.006	1.000	0.356	0.909	0.945	0.941	0.991	0.981	0.965	0.970	0.973	0.985	0.976	0.927	0.896
66:01:01	28.4	0.903	0.925	0.979	0.983	0.950	0.942	0.930	0.970	0.966	0.938	0.971	0.881	0.956	0.970	0.963	0.979	0.986	0.983	0.990	0.998	0.968	1.034	0.974	0.934	0.932	0.969	0.839	0.979	0.981	1.018	0.983	0.988	0.988	1.003	0.990	0.899	0.987	1.002	0.983	1.054	0.975	0.988	1.031	0.990	1.022	0.990	0.991	0.947	0.953	1.028	1.028	0.978	0.975	1.039	1.025	0.995	1.051	1.021	1.028	0.994	0.944	0.978	0.949	0.978	0.997	0.973	1.007	0.999	0.045	1.023	0.992	0.930	0.956	1.003	0.998	1.004	0.969	1.002	0.981	1.010	1.001	1.007	1.002	0.351	0.908	0.948	0.942	0.992	0.985	0.966	0.972	0.973	0.985	0.976	0.928	0.895
67:01:03	29.0	0.903	0.928	0.983	0.983	0.954	0.936	0.936	0.971	0.967	0.936	0.972	0.877	0.961	0.974	0.967	0.984	0.988	0.983	0.991	0.993	0.973	1.034	0.978	0.932	0.929	0.973	0.839	0.974	0.978	1.015	0.984	0.986	0.987	1.004	0.992	0.898	0.986	1.004	0.986	1.055	0.979	0.998	1.033	0.988	1.023	0.993	0.996	0.948	0.950	1.027	1.025	0.981	0.981	1.042	1.029	1.000	1.054	1.021	1.028	0.994	0.948	0.982	0.952	0.980	0.991	0.979	1.017	0.999	0.044	1.028	0.993	0.928	0.957	1.007	0.999	1.012	0.975	1.007	0.983	1.010	1.001	1.007	1.004	0.342	0.906	0.949	0.944	0.994	0.986	0.967	0.971	0.972	0.986	0.977	0.928	0.893
68:01:04	29.5	0.899	0.930	0.983	0.988	0.960	0.949	0.934	0.976	0.970	0.936	0.974	0.878	0.965	0.977	0.970	0.989	0.988	0.985	0.992	0.992	0.979	1.036	0.980	0.938	0.942	0.976	0.846	0.976	0.979	0.999	0.985	0.986	0.990	1.008	0.993	0.899	0.992	1.017	0.990	1.064	0.982	0.998	1.036	0.997	1.025	0.995	0.993	0.947	0.949	1.029	1.024	0.986	0.988	1.045	1.031	1.006	1.060	1.020	1.030	0.994	0.952	0.986	0.952	0.989	1.002	0.980	1.017	1.001	0.044	1.027	0.997	0.928	0.963	1.006	1.017	1.023	0.981	1.011	0.984	1.012	1.002	1.009	1.006	0.338	0.905	0.949	0.945	0.996	0.989	0.966	0.972	0.970	0.984	0.975	0.928	0.892
69:01:05	30.0	0.896	0.928	0.987	1.000	0.960	0.937	0.936	0.976	0.961	0.934	0.973	0.871	0.967	0.978	0.972	0.987	0.990	0.983	0.994	0.996	0.976	1.034	0.978	0.933	0.938	0.976	0.845	0.981	0.981	0.990	0.981	0.985	0.992	1.008	0.993	0.897	0.989	1.007	0.993	1.061	0.983	0.997	1.035	0.998	1.025	0.995	0.995	0.946	0.945	1.030	1.023	0.992	0.987	1.052	1.032	1.002	1.057	1.030	1.035	0.994	0.956	0.988	0.953	0.987	0.995	0.983	1.017	1.000	0.044	1.026	0.995	0.928	0.958	1.006	1.022	1.011	0.987	1.012	0.983	1.012	1.002	1.009	1.005	0.328	0.900	0.949	0.944	0.997	0.989	0.963	0.970	0.967	0.982	0.974	0.926	0.888
70:01:06	30.4	0.893	0.925	0.989	0.994	0.956	0.945	0.933	0.975	0.957	0.932	0.971	0.869	0.969	0.981	0.974	0.988	0.988	0.982	0.991	0.994	0.974	1.033	0.979	0.938	0.931	0.977	0.839	0.978	0.979	0.985	0.982	0.985	0.986	1.010	0.993	0.894	0.988	1.009	0.995	1.056	0.982	0.995	1.037	0.997	1.026	0.995	0.994	0.945	0.939	1.030	1.030	0.984	1.002	1.051	1.038	0.998	1.056	1.019	1.028	0.992	0.957	0.986	0.954	0.988	1.006	0.986	1.017	0.999	0.045	1.025	0.996	0.928	0.959	1.007	1.005	1.018	0.982	1.013	0.984	1.010	1.001	1.009	1.006	0.326	0.894	0.948	0.943	0.996	0.990	0.963	0.968	0.964	0.981	0.972	0.924	0.887
71:01:07	30.5	0.885	0.924	0.994	1.009	0.960	0.936	0.930	0.975	0.956	0.927	0.969	0.859	0.970	0.991	0.976	0.993	0.990	0.986	0.993	0.994	0.975	1.034	0.978	0.931	0.934	0.980	0.840	0.975	0.979	0.981	0.980	0.986	0.992	1.010	0.993	0.891	0.988	1.006	0.995	1.067	0.979	0.997	1.037	0.995	1.027	0.997	0.998	0.943	0.937	1.030	1.018	0.983	0.987	1.050	1.042	0.994	1.053	1.018	1.031	0.987	0.958	0.985	0.953	0.990	1.007	0.986	1.022	1.000	0.045	1.034	0.999	0.924	0.961	1.005	1.015	1.021	0.982	1.017	0.985	1.012	1.003	1.009	1.006	0.318	0.889	0.945	0.940	0.995	0.989	0.965	0.967	0.963	0.978	0.971	0.922	0.881
72:01:08	30.5	0.881	0.922	0.980	0.998	0.951	0.938	0.925	0.965	0.950	0.921	0.958	0.851	0.967	0.991	0.973	0.990	0.989	0.981	0.993	0.998	0.975	1.029	0.975	0.925	0.928	0.978	0.840	0.980	0.981	0.984	0.975	0.984	0.983	1.011	0.992	0.886	0.983	1.009	0.992	1.059	0.983	1.002	1.031	0.993	1.021	0.994	0.996	0.938	0.929	1.027	1.039	0.984	0.987	1.053	1.031	0.992	1.074	1.018	1.025	0.984	0.954	0.989	0.954	0.991	1.002	0.979	1.018	0.996	0.044	1.025	0.990	0.921	0.957	1.003	1.005	1.005	0.981	1.017	0.984	1.008	0.998	1.005	1.004	0.312	0.879	0.939	0.938	0.992	0.987	0.956	0.962	0.956	0.974	0.968	0.917	0.873

