Time	T° 600	A1	A2	A3	A4	A5	A6	A7	A8	A9	A10	A11	A12	B1	B2	B3	B4	B5	B6	B7	B8	B9	B10	B11	B12	C1	C2	C3	C4	C5	C6	C7	C8	C9	C10	C11	C12	D1	D2	D3	D4	D5	D6	D7	D8	D9	D10	D11	D12	E1	E2	E3	E4	E5	E6	E7	E8	E9	E10	E11	E12	F1	F2	F3	F4	F5	F6	F7	F8	F9	F10	F11	F12	G1	G2	G3	G4	G5	G6	G7	G8	G9	G10	G11	G12	H1	H2	H3	H4	H5	H6	H7	H8	H9	H10	H11	H12
0:00:06	25.0	0.044	0.044	0.046	0.048	0.044	0.045	0.044	0.044	0.045	0.046	0.046	0.046	0.044	0.043	0.044	0.047	0.046	0.045	0.044	0.045	0.046	0.047	0.047	0.047	0.044	0.044	0.044	0.045	0.044	0.061	0.045	0.045	0.045	0.047	0.047	0.047	0.044	0.043	0.044	0.046	0.044	0.046	0.046	0.046	0.044	0.046	0.045	0.046	0.044	0.046	0.044	0.049	0.046	0.045	0.045	0.044	0.044	0.044	0.050	0.045	0.044	0.046	0.046	0.045	0.046	0.044	0.045	0.044	0.044	0.044	0.044	0.044	0.045	0.047	0.046	0.047	0.045	0.044	0.044	0.046	0.046	0.044	0.045	0.044	0.044	0.047	0.045	0.047	0.044	0.044	0.047	0.046	0.046	0.047	0.045	0.044
1:00:03	24.9	0.044	0.044	0.046	0.048	0.045	0.045	0.044	0.044	0.045	0.047	0.047	0.046	0.045	0.043	0.045	0.048	0.046	0.046	0.045	0.045	0.046	0.048	0.047	0.047	0.044	0.044	0.044	0.046	0.044	0.072	0.045	0.046	0.046	0.048	0.047	0.047	0.044	0.044	0.044	0.046	0.044	0.047	0.046	0.046	0.044	0.047	0.046	0.046	0.045	0.046	0.044	0.049	0.047	0.045	0.046	0.044	0.044	0.045	0.048	0.045	0.044	0.046	0.046	0.046	0.046	0.045	0.045	0.045	0.045	0.044	0.044	0.044	0.046	0.047	0.047	0.047	0.045	0.044	0.045	0.046	0.047	0.045	0.046	0.045	0.045	0.051	0.045	0.048	0.044	0.045	0.047	0.046	0.046	0.048	0.045	0.045
2:00:05	24.6	0.045	0.044	0.047	0.049	0.046	0.046	0.045	0.045	0.046	0.047	0.047	0.047	0.045	0.044	0.045	0.049	0.047	0.047	0.045	0.046	0.047	0.049	0.048	0.048	0.045	0.044	0.045	0.047	0.045	0.073	0.046	0.047	0.046	0.048	0.048	0.048	0.044	0.044	0.045	0.047	0.045	0.048	0.047	0.047	0.045	0.047	0.047	0.047	0.045	0.047	0.045	0.050	0.047	0.046	0.047	0.045	0.046	0.046	0.046	0.046	0.045	0.047	0.047	0.047	0.047	0.045	0.046	0.046	0.045	0.045	0.046	0.046	0.046	0.048	0.047	0.048	0.046	0.045	0.045	0.047	0.048	0.045	0.047	0.046	0.046	0.054	0.046	0.049	0.045	0.045	0.048	0.047	0.047	0.049	0.046	0.046
3:00:06	24.6	0.046	0.045	0.049	0.050	0.047	0.047	0.046	0.046	0.046	0.048	0.048	0.048	0.047	0.046	0.046	0.050	0.048	0.047	0.046	0.047	0.048	0.050	0.049	0.050	0.045	0.045	0.045	0.048	0.045	0.072	0.047	0.048	0.048	0.049	0.049	0.050	0.046	0.045	0.046	0.048	0.046	0.049	0.048	0.048	0.047	0.049	0.049	0.048	0.046	0.048	0.046	0.052	0.048	0.047	0.048	0.047	0.047	0.048	0.048	0.048	0.047	0.049	0.048	0.048	0.048	0.047	0.047	0.048	0.046	0.047	0.047	0.048	0.048	0.049	0.048	0.049	0.047	0.047	0.047	0.048	0.049	0.047	0.049	0.048	0.048	0.054	0.047	0.049	0.046	0.047	0.049	0.049	0.049	0.050	0.048	0.048
4:00:07	24.6	0.049	0.048	0.050	0.050	0.048	0.049	0.048	0.047	0.046	0.050	0.050	0.049	0.048	0.047	0.048	0.051	0.049	0.049	0.047	0.049	0.050	0.051	0.052	0.052	0.047	0.047	0.047	0.049	0.046	0.067	0.047	0.049	0.049	0.051	0.049	0.052	0.048	0.048	0.047	0.049	0.048	0.051	0.049	0.048	0.049	0.051	0.051	0.051	0.048	0.050	0.048	0.052	0.050	0.049	0.050	0.049	0.049	0.050	0.050	0.050	0.049	0.051	0.050	0.049	0.049	0.048	0.049	0.049	0.048	0.050	0.050	0.050	0.049	0.050	0.049	0.050	0.048	0.049	0.048	0.049	0.051	0.049	0.051	0.049	0.049	0.055	0.048	0.049	0.047	0.048	0.050	0.051	0.050	0.052	0.051	0.050
5:00:08	24.8	0.052	0.052	0.054	0.052	0.051	0.053	0.051	0.050	0.047	0.054	0.053	0.050	0.051	0.051	0.051	0.051	0.052	0.053	0.049	0.052	0.053	0.054	0.055	0.055	0.050	0.050	0.049	0.050	0.047	0.071	0.049	0.050	0.051	0.055	0.051	0.053	0.051	0.052	0.048	0.050	0.052	0.055	0.052	0.049	0.055	0.056	0.055	0.053	0.052	0.053	0.050	0.053	0.052	0.053	0.053	0.052	0.051	0.054	0.054	0.055	0.052	0.053	0.052	0.050	0.051	0.050	0.051	0.054	0.051	0.054	0.054	0.054	0.053	0.053	0.052	0.051	0.050	0.052	0.051	0.049	0.055	0.053	0.055	0.051	0.051	0.057	0.050	0.049	0.048	0.051	0.052	0.053	0.051	0.055	0.052	0.051
6:00:09	24.9	0.058	0.059	0.059	0.056	0.056	0.060	0.055	0.055	0.047	0.060	0.056	0.054	0.055	0.059	0.056	0.054	0.058	0.058	0.054	0.058	0.059	0.055	0.060	0.058	0.055	0.055	0.053	0.053	0.048	0.074	0.054	0.054	0.054	0.062	0.054	0.058	0.056	0.060	0.051	0.054	0.058	0.063	0.057	0.051	0.063	0.064	0.059	0.059	0.057	0.059	0.056	0.056	0.057	0.060	0.059	0.059	0.057	0.062	0.063	0.061	0.059	0.059	0.057	0.052	0.055	0.050	0.056	0.060	0.057	0.062	0.060	0.058	0.057	0.056	0.056	0.054	0.054	0.058	0.056	0.050	0.061	0.059	0.064	0.056	0.056	0.061	0.053	0.049	0.051	0.057	0.057	0.057	0.053	0.059	0.057	0.053
7:00:09	24.9	0.071	0.073	0.070	0.062	0.066	0.072	0.064	0.060	0.047	0.071	0.064	0.057	0.063	0.073	0.064	0.061	0.068	0.069	0.064	0.070	0.072	0.063	0.068	0.066	0.065	0.066	0.060	0.059	0.049	0.084	0.057	0.056	0.061	0.075	0.061	0.069	0.068	0.075	0.056	0.061	0.072	0.077	0.065	0.056	0.079	0.081	0.073	0.070	0.070	0.072	0.068	0.062	0.065	0.073	0.070	0.073	0.065	0.079	0.068	0.074	0.072	0.067	0.067	0.059	0.060	0.055	0.067	0.071	0.067	0.079	0.074	0.069	0.066	0.066	0.064	0.063	0.063	0.073	0.067	0.050	0.075	0.074	0.081	0.063	0.065	0.068	0.059	0.050	0.055	0.070	0.065	0.065	0.060	0.069	0.065	0.060
8:00:10	24.8	0.096	0.096	0.087	0.077	0.085	0.097	0.084	0.080	0.048	0.088	0.080	0.068	0.080	0.096	0.084	0.078	0.088	0.093	0.083	0.094	0.089	0.083	0.087	0.084	0.086	0.087	0.069	0.075	0.055	0.102	0.068	0.068	0.078	0.103	0.072	0.082	0.089	0.103	0.070	0.076	0.079	0.106	0.084	0.069	0.111	0.111	0.092	0.079	0.092	0.098	0.090	0.077	0.080	0.100	0.093	0.098	0.086	0.105	0.092	0.100	0.099	0.086	0.084	0.073	0.077	0.069	0.088	0.097	0.090	0.104	0.096	0.095	0.081	0.085	0.083	0.078	0.082	0.101	0.081	0.051	0.095	0.102	0.113	0.081	0.079	0.086	0.071	0.051	0.066	0.086	0.085	0.083	0.076	0.087	0.086	0.077
9:00:11	24.6	0.117	0.114	0.119	0.103	0.116	0.135	0.109	0.115	0.051	0.114	0.109	0.087	0.107	0.126	0.115	0.103	0.111	0.125	0.113	0.121	0.117	0.111	0.119	0.112	0.120	0.122	0.091	0.101	0.063	0.134	0.090	0.094	0.100	0.143	0.091	0.111	0.119	0.143	0.092	0.101	0.108	0.144	0.105	0.088	0.148	0.147	0.127	0.112	0.122	0.135	0.114	0.103	0.105	0.136	0.118	0.131	0.118	0.134	0.125	0.120	0.135	0.120	0.109	0.097	0.104	0.092	0.117	0.129	0.120	0.134	0.119	0.123	0.107	0.119	0.107	0.102	0.111	0.132	0.111	0.051	0.129	0.140	0.144	0.105	0.109	0.115	0.094	0.057	0.080	0.114	0.109	0.118	0.100	0.116	0.117	0.104
10:00:11	24.4	0.152	0.150	0.154	0.134	0.150	0.175	0.142	0.154	0.056	0.153	0.144	0.115	0.134	0.160	0.149	0.132	0.141	0.162	0.144	0.142	0.151	0.140	0.158	0.144	0.155	0.155	0.119	0.128	0.080	0.168	0.116	0.123	0.130	0.183	0.119	0.146	0.145	0.183	0.109	0.129	0.137	0.184	0.133	0.111	0.186	0.183	0.165	0.148	0.166	0.172	0.147	0.130	0.127	0.173	0.151	0.153	0.140	0.165	0.157	0.148	0.168	0.153	0.138	0.126	0.136	0.119	0.131	0.172	0.150	0.162	0.153	0.162	0.141	0.151	0.136	0.128	0.144	0.168	0.147	0.050	0.165	0.180	0.161	0.136	0.134	0.145	0.127	0.069	0.105	0.148	0.140	0.153	0.133	0.145	0.148	0.136
11:00:13	24.3	0.179	0.200	0.200	0.176	0.196	0.225	0.184	0.205	0.066	0.209	0.190	0.147	0.172	0.211	0.194	0.170	0.190	0.211	0.184	0.188	0.198	0.184	0.205	0.182	0.204	0.193	0.148	0.168	0.102	0.218	0.148	0.152	0.156	0.240	0.150	0.188	0.193	0.238	0.143	0.167	0.184	0.235	0.169	0.145	0.206	0.235	0.222	0.200	0.208	0.223	0.196	0.171	0.169	0.225	0.204	0.209	0.182	0.211	0.202	0.199	0.206	0.203	0.187	0.169	0.173	0.157	0.177	0.225	0.191	0.217	0.206	0.192	0.182	0.197	0.184	0.171	0.188	0.222	0.198	0.051	0.223	0.235	0.214	0.176	0.172	0.188	0.164	0.091	0.138	0.202	0.174	0.196	0.181	0.184	0.183	0.175
12:00:13	24.2	0.231	0.264	0.253	0.222	0.254	0.274	0.236	0.246	0.086	0.260	0.247	0.183	0.217	0.252	0.236	0.217	0.240	0.267	0.230	0.233	0.239	0.221	0.236	0.232	0.250	0.240	0.184	0.217	0.125	0.272	0.179	0.180	0.191	0.291	0.188	0.235	0.248	0.292	0.190	0.215	0.231	0.287	0.202	0.186	0.265	0.295	0.275	0.249	0.262	0.276	0.235	0.224	0.212	0.270	0.267	0.249	0.230	0.251	0.235	0.236	0.269	0.254	0.231	0.216	0.212	0.201	0.231	0.266	0.248	0.279	0.250	0.248	0.245	0.262	0.243	0.220	0.236	0.270	0.248	0.051	0.253	0.295	0.273	0.219	0.207	0.245	0.220	0.118	0.179	0.266	0.219	0.236	0.237	0.226	0.223	0.212
13:00:15	24.2	0.273	0.315	0.297	0.261	0.288	0.352	0.281	0.287	0.112	0.328	0.285	0.216	0.259	0.319	0.281	0.268	0.282	0.325	0.288	0.278	0.293	0.259	0.278	0.272	0.315	0.306	0.229	0.265	0.156	0.329	0.214	0.222	0.232	0.349	0.229	0.283	0.303	0.352	0.226	0.263	0.286	0.357	0.243	0.229	0.333	0.366	0.342	0.301	0.319	0.337	0.281	0.276	0.260	0.341	0.327	0.318	0.264	0.313	0.286	0.288	0.339	0.315	0.304	0.266	0.255	0.250	0.296	0.343	0.320	0.349	0.313	0.302	0.308	0.334	0.290	0.277	0.299	0.333	0.290	0.051	0.326	0.366	0.337	0.262	0.259	0.287	0.268	0.149	0.229	0.327	0.275	0.292	0.283	0.282	0.284	0.262
14:00:16	24.4	0.281	0.373	0.343	0.306	0.329	0.368	0.310	0.309	0.149	0.376	0.310	0.260	0.283	0.371	0.356	0.314	0.337	0.378	0.338	0.329	0.331	0.302	0.327	0.302	0.367	0.369	0.260	0.318	0.190	0.370	0.254	0.258	0.264	0.393	0.273	0.324	0.361	0.377	0.272	0.317	0.340	0.412	0.283	0.269	0.393	0.394	0.394	0.347	0.372	0.392	0.351	0.322	0.324	0.389	0.382	0.386	0.305	0.369	0.327	0.330	0.392	0.363	0.358	0.314	0.301	0.294	0.358	0.396	0.377	0.403	0.384	0.345	0.358	0.397	0.341	0.324	0.362	0.389	0.344	0.052	0.389	0.408	0.402	0.305	0.297	0.355	0.331	0.189	0.285	0.369	0.313	0.337	0.335	0.321	0.328	0.309
15:00:17	24.7	0.290	0.369	0.383	0.334	0.358	0.409	0.330	0.336	0.192	0.389	0.342	0.304	0.319	0.377	0.386	0.345	0.378	0.405	0.377	0.373	0.356	0.324	0.337	0.341	0.401	0.393	0.297	0.355	0.222	0.396	0.293	0.292	0.303	0.415	0.299	0.339	0.356	0.391	0.314	0.353	0.369	0.437	0.330	0.308	0.426	0.433	0.441	0.369	0.395	0.406	0.391	0.350	0.371	0.404	0.416	0.421	0.335	0.439	0.354	0.360	0.420	0.401	0.377	0.343	0.338	0.329	0.403	0.427	0.416	0.405	0.431	0.384	0.370	0.430	0.387	0.365	0.398	0.417	0.396	0.054	0.451	0.428	0.431	0.340	0.347	0.388	0.352	0.231	0.356	0.405	0.343	0.375	0.361	0.358	0.364	0.326
16:00:16	24.8	0.315	0.382	0.412	0.367	0.386	0.435	0.363	0.349	0.222	0.448	0.381	0.318	0.351	0.418	0.414	0.379	0.396	0.434	0.408	0.393	0.380	0.374	0.380	0.364	0.422	0.414	0.308	0.392	0.252	0.419	0.307	0.321	0.323	0.463	0.323	0.396	0.388	0.432	0.341	0.390	0.391	0.463	0.354	0.327	0.449	0.460	0.473	0.410	0.429	0.423	0.432	0.398	0.411	0.422	0.449	0.454	0.369	0.458	0.400	0.399	0.450	0.452	0.414	0.389	0.369	0.353	0.427	0.448	0.454	0.456	0.458	0.438	0.381	0.460	0.411	0.410	0.434	0.465	0.433	0.058	0.487	0.481	0.482	0.376	0.363	0.410	0.402	0.268	0.404	0.422	0.374	0.398	0.394	0.387	0.394	0.360
17:00:17	24.7	0.337	0.409	0.410	0.402	0.421	0.463	0.394	0.392	0.260	0.476	0.416	0.347	0.383	0.408	0.457	0.413	0.434	0.436	0.435	0.420	0.411	0.395	0.412	0.391	0.445	0.430	0.352	0.425	0.287	0.452	0.342	0.345	0.350	0.487	0.354	0.411	0.414	0.460	0.388	0.424	0.424	0.477	0.384	0.363	0.507	0.514	0.507	0.441	0.474	0.425	0.470	0.433	0.436	0.457	0.473	0.496	0.393	0.465	0.430	0.415	0.459	0.473	0.430	0.416	0.406	0.383	0.472	0.486	0.492	0.506	0.482	0.454	0.393	0.485	0.450	0.443	0.465	0.486	0.462	0.067	0.518	0.522	0.520	0.397	0.388	0.432	0.435	0.301	0.422	0.441	0.393	0.425	0.426	0.407	0.424	0.373
18:00:19	24.8	0.358	0.418	0.449	0.430	0.436	0.483	0.412	0.413	0.282	0.523	0.467	0.373	0.413	0.469	0.481	0.446	0.469	0.470	0.491	0.466	0.449	0.426	0.446	0.433	0.467	0.426	0.392	0.460	0.336	0.469	0.365	0.372	0.387	0.525	0.393	0.454	0.438	0.485	0.405	0.462	0.445	0.492	0.413	0.389	0.507	0.540	0.534	0.500	0.498	0.467	0.499	0.466	0.485	0.489	0.514	0.520	0.429	0.525	0.502	0.457	0.478	0.507	0.472	0.455	0.431	0.416	0.508	0.520	0.532	0.531	0.543	0.497	0.430	0.525	0.475	0.476	0.492	0.513	0.505	0.079	0.565	0.544	0.569	0.443	0.401	0.465	0.489	0.329	0.484	0.493	0.427	0.453	0.455	0.440	0.482	0.413
19:00:20	25.0	0.384	0.441	0.468	0.460	0.464	0.506	0.455	0.418	0.304	0.555	0.490	0.400	0.435	0.498	0.501	0.483	0.486	0.512	0.486	0.493	0.469	0.442	0.455	0.460	0.510	0.465	0.422	0.495	0.370	0.493	0.391	0.391	0.411	0.527	0.422	0.473	0.443	0.522	0.433	0.487	0.485	0.535	0.458	0.418	0.513	0.584	0.573	0.520	0.510	0.483	0.521	0.486	0.521	0.526	0.550	0.553	0.454	0.538	0.485	0.469	0.491	0.523	0.500	0.481	0.463	0.447	0.538	0.572	0.579	0.569	0.588	0.527	0.470	0.544	0.518	0.516	0.547	0.568	0.523	0.091	0.588	0.576	0.594	0.455	0.437	0.495	0.519	0.352	0.516	0.515	0.444	0.475	0.473	0.460	0.491	0.424
20:00:20	25.3	0.403	0.497	0.487	0.489	0.475	0.516	0.461	0.467	0.326	0.594	0.512	0.420	0.458	0.535	0.512	0.509	0.505	0.520	0.543	0.519	0.500	0.475	0.509	0.509	0.521	0.490	0.449	0.522	0.403	0.509	0.412	0.417	0.434	0.567	0.460	0.510	0.457	0.548	0.453	0.526	0.507	0.560	0.470	0.446	0.559	0.577	0.593	0.586	0.544	0.526	0.547	0.527	0.572	0.551	0.583	0.582	0.485	0.585	0.544	0.513	0.529	0.565	0.518	0.515	0.487	0.483	0.578	0.600	0.611	0.590	0.632	0.574	0.484	0.573	0.551	0.549	0.573	0.603	0.560	0.104	0.617	0.611	0.633	0.484	0.451	0.512	0.570	0.382	0.566	0.569	0.479	0.507	0.511	0.494	0.531	0.464
21:00:22	25.5	0.422	0.514	0.497	0.516	0.508	0.519	0.475	0.469	0.356	0.612	0.547	0.440	0.499	0.562	0.532	0.538	0.531	0.557	0.571	0.530	0.520	0.502	0.522	0.521	0.570	0.520	0.481	0.556	0.423	0.569	0.450	0.439	0.465	0.607	0.483	0.527	0.489	0.578	0.477	0.552	0.522	0.596	0.516	0.483	0.606	0.633	0.610	0.570	0.573	0.568	0.567	0.553	0.602	0.573	0.610	0.608	0.509	0.601	0.549	0.518	0.563	0.578	0.550	0.538	0.525	0.508	0.593	0.635	0.634	0.617	0.645	0.590	0.500	0.595	0.582	0.583	0.588	0.605	0.591	0.114	0.643	0.635	0.662	0.510	0.485	0.539	0.572	0.415	0.599	0.579	0.497	0.529	0.516	0.514	0.536	0.475
22:00:23	25.8	0.444	0.550	0.501	0.545	0.514	0.524	0.504	0.490	0.380	0.598	0.580	0.464	0.521	0.592	0.592	0.566	0.547	0.594	0.592	0.539	0.534	0.530	0.529	0.554	0.578	0.533	0.496	0.590	0.448	0.613	0.483	0.470	0.472	0.616	0.499	0.546	0.512	0.632	0.506	0.582	0.535	0.645	0.533	0.513	0.653	0.648	0.647	0.590	0.578	0.607	0.587	0.583	0.604	0.625	0.630	0.646	0.539	0.630	0.572	0.541	0.584	0.596	0.545	0.566	0.555	0.534	0.614	0.656	0.648	0.645	0.668	0.602	0.523	0.635	0.580	0.609	0.607	0.652	0.600	0.121	0.680	0.673	0.678	0.531	0.498	0.571	0.584	0.451	0.624	0.581	0.518	0.561	0.530	0.538	0.559	0.496
23:00:24	25.9	0.464	0.558	0.549	0.573	0.531	0.554	0.538	0.525	0.413	0.604	0.605	0.489	0.543	0.631	0.609	0.596	0.569	0.624	0.628	0.569	0.563	0.546	0.564	0.579	0.608	0.579	0.521	0.613	0.478	0.644	0.514	0.494	0.499	0.660	0.530	0.578	0.521	0.664	0.537	0.608	0.554	0.670	0.565	0.541	0.688	0.698	0.663	0.604	0.617	0.666	0.630	0.612	0.636	0.637	0.663	0.674	0.565	0.641	0.611	0.570	0.609	0.632	0.586	0.597	0.567	0.558	0.647	0.696	0.680	0.673	0.697	0.611	0.549	0.654	0.619	0.641	0.648	0.672	0.639	0.130	0.699	0.703	0.711	0.557	0.511	0.579	0.614	0.488	0.655	0.608	0.547	0.578	0.563	0.568	0.583	0.519
24:00:25	26.0	0.481	0.591	0.583	0.597	0.567	0.584	0.568	0.555	0.449	0.626	0.626	0.513	0.566	0.634	0.640	0.623	0.573	0.654	0.655	0.596	0.579	0.576	0.571	0.612	0.633	0.599	0.550	0.645	0.504	0.648	0.538	0.523	0.521	0.691	0.558	0.603	0.553	0.713	0.563	0.638	0.575	0.706	0.588	0.571	0.718	0.742	0.688	0.631	0.625	0.698	0.659	0.638	0.669	0.683	0.703	0.697	0.601	0.659	0.635	0.595	0.626	0.649	0.605	0.624	0.598	0.588	0.685	0.726	0.712	0.718	0.719	0.641	0.574	0.706	0.654	0.665	0.674	0.706	0.658	0.138	0.729	0.721	0.731	0.580	0.526	0.615	0.621	0.524	0.688	0.644	0.573	0.596	0.596	0.592	0.598	0.543
25:00:26	25.8	0.504	0.612	0.596	0.621	0.590	0.598	0.572	0.580	0.484	0.661	0.644	0.544	0.584	0.674	0.674	0.650	0.616	0.693	0.700	0.627	0.605	0.606	0.592	0.621	0.644	0.629	0.574	0.669	0.539	0.694	0.564	0.552	0.553	0.725	0.596	0.613	0.577	0.739	0.592	0.664	0.623	0.731	0.608	0.599	0.763	0.783	0.709	0.657	0.651	0.745	0.692	0.662	0.703	0.723	0.729	0.737	0.617	0.687	0.640	0.609	0.647	0.683	0.655	0.645	0.638	0.605	0.724	0.756	0.721	0.750	0.735	0.656	0.598	0.725	0.693	0.692	0.724	0.749	0.676	0.149	0.766	0.767	0.755	0.602	0.544	0.628	0.648	0.552	0.719	0.659	0.593	0.617	0.597	0.617	0.620	0.560
26:00:26	25.5	0.528	0.634	0.582	0.640	0.613	0.624	0.586	0.619	0.513	0.688	0.670	0.591	0.602	0.714	0.698	0.673	0.645	0.725	0.741	0.652	0.640	0.639	0.634	0.695	0.649	0.656	0.609	0.691	0.581	0.732	0.579	0.586	0.573	0.765	0.626	0.655	0.611	0.760	0.616	0.696	0.663	0.769	0.618	0.639	0.781	0.817	0.748	0.702	0.678	0.757	0.720	0.690	0.751	0.761	0.775	0.787	0.643	0.733	0.680	0.655	0.667	0.714	0.696	0.672	0.652	0.638	0.767	0.793	0.782	0.782	0.783	0.697	0.621	0.767	0.728	0.717	0.761	0.780	0.703	0.164	0.820	0.791	0.792	0.634	0.578	0.672	0.671	0.577	0.762	0.676	0.623	0.650	0.636	0.652	0.655	0.586
27:00:27	25.3	0.546	0.639	0.602	0.658	0.634	0.641	0.613	0.640	0.545	0.709	0.694	0.599	0.625	0.748	0.717	0.694	0.674	0.753	0.774	0.670	0.658	0.662	0.661	0.698	0.670	0.671	0.631	0.710	0.604	0.755	0.621	0.608	0.600	0.793	0.655	0.682	0.619	0.798	0.642	0.717	0.683	0.805	0.643	0.665	0.826	0.843	0.775	0.728	0.696	0.793	0.757	0.708	0.787	0.783	0.790	0.806	0.667	0.753	0.710	0.669	0.680	0.729	0.707	0.689	0.686	0.662	0.784	0.823	0.805	0.811	0.827	0.714	0.641	0.800	0.755	0.727	0.794	0.802	0.737	0.178	0.840	0.821	0.809	0.653	0.595	0.689	0.684	0.596	0.788	0.688	0.638	0.665	0.647	0.667	0.664	0.602
28:00:28	24.9	0.580	0.637	0.636	0.665	0.661	0.640	0.645	0.634	0.570	0.700	0.693	0.603	0.650	0.767	0.748	0.712	0.704	0.768	0.819	0.706	0.674	0.679	0.663	0.679	0.700	0.692	0.655	0.722	0.620	0.774	0.640	0.622	0.613	0.808	0.665	0.706	0.630	0.835	0.664	0.723	0.708	0.833	0.687	0.671	0.844	0.872	0.772	0.732	0.707	0.819	0.748	0.716	0.810	0.806	0.823	0.827	0.683	0.757	0.701	0.666	0.708	0.735	0.739	0.699	0.735	0.698	0.801	0.844	0.822	0.831	0.828	0.707	0.665	0.807	0.773	0.743	0.820	0.839	0.743	0.204	0.870	0.854	0.821	0.659	0.590	0.682	0.692	0.614	0.800	0.708	0.651	0.678	0.663	0.678	0.664	0.606
29:00:28	24.7	0.575	0.662	0.640	0.685	0.663	0.671	0.647	0.678	0.593	0.765	0.726	0.639	0.658	0.778	0.754	0.729	0.730	0.787	0.844	0.727	0.698	0.695	0.702	0.704	0.738	0.713	0.679	0.744	0.671	0.809	0.650	0.653	0.640	0.850	0.702	0.717	0.662	0.857	0.678	0.757	0.729	0.872	0.680	0.706	0.890	0.906	0.804	0.756	0.728	0.874	0.787	0.742	0.852	0.841	0.844	0.861	0.706	0.793	0.741	0.693	0.723	0.757	0.740	0.722	0.705	0.701	0.835	0.881	0.853	0.866	0.868	0.720	0.661	0.840	0.802	0.757	0.859	0.858	0.746	0.227	0.898	0.898	0.855	0.671	0.612	0.714	0.702	0.632	0.835	0.702	0.675	0.694	0.674	0.696	0.680	0.621
30:00:30	24.8	0.590	0.665	0.647	0.697	0.675	0.689	0.661	0.692	0.612	0.750	0.738	0.648	0.671	0.790	0.759	0.747	0.706	0.791	0.864	0.730	0.706	0.712	0.714	0.714	0.709	0.731	0.700	0.758	0.700	0.847	0.669	0.670	0.662	0.891	0.722	0.727	0.666	0.895	0.693	0.770	0.728	0.904	0.697	0.722	0.913	0.932	0.819	0.761	0.733	0.905	0.824	0.755	0.881	0.873	0.869	0.868	0.721	0.805	0.749	0.706	0.736	0.760	0.757	0.736	0.723	0.710	0.848	0.907	0.877	0.891	0.887	0.734	0.669	0.849	0.819	0.770	0.871	0.873	0.746	0.227	0.911	0.917	0.852	0.687	0.623	0.739	0.704	0.644	0.848	0.703	0.690	0.713	0.686	0.710	0.689	0.631
31:00:30	24.9	0.602	0.689	0.655	0.712	0.685	0.703	0.678	0.713	0.627	0.790	0.745	0.670	0.680	0.804	0.753	0.761	0.717	0.805	0.871	0.733	0.731	0.724	0.733	0.721	0.714	0.745	0.714	0.773	0.720	0.873	0.682	0.686	0.687	0.924	0.736	0.737	0.676	0.831	0.707	0.784	0.736	0.931	0.710	0.737	0.930	0.946	0.829	0.774	0.754	0.929	0.805	0.770	0.890	0.910	0.897	0.888	0.735	0.814	0.762	0.717	0.764	0.751	0.768	0.753	0.741	0.729	0.861	0.923	0.887	0.914	0.885	0.740	0.667	0.864	0.809	0.783	0.859	0.878	0.745	0.238	0.928	0.933	0.860	0.691	0.625	0.744	0.702	0.653	0.858	0.707	0.703	0.716	0.695	0.722	0.699	0.642
32:00:32	25.0	0.621	0.688	0.670	0.724	0.691	0.706	0.687	0.727	0.640	0.774	0.754	0.680	0.692	0.835	0.775	0.773	0.722	0.841	0.870	0.742	0.732	0.737	0.741	0.735	0.720	0.752	0.730	0.786	0.720	0.897	0.700	0.718	0.703	0.947	0.750	0.747	0.685	0.842	0.720	0.797	0.738	0.925	0.727	0.754	0.940	0.967	0.836	0.777	0.782	0.947	0.838	0.783	0.912	0.932	0.912	0.885	0.747	0.817	0.771	0.726	0.788	0.761	0.772	0.763	0.750	0.737	0.878	0.931	0.895	0.917	0.891	0.741	0.681	0.858	0.824	0.795	0.886	0.879	0.746	0.268	0.930	0.932	0.859	0.702	0.634	0.758	0.705	0.659	0.860	0.716	0.715	0.726	0.705	0.731	0.707	0.650
33:00:33	25.1	0.630	0.702	0.683	0.735	0.683	0.721	0.701	0.732	0.650	0.802	0.760	0.686	0.699	0.843	0.792	0.786	0.728	0.873	0.882	0.771	0.746	0.749	0.751	0.738	0.728	0.762	0.739	0.797	0.772	0.910	0.715	0.715	0.714	0.950	0.761	0.752	0.707	0.842	0.736	0.807	0.750	0.972	0.742	0.768	0.942	0.980	0.839	0.783	0.793	0.975	0.837	0.795	0.935	0.941	0.946	0.903	0.760	0.826	0.782	0.733	0.800	0.760	0.786	0.774	0.760	0.750	0.890	0.968	0.903	0.931	0.892	0.748	0.688	0.853	0.829	0.805	0.896	0.885	0.754	0.333	0.938	0.937	0.840	0.711	0.644	0.764	0.712	0.664	0.848	0.712	0.725	0.735	0.714	0.743	0.717	0.658
34:00:34	25.0	0.638	0.717	0.698	0.748	0.694	0.749	0.715	0.743	0.669	0.802	0.769	0.691	0.710	0.808	0.788	0.799	0.744	0.868	0.892	0.766	0.763	0.760	0.767	0.739	0.736	0.762	0.749	0.810	0.788	0.923	0.726	0.727	0.722	0.982	0.774	0.761	0.697	0.851	0.751	0.819	0.774	0.975	0.751	0.780	0.939	0.989	0.845	0.789	0.792	0.984	0.868	0.806	0.941	0.935	0.947	0.906	0.773	0.830	0.792	0.742	0.823	0.764	0.798	0.785	0.770	0.776	0.902	0.968	0.907	0.938	0.899	0.753	0.702	0.851	0.826	0.812	0.907	0.881	0.763	0.319	0.944	0.932	0.840	0.719	0.651	0.760	0.719	0.665	0.836	0.719	0.736	0.747	0.722	0.753	0.725	0.669
35:00:35	25.0	0.674	0.734	0.714	0.762	0.707	0.727	0.720	0.754	0.682	0.811	0.773	0.699	0.723	0.790	0.800	0.809	0.753	0.891	0.893	0.785	0.769	0.772	0.777	0.743	0.750	0.774	0.758	0.823	0.819	0.930	0.742	0.754	0.728	0.992	0.787	0.769	0.706	0.835	0.766	0.828	0.800	1.010	0.770	0.793	0.946	1.000	0.861	0.792	0.802	1.006	0.868	0.818	0.955	0.976	0.971	0.912	0.786	0.838	0.802	0.751	0.826	0.768	0.816	0.797	0.817	0.775	0.908	0.977	0.915	0.946	0.899	0.759	0.721	0.835	0.838	0.824	0.922	0.870	0.769	0.394	0.940	0.943	0.836	0.729	0.662	0.769	0.727	0.666	0.819	0.729	0.747	0.750	0.729	0.763	0.735	0.674
36:00:35	25.0	0.672	0.754	0.715	0.774	0.725	0.752	0.733	0.758	0.692	0.803	0.782	0.708	0.730	0.797	0.802	0.819	0.760	0.880	0.896	0.789	0.785	0.781	0.787	0.748	0.757	0.772	0.769	0.837	0.828	0.945	0.752	0.764	0.740	1.005	0.800	0.780	0.711	0.821	0.776	0.839	0.809	1.048	0.779	0.804	0.944	1.007	0.866	0.792	0.808	1.006	0.859	0.830	0.958	0.979	0.990	0.910	0.795	0.843	0.808	0.762	0.841	0.771	0.809	0.809	0.800	0.784	0.918	0.971	0.929	0.955	0.902	0.770	0.729	0.835	0.829	0.838	0.925	0.855	0.773	0.483	0.921	0.929	0.836	0.741	0.669	0.767	0.731	0.666	0.818	0.733	0.755	0.756	0.737	0.771	0.741	0.686
37:00:36	25.1	0.744	0.742	0.732	0.783	0.737	0.752	0.741	0.773	0.703	0.796	0.789	0.714	0.738	0.799	0.813	0.833	0.775	0.891	0.896	0.801	0.795	0.793	0.798	0.758	0.767	0.778	0.781	0.849	0.826	0.946	0.766	0.760	0.750	1.020	0.810	0.789	0.744	0.824	0.788	0.850	0.830	1.038	0.793	0.822	0.939	1.011	0.866	0.801	0.815	1.004	0.871	0.842	0.955	1.011	1.004	0.901	0.807	0.853	0.818	0.769	0.828	0.785	0.820	0.820	0.818	0.795	0.910	0.978	0.918	0.952	0.900	0.784	0.748	0.838	0.838	0.848	0.945	0.855	0.785	0.505	0.912	0.923	0.842	0.749	0.680	0.762	0.739	0.665	0.813	0.741	0.765	0.767	0.747	0.780	0.749	0.690
38:00:37	25.4	0.703	0.783	0.735	0.793	0.753	0.779	0.755	0.777	0.706	0.826	0.793	0.726	0.749	0.790	0.814	0.843	0.779	0.896	0.921	0.812	0.810	0.803	0.804	0.763	0.778	0.789	0.787	0.862	0.841	0.940	0.776	0.775	0.756	0.990	0.821	0.795	0.742	0.827	0.799	0.862	0.824	1.062	0.796	0.829	0.935	1.016	0.872	0.804	0.802	1.032	0.875	0.853	0.956	1.001	1.004	0.897	0.817	0.857	0.828	0.778	0.820	0.781	0.818	0.830	0.839	0.809	0.912	0.970	0.935	0.930	0.909	0.784	0.744	0.839	0.836	0.860	0.931	0.852	0.788	0.422	0.908	0.920	0.846	0.760	0.692	0.759	0.749	0.665	0.813	0.749	0.775	0.779	0.756	0.791	0.760	0.698
39:00:38	25.3	0.744	0.766	0.759	0.808	0.754	0.752	0.749	0.768	0.732	0.799	0.805	0.732	0.752	0.765	0.807	0.852	0.783	0.889	0.922	0.797	0.791	0.803	0.794	0.774	0.797	0.795	0.791	0.862	0.840	0.928	0.810	0.784	0.749	0.992	0.817	0.803	0.744	0.832	0.812	0.865	0.820	1.026	0.838	0.833	0.926	0.986	0.862	0.816	0.809	1.013	0.854	0.859	0.972	0.996	0.973	0.869	0.825	0.859	0.819	0.782	0.825	0.782	0.833	0.839	0.878	0.812	0.906	0.911	0.879	0.902	0.875	0.788	0.773	0.829	0.838	0.869	0.904	0.840	0.798	0.470	0.894	0.897	0.832	0.767	0.709	0.766	0.753	0.663	0.811	0.757	0.780	0.780	0.759	0.799	0.761	0.710
40:00:39	25.2	0.735	0.794	0.764	0.817	0.773	0.781	0.767	0.795	0.732	0.826	0.812	0.744	0.767	0.789	0.821	0.864	0.785	0.885	0.937	0.816	0.822	0.823	0.811	0.777	0.791	0.804	0.801	0.883	0.853	0.947	0.807	0.798	0.769	1.002	0.842	0.812	0.750	0.845	0.822	0.884	0.834	1.017	0.818	0.855	0.917	1.009	0.860	0.824	0.824	0.983	0.900	0.873	0.986	1.005	0.962	0.880	0.838	0.870	0.840	0.794	0.821	0.797	0.824	0.849	0.858	0.827	0.915	0.920	0.911	0.918	0.896	0.794	0.761	0.817	0.833	0.881	0.901	0.837	0.803	0.474	0.901	0.905	0.843	0.781	0.712	0.774	0.762	0.667	0.807	0.760	0.790	0.792	0.771	0.810	0.775	0.712
41:00:40	25.1	0.764	0.783	0.769	0.829	0.770	0.768	0.765	0.788	0.756	0.813	0.819	0.751	0.771	0.794	0.821	0.873	0.801	0.906	0.939	0.811	0.811	0.828	0.804	0.794	0.824	0.822	0.812	0.882	0.847	0.936	0.834	0.803	0.767	1.018	0.838	0.818	0.759	0.861	0.832	0.888	0.831	1.002	0.856	0.859	0.916	0.985	0.860	0.832	0.789	0.959	0.882	0.878	0.977	1.013	0.930	0.883	0.847	0.874	0.838	0.798	0.823	0.799	0.844	0.860	0.874	0.846	0.904	0.901	0.875	0.896	0.858	0.802	0.806	0.859	0.842	0.884	0.887	0.843	0.814	0.652	0.892	0.897	0.842	0.788	0.715	0.781	0.768	0.666	0.827	0.771	0.800	0.795	0.776	0.818	0.780	0.723
42:00:41	25.0	0.777	0.810	0.780	0.835	0.779	0.777	0.779	0.801	0.770	0.826	0.824	0.758	0.779	0.792	0.821	0.878	0.808	0.908	0.965	0.825	0.818	0.834	0.804	0.797	0.825	0.831	0.822	0.891	0.854	0.943	0.839	0.811	0.775	1.016	0.847	0.825	0.768	0.850	0.842	0.898	0.830	0.984	0.864	0.873	0.921	0.986	0.860	0.839	0.800	0.911	0.871	0.888	0.984	1.027	0.918	0.886	0.856	0.878	0.846	0.807	0.822	0.805	0.849	0.871	0.881	0.837	0.893	0.897	0.878	0.890	0.847	0.810	0.819	0.861	0.844	0.893	0.881	0.846	0.822	0.535	0.899	0.904	0.849	0.798	0.725	0.792	0.778	0.668	0.823	0.779	0.807	0.804	0.785	0.828	0.788	0.731
43:00:42	25.1	0.763	0.811	0.785	0.849	0.783	0.787	0.784	0.805	0.781	0.819	0.832	0.773	0.789	0.770	0.819	0.889	0.811	0.930	0.972	0.825	0.826	0.847	0.816	0.810	0.831	0.827	0.821	0.900	0.862	0.938	0.849	0.819	0.779	1.011	0.856	0.829	0.776	0.854	0.851	0.906	0.826	0.980	0.883	0.883	0.919	0.969	0.865	0.842	0.791	0.912	0.874	0.898	0.985	1.026	0.904	0.883	0.866	0.885	0.855	0.817	0.819	0.807	0.855	0.880	0.877	0.849	0.885	0.891	0.874	0.889	0.844	0.818	0.829	0.871	0.851	0.902	0.870	0.850	0.824	0.569	0.893	0.901	0.854	0.806	0.731	0.808	0.784	0.668	0.819	0.788	0.816	0.814	0.791	0.836	0.798	0.737
44:00:43	25.2	0.771	0.813	0.786	0.861	0.782	0.783	0.784	0.808	0.788	0.828	0.837	0.777	0.798	0.786	0.830	0.898	0.815	0.894	0.984	0.823	0.832	0.855	0.819	0.816	0.823	0.834	0.840	0.908	0.866	0.934	0.860	0.831	0.788	1.010	0.867	0.837	0.786	0.828	0.862	0.916	0.833	0.973	0.890	0.891	0.918	0.960	0.873	0.850	0.787	0.912	0.885	0.908	0.984	1.053	0.895	0.884	0.877	0.892	0.866	0.822	0.811	0.817	0.847	0.890	0.875	0.856	0.872	0.892	0.879	0.889	0.846	0.826	0.824	0.878	0.853	0.912	0.872	0.845	0.832	0.558	0.889	0.898	0.861	0.817	0.739	0.820	0.792	0.668	0.813	0.796	0.824	0.824	0.799	0.848	0.810	0.744
45:00:43	25.5	0.769	0.798	0.790	0.864	0.780	0.791	0.794	0.818	0.799	0.827	0.844	0.786	0.808	0.784	0.833	0.907	0.820	0.877	0.985	0.832	0.838	0.866	0.829	0.822	0.831	0.842	0.841	0.917	0.872	0.935	0.873	0.841	0.791	1.006	0.878	0.847	0.796	0.858	0.872	0.924	0.838	0.967	0.916	0.902	0.916	0.958	0.876	0.857	0.793	0.924	0.887	0.916	0.983	1.029	0.892	0.892	0.887	0.901	0.875	0.830	0.821	0.819	0.859	0.901	0.872	0.868	0.877	0.897	0.883	0.887	0.848	0.832	0.831	0.880	0.864	0.921	0.874	0.852	0.843	0.576	0.897	0.900	0.873	0.826	0.751	0.824	0.799	0.667	0.818	0.804	0.834	0.833	0.810	0.857	0.818	0.753
46:00:44	25.6	0.749	0.834	0.795	0.879	0.797	0.805	0.804	0.830	0.800	0.847	0.857	0.794	0.824	0.792	0.853	0.916	0.830	0.878	0.975	0.840	0.846	0.872	0.834	0.829	0.839	0.851	0.848	0.928	0.881	0.939	0.879	0.861	0.800	1.005	0.888	0.856	0.805	0.838	0.881	0.932	0.848	0.960	0.902	0.914	0.920	0.958	0.884	0.862	0.804	0.928	0.894	0.924	0.992	1.033	0.897	0.895	0.893	0.909	0.885	0.842	0.824	0.828	0.877	0.908	0.880	0.875	0.901	0.902	0.887	0.886	0.854	0.843	0.861	0.902	0.879	0.926	0.887	0.860	0.853	0.594	0.907	0.909	0.880	0.834	0.765	0.839	0.809	0.664	0.829	0.814	0.842	0.841	0.817	0.865	0.825	0.757
47:00:45	25.4	0.776	0.841	0.804	0.886	0.807	0.815	0.808	0.837	0.810	0.857	0.865	0.802	0.829	0.795	0.862	0.923	0.843	0.881	1.002	0.851	0.857	0.884	0.843	0.836	0.845	0.859	0.855	0.938	0.889	0.955	0.893	0.861	0.806	1.006	0.897	0.866	0.815	0.847	0.889	0.940	0.857	0.954	0.922	0.924	0.923	0.962	0.897	0.871	0.806	0.933	0.896	0.934	0.992	1.045	0.892	0.905	0.900	0.918	0.892	0.851	0.821	0.837	0.875	0.920	0.881	0.883	0.899	0.902	0.895	0.890	0.864	0.852	0.879	0.907	0.893	0.935	0.885	0.863	0.857	0.607	0.914	0.913	0.889	0.843	0.771	0.836	0.822	0.662	0.833	0.825	0.852	0.849	0.825	0.874	0.833	0.767
48:00:46	25.3	0.795	0.844	0.813	0.897	0.812	0.827	0.823	0.840	0.816	0.857	0.871	0.806	0.838	0.805	0.875	0.933	0.850	0.898	1.006	0.859	0.869	0.892	0.854	0.844	0.856	0.865	0.869	0.950	0.888	0.966	0.899	0.871	0.817	1.004	0.909	0.873	0.826	0.849	0.898	0.951	0.862	0.954	0.928	0.935	0.928	0.958	0.904	0.872	0.814	0.938	0.903	0.943	0.987	1.056	0.895	0.911	0.908	0.925	0.901	0.861	0.827	0.847	0.885	0.930	0.887	0.916	0.903	0.908	0.899	0.893	0.871	0.858	0.879	0.895	0.893	0.944	0.885	0.867	0.864	0.619	0.920	0.917	0.893	0.852	0.781	0.859	0.832	0.663	0.838	0.835	0.861	0.855	0.834	0.882	0.842	0.775
49:00:47	25.0	0.800	0.850	0.824	0.904	0.819	0.834	0.831	0.847	0.824	0.866	0.878	0.814	0.848	0.809	0.887	0.943	0.854	0.897	1.010	0.861	0.875	0.899	0.856	0.853	0.863	0.867	0.868	0.959	0.895	0.979	0.906	0.894	0.821	1.010	0.916	0.880	0.834	0.853	0.906	0.958	0.868	0.947	0.950	0.943	0.927	0.965	0.907	0.882	0.815	0.915	0.916	0.952	0.980	1.080	0.895	0.914	0.916	0.934	0.907	0.869	0.833	0.852	0.894	0.940	0.893	0.898	0.890	0.911	0.905	0.891	0.877	0.863	0.884	0.884	0.899	0.952	0.895	0.870	0.869	0.631	0.922	0.920	0.897	0.859	0.786	0.866	0.840	0.663	0.839	0.842	0.869	0.863	0.840	0.889	0.848	0.782
50:00:48	24.9	0.799	0.847	0.841	0.904	0.839	0.850	0.832	0.875	0.827	0.881	0.884	0.819	0.856	0.833	0.883	0.958	0.876	0.898	1.016	0.882	0.894	0.912	0.882	0.861	0.849	0.862	0.882	0.971	0.908	0.992	0.906	0.890	0.829	1.014	0.928	0.883	0.838	0.860	0.915	0.970	0.874	0.970	0.894	0.951	0.935	0.964	0.916	0.885	0.832	0.922	0.922	0.962	0.983	1.100	0.916	0.917	0.925	0.945	0.920	0.873	0.840	0.868	0.879	0.947	0.893	0.911	0.908	0.920	0.917	0.901	0.883	0.872	0.840	0.864	0.886	0.960	0.898	0.873	0.880	0.647	0.927	0.927	0.903	0.868	0.787	0.853	0.842	0.666	0.839	0.849	0.875	0.871	0.845	0.896	0.860	0.798
51:00:49	24.9	0.806	0.855	0.836	0.913	0.841	0.860	0.835	0.889	0.842	0.890	0.894	0.828	0.865	0.843	0.885	0.966	0.883	0.901	0.989	0.890	0.903	0.921	0.894	0.870	0.854	0.867	0.895	0.980	0.921	0.976	0.912	0.908	0.832	1.006	0.935	0.890	0.843	0.875	0.924	0.977	0.883	0.964	0.901	0.959	0.937	0.966	0.918	0.891	0.838	0.916	0.925	0.968	0.969	1.086	0.917	0.919	0.935	0.951	0.927	0.882	0.849	0.875	0.883	0.953	0.897	0.916	0.908	0.916	0.923	0.893	0.891	0.879	0.836	0.864	0.890	0.968	0.904	0.876	0.886	0.703	0.932	0.929	0.910	0.877	0.796	0.863	0.850	0.666	0.843	0.858	0.883	0.880	0.853	0.902	0.869	0.803
52:00:50	24.9	0.806	0.826	0.840	0.924	0.833	0.855	0.845	0.873	0.850	0.888	0.902	0.841	0.874	0.814	0.910	0.974	0.871	0.924	0.974	0.876	0.901	0.924	0.886	0.882	0.873	0.884	0.899	0.984	0.920	0.960	0.936	0.899	0.836	1.015	0.939	0.906	0.848	0.855	0.934	0.986	0.882	0.946	0.950	0.974	0.946	0.975	0.927	0.900	0.841	0.916	0.915	0.972	0.974	1.084	0.904	0.929	0.939	0.954	0.931	0.894	0.844	0.876	0.903	0.962	0.914	0.927	0.892	0.911	0.918	0.900	0.895	0.887	0.883	0.897	0.910	0.978	0.897	0.880	0.890	0.667	0.939	0.936	0.916	0.887	0.810	0.879	0.863	0.666	0.851	0.867	0.893	0.889	0.863	0.913	0.875	0.815
53:00:50	25.0	0.817	0.839	0.846	0.932	0.843	0.864	0.858	0.886	0.857	0.897	0.909	0.847	0.883	0.821	0.910	0.981	0.876	0.928	0.973	0.884	0.908	0.934	0.893	0.888	0.881	0.888	0.900	0.989	0.926	0.956	0.944	0.910	0.842	1.016	0.948	0.915	0.855	0.871	0.944	0.993	0.885	0.948	0.945	0.983	0.945	0.973	0.930	0.909	0.858	0.921	0.920	0.978	0.966	1.089	0.907	0.931	0.948	0.960	0.938	0.906	0.854	0.884	0.910	0.967	0.921	0.936	0.897	0.911	0.923	0.899	0.902	0.897	0.887	0.898	0.914	0.985	0.904	0.886	0.898	0.676	0.947	0.942	0.923	0.894	0.819	0.889	0.872	0.667	0.859	0.875	0.903	0.898	0.872	0.923	0.884	0.822
54:00:51	25.1	0.824	0.841	0.851	0.930	0.852	0.871	0.870	0.893	0.868	0.898	0.919	0.854	0.892	0.830	0.917	0.986	0.882	0.930	0.967	0.885	0.912	0.942	0.900	0.896	0.889	0.894	0.910	0.993	0.934	0.958	0.949	0.915	0.844	1.014	0.956	0.922	0.864	0.889	0.953	0.998	0.890	0.947	0.952	0.988	0.946	0.975	0.938	0.918	0.856	0.933	0.926	0.982	0.965	1.086	0.908	0.935	0.955	0.967	0.947	0.916	0.863	0.899	0.911	0.971	0.926	0.948	0.895	0.915	0.930	0.906	0.909	0.905	0.912	0.906	0.923	0.989	0.909	0.891	0.906	0.797	0.951	0.945	0.928	0.902	0.826	0.897	0.882	0.667	0.867	0.886	0.914	0.905	0.882	0.931	0.894	0.828
55:00:52	25.1	0.831	0.859	0.862	0.928	0.861	0.882	0.876	0.897	0.878	0.906	0.925	0.859	0.903	0.839	0.923	0.992	0.890	0.935	0.978	0.895	0.920	0.951	0.910	0.902	0.892	0.899	0.915	0.996	0.939	0.965	0.958	0.924	0.850	1.013	0.965	0.932	0.872	0.898	0.962	1.003	0.896	0.954	0.947	0.995	0.951	0.975	0.945	0.924	0.870	0.937	0.932	0.988	0.963	1.078	0.913	0.938	0.961	0.976	0.957	0.924	0.873	0.902	0.917	0.975	0.935	0.951	0.898	0.922	0.935	0.911	0.914	0.912	0.917	0.914	0.930	0.995	0.915	0.898	0.915	0.702	0.957	0.951	0.935	0.906	0.830	0.904	0.891	0.667	0.875	0.893	0.922	0.911	0.891	0.938	0.902	0.834
56:00:53	25.2	0.836	0.858	0.868	0.933	0.869	0.889	0.885	0.907	0.891	0.915	0.933	0.862	0.911	0.847	0.924	0.996	0.893	0.943	0.973	0.898	0.930	0.956	0.915	0.908	0.902	0.904	0.922	0.999	0.946	0.961	0.966	0.944	0.857	1.017	0.973	0.942	0.885	0.911	0.969	1.008	0.902	0.963	0.955	1.000	0.953	0.980	0.952	0.934	0.881	0.920	0.937	0.990	0.960	1.045	0.915	0.941	0.966	0.982	0.962	0.927	0.882	0.912	0.920	0.980	0.942	0.957	0.909	0.927	0.940	0.915	0.924	0.919	0.925	0.922	0.938	0.999	0.924	0.905	0.923	0.715	0.961	0.959	0.943	0.913	0.834	0.909	0.900	0.667	0.881	0.899	0.930	0.917	0.900	0.945	0.910	0.838
57:00:54	25.4	0.841	0.868	0.880	0.934	0.880	0.897	0.897	0.915	0.902	0.923	0.939	0.868	0.920	0.863	0.932	0.999	0.897	0.945	0.993	0.906	0.937	0.963	0.923	0.914	0.913	0.913	0.929	1.002	0.952	0.962	0.974	0.942	0.867	1.018	0.985	0.951	0.894	0.918	0.975	1.012	0.909	0.965	0.959	1.006	0.956	0.984	0.958	0.940	0.887	0.934	0.943	0.994	0.965	0.998	0.922	0.945	0.973	0.989	0.970	0.934	0.885	0.918	0.922	0.985	0.953	0.964	0.912	0.932	0.946	0.921	0.932	0.924	0.941	0.926	0.945	1.003	0.931	0.915	0.932	0.722	0.966	0.964	0.950	0.918	0.835	0.918	0.907	0.668	0.887	0.906	0.935	0.922	0.907	0.950	0.916	0.842
58:00:55	25.5	0.849	0.885	0.886	0.934	0.883	0.906	0.894	0.927	0.902	0.937	0.944	0.868	0.926	0.867	0.941	1.006	0.912	0.954	0.978	0.922	0.949	0.972	0.935	0.917	0.914	0.922	0.935	1.008	0.959	0.960	0.984	0.952	0.869	1.012	0.991	0.951	0.900	0.909	0.981	1.017	0.917	0.961	0.962	1.012	0.961	0.986	0.961	0.943	0.895	0.928	0.950	0.997	0.964	0.997	0.928	0.951	0.976	0.996	0.973	0.938	0.891	0.926	0.936	0.986	0.959	0.970	0.922	0.941	0.953	0.925	0.938	0.929	0.929	0.938	0.951	1.006	0.939	0.921	0.937	0.800	0.973	0.970	0.956	0.921	0.839	0.923	0.914	0.667	0.896	0.912	0.941	0.927	0.912	0.955	0.921	0.844
59:00:55	25.5	0.845	0.893	0.911	0.933	0.894	0.918	0.892	0.933	0.917	0.950	0.948	0.868	0.932	0.873	0.925	1.008	0.916	0.953	0.973	0.931	0.957	0.976	0.945	0.919	0.923	0.929	0.951	1.014	0.967	0.967	0.995	0.962	0.876	1.018	0.998	0.953	0.904	0.920	0.986	1.019	0.923	0.969	0.986	1.016	0.972	0.992	0.968	0.950	0.906	0.936	0.955	0.999	0.962	0.962	0.934	0.954	0.981	1.002	0.977	0.941	0.898	0.933	0.951	0.989	0.962	0.977	0.925	0.945	0.961	0.929	0.942	0.933	0.923	0.937	0.959	1.008	0.947	0.927	0.943	0.745	0.979	0.976	0.959	0.924	0.843	0.926	0.918	0.666	0.903	0.917	0.945	0.931	0.916	0.959	0.926	0.846
60:00:57	25.5	0.847	0.893	0.915	0.932	0.898	0.916	0.896	0.934	0.909	0.957	0.951	0.872	0.937	0.875	0.944	1.009	0.922	0.961	0.957	0.930	0.960	0.976	0.947	0.922	0.933	0.936	0.941	1.013	0.974	0.965	0.998	0.967	0.881	1.014	1.003	0.958	0.906	0.924	0.993	1.022	0.929	0.969	0.979	1.020	0.974	0.994	0.972	0.952	0.910	0.942	0.961	1.001	0.965	0.981	0.942	0.959	0.984	1.007	0.986	0.945	0.903	0.940	0.948	0.992	0.968	0.979	0.929	0.951	0.966	0.935	0.949	0.937	0.923	0.947	0.968	1.010	0.954	0.936	0.949	0.754	0.985	0.981	0.963	0.928	0.845	0.932	0.924	0.666	0.909	0.922	0.949	0.933	0.920	0.962	0.929	0.848
61:00:57	25.7	0.851	0.898	0.904	0.928	0.908	0.915	0.897	0.939	0.919	0.961	0.954	0.872	0.942	0.887	0.950	1.013	0.925	0.966	0.966	0.942	0.967	0.984	0.955	0.928	0.936	0.946	0.952	1.018	0.983	0.972	1.005	0.972	0.889	1.018	1.009	0.961	0.915	0.930	0.999	1.024	0.934	0.974	0.973	1.024	0.980	1.001	0.977	0.958	0.917	0.947	0.966	1.003	0.984	1.024	0.947	0.964	0.988	1.011	0.987	0.948	0.907	0.945	0.954	0.993	0.973	0.984	0.937	0.957	0.972	0.939	0.953	0.939	0.918	0.953	0.971	1.012	0.962	0.936	0.953	0.766	0.992	0.986	0.969	0.931	0.847	0.934	0.928	0.666	0.915	0.926	0.954	0.937	0.923	0.965	0.933	0.850
62:00:59	26.1	0.853	0.898	0.896	0.928	0.925	0.912	0.918	0.948	0.928	0.954	0.956	0.869	0.944	0.907	0.949	1.006	0.940	0.975	0.979	0.956	0.974	0.993	0.967	0.932	0.941	0.949	0.966	1.014	0.985	0.979	0.999	0.980	0.892	1.011	1.017	0.960	0.927	0.930	1.001	1.024	0.943	0.987	0.966	1.021	0.981	0.999	0.975	0.959	0.910	0.948	0.982	1.002	0.979	0.979	0.957	0.966	0.992	1.015	0.994	0.949	0.935	0.951	0.959	0.994	0.970	0.989	0.949	0.963	0.979	0.942	0.957	0.941	0.910	0.946	0.972	1.011	0.970	0.943	0.960	0.780	0.994	0.988	0.972	0.931	0.846	0.943	0.927	0.667	0.924	0.926	0.954	0.938	0.924	0.967	0.936	0.847
63:01:00	26.5	0.851	0.898	0.920	0.929	0.915	0.929	0.896	0.943	0.922	0.964	0.962	0.871	0.949	0.891	0.951	1.017	0.942	0.964	0.965	0.952	0.973	0.988	0.962	0.931	0.952	0.963	0.969	1.021	0.992	0.994	1.008	0.982	0.910	1.019	1.015	0.964	0.917	0.917	1.006	1.028	0.942	0.983	0.979	1.028	0.982	1.006	0.983	0.962	0.928	0.949	0.981	1.004	0.971	0.985	0.954	0.972	0.991	1.017	0.994	0.954	0.919	0.951	0.985	0.993	0.981	0.991	0.961	0.965	0.981	0.950	0.960	0.945	0.918	0.968	0.979	1.016	0.971	0.949	0.964	0.783	0.999	0.994	0.977	0.936	0.847	0.939	0.935	0.665	0.927	0.932	0.959	0.942	0.929	0.971	0.938	0.847
64:01:01	27.1	0.850	0.899	0.919	0.927	0.919	0.931	0.899	0.944	0.923	0.966	0.963	0.872	0.953	0.898	0.952	1.015	0.945	0.963	0.966	0.954	0.976	0.988	0.965	0.932	0.955	0.965	0.983	1.021	1.006	0.988	1.010	0.983	0.901	1.021	1.017	0.966	0.921	0.929	1.008	1.027	0.945	0.985	0.995	1.030	0.983	1.006	0.987	0.964	0.931	0.952	0.988	1.003	0.974	0.966	0.961	0.977	0.993	1.019	0.996	0.956	0.924	0.955	0.991	0.993	0.986	0.994	0.951	0.967	0.982	0.954	0.964	0.946	0.923	0.970	0.986	1.016	0.978	0.952	0.968	0.794	1.001	0.997	0.981	0.937	0.845	0.942	0.936	0.665	0.933	0.935	0.962	0.943	0.931	0.972	0.940	0.848
65:01:01	27.8	0.852	0.905	0.912	0.926	0.927	0.921	0.904	0.951	0.928	0.966	0.963	0.872	0.954	0.903	0.953	1.016	0.947	0.965	0.963	0.957	0.980	0.992	0.972	0.932	0.954	0.969	0.987	1.021	1.005	0.990	1.011	0.993	0.909	1.024	1.020	0.968	0.927	0.932	1.013	1.026	0.950	0.987	0.988	1.031	0.986	1.006	0.985	0.966	0.929	0.979	0.995	1.002	0.976	0.976	0.959	0.979	0.995	1.021	0.999	0.957	0.928	0.958	0.986	0.994	0.988	0.996	0.960	0.971	0.986	0.954	0.963	0.948	0.920	0.968	0.991	1.015	0.983	0.956	0.969	0.803	1.002	1.001	0.980	0.937	0.844	0.945	0.937	0.665	0.935	0.935	0.963	0.945	0.932	0.974	0.942	0.847
66:01:01	28.4	0.848	0.905	0.915	0.927	0.928	0.927	0.904	0.950	0.931	0.968	0.963	0.874	0.956	0.905	0.957	1.016	0.951	0.967	0.972	0.957	0.979	0.991	0.971	0.931	0.960	0.973	0.984	1.021	1.006	0.992	1.017	0.985	0.913	1.025	1.022	0.970	0.928	0.925	1.013	1.026	0.951	0.984	0.986	1.032	0.987	1.007	0.988	0.967	0.929	0.957	0.999	1.004	0.971	0.973	0.964	0.983	0.995	1.021	1.000	0.958	0.930	0.959	0.985	0.995	0.992	0.998	0.962	0.971	0.987	0.957	0.969	0.950	0.923	0.969	0.995	1.014	0.988	0.959	0.971	0.863	1.005	1.004	0.986	0.936	0.841	0.945	0.938	0.662	0.938	0.936	0.965	0.944	0.934	0.975	0.942	0.846
67:01:03	28.9	0.838	0.907	0.921	0.921	0.937	0.926	0.907	0.950	0.932	0.969	0.964	0.873	0.962	0.916	0.969	1.016	0.950	0.972	0.982	0.963	0.981	0.993	0.974	0.931	0.966	0.980	0.990	1.019	1.008	0.994	1.017	0.987	0.915	1.028	1.024	0.974	0.934	0.938	1.017	1.026	0.955	0.985	0.987	1.034	0.988	1.014	0.993	0.968	0.940	0.964	0.998	1.004	0.979	0.969	0.972	0.988	1.000	1.025	1.003	0.959	0.930	0.963	0.985	0.995	0.993	1.000	0.962	0.973	0.990	0.963	0.973	0.949	0.926	0.975	0.999	1.015	0.999	0.957	0.972	0.823	1.008	1.004	0.987	0.937	0.840	0.949	0.940	0.663	0.940	0.936	0.966	0.945	0.936	0.975	0.942	0.845
68:01:04	29.4	0.842	0.901	0.914	0.922	0.941	0.921	0.922	0.953	0.930	0.965	0.961	0.870	0.957	0.922	0.970	1.013	0.948	0.976	0.977	0.968	0.984	0.994	0.978	0.930	0.968	0.982	0.991	1.018	1.008	0.996	1.013	0.992	0.920	1.026	1.026	0.973	0.938	0.943	1.016	1.024	0.956	0.993	0.997	1.036	0.990	1.012	0.991	0.968	0.941	0.964	1.005	1.002	0.974	0.974	0.969	0.985	0.997	1.019	1.002	0.956	0.933	0.964	0.993	0.993	0.992	1.002	0.964	0.974	0.990	0.959	0.968	0.949	0.925	0.974	1.000	1.012	0.992	0.959	0.972	0.832	1.006	1.002	0.985	0.934	0.835	0.951	0.937	0.662	0.940	0.932	0.964	0.944	0.932	0.973	0.939	0.842
69:01:05	29.9	0.838	0.899	0.915	0.914	0.946	0.914	0.924	0.952	0.929	0.963	0.958	0.864	0.956	0.929	0.966	1.011	0.949	0.974	0.979	0.966	0.986	0.995	0.976	0.929	0.968	0.983	0.988	1.016	1.009	0.995	1.017	0.988	0.923	1.027	1.029	0.972	0.938	0.937	1.017	1.022	0.955	0.990	0.984	1.032	0.986	1.009	0.987	0.967	0.933	0.965	1.007	1.000	0.970	0.975	0.968	0.986	0.997	1.021	1.005	0.957	0.935	0.963	0.986	0.992	0.993	1.001	0.963	0.972	0.990	0.957	0.969	0.949	0.923	0.974	1.001	1.011	0.993	0.961	0.971	0.839	1.006	1.003	0.985	0.934	0.832	0.946	0.937	0.660	0.939	0.930	0.961	0.945	0.931	0.972	0.938	0.837
70:01:06	30.4	0.831	0.888	0.915	0.912	0.953	0.917	0.922	0.952	0.927	0.962	0.955	0.857	0.952	0.936	0.963	1.011	0.953	0.970	0.981	0.965	0.987	0.995	0.978	0.930	0.970	0.980	0.987	1.019	1.007	0.995	1.012	0.998	0.923	1.022	1.027	0.969	0.940	0.941	1.018	1.022	0.955	0.990	0.983	1.031	0.983	1.008	0.990	0.964	0.931	0.964	1.003	0.998	0.969	0.966	0.968	0.985	0.995	1.019	1.001	0.956	0.936	0.962	0.988	0.990	0.992	1.001	0.964	0.969	0.990	0.957	0.968	0.947	0.921	0.973	1.002	1.007	0.993	0.961	0.970	0.842	1.006	1.003	0.986	0.931	0.825	0.945	0.935	0.661	0.938	0.928	0.958	0.943	0.929	0.971	0.937	0.828
71:01:07	30.5	0.818	0.878	0.915	0.906	0.955	0.919	0.921	0.950	0.925	0.960	0.954	0.856	0.951	0.931	0.966	1.007	0.948	0.970	0.989	0.965	0.985	0.993	0.977	0.925	0.972	0.977	0.989	1.011	1.006	0.990	1.011	0.983	0.922	1.020	1.023	0.969	0.938	0.944	1.014	1.019	0.955	0.987	0.979	1.031	0.982	1.006	0.990	0.961	0.930	0.962	1.000	0.995	0.968	0.968	0.966	0.986	0.994	1.018	0.998	0.954	0.936	0.962	0.979	0.987	0.991	0.999	0.963	0.968	0.989	0.956	0.969	0.944	0.924	0.973	0.998	1.006	0.992	0.959	0.968	0.847	1.005	1.002	0.984	0.930	0.816	0.945	0.931	0.661	0.938	0.925	0.956	0.941	0.926	0.967	0.935	0.822
72:01:08	30.5	0.812	0.871	0.911	0.897	0.953	0.914	0.918	0.946	0.918	0.955	0.950	0.844	0.945	0.928	0.961	1.004	0.949	0.968	0.987	0.965	0.987	0.993	0.977	0.922	0.969	0.978	0.992	1.009	1.006	0.988	1.009	0.983	0.922	1.016	1.022	0.967	0.935	0.949	1.014	1.017	0.954	0.986	0.972	1.029	0.980	1.006	0.985	0.959	0.919	0.961	0.999	0.993	0.966	0.966	0.964	0.984	0.992	1.018	0.998	0.950	0.937	0.960	0.974	0.984	0.989	0.997	0.963	0.968	0.990	0.952	0.966	0.943	0.919	0.969	0.998	1.003	0.991	0.955	0.967	0.847	1.004	0.999	0.984	0.925	0.804	0.938	0.928	0.661	0.936	0.920	0.953	0.938	0.924	0.964	0.932	0.810

