Time	T° 600	A1	A2	A3	A4	A5	A6	A7	A8	A9	A10	A11	A12	B1	B2	B3	B4	B5	B6	B7	B8	B9	B10	B11	B12	C1	C2	C3	C4	C5	C6	C7	C8	C9	C10	C11	C12	D1	D2	D3	D4	D5	D6	D7	D8	D9	D10	D11	D12	E1	E2	E3	E4	E5	E6	E7	E8	E9	E10	E11	E12	F1	F2	F3	F4	F5	F6	F7	F8	F9	F10	F11	F12	G1	G2	G3	G4	G5	G6	G7	G8	G9	G10	G11	G12	H1	H2	H3	H4	H5	H6	H7	H8	H9	H10	H11	H12
0:00:06	25.0	0.045	0.049	0.047	0.047	0.045	0.045	0.046	0.045	0.045	0.047	0.047	0.046	0.044	0.044	0.045	0.050	0.047	0.046	0.047	0.046	0.046	0.049	0.047	0.047	0.044	0.045	0.045	0.055	0.045	0.047	0.045	0.045	0.045	0.048	0.046	0.047	0.044	0.044	0.044	0.045	0.044	0.045	0.046	0.046	0.045	0.046	0.045	0.047	0.045	0.047	0.044	0.047	0.046	0.046	0.047	0.059	0.045	0.045	0.044	0.044	0.044	0.047	0.046	0.044	0.046	0.044	0.045	0.050	0.047	0.045	0.045	0.045	0.046	0.047	0.047	0.045	0.045	0.044	0.045	0.046	0.047	0.045	0.046	0.045	0.044	0.047	0.045	0.046	0.045	0.044	0.047	0.047	0.046	0.049	0.045	0.045
1:00:03	24.9	0.046	0.050	0.047	0.047	0.046	0.047	0.046	0.045	0.046	0.047	0.047	0.047	0.044	0.044	0.045	0.050	0.047	0.046	0.047	0.046	0.046	0.050	0.047	0.047	0.044	0.045	0.046	0.055	0.046	0.047	0.045	0.045	0.046	0.048	0.047	0.047	0.045	0.044	0.045	0.045	0.044	0.046	0.047	0.047	0.045	0.047	0.046	0.047	0.045	0.047	0.045	0.047	0.046	0.047	0.047	0.051	0.046	0.045	0.045	0.046	0.045	0.047	0.047	0.045	0.046	0.044	0.046	0.051	0.047	0.044	0.045	0.045	0.047	0.048	0.047	0.046	0.045	0.045	0.045	0.047	0.047	0.045	0.046	0.045	0.045	0.047	0.046	0.046	0.045	0.044	0.047	0.048	0.047	0.049	0.046	0.045
2:00:05	24.7	0.047	0.050	0.048	0.048	0.046	0.047	0.047	0.046	0.047	0.048	0.048	0.047	0.045	0.045	0.046	0.051	0.048	0.046	0.047	0.046	0.047	0.050	0.048	0.048	0.045	0.045	0.047	0.055	0.046	0.048	0.046	0.046	0.047	0.049	0.048	0.048	0.045	0.045	0.045	0.045	0.045	0.046	0.047	0.048	0.046	0.048	0.047	0.048	0.046	0.048	0.045	0.048	0.047	0.047	0.047	0.050	0.046	0.046	0.045	0.047	0.046	0.047	0.047	0.045	0.048	0.045	0.047	0.051	0.048	0.045	0.046	0.046	0.047	0.049	0.047	0.047	0.046	0.045	0.046	0.047	0.048	0.046	0.047	0.047	0.045	0.048	0.046	0.046	0.045	0.045	0.048	0.049	0.048	0.050	0.046	0.047
3:00:06	24.6	0.048	0.051	0.049	0.050	0.047	0.048	0.048	0.048	0.049	0.049	0.049	0.049	0.046	0.046	0.047	0.052	0.048	0.047	0.048	0.047	0.049	0.051	0.050	0.050	0.046	0.046	0.048	0.056	0.047	0.049	0.047	0.048	0.049	0.051	0.048	0.050	0.047	0.046	0.046	0.047	0.046	0.047	0.048	0.049	0.048	0.049	0.049	0.049	0.046	0.049	0.046	0.049	0.048	0.047	0.048	0.049	0.047	0.047	0.047	0.048	0.047	0.048	0.049	0.046	0.049	0.046	0.048	0.052	0.049	0.046	0.047	0.048	0.049	0.050	0.048	0.047	0.047	0.046	0.047	0.048	0.049	0.047	0.049	0.048	0.046	0.049	0.048	0.048	0.047	0.046	0.049	0.050	0.050	0.051	0.048	0.048
4:00:07	24.6	0.048	0.051	0.051	0.052	0.048	0.050	0.050	0.050	0.051	0.050	0.051	0.051	0.048	0.048	0.049	0.055	0.049	0.047	0.049	0.050	0.051	0.054	0.051	0.051	0.048	0.048	0.050	0.057	0.048	0.051	0.049	0.053	0.052	0.053	0.048	0.052	0.048	0.048	0.048	0.048	0.048	0.049	0.050	0.051	0.051	0.052	0.051	0.050	0.048	0.050	0.047	0.051	0.049	0.049	0.048	0.051	0.049	0.049	0.050	0.051	0.048	0.049	0.051	0.048	0.050	0.048	0.049	0.054	0.051	0.047	0.050	0.050	0.049	0.051	0.050	0.048	0.048	0.047	0.049	0.049	0.051	0.049	0.050	0.049	0.047	0.050	0.049	0.050	0.048	0.048	0.051	0.050	0.052	0.053	0.050	0.050
5:00:08	24.8	0.049	0.052	0.052	0.056	0.049	0.052	0.053	0.051	0.055	0.051	0.054	0.052	0.050	0.051	0.050	0.058	0.051	0.047	0.051	0.052	0.053	0.057	0.053	0.052	0.050	0.050	0.053	0.060	0.050	0.054	0.051	0.057	0.057	0.057	0.048	0.053	0.051	0.051	0.050	0.051	0.049	0.052	0.052	0.053	0.056	0.056	0.056	0.051	0.049	0.052	0.049	0.053	0.050	0.051	0.049	0.052	0.052	0.053	0.055	0.054	0.049	0.050	0.056	0.050	0.051	0.049	0.052	0.058	0.056	0.048	0.052	0.054	0.051	0.054	0.052	0.049	0.049	0.049	0.053	0.051	0.054	0.053	0.052	0.052	0.048	0.052	0.052	0.053	0.050	0.050	0.054	0.053	0.056	0.056	0.052	0.051
6:00:09	24.9	0.052	0.055	0.053	0.063	0.053	0.058	0.057	0.055	0.061	0.052	0.059	0.056	0.054	0.057	0.055	0.064	0.054	0.048	0.054	0.057	0.060	0.063	0.057	0.057	0.055	0.051	0.060	0.067	0.053	0.060	0.056	0.062	0.067	0.065	0.049	0.058	0.055	0.056	0.054	0.055	0.052	0.057	0.057	0.058	0.067	0.065	0.059	0.055	0.053	0.055	0.053	0.057	0.054	0.056	0.050	0.057	0.059	0.060	0.063	0.060	0.052	0.053	0.064	0.055	0.053	0.054	0.056	0.065	0.063	0.051	0.059	0.061	0.053	0.059	0.058	0.052	0.051	0.054	0.060	0.055	0.061	0.060	0.058	0.056	0.051	0.055	0.055	0.058	0.053	0.052	0.060	0.055	0.063	0.062	0.056	0.055
7:00:09	24.9	0.059	0.061	0.060	0.077	0.061	0.063	0.068	0.064	0.076	0.053	0.068	0.064	0.059	0.070	0.064	0.077	0.062	0.048	0.060	0.064	0.067	0.075	0.063	0.068	0.060	0.059	0.075	0.081	0.059	0.068	0.068	0.077	0.087	0.080	0.048	0.067	0.059	0.067	0.064	0.066	0.060	0.070	0.065	0.071	0.089	0.085	0.072	0.061	0.058	0.061	0.060	0.066	0.062	0.065	0.052	0.060	0.067	0.076	0.082	0.076	0.059	0.060	0.080	0.065	0.060	0.061	0.067	0.081	0.080	0.057	0.072	0.067	0.057	0.068	0.070	0.059	0.057	0.061	0.076	0.060	0.076	0.075	0.066	0.063	0.053	0.062	0.062	0.063	0.058	0.058	0.070	0.060	0.071	0.069	0.061	0.063
8:00:10	24.8	0.068	0.072	0.075	0.084	0.069	0.083	0.082	0.079	0.093	0.053	0.083	0.081	0.072	0.077	0.081	0.083	0.072	0.049	0.071	0.077	0.088	0.093	0.078	0.088	0.076	0.074	0.102	0.106	0.072	0.083	0.087	0.095	0.122	0.093	0.049	0.084	0.072	0.083	0.083	0.085	0.075	0.094	0.084	0.096	0.126	0.119	0.090	0.075	0.076	0.074	0.075	0.079	0.073	0.083	0.057	0.075	0.088	0.094	0.116	0.094	0.075	0.073	0.110	0.079	0.071	0.079	0.084	0.111	0.099	0.069	0.090	0.087	0.069	0.084	0.090	0.073	0.069	0.072	0.106	0.074	0.098	0.099	0.087	0.082	0.066	0.075	0.073	0.079	0.070	0.073	0.092	0.073	0.091	0.079	0.077	0.079
9:00:11	24.6	0.092	0.096	0.100	0.122	0.092	0.105	0.107	0.110	0.127	0.053	0.113	0.108	0.096	0.107	0.104	0.114	0.096	0.052	0.089	0.104	0.122	0.124	0.106	0.120	0.105	0.099	0.136	0.140	0.094	0.111	0.112	0.136	0.164	0.129	0.049	0.118	0.095	0.105	0.112	0.114	0.101	0.125	0.112	0.113	0.163	0.158	0.119	0.101	0.093	0.096	0.095	0.109	0.095	0.108	0.068	0.103	0.112	0.120	0.143	0.109	0.099	0.097	0.127	0.107	0.089	0.106	0.118	0.147	0.118	0.090	0.115	0.119	0.090	0.113	0.124	0.097	0.092	0.096	0.144	0.100	0.124	0.121	0.116	0.113	0.085	0.100	0.098	0.110	0.096	0.100	0.120	0.097	0.126	0.109	0.106	0.099
10:00:11	24.4	0.123	0.119	0.133	0.151	0.122	0.136	0.142	0.145	0.162	0.053	0.144	0.142	0.126	0.138	0.131	0.147	0.120	0.058	0.111	0.132	0.160	0.161	0.137	0.149	0.139	0.130	0.167	0.172	0.124	0.146	0.145	0.167	0.211	0.169	0.051	0.155	0.132	0.141	0.132	0.147	0.133	0.155	0.138	0.141	0.205	0.193	0.159	0.130	0.126	0.129	0.124	0.137	0.119	0.131	0.086	0.135	0.150	0.161	0.166	0.148	0.132	0.129	0.165	0.138	0.113	0.138	0.146	0.176	0.153	0.116	0.158	0.159	0.116	0.145	0.162	0.128	0.118	0.128	0.158	0.131	0.166	0.155	0.151	0.146	0.120	0.136	0.134	0.152	0.129	0.129	0.143	0.128	0.164	0.148	0.140	0.133
11:00:13	24.3	0.151	0.157	0.170	0.199	0.160	0.175	0.191	0.197	0.209	0.053	0.186	0.184	0.167	0.184	0.166	0.190	0.159	0.070	0.131	0.175	0.202	0.207	0.174	0.184	0.179	0.170	0.198	0.218	0.164	0.193	0.184	0.197	0.236	0.209	0.057	0.202	0.170	0.188	0.178	0.189	0.173	0.183	0.188	0.185	0.228	0.216	0.199	0.167	0.159	0.164	0.158	0.174	0.142	0.177	0.112	0.178	0.194	0.218	0.221	0.187	0.175	0.168	0.225	0.182	0.146	0.178	0.184	0.227	0.186	0.156	0.206	0.204	0.155	0.191	0.208	0.164	0.155	0.165	0.217	0.162	0.222	0.216	0.193	0.185	0.150	0.172	0.178	0.204	0.174	0.169	0.184	0.166	0.222	0.200	0.194	0.177
12:00:13	24.3	0.183	0.195	0.206	0.248	0.202	0.220	0.229	0.244	0.250	0.052	0.223	0.214	0.204	0.234	0.198	0.242	0.204	0.089	0.165	0.222	0.236	0.251	0.205	0.222	0.223	0.205	0.260	0.275	0.201	0.239	0.231	0.235	0.286	0.246	0.067	0.256	0.216	0.243	0.225	0.244	0.209	0.232	0.226	0.223	0.285	0.272	0.247	0.212	0.197	0.213	0.202	0.221	0.182	0.228	0.142	0.229	0.229	0.241	0.272	0.243	0.216	0.224	0.272	0.235	0.192	0.219	0.224	0.287	0.226	0.202	0.259	0.249	0.196	0.231	0.261	0.202	0.199	0.219	0.267	0.203	0.268	0.272	0.236	0.236	0.194	0.214	0.235	0.264	0.229	0.211	0.231	0.213	0.282	0.264	0.264	0.216
13:00:15	24.3	0.220	0.233	0.238	0.292	0.237	0.258	0.262	0.266	0.285	0.052	0.258	0.255	0.237	0.289	0.238	0.303	0.257	0.108	0.213	0.273	0.275	0.304	0.242	0.265	0.267	0.238	0.327	0.337	0.248	0.290	0.264	0.274	0.363	0.288	0.084	0.307	0.246	0.303	0.283	0.305	0.250	0.304	0.259	0.266	0.359	0.340	0.296	0.258	0.232	0.250	0.237	0.267	0.221	0.269	0.179	0.274	0.280	0.305	0.319	0.300	0.267	0.279	0.326	0.281	0.235	0.264	0.247	0.344	0.268	0.246	0.318	0.304	0.241	0.285	0.317	0.250	0.238	0.281	0.330	0.250	0.334	0.313	0.293	0.282	0.234	0.272	0.278	0.324	0.280	0.263	0.290	0.255	0.339	0.321	0.337	0.270
14:00:16	24.4	0.246	0.269	0.271	0.314	0.271	0.297	0.295	0.289	0.325	0.051	0.290	0.295	0.268	0.320	0.268	0.348	0.308	0.129	0.266	0.322	0.315	0.342	0.278	0.313	0.300	0.285	0.362	0.379	0.288	0.316	0.304	0.322	0.406	0.330	0.113	0.348	0.287	0.346	0.318	0.343	0.282	0.359	0.301	0.308	0.400	0.395	0.340	0.309	0.264	0.292	0.295	0.313	0.250	0.318	0.217	0.327	0.335	0.363	0.399	0.349	0.318	0.334	0.360	0.342	0.278	0.306	0.297	0.403	0.316	0.287	0.364	0.357	0.279	0.322	0.388	0.293	0.283	0.329	0.390	0.292	0.386	0.377	0.336	0.332	0.277	0.328	0.325	0.384	0.327	0.315	0.333	0.287	0.391	0.381	0.394	0.313
15:00:17	24.7	0.274	0.303	0.287	0.318	0.304	0.312	0.323	0.318	0.328	0.051	0.319	0.326	0.296	0.332	0.303	0.379	0.342	0.154	0.314	0.351	0.330	0.391	0.308	0.342	0.323	0.312	0.401	0.409	0.332	0.354	0.340	0.367	0.455	0.371	0.140	0.385	0.324	0.385	0.350	0.393	0.315	0.404	0.338	0.353	0.430	0.446	0.375	0.339	0.299	0.330	0.323	0.358	0.290	0.347	0.248	0.372	0.369	0.424	0.452	0.384	0.356	0.361	0.411	0.385	0.318	0.337	0.331	0.424	0.361	0.309	0.407	0.368	0.313	0.357	0.440	0.335	0.310	0.375	0.430	0.332	0.445	0.422	0.386	0.355	0.311	0.369	0.371	0.433	0.381	0.341	0.374	0.312	0.434	0.417	0.424	0.338
16:00:16	24.9	0.336	0.339	0.309	0.347	0.337	0.358	0.356	0.343	0.378	0.050	0.346	0.363	0.345	0.370	0.331	0.392	0.389	0.173	0.357	0.378	0.356	0.414	0.345	0.361	0.347	0.344	0.425	0.438	0.357	0.389	0.371	0.403	0.467	0.406	0.174	0.396	0.342	0.421	0.380	0.420	0.348	0.433	0.370	0.389	0.479	0.485	0.401	0.364	0.335	0.360	0.360	0.389	0.328	0.372	0.284	0.399	0.378	0.454	0.475	0.420	0.392	0.388	0.431	0.422	0.348	0.369	0.361	0.447	0.404	0.335	0.444	0.403	0.340	0.376	0.466	0.364	0.332	0.384	0.468	0.359	0.468	0.455	0.408	0.386	0.345	0.389	0.387	0.468	0.395	0.364	0.391	0.343	0.446	0.434	0.451	0.370
17:00:17	24.7	0.327	0.357	0.336	0.373	0.373	0.357	0.379	0.365	0.398	0.050	0.366	0.384	0.362	0.385	0.364	0.437	0.411	0.201	0.389	0.411	0.396	0.436	0.367	0.388	0.376	0.363	0.450	0.488	0.403	0.411	0.390	0.419	0.517	0.439	0.220	0.432	0.362	0.459	0.417	0.452	0.367	0.476	0.401	0.412	0.505	0.525	0.445	0.397	0.364	0.398	0.412	0.424	0.358	0.423	0.318	0.409	0.412	0.485	0.533	0.473	0.418	0.426	0.465	0.460	0.378	0.391	0.400	0.478	0.436	0.363	0.487	0.444	0.364	0.403	0.498	0.389	0.377	0.423	0.516	0.408	0.504	0.487	0.452	0.423	0.371	0.413	0.431	0.517	0.442	0.397	0.435	0.379	0.483	0.489	0.492	0.404
18:00:19	24.8	0.378	0.398	0.358	0.400	0.412	0.398	0.398	0.391	0.417	0.050	0.398	0.421	0.399	0.407	0.383	0.462	0.455	0.221	0.431	0.432	0.420	0.461	0.398	0.424	0.400	0.391	0.476	0.523	0.430	0.437	0.409	0.445	0.548	0.488	0.258	0.460	0.389	0.474	0.459	0.471	0.380	0.516	0.426	0.446	0.541	0.526	0.477	0.427	0.390	0.441	0.440	0.459	0.388	0.461	0.350	0.438	0.438	0.527	0.557	0.496	0.446	0.470	0.490	0.505	0.415	0.424	0.419	0.511	0.463	0.395	0.514	0.463	0.399	0.435	0.535	0.414	0.387	0.448	0.540	0.429	0.551	0.517	0.492	0.452	0.401	0.437	0.454	0.526	0.457	0.420	0.450	0.409	0.505	0.509	0.508	0.423
19:00:20	25.0	0.402	0.429	0.382	0.421	0.436	0.421	0.460	0.411	0.450	0.050	0.423	0.450	0.440	0.432	0.403	0.484	0.489	0.245	0.467	0.460	0.440	0.482	0.419	0.447	0.424	0.410	0.518	0.565	0.453	0.456	0.438	0.472	0.593	0.478	0.285	0.475	0.420	0.513	0.480	0.494	0.408	0.545	0.446	0.472	0.540	0.551	0.498	0.455	0.420	0.462	0.467	0.487	0.425	0.489	0.374	0.456	0.464	0.542	0.582	0.516	0.458	0.496	0.505	0.539	0.441	0.444	0.446	0.528	0.477	0.427	0.547	0.494	0.433	0.453	0.567	0.445	0.417	0.469	0.561	0.469	0.572	0.525	0.522	0.480	0.417	0.466	0.471	0.553	0.476	0.441	0.464	0.445	0.528	0.534	0.538	0.449
20:00:20	25.2	0.430	0.458	0.403	0.429	0.451	0.445	0.447	0.432	0.469	0.050	0.451	0.478	0.460	0.458	0.426	0.505	0.506	0.268	0.487	0.487	0.470	0.497	0.434	0.466	0.450	0.442	0.549	0.567	0.488	0.483	0.461	0.495	0.610	0.503	0.308	0.504	0.454	0.537	0.508	0.530	0.431	0.565	0.472	0.491	0.590	0.587	0.524	0.484	0.448	0.490	0.498	0.510	0.445	0.523	0.402	0.492	0.488	0.572	0.609	0.556	0.489	0.525	0.535	0.563	0.470	0.464	0.467	0.562	0.508	0.453	0.575	0.508	0.461	0.479	0.587	0.470	0.440	0.493	0.603	0.510	0.613	0.550	0.550	0.507	0.441	0.486	0.495	0.587	0.495	0.466	0.492	0.468	0.549	0.562	0.569	0.476
21:00:22	25.5	0.419	0.475	0.423	0.453	0.456	0.446	0.456	0.457	0.479	0.051	0.467	0.485	0.456	0.479	0.456	0.536	0.523	0.286	0.517	0.517	0.497	0.528	0.451	0.508	0.487	0.487	0.582	0.597	0.533	0.506	0.476	0.525	0.663	0.535	0.336	0.533	0.463	0.553	0.538	0.552	0.458	0.593	0.499	0.514	0.622	0.639	0.550	0.518	0.472	0.526	0.536	0.546	0.475	0.545	0.429	0.514	0.517	0.613	0.650	0.595	0.511	0.558	0.574	0.595	0.500	0.494	0.485	0.593	0.547	0.490	0.604	0.575	0.487	0.509	0.622	0.499	0.480	0.524	0.625	0.541	0.654	0.586	0.587	0.540	0.468	0.519	0.530	0.633	0.531	0.492	0.524	0.498	0.580	0.575	0.614	0.508
22:00:23	25.8	0.460	0.499	0.448	0.472	0.478	0.469	0.479	0.479	0.497	0.054	0.492	0.513	0.494	0.499	0.478	0.556	0.534	0.312	0.550	0.539	0.516	0.549	0.474	0.528	0.512	0.511	0.590	0.619	0.553	0.525	0.501	0.554	0.690	0.555	0.363	0.555	0.490	0.582	0.568	0.577	0.485	0.612	0.536	0.537	0.651	0.661	0.567	0.546	0.493	0.558	0.561	0.565	0.502	0.566	0.461	0.557	0.543	0.621	0.680	0.610	0.532	0.580	0.604	0.616	0.533	0.518	0.508	0.620	0.566	0.526	0.625	0.595	0.524	0.540	0.648	0.556	0.497	0.552	0.656	0.566	0.666	0.605	0.605	0.564	0.490	0.541	0.559	0.653	0.568	0.517	0.546	0.532	0.580	0.602	0.632	0.525
23:00:24	25.9	0.476	0.528	0.472	0.495	0.494	0.490	0.497	0.504	0.521	0.059	0.515	0.543	0.529	0.524	0.504	0.573	0.560	0.334	0.567	0.561	0.547	0.569	0.499	0.554	0.538	0.544	0.621	0.656	0.586	0.549	0.531	0.576	0.715	0.586	0.391	0.598	0.513	0.614	0.599	0.600	0.513	0.638	0.560	0.569	0.669	0.674	0.600	0.575	0.522	0.586	0.590	0.594	0.531	0.592	0.493	0.578	0.573	0.661	0.713	0.636	0.572	0.614	0.619	0.636	0.561	0.544	0.538	0.665	0.599	0.550	0.658	0.624	0.557	0.569	0.675	0.590	0.544	0.583	0.668	0.601	0.689	0.641	0.637	0.590	0.515	0.564	0.591	0.676	0.583	0.550	0.574	0.561	0.595	0.634	0.670	0.552
24:00:25	26.0	0.564	0.562	0.494	0.518	0.548	0.550	0.533	0.528	0.578	0.066	0.550	0.578	0.570	0.565	0.530	0.586	0.598	0.353	0.604	0.587	0.568	0.589	0.536	0.572	0.567	0.555	0.641	0.670	0.613	0.569	0.557	0.603	0.737	0.606	0.420	0.616	0.552	0.634	0.618	0.622	0.535	0.666	0.579	0.600	0.704	0.713	0.620	0.600	0.546	0.615	0.611	0.614	0.559	0.617	0.526	0.621	0.591	0.677	0.729	0.634	0.575	0.636	0.635	0.656	0.597	0.566	0.576	0.688	0.617	0.576	0.674	0.613	0.593	0.590	0.695	0.584	0.575	0.610	0.706	0.607	0.707	0.657	0.655	0.613	0.538	0.582	0.609	0.685	0.593	0.568	0.597	0.592	0.617	0.650	0.657	0.569
25:00:26	25.8	0.527	0.579	0.517	0.540	0.537	0.533	0.544	0.554	0.565	0.073	0.556	0.584	0.564	0.583	0.565	0.617	0.611	0.377	0.635	0.611	0.602	0.614	0.541	0.610	0.585	0.599	0.684	0.705	0.635	0.595	0.576	0.644	0.771	0.639	0.458	0.645	0.563	0.664	0.649	0.654	0.563	0.700	0.607	0.621	0.737	0.747	0.659	0.630	0.570	0.629	0.650	0.645	0.588	0.640	0.552	0.630	0.619	0.713	0.764	0.656	0.617	0.669	0.668	0.694	0.623	0.587	0.581	0.722	0.658	0.611	0.716	0.670	0.612	0.616	0.719	0.660	0.587	0.641	0.746	0.657	0.749	0.692	0.686	0.637	0.563	0.613	0.636	0.742	0.634	0.584	0.623	0.623	0.637	0.680	0.711	0.604
26:00:26	25.6	0.546	0.610	0.544	0.566	0.562	0.558	0.564	0.576	0.587	0.079	0.582	0.589	0.593	0.611	0.567	0.655	0.620	0.397	0.671	0.643	0.628	0.643	0.566	0.629	0.610	0.623	0.712	0.732	0.659	0.615	0.607	0.670	0.810	0.665	0.495	0.665	0.584	0.692	0.699	0.679	0.589	0.725	0.637	0.646	0.786	0.788	0.680	0.653	0.594	0.652	0.682	0.672	0.617	0.664	0.585	0.664	0.647	0.739	0.800	0.680	0.635	0.689	0.690	0.719	0.650	0.609	0.612	0.754	0.691	0.636	0.749	0.695	0.639	0.645	0.742	0.682	0.616	0.660	0.784	0.686	0.771	0.712	0.715	0.651	0.577	0.638	0.662	0.758	0.648	0.618	0.649	0.657	0.659	0.700	0.727	0.625
27:00:27	25.3	0.561	0.627	0.569	0.588	0.590	0.585	0.587	0.596	0.607	0.086	0.607	0.605	0.637	0.640	0.595	0.669	0.636	0.427	0.697	0.667	0.657	0.671	0.592	0.643	0.634	0.650	0.731	0.753	0.682	0.641	0.631	0.702	0.839	0.687	0.531	0.684	0.609	0.709	0.705	0.704	0.631	0.750	0.653	0.673	0.808	0.822	0.696	0.668	0.618	0.677	0.705	0.697	0.640	0.689	0.609	0.687	0.670	0.764	0.835	0.699	0.642	0.726	0.713	0.750	0.678	0.638	0.633	0.778	0.719	0.654	0.761	0.705	0.660	0.664	0.768	0.708	0.633	0.693	0.791	0.714	0.788	0.725	0.735	0.662	0.592	0.647	0.681	0.752	0.672	0.634	0.669	0.675	0.673	0.715	0.734	0.632
28:00:28	24.9	0.575	0.650	0.586	0.604	0.614	0.605	0.612	0.614	0.625	0.092	0.617	0.620	0.651	0.658	0.614	0.697	0.658	0.458	0.729	0.687	0.674	0.691	0.612	0.657	0.651	0.665	0.758	0.784	0.709	0.663	0.646	0.722	0.879	0.709	0.563	0.695	0.629	0.742	0.743	0.729	0.657	0.766	0.678	0.696	0.867	0.846	0.713	0.680	0.645	0.705	0.730	0.724	0.663	0.718	0.630	0.720	0.693	0.800	0.856	0.710	0.661	0.755	0.736	0.780	0.699	0.656	0.649	0.807	0.745	0.675	0.785	0.720	0.682	0.683	0.809	0.722	0.649	0.719	0.815	0.731	0.831	0.759	0.750	0.674	0.604	0.662	0.694	0.768	0.700	0.649	0.686	0.692	0.679	0.745	0.736	0.641
29:00:28	24.8	0.585	0.666	0.601	0.617	0.634	0.618	0.618	0.627	0.641	0.099	0.628	0.632	0.645	0.672	0.643	0.713	0.685	0.477	0.751	0.714	0.688	0.710	0.628	0.671	0.665	0.687	0.788	0.811	0.728	0.681	0.664	0.736	0.909	0.729	0.591	0.708	0.646	0.767	0.769	0.758	0.663	0.785	0.700	0.714	0.898	0.877	0.735	0.694	0.667	0.722	0.753	0.755	0.689	0.738	0.661	0.758	0.723	0.830	0.881	0.720	0.671	0.777	0.746	0.799	0.718	0.676	0.668	0.830	0.761	0.691	0.783	0.732	0.700	0.698	0.835	0.737	0.665	0.735	0.860	0.742	0.857	0.758	0.763	0.687	0.616	0.675	0.708	0.766	0.705	0.665	0.697	0.711	0.688	0.754	0.738	0.651
30:00:30	24.8	0.593	0.676	0.612	0.634	0.647	0.629	0.631	0.641	0.654	0.107	0.639	0.641	0.673	0.677	0.649	0.727	0.696	0.498	0.783	0.726	0.704	0.724	0.638	0.679	0.678	0.708	0.806	0.832	0.742	0.695	0.677	0.747	0.921	0.739	0.611	0.720	0.656	0.772	0.791	0.775	0.678	0.803	0.714	0.730	0.928	0.885	0.750	0.707	0.684	0.739	0.771	0.768	0.700	0.757	0.677	0.772	0.732	0.845	0.890	0.732	0.678	0.793	0.756	0.805	0.732	0.691	0.686	0.842	0.778	0.707	0.789	0.737	0.712	0.713	0.846	0.763	0.680	0.751	0.865	0.761	0.863	0.771	0.777	0.699	0.629	0.686	0.714	0.763	0.717	0.689	0.704	0.732	0.697	0.767	0.746	0.661
31:00:30	24.9	0.611	0.692	0.626	0.652	0.660	0.646	0.647	0.660	0.674	0.117	0.669	0.657	0.684	0.705	0.659	0.740	0.708	0.519	0.797	0.720	0.721	0.736	0.647	0.701	0.694	0.721	0.817	0.851	0.764	0.711	0.688	0.760	0.943	0.754	0.631	0.737	0.668	0.779	0.806	0.792	0.691	0.828	0.727	0.748	0.948	0.919	0.764	0.720	0.698	0.770	0.791	0.788	0.716	0.768	0.710	0.789	0.738	0.862	0.902	0.742	0.685	0.821	0.764	0.822	0.751	0.704	0.696	0.847	0.798	0.725	0.795	0.744	0.727	0.727	0.859	0.764	0.695	0.775	0.868	0.764	0.875	0.782	0.793	0.712	0.643	0.697	0.722	0.767	0.717	0.695	0.713	0.748	0.704	0.776	0.753	0.670
32:00:32	25.0	0.622	0.697	0.639	0.660	0.673	0.660	0.656	0.672	0.698	0.129	0.678	0.663	0.677	0.702	0.671	0.746	0.721	0.537	0.802	0.719	0.734	0.746	0.663	0.707	0.702	0.751	0.827	0.856	0.781	0.719	0.699	0.766	0.948	0.764	0.645	0.745	0.673	0.788	0.801	0.808	0.704	0.829	0.728	0.759	0.954	0.933	0.766	0.730	0.706	0.783	0.814	0.794	0.741	0.773	0.709	0.804	0.747	0.869	0.907	0.748	0.693	0.831	0.770	0.821	0.759	0.724	0.706	0.845	0.806	0.737	0.797	0.751	0.740	0.737	0.860	0.798	0.710	0.801	0.875	0.770	0.868	0.777	0.799	0.720	0.652	0.703	0.729	0.761	0.727	0.709	0.724	0.760	0.708	0.776	0.762	0.675
33:00:33	25.1	0.629	0.717	0.651	0.677	0.666	0.669	0.665	0.682	0.694	0.146	0.686	0.675	0.676	0.713	0.680	0.758	0.733	0.553	0.821	0.732	0.743	0.760	0.674	0.715	0.712	0.746	0.827	0.861	0.794	0.729	0.711	0.774	0.940	0.775	0.659	0.755	0.684	0.801	0.812	0.810	0.723	0.850	0.742	0.767	0.968	0.946	0.780	0.743	0.718	0.803	0.840	0.803	0.738	0.779	0.728	0.801	0.760	0.863	0.916	0.757	0.701	0.827	0.778	0.834	0.771	0.732	0.718	0.850	0.816	0.750	0.802	0.755	0.755	0.746	0.864	0.804	0.725	0.814	0.884	0.783	0.883	0.789	0.809	0.731	0.663	0.713	0.738	0.760	0.739	0.720	0.735	0.776	0.712	0.770	0.755	0.684
34:00:34	25.0	0.646	0.724	0.663	0.689	0.689	0.694	0.682	0.694	0.721	0.165	0.703	0.693	0.689	0.726	0.695	0.768	0.754	0.565	0.835	0.751	0.757	0.770	0.689	0.733	0.721	0.759	0.842	0.877	0.804	0.744	0.726	0.793	0.950	0.782	0.673	0.764	0.699	0.812	0.824	0.829	0.732	0.866	0.744	0.781	0.987	0.943	0.789	0.755	0.731	0.812	0.852	0.811	0.760	0.801	0.743	0.803	0.772	0.880	0.911	0.767	0.710	0.829	0.783	0.845	0.786	0.743	0.727	0.851	0.825	0.764	0.809	0.761	0.767	0.755	0.861	0.809	0.741	0.812	0.892	0.789	0.891	0.795	0.820	0.743	0.670	0.722	0.750	0.773	0.752	0.733	0.743	0.789	0.721	0.773	0.763	0.692
35:00:35	25.0	0.651	0.734	0.671	0.696	0.703	0.700	0.685	0.701	0.713	0.185	0.704	0.703	0.699	0.735	0.706	0.775	0.755	0.579	0.847	0.738	0.768	0.781	0.696	0.742	0.731	0.773	0.855	0.869	0.820	0.749	0.735	0.797	0.950	0.795	0.683	0.770	0.706	0.828	0.843	0.827	0.746	0.868	0.754	0.790	0.998	0.936	0.796	0.766	0.741	0.828	0.858	0.824	0.765	0.821	0.756	0.821	0.782	0.880	0.926	0.776	0.716	0.844	0.787	0.847	0.796	0.753	0.739	0.857	0.832	0.777	0.811	0.765	0.779	0.768	0.855	0.820	0.750	0.835	0.893	0.797	0.883	0.800	0.826	0.754	0.676	0.731	0.760	0.762	0.759	0.738	0.756	0.795	0.727	0.774	0.769	0.694
36:00:35	25.0	0.681	0.749	0.700	0.689	0.773	0.715	0.704	0.713	0.746	0.210	0.713	0.704	0.727	0.733	0.743	0.767	0.788	0.575	0.873	0.752	0.754	0.780	0.725	0.744	0.741	0.773	0.860	0.864	0.824	0.763	0.753	0.814	0.953	0.799	0.696	0.769	0.716	0.820	0.848	0.826	0.747	0.881	0.768	0.803	0.989	0.926	0.802	0.774	0.751	0.829	0.862	0.835	0.823	0.830	0.765	0.830	0.793	0.875	0.900	0.774	0.729	0.830	0.789	0.844	0.815	0.751	0.746	0.862	0.817	0.794	0.806	0.768	0.792	0.786	0.838	0.794	0.768	0.799	0.894	0.796	0.873	0.805	0.831	0.766	0.694	0.746	0.769	0.765	0.771	0.746	0.772	0.803	0.735	0.787	0.762	0.699
37:00:36	25.1	0.700	0.754	0.691	0.713	0.727	0.724	0.708	0.720	0.741	0.232	0.737	0.728	0.715	0.742	0.732	0.791	0.780	0.594	0.880	0.763	0.787	0.805	0.708	0.766	0.747	0.789	0.873	0.883	0.837	0.771	0.757	0.813	0.976	0.811	0.704	0.790	0.730	0.849	0.848	0.842	0.772	0.883	0.776	0.813	1.009	0.942	0.814	0.788	0.766	0.830	0.863	0.842	0.787	0.834	0.780	0.849	0.808	0.902	0.926	0.790	0.731	0.850	0.797	0.856	0.823	0.777	0.759	0.866	0.840	0.805	0.813	0.780	0.802	0.792	0.852	0.820	0.778	0.833	0.886	0.815	0.887	0.816	0.841	0.776	0.696	0.754	0.774	0.775	0.777	0.754	0.775	0.826	0.741	0.786	0.779	0.709
38:00:37	25.4	0.717	0.764	0.702	0.735	0.742	0.737	0.724	0.728	0.741	0.277	0.746	0.740	0.740	0.755	0.747	0.799	0.788	0.596	0.867	0.778	0.797	0.821	0.715	0.776	0.760	0.797	0.853	0.887	0.849	0.781	0.767	0.824	0.975	0.821	0.719	0.797	0.738	0.856	0.870	0.847	0.782	0.893	0.788	0.824	1.009	0.928	0.825	0.800	0.778	0.834	0.870	0.854	0.797	0.828	0.791	0.851	0.816	0.905	0.911	0.800	0.743	0.853	0.801	0.857	0.833	0.787	0.773	0.875	0.843	0.819	0.822	0.774	0.813	0.807	0.858	0.829	0.790	0.861	0.886	0.824	0.877	0.825	0.851	0.786	0.704	0.764	0.785	0.783	0.790	0.763	0.785	0.836	0.750	0.796	0.788	0.717
39:00:38	25.3	0.707	0.772	0.714	0.719	0.806	0.730	0.741	0.740	0.775	0.413	0.742	0.739	0.749	0.758	0.791	0.799	0.806	0.587	0.872	0.778	0.792	0.824	0.752	0.772	0.772	0.799	0.854	0.889	0.854	0.788	0.784	0.839	0.959	0.830	0.729	0.799	0.743	0.847	0.892	0.848	0.774	0.890	0.799	0.831	0.993	0.924	0.829	0.808	0.779	0.834	0.908	0.863	0.870	0.833	0.802	0.862	0.824	0.896	0.893	0.808	0.755	0.869	0.806	0.870	0.848	0.779	0.781	0.891	0.840	0.830	0.823	0.789	0.823	0.815	0.847	0.821	0.805	0.814	0.881	0.826	0.868	0.829	0.857	0.799	0.715	0.774	0.795	0.789	0.795	0.773	0.798	0.838	0.760	0.806	0.787	0.724
40:00:39	25.2	0.714	0.784	0.725	0.727	0.819	0.735	0.756	0.753	0.782	0.211	0.754	0.748	0.759	0.766	0.806	0.808	0.821	0.588	0.889	0.782	0.798	0.826	0.763	0.779	0.780	0.809	0.852	0.895	0.857	0.799	0.793	0.845	0.966	0.839	0.737	0.807	0.752	0.852	0.901	0.858	0.785	0.887	0.810	0.841	0.990	0.924	0.835	0.818	0.790	0.844	0.914	0.870	0.874	0.843	0.813	0.870	0.834	0.894	0.893	0.815	0.765	0.901	0.814	0.879	0.856	0.787	0.791	0.893	0.847	0.842	0.827	0.798	0.833	0.827	0.847	0.818	0.818	0.825	0.880	0.835	0.868	0.840	0.865	0.809	0.721	0.782	0.803	0.794	0.804	0.782	0.807	0.849	0.763	0.813	0.793	0.731
41:00:40	25.1	0.729	0.794	0.735	0.754	0.763	0.763	0.734	0.757	0.783	0.269	0.784	0.781	0.751	0.782	0.773	0.829	0.827	0.589	0.904	0.810	0.830	0.848	0.754	0.810	0.788	0.815	0.892	0.911	0.871	0.811	0.797	0.852	0.972	0.850	0.753	0.829	0.766	0.867	0.910	0.883	0.806	0.883	0.826	0.857	1.015	0.935	0.854	0.830	0.809	0.859	0.919	0.883	0.841	0.854	0.827	0.906	0.848	0.912	0.909	0.832	0.767	0.867	0.822	0.878	0.864	0.812	0.805	0.890	0.860	0.856	0.831	0.804	0.849	0.831	0.851	0.821	0.825	0.820	0.875	0.852	0.880	0.846	0.878	0.820	0.725	0.794	0.816	0.801	0.817	0.790	0.813	0.867	0.773	0.825	0.811	0.738
42:00:41	25.0	0.784	0.806	0.744	0.746	0.818	0.767	0.785	0.764	0.787	0.300	0.773	0.770	0.774	0.786	0.804	0.828	0.841	0.576	0.898	0.836	0.823	0.847	0.781	0.803	0.799	0.823	0.881	0.918	0.868	0.826	0.811	0.865	0.957	0.862	0.762	0.824	0.769	0.860	0.916	0.880	0.808	0.889	0.833	0.860	0.988	0.935	0.860	0.840	0.809	0.863	0.929	0.911	0.850	0.867	0.835	0.863	0.860	0.906	0.896	0.834	0.782	0.875	0.832	0.886	0.877	0.808	0.813	0.900	0.874	0.868	0.843	0.817	0.853	0.846	0.855	0.830	0.839	0.830	0.872	0.858	0.878	0.859	0.881	0.830	0.736	0.801	0.824	0.813	0.825	0.799	0.823	0.872	0.783	0.833	0.818	0.745
43:00:42	25.1	0.791	0.815	0.754	0.752	0.842	0.763	0.805	0.777	0.803	0.328	0.783	0.784	0.788	0.791	0.849	0.830	0.855	0.562	0.907	0.810	0.826	0.853	0.791	0.811	0.811	0.834	0.893	0.924	0.869	0.829	0.822	0.870	0.955	0.870	0.772	0.834	0.778	0.863	0.925	0.881	0.817	0.886	0.840	0.871	0.974	0.930	0.865	0.848	0.819	0.865	0.941	0.920	0.877	0.872	0.844	0.868	0.864	0.907	0.887	0.843	0.788	0.877	0.838	0.893	0.889	0.819	0.828	0.896	0.867	0.877	0.849	0.826	0.864	0.855	0.851	0.843	0.850	0.842	0.862	0.865	0.878	0.862	0.889	0.841	0.743	0.811	0.835	0.817	0.835	0.808	0.832	0.880	0.792	0.840	0.816	0.751
44:00:43	25.2	0.788	0.823	0.764	0.762	0.848	0.774	0.806	0.785	0.809	0.367	0.795	0.794	0.794	0.796	0.851	0.838	0.874	0.549	0.910	0.814	0.836	0.861	0.799	0.822	0.819	0.843	0.894	0.923	0.875	0.844	0.830	0.880	0.952	0.877	0.782	0.841	0.789	0.871	0.937	0.900	0.825	0.885	0.850	0.872	0.973	0.933	0.874	0.855	0.827	0.869	0.973	0.911	0.875	0.878	0.853	0.890	0.872	0.897	0.886	0.852	0.798	0.882	0.847	0.899	0.898	0.826	0.831	0.898	0.876	0.887	0.854	0.834	0.872	0.865	0.858	0.859	0.864	0.842	0.864	0.875	0.878	0.867	0.896	0.849	0.751	0.821	0.842	0.825	0.845	0.817	0.839	0.891	0.800	0.849	0.826	0.759
45:00:43	25.5	0.804	0.836	0.774	0.772	0.852	0.787	0.818	0.797	0.813	0.387	0.805	0.810	0.805	0.807	0.860	0.843	0.875	0.542	0.915	0.829	0.845	0.868	0.808	0.833	0.829	0.849	0.902	0.927	0.880	0.847	0.840	0.888	0.961	0.887	0.794	0.849	0.798	0.871	0.940	0.914	0.832	0.896	0.859	0.887	0.966	0.934	0.884	0.869	0.836	0.883	0.939	0.915	0.870	0.887	0.863	0.878	0.880	0.902	0.890	0.860	0.804	0.880	0.856	0.911	0.905	0.836	0.844	0.905	0.882	0.897	0.860	0.845	0.882	0.872	0.866	0.862	0.869	0.853	0.864	0.886	0.888	0.876	0.905	0.858	0.758	0.829	0.851	0.833	0.854	0.826	0.850	0.899	0.806	0.858	0.834	0.767
46:00:43	25.6	0.814	0.848	0.785	0.783	0.849	0.808	0.828	0.808	0.827	0.414	0.828	0.818	0.812	0.813	0.880	0.850	0.883	0.533	0.920	0.834	0.852	0.875	0.816	0.846	0.835	0.863	0.918	0.935	0.888	0.854	0.846	0.892	0.964	0.897	0.802	0.861	0.806	0.888	0.950	0.926	0.843	0.909	0.866	0.895	0.960	0.936	0.892	0.878	0.852	0.887	0.982	0.915	0.877	0.893	0.872	0.917	0.887	0.912	0.893	0.869	0.816	0.882	0.863	0.907	0.918	0.847	0.852	0.911	0.889	0.906	0.867	0.856	0.891	0.882	0.869	0.872	0.883	0.857	0.867	0.893	0.890	0.885	0.913	0.867	0.764	0.839	0.861	0.843	0.861	0.836	0.859	0.905	0.816	0.868	0.842	0.773
47:00:45	25.4	0.836	0.858	0.795	0.789	0.862	0.820	0.829	0.817	0.831	0.422	0.841	0.823	0.820	0.820	0.883	0.857	0.898	0.525	0.927	0.847	0.859	0.881	0.826	0.853	0.844	0.866	0.920	0.941	0.892	0.862	0.855	0.900	0.967	0.907	0.815	0.870	0.812	0.895	0.949	0.936	0.852	0.919	0.874	0.902	0.955	0.941	0.900	0.887	0.856	0.893	0.951	0.917	0.895	0.898	0.888	0.894	0.899	0.917	0.897	0.877	0.825	0.887	0.872	0.913	0.927	0.857	0.864	0.914	0.894	0.915	0.874	0.863	0.898	0.891	0.874	0.880	0.886	0.867	0.859	0.902	0.892	0.892	0.920	0.875	0.770	0.848	0.868	0.850	0.870	0.843	0.872	0.912	0.824	0.874	0.849	0.779
48:00:46	25.3	0.826	0.868	0.806	0.814	0.836	0.809	0.806	0.817	0.824	0.404	0.862	0.846	0.850	0.836	0.851	0.879	0.882	0.526	0.934	0.868	0.884	0.905	0.816	0.874	0.858	0.875	0.939	0.965	0.898	0.870	0.857	0.909	0.978	0.910	0.820	0.894	0.831	0.900	0.952	0.947	0.869	0.919	0.890	0.915	0.978	0.955	0.906	0.898	0.874	0.910	0.950	0.925	0.899	0.903	0.890	0.913	0.910	0.931	0.902	0.888	0.841	0.903	0.877	0.927	0.933	0.866	0.875	0.922	0.910	0.927	0.882	0.861	0.906	0.898	0.882	0.888	0.893	0.877	0.869	0.911	0.912	0.898	0.930	0.882	0.784	0.856	0.880	0.856	0.879	0.857	0.875	0.923	0.834	0.881	0.860	0.787
49:00:47	25.0	0.839	0.879	0.816	0.811	0.854	0.841	0.840	0.825	0.844	0.438	0.861	0.842	0.835	0.839	0.893	0.867	0.914	0.523	0.941	0.864	0.879	0.900	0.840	0.883	0.859	0.884	0.925	0.951	0.902	0.877	0.873	0.917	0.953	0.925	0.830	0.885	0.827	0.893	0.934	0.938	0.868	0.918	0.895	0.914	0.954	0.952	0.917	0.905	0.873	0.900	0.951	0.923	0.909	0.919	0.896	0.910	0.916	0.931	0.909	0.890	0.848	0.894	0.879	0.918	0.942	0.872	0.874	0.928	0.908	0.932	0.887	0.878	0.915	0.904	0.885	0.897	0.902	0.882	0.865	0.918	0.908	0.906	0.935	0.892	0.787	0.865	0.884	0.867	0.886	0.861	0.884	0.928	0.840	0.889	0.866	0.791
50:00:48	24.9	0.833	0.889	0.823	0.818	0.859	0.856	0.844	0.828	0.857	0.438	0.865	0.851	0.841	0.843	0.887	0.877	0.912	0.523	0.914	0.867	0.886	0.910	0.848	0.889	0.866	0.889	0.930	0.954	0.907	0.886	0.877	0.927	0.954	0.928	0.837	0.894	0.837	0.902	0.943	0.937	0.875	0.920	0.900	0.918	0.955	0.958	0.922	0.914	0.879	0.906	0.944	0.925	0.915	0.918	0.904	0.976	0.924	0.938	0.912	0.896	0.856	0.903	0.884	0.924	0.946	0.881	0.888	0.930	0.914	0.944	0.890	0.885	0.923	0.914	0.890	0.905	0.908	0.890	0.868	0.924	0.914	0.912	0.941	0.902	0.796	0.874	0.892	0.875	0.896	0.871	0.893	0.935	0.848	0.895	0.873	0.798
51:00:49	24.9	0.838	0.898	0.831	0.825	0.864	0.859	0.854	0.839	0.860	0.463	0.875	0.864	0.851	0.850	0.897	0.879	0.922	0.524	0.922	0.875	0.892	0.913	0.857	0.895	0.875	0.898	0.929	0.955	0.917	0.889	0.881	0.926	0.955	0.934	0.845	0.902	0.844	0.910	0.944	0.942	0.881	0.928	0.908	0.926	0.951	0.961	0.930	0.924	0.888	0.914	0.948	0.949	0.919	0.929	0.912	0.921	0.931	0.944	0.921	0.904	0.865	0.910	0.891	0.930	0.953	0.888	0.911	0.939	0.920	0.952	0.897	0.893	0.933	0.923	0.892	0.912	0.917	0.898	0.869	0.932	0.921	0.918	0.949	0.911	0.805	0.884	0.901	0.883	0.901	0.880	0.898	0.941	0.856	0.903	0.882	0.807
52:00:50	24.9	0.840	0.910	0.845	0.835	0.869	0.864	0.855	0.845	0.876	0.465	0.885	0.874	0.861	0.858	0.903	0.886	0.928	0.524	0.921	0.879	0.902	0.925	0.864	0.909	0.884	0.905	0.934	0.961	0.922	0.891	0.894	0.940	0.958	0.939	0.853	0.913	0.855	0.923	0.950	0.937	0.891	0.929	0.917	0.932	0.959	0.968	0.941	0.932	0.897	0.923	0.943	0.933	0.929	0.929	0.918	0.958	0.938	0.951	0.924	0.911	0.875	0.915	0.901	0.933	0.963	0.896	0.896	0.942	0.926	0.960	0.903	0.902	0.944	0.935	0.900	0.922	0.926	0.903	0.880	0.939	0.926	0.925	0.955	0.918	0.814	0.893	0.909	0.891	0.911	0.892	0.906	0.950	0.865	0.911	0.890	0.817
53:00:50	25.0	0.852	0.919	0.850	0.843	0.878	0.880	0.875	0.857	0.879	0.471	0.897	0.883	0.886	0.866	0.918	0.894	0.932	0.527	0.928	0.889	0.910	0.928	0.873	0.917	0.892	0.914	0.938	0.966	0.927	0.899	0.898	0.939	0.966	0.947	0.862	0.922	0.864	0.920	0.944	0.942	0.900	0.940	0.922	0.941	0.949	0.966	0.949	0.939	0.904	0.930	0.951	0.940	0.934	0.940	0.926	0.938	0.947	0.959	0.931	0.921	0.885	0.923	0.905	0.941	0.974	0.904	0.904	0.951	0.932	0.968	0.910	0.913	0.952	0.943	0.908	0.927	0.935	0.912	0.880	0.950	0.933	0.933	0.962	0.925	0.821	0.904	0.917	0.900	0.917	0.901	0.914	0.958	0.874	0.917	0.900	0.826
54:00:52	25.1	0.858	0.929	0.862	0.854	0.888	0.887	0.884	0.866	0.886	0.481	0.905	0.890	0.904	0.872	0.919	0.901	0.937	0.529	0.932	0.897	0.918	0.935	0.881	0.923	0.903	0.923	0.941	0.968	0.933	0.921	0.907	0.951	0.969	0.956	0.869	0.931	0.875	0.937	0.950	0.951	0.918	0.939	0.930	0.949	0.952	0.967	0.957	0.945	0.914	0.937	0.958	0.945	0.942	0.943	0.933	0.984	0.955	0.956	0.937	0.927	0.894	0.931	0.913	0.947	0.978	0.913	0.922	0.956	0.939	0.974	0.919	0.921	0.959	0.952	0.916	0.937	0.944	0.927	0.885	0.956	0.941	0.940	0.970	0.936	0.827	0.913	0.927	0.910	0.927	0.910	0.923	0.964	0.884	0.927	0.910	0.834
55:00:52	25.1	0.872	0.934	0.874	0.867	0.894	0.882	0.878	0.869	0.893	0.493	0.913	0.894	0.916	0.880	0.927	0.908	0.938	0.532	0.931	0.901	0.930	0.951	0.888	0.929	0.914	0.929	0.944	0.978	0.939	0.907	0.916	0.962	0.971	0.960	0.877	0.939	0.886	0.935	0.954	0.944	0.918	0.942	0.938	0.958	0.957	0.971	0.964	0.949	0.924	0.945	0.964	0.948	0.948	0.948	0.940	0.950	0.962	0.962	0.936	0.939	0.901	0.941	0.921	0.956	0.983	0.922	0.922	0.960	0.948	0.980	0.928	0.929	0.963	0.959	0.922	0.944	0.950	0.931	0.891	0.967	0.950	0.948	0.977	0.936	0.835	0.920	0.936	0.918	0.938	0.917	0.932	0.970	0.890	0.936	0.918	0.841
56:00:53	25.2	0.874	0.941	0.881	0.875	0.904	0.893	0.890	0.877	0.903	0.502	0.920	0.898	0.933	0.888	0.941	0.914	0.936	0.536	0.939	0.910	0.930	0.955	0.900	0.931	0.922	0.939	0.946	0.983	0.948	0.918	0.920	0.963	0.976	0.966	0.885	0.946	0.895	0.946	0.959	0.946	0.926	0.947	0.946	0.965	0.953	0.982	0.970	0.954	0.930	0.951	0.964	0.959	0.960	0.956	0.945	1.013	0.970	0.961	0.934	0.947	0.906	0.944	0.929	0.958	0.989	0.931	0.929	0.967	0.953	0.985	0.934	0.935	0.969	0.964	0.927	0.953	0.955	0.939	0.894	0.967	0.953	0.955	0.981	0.940	0.836	0.927	0.944	0.925	0.946	0.923	0.941	0.975	0.899	0.946	0.925	0.847
57:00:54	25.4	0.887	0.941	0.891	0.883	0.914	0.888	0.888	0.883	0.910	0.509	0.928	0.903	0.936	0.897	0.951	0.924	0.941	0.540	0.938	0.917	0.940	0.961	0.905	0.936	0.931	0.947	0.954	0.989	0.956	0.936	0.939	0.967	0.981	0.973	0.894	0.955	0.903	0.952	0.965	0.950	0.934	0.949	0.954	0.975	0.958	0.983	0.976	0.957	0.940	0.959	0.971	0.962	0.963	0.957	0.955	0.967	0.977	0.966	0.937	0.955	0.913	0.955	0.938	0.966	1.000	0.937	0.937	0.973	0.959	0.990	0.941	0.940	0.974	0.970	0.934	0.961	0.962	0.945	0.911	0.973	0.965	0.962	0.987	0.950	0.840	0.933	0.950	0.932	0.952	0.930	0.947	0.980	0.904	0.952	0.931	0.850
58:00:55	25.5	0.890	0.945	0.905	0.892	0.924	0.896	0.904	0.888	0.910	0.555	0.932	0.906	0.932	0.907	0.955	0.933	0.959	0.546	0.940	0.926	0.945	0.967	0.912	0.940	0.939	0.960	0.962	0.984	0.968	0.929	0.938	0.970	0.983	0.976	0.903	0.957	0.910	0.958	1.002	0.960	0.941	0.953	0.962	0.980	0.960	0.989	0.981	0.961	0.950	0.969	0.977	0.968	0.972	0.965	0.968	0.995	0.985	0.971	0.944	0.964	0.918	0.964	0.944	0.973	1.005	0.943	0.952	0.979	0.965	0.993	0.953	0.946	0.976	0.976	0.940	0.969	0.965	0.957	0.905	0.979	0.968	0.966	0.991	0.946	0.841	0.937	0.955	0.941	0.957	0.935	0.953	0.987	0.909	0.958	0.936	0.855
59:00:55	25.5	0.891	0.948	0.919	0.900	0.936	0.917	0.917	0.898	0.926	0.525	0.941	0.908	0.941	0.915	0.965	0.940	0.964	0.551	0.946	0.932	0.949	0.970	0.919	0.946	0.946	0.959	0.958	0.981	0.966	0.939	0.941	0.974	0.984	0.980	0.910	0.963	0.916	0.979	0.978	0.960	0.945	0.959	0.968	0.986	0.967	0.994	0.985	0.964	0.961	0.978	0.982	0.973	0.981	0.975	0.973	0.985	0.993	0.981	0.948	0.969	0.922	0.969	0.948	0.978	1.010	0.948	0.947	0.984	0.969	0.998	0.953	0.950	0.980	0.980	0.974	0.976	0.970	0.957	0.913	0.983	0.974	0.972	0.996	0.949	0.844	0.942	0.962	0.943	0.963	0.940	0.959	0.993	0.915	0.964	0.941	0.857
60:00:57	25.5	0.887	0.950	0.916	0.907	0.945	0.913	0.908	0.894	0.933	0.520	0.939	0.907	0.933	0.922	0.961	0.946	0.963	0.560	0.952	0.937	0.955	0.973	0.924	0.945	0.953	0.965	0.967	0.986	0.971	0.941	0.948	0.981	0.988	0.985	0.918	0.966	0.919	0.975	1.010	0.969	0.949	0.965	0.974	0.987	0.968	0.998	0.989	0.966	0.969	0.987	0.993	0.984	0.987	0.985	0.980	1.040	0.999	0.992	0.952	0.975	0.926	0.976	0.954	0.985	1.005	0.953	0.970	0.990	0.977	1.003	0.961	0.954	0.981	0.984	0.953	0.981	0.975	0.961	0.920	0.987	0.979	0.978	0.998	0.952	0.842	0.946	0.966	0.947	0.969	0.942	0.962	0.993	0.917	0.969	0.946	0.858
61:00:57	25.7	0.885	0.953	0.929	0.908	0.955	0.920	0.913	0.912	0.934	0.547	0.949	0.912	0.944	0.929	0.972	0.950	0.967	0.563	0.958	0.944	0.959	0.975	0.927	0.951	0.958	0.972	0.970	0.994	0.978	0.952	0.948	0.982	0.990	0.983	0.923	0.970	0.924	0.983	0.989	0.970	0.954	0.973	0.980	0.995	0.972	0.999	0.992	0.971	0.974	0.994	0.999	0.990	0.993	0.986	0.985	0.998	1.000	0.996	0.961	0.979	0.928	0.982	0.957	0.988	1.006	0.959	0.961	0.994	0.980	1.005	0.964	0.956	0.985	0.988	0.963	0.987	0.979	0.969	0.922	0.993	0.987	0.978	1.002	0.955	0.842	0.949	0.971	0.950	0.972	0.945	0.967	0.997	0.921	0.973	0.949	0.858
62:00:59	26.1	0.908	0.939	0.928	0.919	0.943	0.900	0.908	0.914	0.933	0.554	0.964	0.902	0.930	0.941	0.960	0.961	0.953	0.574	0.951	0.948	0.968	0.977	0.914	0.950	0.962	0.976	0.976	1.002	0.982	0.949	0.954	0.988	0.997	0.979	0.925	0.981	0.928	0.990	0.997	0.974	0.967	0.974	0.988	1.006	0.971	1.008	0.988	0.971	0.982	1.004	1.006	0.998	0.999	0.987	0.990	1.049	1.005	1.002	0.961	0.981	0.932	0.986	0.965	0.993	1.009	0.965	0.970	0.996	0.985	1.010	0.970	0.960	0.983	0.990	0.974	0.991	0.980	0.974	0.933	0.997	0.992	0.984	1.005	0.957	0.839	0.950	0.970	0.953	0.977	0.944	0.970	0.999	0.918	0.976	0.953	0.860
63:01:00	26.5	0.893	0.951	0.929	0.918	0.953	0.919	0.913	0.907	0.934	0.549	0.955	0.904	0.948	0.938	0.984	0.965	0.987	0.571	0.961	0.958	0.964	0.982	0.933	0.953	0.963	0.977	0.972	0.997	0.983	0.952	0.967	0.986	0.998	0.987	0.928	0.979	0.929	0.991	1.000	0.975	0.967	0.977	0.987	1.004	0.975	1.010	0.994	0.972	0.982	1.005	1.007	0.998	1.000	0.994	0.993	1.008	1.008	1.003	0.967	0.986	0.934	0.989	0.968	0.994	1.009	0.973	0.966	1.002	0.986	1.009	0.972	0.961	0.987	0.992	0.971	0.996	0.983	0.978	0.937	0.996	0.992	0.986	1.007	0.957	0.837	0.954	0.976	0.955	0.979	0.949	0.971	0.999	0.923	0.979	0.953	0.859
64:01:01	27.1	0.901	0.955	0.934	0.920	0.956	0.919	0.915	0.912	0.939	0.554	0.955	0.903	0.953	0.943	0.985	0.963	0.986	0.574	0.959	0.962	0.965	0.982	0.933	0.952	0.966	0.980	0.976	0.996	0.994	0.954	0.959	0.992	0.994	0.987	0.932	0.983	0.932	0.993	1.005	0.976	0.967	0.980	0.990	1.005	0.978	1.014	0.995	0.972	0.984	1.009	1.012	1.003	1.003	0.998	0.995	1.013	1.008	1.004	0.971	0.985	0.936	0.994	0.970	0.999	1.011	0.973	0.969	1.002	0.987	1.011	0.972	0.964	0.988	0.993	0.976	0.999	0.984	0.984	0.935	0.999	0.994	0.987	1.008	0.957	0.837	0.956	0.977	0.957	0.981	0.950	0.972	1.001	0.924	0.981	0.957	0.859
65:01:01	27.7	0.893	0.954	0.941	0.921	0.963	0.930	0.926	0.917	0.942	0.565	0.958	0.904	0.953	0.946	0.987	0.972	0.995	0.579	0.964	0.983	0.964	0.979	0.936	0.952	0.970	0.983	0.979	0.996	0.988	0.959	0.959	0.993	0.997	0.986	0.935	0.981	0.933	0.998	1.005	0.980	0.969	0.981	0.992	1.007	0.975	1.012	0.996	0.973	0.986	1.014	1.017	1.004	1.006	0.999	0.997	1.015	1.008	1.006	0.975	0.988	0.938	0.997	0.971	1.001	1.013	0.978	0.985	1.009	0.984	1.012	0.974	0.966	0.989	0.996	0.978	1.001	0.985	0.986	0.945	1.000	0.997	0.989	1.012	0.957	0.835	0.957	0.980	0.958	0.982	0.951	0.973	1.002	0.926	0.982	0.958	0.857
66:01:01	28.4	0.902	0.946	0.938	0.926	0.950	0.915	0.918	0.913	0.935	0.567	0.957	0.900	0.950	0.948	0.987	0.968	0.993	0.580	0.955	0.979	0.967	0.988	0.933	0.953	0.971	0.989	0.981	0.996	0.988	0.956	0.958	0.997	0.993	0.985	0.934	0.987	0.934	1.000	1.005	0.983	0.970	0.984	0.993	1.008	0.983	1.010	0.996	0.972	0.988	1.015	1.017	1.003	1.007	1.004	0.996	1.016	1.009	1.003	0.976	0.988	0.937	0.998	0.973	1.000	1.013	0.975	0.968	1.002	0.987	1.013	0.975	0.966	0.986	0.996	0.987	1.002	0.986	0.987	0.942	1.001	0.998	0.989	1.011	0.955	0.831	0.956	0.979	0.959	0.983	0.950	0.975	1.002	0.924	0.983	0.958	0.855
67:01:03	28.9	0.886	0.945	0.944	0.928	0.955	0.913	0.924	0.914	0.928	0.583	0.957	0.900	0.951	0.949	1.001	0.973	1.010	0.585	0.959	0.981	0.967	0.983	0.936	0.952	0.972	0.987	0.985	0.999	0.990	0.957	0.960	1.003	0.998	0.984	0.936	0.985	0.935	1.004	1.010	0.984	0.972	0.984	0.993	1.007	0.977	1.011	0.996	0.974	0.990	1.017	1.017	1.006	1.009	1.005	0.998	1.018	1.011	1.004	0.977	0.992	0.938	0.998	0.973	1.001	1.014	0.980	0.973	1.004	0.985	1.014	0.977	0.967	0.987	0.998	0.984	1.003	0.988	0.990	0.942	1.003	0.998	0.990	1.012	0.957	0.829	0.956	0.980	0.961	0.984	0.950	0.975	1.001	0.925	0.985	0.958	0.854
68:01:04	29.4	0.882	0.943	0.942	0.928	0.952	0.905	0.914	0.912	0.938	0.576	0.958	0.896	0.935	0.950	0.987	0.971	0.993	0.593	0.957	0.989	0.964	0.985	0.933	0.951	0.972	0.986	0.984	0.996	0.988	0.956	0.958	0.997	0.992	0.983	0.934	0.984	0.933	1.004	1.006	0.982	0.972	0.980	1.001	1.007	0.976	1.009	0.995	0.973	0.989	1.015	1.016	1.005	1.006	1.001	0.998	1.050	1.009	1.001	0.975	0.991	0.937	1.001	0.972	1.000	1.012	0.978	0.970	1.002	0.982	1.012	0.976	0.966	0.984	0.996	0.984	1.004	0.988	0.988	0.941	1.002	0.998	0.989	1.012	0.955	0.823	0.955	0.979	0.958	0.984	0.949	0.974	1.000	0.922	0.984	0.957	0.852
69:01:05	29.9	0.881	0.940	0.942	0.931	0.948	0.906	0.905	0.914	0.936	0.588	0.956	0.892	0.929	0.951	0.987	0.967	1.002	0.597	0.954	0.982	0.968	0.987	0.933	0.952	0.972	0.986	0.985	0.993	0.987	0.972	0.958	0.998	0.991	0.983	0.933	0.983	0.932	1.002	1.003	0.989	0.972	0.978	0.992	1.008	0.978	1.008	0.995	0.972	0.990	1.014	1.013	1.003	1.007	1.000	0.997	1.019	1.011	1.000	0.974	0.990	0.936	0.998	0.972	0.998	1.011	0.978	0.972	1.001	0.982	1.013	0.975	0.965	0.982	0.996	0.987	1.003	0.986	0.987	0.942	1.000	0.997	0.989	1.011	0.955	0.817	0.952	0.978	0.956	0.982	0.946	0.973	1.000	0.920	0.982	0.955	0.847
70:01:06	30.4	0.874	0.942	0.954	0.928	0.957	0.902	0.913	0.917	0.930	0.597	0.955	0.888	0.928	0.949	0.987	0.968	0.994	0.597	0.962	0.988	0.962	0.978	0.934	0.951	0.972	0.986	0.986	0.994	0.987	0.958	0.970	0.997	0.993	0.982	0.934	0.979	0.929	1.003	1.011	0.980	0.970	0.978	0.990	1.007	0.969	1.009	0.994	0.970	0.989	1.014	1.013	1.001	1.007	1.001	0.997	1.017	1.008	0.997	0.969	0.989	0.934	1.000	0.971	0.997	1.011	0.979	0.969	1.002	0.977	1.013	0.975	0.964	0.982	0.995	0.985	1.003	0.985	0.988	0.939	1.000	0.996	0.988	1.009	0.953	0.809	0.950	0.977	0.955	0.980	0.946	0.970	0.998	0.919	0.982	0.954	0.842
71:01:07	30.5	0.876	0.953	0.942	0.932	0.954	0.913	0.911	0.914	0.940	0.610	0.953	0.878	0.927	0.948	0.982	0.971	0.988	0.604	0.953	0.986	0.963	0.983	0.930	0.945	0.968	0.985	0.980	0.991	0.983	0.956	0.953	0.993	0.986	0.978	0.931	0.979	0.927	1.000	1.000	0.979	0.965	0.972	0.987	1.009	0.969	1.004	0.991	0.967	0.985	1.011	1.008	1.000	1.001	0.997	0.996	1.015	1.005	0.994	0.970	0.983	0.931	0.996	0.968	0.993	1.008	0.975	0.977	0.999	0.976	1.011	0.972	0.961	0.976	0.995	0.981	1.000	0.983	0.983	0.935	0.995	0.995	0.987	1.008	0.947	0.799	0.946	0.973	0.950	0.977	0.941	0.967	0.995	0.914	0.976	0.950	0.837
72:01:08	30.5	0.870	0.963	0.948	0.941	0.951	0.914	0.918	0.919	0.933	0.592	0.949	0.871	0.926	0.947	0.982	0.963	0.985	0.604	0.946	0.979	0.961	0.980	0.922	0.940	0.964	0.982	0.991	0.987	0.985	0.957	0.952	0.991	0.984	0.973	0.928	0.976	0.925	1.000	0.999	0.977	0.963	0.971	0.985	1.004	0.966	1.001	0.988	0.961	0.984	1.010	1.008	0.994	0.997	0.993	0.994	1.011	1.004	0.993	0.966	0.979	0.927	0.994	0.965	0.990	1.006	0.974	0.976	0.997	0.973	1.010	0.972	0.958	0.974	0.992	0.978	0.997	0.982	0.983	0.934	0.993	0.991	0.984	1.005	0.943	0.785	0.942	0.971	0.948	0.974	0.939	0.964	0.993	0.911	0.974	0.947	0.829

