Time	T° 600	A1	A2	A3	A4	A5	A6	A7	A8	A9	A10	A11	A12	B1	B2	B3	B4	B5	B6	B7	B8	B9	B10	B11	B12	C1	C2	C3	C4	C5	C6	C7	C8	C9	C10	C11	C12	D1	D2	D3	D4	D5	D6	D7	D8	D9	D10	D11	D12	E1	E2	E3	E4	E5	E6	E7	E8	E9	E10	E11	E12	F1	F2	F3	F4	F5	F6	F7	F8	F9	F10	F11	F12	G1	G2	G3	G4	G5	G6	G7	G8	G9	G10	G11	G12	H1	H2	H3	H4	H5	H6	H7	H8	H9	H10	H11	H12
0:00:06	24.1	0.045	0.045	0.049	0.047	0.046	0.047	0.046	0.044	0.048	0.045	0.050	0.046	0.044	0.046	0.045	0.047	0.047	0.044	0.044	0.045	0.047	0.050	0.048	0.048	0.046	0.045	0.045	0.045	0.046	0.045	0.044	0.044	0.047	0.050	0.045	0.047	0.046	0.045	0.046	0.044	0.043	0.046	0.048	0.047	0.045	0.049	0.047	0.048	0.050	0.041	0.050	0.047	0.046	0.048	0.047	0.044	0.044	0.044	0.044	0.044	0.046	0.045	0.048	0.046	0.044	0.044	0.046	0.046	0.045	0.043	0.045	0.043	0.048	0.045	0.049	0.046	0.047	0.044	0.048	0.049	0.049	0.046	0.047	0.045	0.045	0.049	0.047	0.044	0.044	0.045	0.047	0.047	0.053	0.049	0.045	0.047
1:00:05	24.3	0.046	0.046	0.050	0.048	0.046	0.048	0.047	0.045	0.050	0.046	0.050	0.047	0.045	0.047	0.046	0.048	0.047	0.045	0.045	0.046	0.047	0.050	0.048	0.049	0.048	0.046	0.046	0.045	0.046	0.045	0.045	0.045	0.048	0.051	0.046	0.048	0.047	0.045	0.047	0.046	0.044	0.047	0.048	0.048	0.046	0.050	0.048	0.049	0.051	0.042	0.051	0.048	0.047	0.049	0.048	0.045	0.045	0.044	0.045	0.045	0.047	0.045	0.049	0.047	0.045	0.045	0.047	0.047	0.045	0.044	0.045	0.044	0.049	0.046	0.050	0.047	0.047	0.045	0.050	0.050	0.049	0.046	0.049	0.047	0.046	0.050	0.048	0.045	0.045	0.045	0.048	0.048	0.054	0.050	0.046	0.048
2:00:05	24.3	0.048	0.048	0.052	0.050	0.048	0.050	0.049	0.047	0.052	0.048	0.052	0.049	0.047	0.049	0.048	0.050	0.049	0.047	0.047	0.048	0.049	0.053	0.050	0.051	0.050	0.048	0.048	0.047	0.048	0.047	0.047	0.047	0.050	0.052	0.047	0.050	0.048	0.048	0.049	0.047	0.046	0.048	0.050	0.049	0.048	0.052	0.050	0.050	0.052	0.043	0.052	0.049	0.048	0.051	0.050	0.047	0.047	0.047	0.047	0.047	0.049	0.047	0.051	0.049	0.047	0.047	0.049	0.049	0.047	0.047	0.047	0.046	0.051	0.048	0.052	0.049	0.049	0.047	0.052	0.052	0.051	0.049	0.051	0.049	0.048	0.052	0.050	0.047	0.047	0.047	0.050	0.050	0.056	0.052	0.048	0.050
3:00:06	24.5	0.051	0.051	0.055	0.054	0.052	0.053	0.053	0.050	0.056	0.050	0.056	0.052	0.051	0.052	0.051	0.053	0.052	0.050	0.050	0.051	0.052	0.056	0.054	0.054	0.053	0.052	0.051	0.050	0.051	0.050	0.050	0.050	0.053	0.056	0.048	0.053	0.051	0.051	0.051	0.051	0.049	0.051	0.053	0.053	0.051	0.055	0.053	0.054	0.055	0.047	0.055	0.053	0.051	0.053	0.053	0.050	0.051	0.050	0.051	0.050	0.052	0.051	0.054	0.052	0.050	0.050	0.051	0.052	0.051	0.051	0.051	0.049	0.054	0.051	0.056	0.053	0.052	0.050	0.055	0.055	0.055	0.052	0.054	0.052	0.051	0.055	0.053	0.050	0.050	0.051	0.053	0.053	0.059	0.055	0.051	0.053
4:00:07	24.7	0.066	0.069	0.077	0.074	0.071	0.074	0.074	0.070	0.080	0.062	0.077	0.076	0.068	0.072	0.071	0.076	0.071	0.070	0.070	0.075	0.075	0.079	0.078	0.075	0.068	0.074	0.070	0.070	0.070	0.069	0.069	0.070	0.074	0.077	0.050	0.073	0.066	0.070	0.070	0.070	0.069	0.070	0.073	0.071	0.073	0.078	0.075	0.071	0.068	0.065	0.075	0.073	0.071	0.071	0.071	0.069	0.072	0.073	0.073	0.070	0.068	0.071	0.074	0.073	0.071	0.071	0.072	0.074	0.074	0.068	0.074	0.069	0.069	0.069	0.078	0.074	0.073	0.072	0.075	0.077	0.077	0.075	0.070	0.071	0.065	0.072	0.074	0.068	0.072	0.072	0.070	0.069	0.080	0.077	0.074	0.073
5:00:08	24.5	0.087	0.085	0.097	0.093	0.083	0.089	0.088	0.082	0.097	0.066	0.094	0.087	0.092	0.088	0.084	0.089	0.080	0.078	0.078	0.086	0.087	0.092	0.089	0.086	0.086	0.076	0.079	0.078	0.078	0.075	0.077	0.078	0.085	0.087	0.057	0.085	0.084	0.086	0.076	0.081	0.076	0.078	0.081	0.077	0.077	0.084	0.081	0.089	0.081	0.077	0.081	0.081	0.081	0.078	0.080	0.076	0.084	0.082	0.078	0.082	0.081	0.080	0.081	0.085	0.078	0.082	0.080	0.080	0.081	0.083	0.083	0.081	0.084	0.080	0.089	0.085	0.082	0.082	0.087	0.087	0.085	0.083	0.084	0.085	0.082	0.084	0.083	0.080	0.084	0.081	0.083	0.083	0.090	0.088	0.084	0.084
6:00:08	24.3	0.123	0.123	0.128	0.138	0.115	0.120	0.130	0.136	0.146	0.075	0.141	0.133	0.129	0.124	0.121	0.128	0.110	0.103	0.112	0.125	0.125	0.129	0.133	0.130	0.124	0.101	0.112	0.109	0.108	0.104	0.114	0.115	0.124	0.143	0.070	0.121	0.120	0.122	0.107	0.126	0.112	0.108	0.116	0.109	0.112	0.124	0.125	0.127	0.110	0.110	0.111	0.118	0.113	0.106	0.108	0.106	0.126	0.128	0.113	0.120	0.115	0.116	0.123	0.119	0.114	0.115	0.113	0.114	0.125	0.128	0.122	0.122	0.119	0.123	0.131	0.125	0.116	0.118	0.118	0.124	0.121	0.130	0.124	0.123	0.122	0.116	0.119	0.110	0.125	0.121	0.115	0.119	0.125	0.123	0.120	0.118
7:00:09	24.0	0.195	0.201	0.212	0.226	0.184	0.209	0.208	0.210	0.233	0.109	0.224	0.210	0.211	0.208	0.204	0.223	0.176	0.163	0.186	0.215	0.210	0.218	0.228	0.199	0.198	0.161	0.194	0.188	0.174	0.169	0.187	0.187	0.206	0.221	0.094	0.191	0.194	0.199	0.187	0.204	0.177	0.184	0.190	0.177	0.196	0.202	0.196	0.188	0.173	0.193	0.188	0.197	0.180	0.176	0.169	0.177	0.211	0.204	0.181	0.189	0.185	0.206	0.198	0.194	0.190	0.175	0.177	0.190	0.203	0.189	0.196	0.185	0.170	0.190	0.209	0.212	0.183	0.200	0.192	0.206	0.198	0.203	0.191	0.192	0.189	0.180	0.188	0.177	0.201	0.197	0.180	0.180	0.198	0.197	0.196	0.186
8:00:09	23.7	0.298	0.301	0.306	0.330	0.276	0.313	0.312	0.309	0.347	0.170	0.326	0.314	0.309	0.305	0.305	0.330	0.265	0.254	0.280	0.322	0.317	0.329	0.323	0.299	0.298	0.259	0.288	0.282	0.265	0.256	0.284	0.290	0.309	0.331	0.138	0.290	0.293	0.301	0.284	0.304	0.271	0.278	0.298	0.272	0.296	0.298	0.296	0.275	0.246	0.291	0.291	0.294	0.279	0.280	0.275	0.269	0.318	0.313	0.276	0.292	0.278	0.310	0.305	0.298	0.294	0.260	0.271	0.298	0.313	0.271	0.297	0.277	0.253	0.289	0.317	0.314	0.286	0.305	0.289	0.315	0.307	0.310	0.289	0.293	0.283	0.273	0.290	0.282	0.307	0.291	0.279	0.264	0.304	0.300	0.298	0.285
9:00:11	23.5	0.389	0.393	0.411	0.428	0.382	0.425	0.431	0.421	0.465	0.249	0.448	0.425	0.403	0.423	0.418	0.466	0.380	0.353	0.401	0.446	0.453	0.461	0.460	0.405	0.395	0.369	0.409	0.398	0.374	0.367	0.399	0.404	0.438	0.459	0.203	0.410	0.391	0.412	0.394	0.426	0.373	0.390	0.435	0.387	0.412	0.419	0.414	0.365	0.345	0.396	0.405	0.400	0.399	0.401	0.393	0.386	0.464	0.448	0.405	0.412	0.383	0.425	0.429	0.412	0.418	0.380	0.385	0.428	0.433	0.376	0.419	0.395	0.351	0.393	0.453	0.433	0.405	0.440	0.427	0.451	0.439	0.441	0.407	0.422	0.379	0.376	0.403	0.394	0.428	0.414	0.396	0.359	0.431	0.427	0.420	0.397
10:00:13	23.1	0.467	0.480	0.509	0.514	0.487	0.539	0.543	0.539	0.573	0.325	0.562	0.534	0.486	0.543	0.521	0.583	0.511	0.439	0.508	0.559	0.557	0.583	0.570	0.493	0.480	0.491	0.528	0.531	0.497	0.484	0.520	0.532	0.557	0.575	0.285	0.520	0.464	0.521	0.517	0.543	0.501	0.495	0.546	0.504	0.516	0.538	0.526	0.447	0.456	0.510	0.526	0.505	0.516	0.509	0.519	0.494	0.581	0.568	0.527	0.517	0.471	0.545	0.554	0.531	0.535	0.492	0.497	0.547	0.550	0.484	0.527	0.505	0.431	0.490	0.578	0.545	0.521	0.549	0.550	0.566	0.563	0.574	0.494	0.531	0.448	0.478	0.512	0.503	0.559	0.532	0.519	0.456	0.554	0.560	0.532	0.498
11:00:13	22.8	0.515	0.546	0.590	0.577	0.574	0.630	0.623	0.634	0.654	0.386	0.654	0.613	0.544	0.643	0.605	0.670	0.597	0.496	0.598	0.638	0.649	0.674	0.658	0.556	0.530	0.595	0.611	0.627	0.584	0.586	0.612	0.624	0.648	0.668	0.375	0.607	0.529	0.615	0.623	0.642	0.602	0.587	0.651	0.608	0.612	0.644	0.628	0.513	0.525	0.603	0.621	0.587	0.616	0.599	0.625	0.588	0.687	0.660	0.624	0.608	0.540	0.650	0.652	0.635	0.634	0.590	0.596	0.660	0.642	0.593	0.628	0.593	0.496	0.564	0.687	0.628	0.638	0.655	0.646	0.666	0.665	0.689	0.570	0.616	0.499	0.568	0.612	0.594	0.671	0.650	0.618	0.570	0.670	0.670	0.633	0.584
12:00:14	22.6	0.564	0.595	0.649	0.634	0.644	0.697	0.685	0.702	0.714	0.437	0.723	0.679	0.607	0.720	0.672	0.741	0.671	0.553	0.670	0.695	0.720	0.743	0.733	0.610	0.586	0.680	0.695	0.704	0.662	0.665	0.690	0.703	0.717	0.738	0.438	0.680	0.581	0.686	0.702	0.712	0.681	0.666	0.715	0.687	0.681	0.714	0.693	0.569	0.598	0.685	0.691	0.655	0.699	0.667	0.709	0.669	0.753	0.734	0.691	0.673	0.605	0.724	0.733	0.710	0.703	0.662	0.663	0.741	0.715	0.681	0.708	0.658	0.543	0.632	0.759	0.702	0.719	0.731	0.723	0.737	0.736	0.767	0.634	0.681	0.543	0.638	0.689	0.674	0.752	0.729	0.688	0.663	0.752	0.750	0.701	0.653
13:00:15	22.5	0.607	0.645	0.708	0.690	0.701	0.744	0.742	0.763	0.767	0.487	0.783	0.725	0.670	0.755	0.738	0.793	0.730	0.601	0.729	0.743	0.753	0.781	0.787	0.660	0.641	0.748	0.758	0.766	0.724	0.732	0.758	0.765	0.772	0.791	0.487	0.738	0.623	0.746	0.756	0.767	0.750	0.718	0.777	0.746	0.737	0.766	0.756	0.616	0.662	0.740	0.738	0.710	0.762	0.721	0.769	0.722	0.811	0.798	0.754	0.734	0.658	0.776	0.797	0.778	0.759	0.728	0.732	0.798	0.767	0.756	0.762	0.714	0.589	0.696	0.825	0.740	0.785	0.773	0.772	0.784	0.791	0.814	0.698	0.740	0.577	0.696	0.757	0.741	0.821	0.796	0.760	0.751	0.800	0.816	0.759	0.705
14:00:16	22.5	0.655	0.690	0.744	0.722	0.745	0.783	0.782	0.804	0.803	0.531	0.822	0.761	0.708	0.800	0.781	0.825	0.779	0.642	0.773	0.766	0.804	0.834	0.824	0.706	0.684	0.800	0.802	0.813	0.775	0.779	0.801	0.806	0.826	0.839	0.528	0.793	0.661	0.790	0.817	0.814	0.794	0.766	0.828	0.801	0.776	0.803	0.811	0.655	0.724	0.799	0.773	0.750	0.795	0.752	0.816	0.762	0.850	0.836	0.793	0.783	0.696	0.835	0.847	0.826	0.805	0.779	0.782	0.831	0.817	0.819	0.821	0.758	0.627	0.746	0.883	0.790	0.838	0.820	0.818	0.823	0.844	0.850	0.741	0.789	0.611	0.745	0.813	0.792	0.861	0.844	0.811	0.819	0.859	0.869	0.813	0.744
15:00:16	22.4	0.682	0.717	0.770	0.760	0.761	0.807	0.801	0.828	0.830	0.572	0.843	0.786	0.746	0.845	0.819	0.856	0.807	0.677	0.799	0.805	0.835	0.855	0.856	0.744	0.727	0.837	0.835	0.842	0.800	0.818	0.831	0.841	0.854	0.870	0.566	0.831	0.691	0.831	0.855	0.857	0.835	0.796	0.861	0.844	0.811	0.845	0.837	0.693	0.763	0.841	0.800	0.781	0.835	0.790	0.851	0.801	0.880	0.863	0.833	0.814	0.742	0.858	0.885	0.868	0.851	0.817	0.821	0.870	0.857	0.859	0.854	0.796	0.662	0.791	0.911	0.808	0.872	0.858	0.855	0.863	0.879	0.895	0.778	0.828	0.641	0.794	0.848	0.843	0.903	0.891	0.853	0.881	0.898	0.907	0.855	0.776
16:00:17	22.5	0.716	0.755	0.786	0.784	0.774	0.825	0.818	0.848	0.838	0.608	0.858	0.814	0.779	0.872	0.849	0.873	0.833	0.710	0.825	0.829	0.855	0.874	0.873	0.784	0.758	0.861	0.850	0.865	0.826	0.843	0.864	0.857	0.876	0.893	0.598	0.850	0.717	0.855	0.884	0.880	0.864	0.825	0.878	0.872	0.835	0.872	0.859	0.725	0.787	0.866	0.830	0.804	0.870	0.829	0.882	0.821	0.904	0.885	0.867	0.839	0.776	0.901	0.905	0.889	0.871	0.850	0.859	0.897	0.876	0.883	0.876	0.822	0.693	0.821	0.920	0.841	0.899	0.894	0.884	0.887	0.913	0.915	0.817	0.860	0.667	0.821	0.874	0.873	0.930	0.913	0.887	0.922	0.920	0.922	0.871	0.804
17:00:18	22.5	0.755	0.790	0.802	0.824	0.785	0.832	0.825	0.855	0.857	0.646	0.869	0.830	0.816	0.885	0.872	0.890	0.855	0.743	0.834	0.870	0.894	0.899	0.885	0.819	0.804	0.887	0.878	0.885	0.861	0.863	0.878	0.883	0.888	0.913	0.626	0.872	0.754	0.880	0.901	0.903	0.880	0.858	0.917	0.881	0.851	0.892	0.880	0.763	0.820	0.885	0.863	0.824	0.901	0.854	0.897	0.838	0.924	0.911	0.886	0.859	0.810	0.906	0.925	0.904	0.895	0.868	0.873	0.917	0.908	0.907	0.892	0.845	0.727	0.850	0.943	0.861	0.911	0.892	0.909	0.916	0.936	0.930	0.846	0.884	0.700	0.845	0.895	0.899	0.941	0.930	0.902	0.951	0.938	0.933	0.891	0.834
18:00:19	22.6	0.783	0.812	0.813	0.846	0.803	0.835	0.833	0.851	0.874	0.677	0.883	0.849	0.839	0.907	0.885	0.924	0.869	0.762	0.877	0.888	0.911	0.918	0.906	0.845	0.831	0.909	0.903	0.904	0.878	0.875	0.894	0.900	0.911	0.924	0.656	0.889	0.780	0.896	0.923	0.918	0.904	0.885	0.938	0.894	0.875	0.915	0.897	0.787	0.838	0.903	0.886	0.855	0.928	0.877	0.912	0.880	0.956	0.937	0.911	0.875	0.824	0.934	0.940	0.928	0.924	0.875	0.881	0.952	0.933	0.932	0.912	0.867	0.754	0.861	0.979	0.892	0.929	0.933	0.935	0.951	0.954	0.954	0.875	0.906	0.727	0.860	0.906	0.924	0.963	0.939	0.924	0.971	0.955	0.951	0.905	0.852
19:00:21	22.5	0.807	0.837	0.828	0.867	0.814	0.848	0.847	0.872	0.882	0.708	0.898	0.870	0.854	0.920	0.905	0.926	0.880	0.779	0.897	0.888	0.929	0.936	0.936	0.861	0.853	0.934	0.919	0.932	0.905	0.900	0.927	0.918	0.948	0.958	0.690	0.909	0.801	0.917	0.951	0.949	0.920	0.904	0.961	0.920	0.907	0.932	0.917	0.815	0.853	0.921	0.918	0.874	0.945	0.906	0.947	0.898	0.984	0.965	0.938	0.890	0.842	0.958	0.967	0.950	0.950	0.895	0.904	0.974	0.948	0.948	0.935	0.880	0.783	0.881	1.004	0.904	0.946	0.953	0.951	0.978	0.987	0.968	0.900	0.925	0.744	0.871	0.918	0.946	0.982	0.971	0.932	0.996	0.970	0.970	0.925	0.868
20:00:21	22.5	0.826	0.854	0.837	0.889	0.820	0.852	0.855	0.878	0.905	0.734	0.908	0.889	0.874	0.951	0.929	0.947	0.896	0.792	0.913	0.931	0.951	0.966	0.954	0.885	0.873	0.955	0.947	0.941	0.919	0.923	0.944	0.940	0.968	0.982	0.719	0.925	0.821	0.929	0.973	0.969	0.945	0.931	0.982	0.939	0.930	0.961	0.935	0.836	0.871	0.945	0.952	0.903	0.969	0.934	0.973	0.914	0.998	0.980	0.955	0.908	0.856	0.975	0.981	0.967	0.974	0.908	0.926	0.989	0.971	0.970	0.958	0.893	0.803	0.896	1.018	0.939	0.963	0.982	0.978	1.005	1.003	0.990	0.920	0.940	0.764	0.887	0.935	0.965	1.001	0.981	0.948	1.029	0.996	0.990	0.942	0.879
21:00:22	22.5	0.847	0.870	0.856	0.908	0.834	0.869	0.873	0.885	0.925	0.760	0.929	0.902	0.893	0.968	0.948	0.964	0.908	0.802	0.942	0.957	0.978	0.980	0.975	0.899	0.892	0.979	0.964	0.968	0.932	0.939	0.962	0.957	0.981	1.007	0.743	0.938	0.838	0.952	0.985	0.985	0.969	0.947	1.002	0.952	0.937	0.985	0.948	0.857	0.884	0.963	0.966	0.914	0.992	0.952	0.976	0.947	1.018	1.003	0.972	0.923	0.870	1.001	0.998	0.991	0.999	0.921	0.948	1.018	0.988	0.983	0.971	0.912	0.825	0.912	1.041	0.955	0.975	1.012	0.996	1.033	1.022	1.008	0.940	0.959	0.783	0.903	0.952	0.991	1.017	1.001	0.965	1.052	1.012	1.005	0.956	0.897
22:00:24	22.4	0.866	0.888	0.871	0.923	0.848	0.873	0.892	0.898	0.938	0.786	0.944	0.919	0.909	0.995	0.962	0.980	0.933	0.808	0.963	0.979	1.000	1.004	0.990	0.916	0.910	0.998	0.984	0.986	0.950	0.961	0.983	0.978	1.007	1.024	0.764	0.957	0.857	0.965	1.004	1.006	0.983	0.973	1.027	0.972	0.958	1.008	0.969	0.875	0.905	0.978	0.978	0.928	1.012	0.941	1.015	0.966	1.040	1.030	0.992	0.936	0.883	1.017	1.015	1.012	1.015	0.943	0.955	1.036	1.011	1.004	0.993	0.919	0.849	0.930	1.055	0.966	0.997	1.024	1.016	1.040	1.046	1.026	0.960	0.974	0.804	0.920	0.964	1.006	1.026	1.019	0.975	1.070	1.030	1.018	0.970	0.910
23:00:25	22.5	0.886	0.897	0.891	0.942	0.861	0.889	0.910	0.908	0.958	0.804	0.975	0.924	0.927	1.002	0.979	0.980	0.943	0.807	0.979	0.988	0.998	1.017	1.004	0.931	0.934	1.015	0.994	0.990	0.976	0.975	0.999	0.986	1.017	1.043	0.784	0.971	0.872	0.984	1.017	1.024	0.990	1.000	1.046	0.989	0.977	1.031	0.983	0.889	0.921	0.995	1.004	0.938	1.032	0.999	1.034	0.980	1.060	1.043	1.012	0.958	0.900	1.047	1.025	1.023	1.033	0.958	0.973	1.061	1.017	1.020	1.002	0.939	0.868	0.944	1.071	0.997	1.012	1.073	1.027	1.058	1.079	1.033	0.974	0.990	0.823	0.934	0.974	1.019	1.037	1.034	0.991	1.093	1.038	1.015	0.986	0.924
24:00:24	22.5	0.902	0.919	0.902	0.953	0.869	0.903	0.915	0.918	0.979	0.824	0.984	0.945	0.941	1.027	0.995	0.995	0.946	0.799	0.999	0.990	1.022	1.026	1.013	0.948	0.945	1.031	1.014	1.009	0.979	0.982	1.006	1.006	1.043	1.055	0.805	0.985	0.890	0.992	1.033	1.039	1.000	1.004	1.038	1.006	0.993	1.041	1.000	0.907	0.936	1.018	1.012	0.967	1.042	0.994	1.052	1.002	1.074	1.059	1.021	0.965	0.908	1.054	1.040	1.038	1.051	0.971	0.990	1.077	1.035	1.038	1.016	0.949	0.887	0.954	1.085	1.004	1.015	1.078	1.043	1.086	1.101	1.042	0.995	1.003	0.836	0.948	0.991	1.035	1.050	1.043	1.004	1.110	1.049	1.037	0.995	0.934
25:00:25	22.5	0.918	0.917	0.938	0.967	0.883	0.930	0.944	0.944	0.990	0.835	1.010	0.954	0.954	1.038	1.017	1.006	0.953	0.804	1.014	1.016	1.025	1.050	1.029	0.962	0.960	1.040	1.024	1.012	0.989	0.991	1.017	1.022	1.047	1.071	0.823	0.999	0.906	1.008	1.042	1.045	0.999	1.024	1.070	1.013	1.011	1.056	1.012	0.923	0.953	1.023	1.035	0.950	1.064	1.030	1.059	1.022	1.079	1.074	1.033	0.976	0.928	1.074	1.047	1.054	1.075	0.986	1.005	1.085	1.042	1.053	1.032	0.961	0.901	0.966	1.095	1.028	1.018	1.095	1.050	1.098	1.112	1.041	1.002	1.014	0.847	0.959	0.998	1.049	1.065	1.046	1.024	1.125	1.052	1.043	1.008	0.954
26:00:26	22.5	0.927	0.926	0.959	0.979	0.896	0.939	0.957	0.962	1.000	0.852	1.024	0.973	0.970	1.055	1.032	1.022	0.972	0.817	1.034	1.024	1.047	1.057	1.042	0.976	0.971	1.052	1.037	1.040	0.999	1.003	1.023	1.031	1.063	1.080	0.841	1.010	0.919	1.016	1.064	1.060	0.993	1.050	1.085	1.022	1.036	1.071	1.025	0.936	0.969	1.040	1.061	0.980	1.067	1.040	1.075	1.035	1.073	1.076	1.045	0.979	0.939	1.091	1.061	1.060	1.083	0.993	1.020	1.099	1.050	1.072	1.049	0.972	0.916	0.975	1.094	1.043	1.024	1.104	1.057	1.113	1.121	1.048	1.014	1.027	0.854	0.974	1.011	1.056	1.062	1.056	1.029	1.149	1.067	1.055	1.022	0.964
27:00:27	22.5	0.942	0.946	0.962	0.988	0.906	0.951	0.967	0.971	1.016	0.867	1.039	0.986	0.981	1.071	1.049	1.033	0.974	0.820	1.039	1.056	1.059	1.063	1.057	0.989	0.983	1.068	1.049	1.047	1.015	1.001	1.043	1.050	1.083	1.098	0.858	1.022	0.930	1.036	1.077	1.075	0.994	1.048	1.087	1.041	1.045	1.078	1.035	0.948	0.983	1.046	1.067	1.018	1.096	1.033	1.092	1.058	1.107	1.084	1.057	0.990	0.942	1.107	1.064	1.079	1.093	1.005	1.031	1.114	1.058	1.079	1.057	0.980	0.930	0.987	1.101	1.043	1.042	1.118	1.071	1.116	1.138	1.059	1.027	1.041	0.861	0.985	1.022	1.066	1.074	1.067	1.033	1.170	1.081	1.061	1.028	0.976
28:00:29	22.6	0.948	0.979	0.950	0.981	0.899	0.957	0.941	0.959	1.013	0.881	1.010	1.002	0.975	1.065	1.036	1.027	0.963	0.788	1.039	1.060	1.049	1.050	1.037	0.989	0.978	1.049	1.043	1.026	1.014	1.005	1.032	1.039	1.071	1.093	0.864	1.008	0.933	1.031	1.069	1.076	0.975	1.065	1.101	1.024	1.060	1.072	1.025	0.951	0.970	1.042	1.078	1.006	1.095	1.071	1.087	1.058	1.100	1.081	1.059	0.984	0.947	1.100	1.056	1.066	1.096	1.003	1.028	1.104	1.057	1.065	1.059	0.977	0.944	0.993	1.091	1.061	1.046	1.134	1.066	1.143	1.137	1.065	1.032	1.035	0.891	0.987	1.015	1.046	1.070	1.085	1.035	1.175	1.093	1.049	1.018	0.971
29:00:29	22.6	0.962	0.962	0.988	1.002	0.933	0.983	0.994	0.993	1.034	0.890	1.055	1.012	1.012	1.082	1.070	1.038	0.996	0.809	1.061	1.075	1.077	1.082	1.081	1.007	1.016	1.074	1.057	1.058	1.010	1.026	1.055	1.065	1.097	1.121	0.882	1.040	0.952	1.051	1.097	1.084	0.986	1.073	1.099	1.058	1.052	1.093	1.056	0.974	0.994	1.058	1.097	0.996	1.116	1.061	1.097	1.076	1.116	1.098	1.084	1.010	0.964	1.124	1.064	1.102	1.119	1.027	1.049	1.125	1.073	1.095	1.075	0.998	0.957	1.005	1.113	1.050	1.046	1.147	1.077	1.147	1.144	1.056	1.060	1.060	0.877	0.995	1.041	1.080	1.087	1.083	1.059	1.201	1.094	1.070	1.047	0.999
30:00:31	22.5	0.969	0.974	1.007	1.009	0.949	0.996	1.006	1.015	1.038	0.905	1.062	1.030	1.022	1.089	1.085	1.050	1.003	0.821	1.082	1.074	1.077	1.076	1.088	1.024	1.022	1.077	1.067	1.068	1.027	1.031	1.061	1.073	1.099	1.107	0.902	1.055	0.965	1.061	1.106	1.103	0.987	1.090	1.111	1.065	1.058	1.103	1.064	0.983	1.008	1.063	1.103	1.028	1.106	1.082	1.114	1.091	1.127	1.103	1.097	1.016	0.972	1.124	1.065	1.110	1.135	1.031	1.057	1.126	1.086	1.101	1.081	1.007	0.972	1.018	1.121	1.055	1.056	1.163	1.085	1.160	1.139	1.063	1.069	1.075	0.875	1.015	1.052	1.097	1.098	1.073	1.068	1.216	1.091	1.081	1.063	1.012
31:00:31	22.6	0.971	0.989	1.016	1.018	0.958	1.003	1.010	1.011	1.057	0.919	1.073	1.038	1.024	1.094	1.106	1.051	1.006	0.814	1.058	1.077	1.093	1.092	1.095	1.027	1.029	1.091	1.080	1.072	1.040	1.038	1.071	1.087	1.100	1.128	0.916	1.061	0.971	1.073	1.115	1.105	0.978	1.097	1.117	1.068	1.067	1.104	1.075	0.992	1.019	1.081	1.114	1.000	1.122	1.076	1.127	1.109	1.141	1.112	1.098	1.023	0.979	1.137	1.075	1.119	1.142	1.051	1.071	1.145	1.100	1.113	1.100	1.017	0.976	1.030	1.124	1.059	1.080	1.168	1.096	1.169	1.169	1.083	1.078	1.083	0.873	1.019	1.063	1.114	1.108	1.085	1.079	1.231	1.098	1.090	1.069	1.016
32:00:33	22.5	0.976	0.999	1.021	1.034	0.966	1.008	1.009	1.016	1.065	0.937	1.083	1.046	1.028	1.093	1.110	1.065	1.045	0.805	1.086	1.051	1.098	1.099	1.094	1.030	1.036	1.103	1.086	1.088	1.049	1.048	1.079	1.101	1.115	1.129	0.931	1.074	0.979	1.087	1.120	1.123	0.998	1.093	1.149	1.081	1.064	1.118	1.081	0.997	1.032	1.085	1.107	1.057	1.138	1.077	1.173	1.115	1.165	1.125	1.112	1.036	0.989	1.143	1.076	1.127	1.136	1.059	1.081	1.146	1.115	1.121	1.108	1.029	0.986	1.044	1.140	1.046	1.087	1.173	1.095	1.179	1.172	1.088	1.085	1.086	0.878	1.031	1.064	1.137	1.117	1.095	1.084	1.242	1.107	1.099	1.076	1.023
33:00:34	22.5	0.985	1.025	1.030	1.038	0.955	1.010	0.987	1.016	1.069	0.942	1.068	1.042	1.021	1.076	1.092	1.071	1.029	0.796	1.074	1.035	1.076	1.076	1.089	1.018	1.029	1.102	1.063	1.081	1.033	1.025	1.064	1.085	1.110	1.115	0.931	1.054	0.976	1.072	1.111	1.115	0.982	1.100	1.131	1.070	1.081	1.104	1.077	0.993	1.019	1.084	1.109	1.054	1.108	1.085	1.168	1.111	1.149	1.126	1.099	1.016	0.992	1.137	1.089	1.109	1.117	1.047	1.066	1.142	1.113	1.094	1.097	1.015	0.986	1.047	1.124	1.067	1.088	1.177	1.086	1.174	1.172	1.103	1.083	1.077	0.909	1.025	1.048	1.105	1.097	1.093	1.077	1.253	1.093	1.077	1.054	1.009
34:00:34	22.4	0.994	1.009	1.051	1.028	0.998	1.032	1.037	1.045	1.075	0.942	1.091	1.051	1.051	1.082	1.124	1.094	1.057	0.840	1.067	1.072	1.096	1.101	1.126	1.038	1.051	1.117	1.098	1.101	1.048	1.066	1.088	1.109	1.119	1.144	0.941	1.085	0.993	1.100	1.132	1.117	1.007	1.100	1.133	1.098	1.050	1.113	1.097	1.006	1.040	1.094	1.134	1.038	1.137	1.081	1.193	1.121	1.164	1.141	1.124	1.054	1.000	1.142	1.097	1.140	1.139	1.065	1.087	1.154	1.128	1.119	1.119	1.032	0.995	1.058	1.143	1.088	1.096	1.180	1.094	1.178	1.176	1.085	1.096	1.089	0.882	1.031	1.070	1.132	1.106	1.099	1.087	1.263	1.105	1.091	1.082	1.029
35:00:35	22.5	1.006	1.022	1.062	1.036	1.010	1.045	1.039	1.054	1.086	0.953	1.100	1.060	1.052	1.090	1.134	1.103	1.090	0.836	1.091	1.031	1.101	1.107	1.137	1.046	1.055	1.118	1.103	1.110	1.064	1.086	1.091	1.117	1.129	1.152	0.956	1.095	1.003	1.107	1.135	1.131	1.024	1.093	1.156	1.107	1.056	1.121	1.101	1.012	1.049	1.101	1.127	1.033	1.128	1.092	1.205	1.140	1.170	1.163	1.138	1.063	1.006	1.159	1.099	1.141	1.140	1.080	1.099	1.167	1.150	1.120	1.128	1.036	1.000	1.065	1.151	1.049	1.102	1.179	1.098	1.188	1.196	1.095	1.102	1.098	0.884	1.040	1.078	1.135	1.112	1.106	1.101	1.269	1.110	1.097	1.085	1.035
36:00:36	22.4	1.015	1.030	1.072	1.042	1.016	1.055	1.044	1.062	1.092	0.958	1.100	1.068	1.062	1.096	1.146	1.138	1.106	0.853	1.098	1.067	1.103	1.111	1.154	1.060	1.064	1.129	1.110	1.113	1.102	1.100	1.110	1.128	1.140	1.160	0.967	1.102	1.006	1.112	1.149	1.121	1.042	1.093	1.184	1.115	1.063	1.128	1.114	1.014	1.057	1.110	1.129	1.032	1.131	1.103	1.208	1.140	1.179	1.173	1.138	1.072	1.009	1.164	1.104	1.149	1.154	1.085	1.106	1.173	1.166	1.112	1.134	1.042	1.008	1.069	1.174	1.105	1.109	1.187	1.099	1.183	1.195	1.103	1.102	1.103	0.886	1.046	1.077	1.150	1.124	1.108	1.100	1.267	1.113	1.100	1.091	1.036
37:00:37	22.4	1.019	1.035	1.069	1.054	1.017	1.056	1.052	1.059	1.111	0.965	1.109	1.072	1.063	1.109	1.147	1.139	1.135	0.877	1.100	1.020	1.109	1.122	1.184	1.069	1.069	1.131	1.121	1.134	1.144	1.103	1.119	1.135	1.150	1.176	0.977	1.103	1.016	1.124	1.145	1.144	1.043	1.066	1.192	1.114	1.037	1.145	1.119	1.020	1.060	1.117	1.149	1.035	1.148	1.106	1.226	1.141	1.180	1.194	1.143	1.086	1.016	1.176	1.112	1.154	1.168	1.098	1.123	1.181	1.175	1.115	1.141	1.049	1.014	1.079	1.184	1.084	1.123	1.199	1.121	1.205	1.202	1.114	1.107	1.105	0.888	1.050	1.085	1.162	1.161	1.114	1.107	1.281	1.116	1.108	1.095	1.037
38:00:38	22.5	1.015	1.045	1.080	1.061	1.030	1.063	1.065	1.079	1.129	0.971	1.113	1.076	1.079	1.112	1.169	1.160	1.134	0.887	1.099	1.007	1.134	1.142	1.180	1.077	1.076	1.144	1.127	1.137	1.152	1.099	1.132	1.145	1.160	1.194	0.985	1.112	1.014	1.129	1.152	1.140	1.056	1.036	1.193	1.130	1.012	1.144	1.127	1.024	1.072	1.123	1.154	1.030	1.135	1.083	1.228	1.159	1.192	1.210	1.160	1.096	1.024	1.176	1.121	1.164	1.161	1.106	1.129	1.183	1.183	1.107	1.152	1.052	1.019	1.081	1.215	1.107	1.120	1.197	1.119	1.196	1.209	1.127	1.118	1.114	0.888	1.055	1.092	1.167	1.175	1.119	1.111	1.285	1.123	1.111	1.100	1.039
39:00:38	22.6	1.010	1.054	1.091	1.064	1.040	1.075	1.087	1.099	1.139	0.979	1.122	1.079	1.089	1.122	1.177	1.170	1.157	0.896	1.117	1.032	1.162	1.164	1.182	1.091	1.083	1.156	1.134	1.151	1.147	1.104	1.138	1.157	1.171	1.199	0.992	1.114	1.015	1.134	1.155	1.150	1.074	1.063	1.200	1.141	1.026	1.156	1.137	1.027	1.083	1.134	1.163	1.040	1.141	1.093	1.224	1.159	1.191	1.207	1.175	1.106	1.031	1.183	1.127	1.171	1.167	1.115	1.145	1.193	1.203	1.107	1.156	1.055	1.028	1.095	1.224	1.101	1.128	1.202	1.121	1.206	1.220	1.139	1.125	1.122	0.893	1.063	1.101	1.172	1.185	1.129	1.119	1.278	1.126	1.116	1.105	1.042
40:00:39	22.7	1.029	1.059	1.093	1.075	1.039	1.077	1.101	1.102	1.149	0.988	1.128	1.086	1.093	1.131	1.191	1.177	1.151	0.906	1.119	1.004	1.183	1.174	1.185	1.106	1.084	1.165	1.154	1.156	1.149	1.106	1.148	1.161	1.184	1.195	1.002	1.119	1.019	1.146	1.163	1.158	1.073	1.045	1.194	1.150	1.058	1.157	1.140	1.036	1.089	1.140	1.169	1.042	1.142	1.087	1.218	1.150	1.200	1.216	1.173	1.106	1.036	1.185	1.132	1.175	1.180	1.120	1.157	1.193	1.193	1.111	1.160	1.062	1.035	1.104	1.228	1.119	1.140	1.209	1.133	1.214	1.234	1.150	1.131	1.130	0.900	1.070	1.108	1.184	1.196	1.141	1.129	1.297	1.137	1.122	1.107	1.044
41:00:41	22.8	1.028	1.067	1.092	1.084	1.035	1.081	1.089	1.099	1.152	0.987	1.126	1.084	1.101	1.138	1.189	1.162	1.126	0.907	1.097	1.025	1.186	1.184	1.181	1.113	1.085	1.168	1.156	1.158	1.160	1.098	1.155	1.161	1.195	1.203	1.005	1.121	1.025	1.146	1.166	1.148	1.076	1.017	1.196	1.152	1.030	1.159	1.147	1.038	1.100	1.146	1.161	1.055	1.135	1.042	1.213	1.155	1.186	1.207	1.184	1.113	1.035	1.193	1.126	1.174	1.197	1.123	1.154	1.202	1.208	1.112	1.172	1.064	1.037	1.108	1.232	1.060	1.143	1.225	1.138	1.229	1.234	1.155	1.131	1.128	0.904	1.072	1.108	1.183	1.191	1.141	1.135	1.297	1.134	1.119	1.107	1.044
42:00:42	22.7	1.026	1.073	1.064	1.098	1.004	1.088	1.079	1.093	1.155	0.979	1.119	1.079	1.091	1.137	1.147	1.164	1.101	0.901	1.080	0.986	1.170	1.188	1.194	1.083	1.061	1.177	1.154	1.164	1.169	1.129	1.165	1.167	1.198	1.215	1.001	1.115	1.031	1.153	1.171	1.142	1.062	0.992	1.183	1.137	0.998	1.168	1.139	1.049	1.101	1.138	1.146	1.041	1.139	1.075	1.199	1.184	1.172	1.195	1.178	1.130	1.035	1.190	1.120	1.172	1.181	1.152	1.166	1.200	1.222	1.099	1.226	1.060	1.039	1.115	1.196	1.044	1.160	1.232	1.134	1.231	1.253	1.150	1.141	1.121	0.939	1.065	1.094	1.153	1.195	1.134	1.124	1.295	1.135	1.106	1.093	1.045
43:00:43	22.7	1.032	1.085	1.086	1.101	1.014	1.099	1.126	1.099	1.175	0.984	1.125	1.084	1.126	1.147	1.153	1.165	1.119	0.915	1.123	1.058	1.183	1.197	1.204	1.093	1.091	1.168	1.170	1.175	1.163	1.144	1.177	1.176	1.221	1.218	1.003	1.120	1.039	1.161	1.167	1.145	1.092	1.052	1.165	1.146	0.990	1.175	1.158	1.051	1.116	1.145	1.157	1.042	1.145	1.067	1.218	1.193	1.192	1.210	1.190	1.138	1.035	1.213	1.120	1.173	1.186	1.151	1.167	1.202	1.234	1.096	1.224	1.059	1.044	1.119	1.183	1.091	1.171	1.253	1.126	1.240	1.248	1.156	1.148	1.122	0.943	1.064	1.098	1.182	1.195	1.130	1.124	1.314	1.133	1.104	1.093	1.045
44:00:42	22.6	1.024	1.087	1.138	1.089	1.065	1.158	1.216	1.158	1.208	0.996	1.141	1.088	1.174	1.160	1.192	1.152	1.141	0.946	1.144	1.055	1.205	1.236	1.202	1.116	1.124	1.179	1.206	1.192	1.201	1.163	1.207	1.206	1.236	1.210	1.021	1.136	1.043	1.170	1.178	1.156	1.122	1.045	1.209	1.182	0.986	1.214	1.181	1.050	1.140	1.160	1.172	1.050	1.171	1.084	1.228	1.192	1.214	1.226	1.220	1.172	1.045	1.221	1.139	1.183	1.211	1.172	1.186	1.236	1.230	1.116	1.206	1.078	1.047	1.134	1.230	1.117	1.184	1.231	1.134	1.257	1.257	1.186	1.146	1.140	0.934	1.069	1.104	1.172	1.221	1.133	1.118	1.313	1.136	1.127	1.130	1.048
45:00:43	22.6	1.048	1.089	1.145	1.105	1.067	1.167	1.237	1.159	1.228	1.007	1.143	1.094	1.187	1.169	1.196	1.161	1.156	0.946	1.150	1.052	1.210	1.240	1.207	1.132	1.132	1.180	1.210	1.199	1.195	1.174	1.210	1.209	1.237	1.212	1.032	1.145	1.045	1.183	1.189	1.166	1.127	1.013	1.210	1.183	1.010	1.224	1.185	1.056	1.128	1.163	1.187	1.037	1.170	1.096	1.219	1.183	1.219	1.234	1.229	1.182	1.047	1.224	1.150	1.191	1.209	1.170	1.169	1.237	1.234	1.116	1.211	1.084	1.052	1.142	1.239	1.131	1.184	1.238	1.119	1.247	1.257	1.192	1.142	1.152	0.941	1.071	1.103	1.172	1.224	1.131	1.116	1.337	1.139	1.131	1.138	1.053
46:00:45	22.5	1.049	1.075	1.138	1.115	1.065	1.160	1.225	1.171	1.229	1.011	1.152	1.092	1.202	1.180	1.197	1.166	1.151	0.943	1.154	1.042	1.210	1.235	1.213	1.155	1.129	1.182	1.221	1.206	1.200	1.175	1.222	1.210	1.246	1.223	1.039	1.144	1.048	1.189	1.196	1.167	1.133	0.994	1.209	1.186	1.030	1.225	1.185	1.058	1.143	1.167	1.200	1.031	1.178	1.069	1.234	1.176	1.225	1.241	1.232	1.164	1.050	1.230	1.152	1.188	1.221	1.165	1.186	1.250	1.256	1.119	1.210	1.085	1.056	1.147	1.231	1.147	1.187	1.252	1.120	1.258	1.265	1.200	1.139	1.155	0.948	1.075	1.105	1.175	1.228	1.133	1.119	1.327	1.137	1.129	1.139	1.061
47:00:45	22.5	1.041	1.071	1.141	1.117	1.085	1.171	1.214	1.194	1.218	1.013	1.158	1.090	1.206	1.184	1.196	1.162	1.161	0.943	1.161	1.065	1.207	1.238	1.213	1.148	1.132	1.192	1.222	1.201	1.194	1.178	1.226	1.212	1.250	1.222	1.047	1.142	1.048	1.192	1.200	1.175	1.139	1.030	1.215	1.184	1.017	1.239	1.193	1.063	1.138	1.169	1.210	1.036	1.176	1.090	1.224	1.191	1.229	1.236	1.237	1.158	1.054	1.229	1.156	1.185	1.221	1.167	1.175	1.252	1.257	1.123	1.214	1.089	1.062	1.147	1.235	1.127	1.195	1.254	1.121	1.266	1.262	1.203	1.138	1.155	0.949	1.074	1.104	1.177	1.225	1.125	1.115	1.341	1.138	1.129	1.143	1.055
48:00:46	22.6	1.025	1.129	1.102	1.123	1.025	1.121	1.275	1.164	1.249	1.001	1.145	1.117	1.201	1.182	1.183	1.192	1.141	0.945	1.174	1.099	1.214	1.228	1.193	1.115	1.116	1.180	1.200	1.199	1.181	1.163	1.220	1.188	1.243	1.237	1.044	1.135	1.087	1.183	1.187	1.162	1.118	1.045	1.186	1.138	1.049	1.201	1.168	1.071	1.148	1.168	1.213	1.067	1.184	1.074	1.206	1.183	1.233	1.229	1.211	1.127	1.053	1.236	1.144	1.183	1.209	1.198	1.166	1.223	1.260	1.096	1.220	1.075	1.071	1.146	1.209	1.148	1.200	1.277	1.120	1.283	1.276	1.186	1.140	1.146	0.950	1.071	1.091	1.168	1.203	1.123	1.113	1.356	1.127	1.110	1.112	1.057
49:00:48	22.6	1.038	1.126	1.112	1.131	1.026	1.124	1.283	1.165	1.272	1.003	1.147	1.113	1.221	1.188	1.190	1.191	1.141	0.949	1.186	1.106	1.218	1.234	1.202	1.113	1.132	1.178	1.200	1.199	1.182	1.176	1.228	1.191	1.253	1.249	1.045	1.138	1.088	1.185	1.191	1.158	1.129	1.043	1.202	1.147	1.049	1.209	1.187	1.073	1.160	1.168	1.214	1.063	1.204	1.114	1.202	1.200	1.238	1.235	1.219	1.130	1.052	1.236	1.147	1.182	1.221	1.185	1.174	1.221	1.263	1.100	1.217	1.083	1.074	1.144	1.205	1.152	1.203	1.293	1.121	1.292	1.280	1.193	1.139	1.151	0.951	1.070	1.089	1.166	1.207	1.121	1.111	1.337	1.130	1.107	1.114	1.061
50:00:49	22.6	1.058	1.079	1.173	1.129	1.134	1.217	1.218	1.192	1.213	1.031	1.156	1.089	1.231	1.202	1.194	1.155	1.165	0.980	1.181	1.133	1.218	1.240	1.228	1.143	1.152	1.188	1.224	1.198	1.210	1.204	1.239	1.208	1.262	1.235	1.062	1.136	1.054	1.197	1.218	1.183	1.154	1.069	1.240	1.202	1.045	1.247	1.208	1.077	1.176	1.173	1.237	1.070	1.214	1.099	1.229	1.224	1.242	1.241	1.267	1.157	1.063	1.247	1.175	1.190	1.239	1.206	1.163	1.251	1.273	1.129	1.234	1.108	1.075	1.153	1.232	1.182	1.227	1.272	1.121	1.291	1.284	1.214	1.156	1.188	0.951	1.075	1.106	1.174	1.213	1.123	1.117	1.347	1.156	1.139	1.149	1.057
51:00:49	22.6	1.059	1.089	1.188	1.134	1.122	1.240	1.247	1.208	1.253	1.029	1.173	1.096	1.226	1.205	1.206	1.170	1.177	1.000	1.200	1.132	1.231	1.249	1.228	1.154	1.153	1.189	1.235	1.210	1.211	1.214	1.244	1.217	1.263	1.248	1.072	1.146	1.062	1.197	1.227	1.183	1.175	1.048	1.252	1.201	1.066	1.244	1.215	1.081	1.171	1.178	1.242	1.075	1.221	1.092	1.246	1.212	1.252	1.253	1.270	1.145	1.067	1.246	1.174	1.193	1.251	1.227	1.182	1.269	1.273	1.134	1.230	1.110	1.079	1.160	1.232	1.196	1.237	1.284	1.125	1.303	1.284	1.221	1.157	1.194	0.949	1.080	1.105	1.207	1.224	1.125	1.116	1.345	1.147	1.139	1.152	1.061
52:00:51	22.6	1.045	1.099	1.202	1.140	1.154	1.242	1.227	1.181	1.223	1.048	1.154	1.104	1.242	1.215	1.203	1.162	1.154	1.020	1.194	1.148	1.225	1.238	1.233	1.152	1.143	1.192	1.234	1.205	1.215	1.216	1.242	1.217	1.267	1.248	1.076	1.183	1.052	1.204	1.223	1.196	1.187	1.103	1.241	1.205	1.055	1.255	1.245	1.119	1.193	1.178	1.250	1.072	1.230	1.127	1.244	1.238	1.251	1.247	1.277	1.177	1.077	1.258	1.182	1.212	1.256	1.261	1.221	1.260	1.288	1.140	1.249	1.141	1.082	1.165	1.235	1.209	1.245	1.281	1.124	1.296	1.287	1.224	1.177	1.204	0.948	1.083	1.116	1.198	1.217	1.130	1.136	1.347	1.187	1.181	1.208	1.066
53:00:51	22.6	1.080	1.136	1.174	1.127	1.064	1.194	1.328	1.238	1.312	1.026	1.204	1.126	1.244	1.206	1.205	1.197	1.132	1.012	1.210	1.139	1.216	1.242	1.208	1.132	1.159	1.190	1.206	1.219	1.197	1.209	1.227	1.224	1.254	1.254	1.079	1.198	1.085	1.194	1.222	1.178	1.166	1.175	1.234	1.200	1.077	1.231	1.213	1.119	1.182	1.178	1.240	1.097	1.221	1.146	1.244	1.210	1.250	1.267	1.259	1.206	1.065	1.237	1.176	1.206	1.240	1.251	1.251	1.251	1.268	1.117	1.259	1.174	1.084	1.163	1.222	1.214	1.244	1.303	1.119	1.318	1.285	1.216	1.178	1.189	0.952	1.084	1.112	1.190	1.216	1.127	1.125	1.337	1.190	1.158	1.197	1.058
54:00:52	22.6	1.051	1.113	1.257	1.138	1.161	1.262	1.241	1.191	1.238	1.061	1.172	1.113	1.257	1.221	1.211	1.176	1.128	1.020	1.208	1.153	1.231	1.241	1.236	1.152	1.142	1.191	1.230	1.208	1.212	1.233	1.236	1.222	1.267	1.248	1.081	1.232	1.053	1.209	1.228	1.199	1.183	1.117	1.245	1.239	1.101	1.265	1.250	1.120	1.199	1.184	1.257	1.103	1.238	1.164	1.267	1.228	1.255	1.271	1.289	1.216	1.081	1.259	1.191	1.224	1.266	1.278	1.238	1.267	1.298	1.146	1.276	1.203	1.079	1.174	1.236	1.224	1.255	1.287	1.119	1.315	1.293	1.232	1.186	1.200	0.941	1.081	1.135	1.201	1.214	1.147	1.164	1.358	1.232	1.203	1.233	1.054
55:00:52	22.6	1.067	1.146	1.212	1.113	1.077	1.203	1.345	1.252	1.325	1.030	1.208	1.137	1.244	1.221	1.225	1.224	1.157	1.023	1.221	1.174	1.219	1.250	1.215	1.123	1.159	1.188	1.211	1.220	1.193	1.219	1.228	1.224	1.257	1.254	1.086	1.221	1.086	1.194	1.231	1.183	1.191	1.154	1.242	1.212	1.128	1.239	1.223	1.111	1.180	1.183	1.265	1.118	1.230	1.134	1.256	1.217	1.261	1.277	1.281	1.224	1.073	1.240	1.182	1.224	1.253	1.264	1.261	1.254	1.290	1.125	1.268	1.221	1.083	1.173	1.222	1.230	1.250	1.307	1.116	1.327	1.288	1.229	1.178	1.186	0.943	1.080	1.134	1.194	1.219	1.140	1.168	1.344	1.235	1.197	1.210	1.053
56:00:54	22.5	1.033	1.092	1.220	1.145	1.167	1.232	1.214	1.192	1.220	1.022	1.178	1.111	1.239	1.229	1.215	1.167	1.152	1.029	1.206	1.207	1.216	1.237	1.239	1.145	1.120	1.199	1.226	1.198	1.193	1.231	1.236	1.225	1.269	1.248	1.081	1.263	1.042	1.210	1.244	1.220	1.208	1.182	1.240	1.236	1.127	1.273	1.248	1.116	1.233	1.187	1.249	1.152	1.264	1.195	1.268	1.231	1.250	1.281	1.301	1.213	1.080	1.266	1.205	1.238	1.267	1.287	1.249	1.259	1.304	1.160	1.287	1.212	1.071	1.180	1.243	1.233	1.252	1.289	1.107	1.311	1.302	1.240	1.177	1.210	0.944	1.074	1.152	1.188	1.222	1.138	1.178	1.371	1.254	1.228	1.244	1.060
57:00:54	22.4	1.028	1.085	1.242	1.142	1.176	1.263	1.226	1.201	1.244	1.014	1.214	1.122	1.243	1.235	1.214	1.179	1.168	1.019	1.213	1.212	1.231	1.238	1.248	1.148	1.139	1.192	1.233	1.213	1.189	1.229	1.238	1.230	1.269	1.248	1.085	1.265	1.039	1.208	1.238	1.227	1.207	1.188	1.251	1.248	1.161	1.285	1.253	1.115	1.232	1.187	1.264	1.163	1.263	1.209	1.269	1.233	1.269	1.275	1.304	1.219	1.079	1.262	1.204	1.242	1.282	1.293	1.250	1.267	1.300	1.161	1.291	1.221	1.072	1.173	1.244	1.236	1.263	1.287	1.104	1.315	1.304	1.246	1.179	1.205	0.932	1.075	1.149	1.175	1.219	1.143	1.173	1.359	1.253	1.230	1.245	1.070
58:00:56	22.3	1.023	1.086	1.260	1.140	1.200	1.252	1.220	1.197	1.237	1.031	1.205	1.128	1.244	1.236	1.214	1.195	1.151	1.022	1.209	1.219	1.225	1.239	1.249	1.136	1.123	1.201	1.233	1.205	1.199	1.210	1.238	1.233	1.272	1.242	1.086	1.273	1.040	1.218	1.243	1.224	1.209	1.197	1.251	1.247	1.164	1.280	1.254	1.111	1.210	1.188	1.259	1.145	1.266	1.213	1.277	1.248	1.269	1.280	1.309	1.212	1.074	1.265	1.209	1.252	1.283	1.308	1.264	1.269	1.298	1.169	1.293	1.213	1.072	1.170	1.243	1.239	1.267	1.290	1.104	1.312	1.307	1.249	1.172	1.198	0.927	1.074	1.149	1.171	1.221	1.163	1.173	1.357	1.259	1.234	1.246	1.126
59:00:57	22.2	1.027	1.102	1.274	1.137	1.185	1.272	1.217	1.205	1.247	1.018	1.212	1.133	1.248	1.245	1.215	1.177	1.170	1.009	1.212	1.186	1.227	1.247	1.254	1.131	1.130	1.197	1.241	1.221	1.199	1.223	1.241	1.237	1.272	1.241	1.085	1.271	1.051	1.220	1.249	1.239	1.225	1.211	1.251	1.252	1.173	1.281	1.259	1.105	1.208	1.185	1.263	1.189	1.270	1.243	1.285	1.239	1.270	1.275	1.316	1.207	1.071	1.267	1.208	1.257	1.291	1.311	1.263	1.281	1.311	1.165	1.306	1.213	1.067	1.164	1.253	1.244	1.280	1.298	1.098	1.322	1.309	1.252	1.167	1.195	0.928	1.069	1.152	1.153	1.215	1.170	1.168	1.347	1.257	1.228	1.251	1.097
60:00:57	22.3	1.006	1.077	1.269	1.133	1.200	1.291	1.232	1.212	1.262	1.029	1.212	1.125	1.222	1.250	1.218	1.207	1.182	1.031	1.225	1.223	1.234	1.245	1.260	1.175	1.112	1.201	1.241	1.225	1.201	1.252	1.244	1.241	1.276	1.246	1.082	1.273	1.041	1.219	1.258	1.228	1.224	1.203	1.266	1.259	1.184	1.284	1.257	1.090	1.203	1.190	1.276	1.203	1.277	1.223	1.287	1.252	1.276	1.286	1.317	1.199	1.063	1.273	1.211	1.256	1.298	1.324	1.271	1.286	1.313	1.164	1.298	1.206	1.065	1.166	1.241	1.252	1.283	1.306	1.107	1.327	1.318	1.255	1.163	1.189	0.917	1.069	1.149	1.166	1.226	1.172	1.178	1.352	1.261	1.218	1.238	1.062
61:00:58	22.3	1.010	1.090	1.275	1.124	1.200	1.299	1.238	1.212	1.263	1.015	1.206	1.126	1.255	1.247	1.220	1.225	1.190	1.035	1.220	1.217	1.226	1.246	1.254	1.164	1.123	1.196	1.241	1.225	1.223	1.229	1.244	1.240	1.276	1.248	1.081	1.274	1.042	1.214	1.255	1.222	1.228	1.225	1.276	1.257	1.173	1.286	1.258	1.091	1.199	1.188	1.280	1.218	1.294	1.252	1.291	1.248	1.282	1.285	1.318	1.185	1.065	1.270	1.210	1.260	1.303	1.331	1.272	1.291	1.307	1.159	1.305	1.200	1.063	1.166	1.246	1.252	1.279	1.308	1.098	1.337	1.316	1.248	1.163	1.177	0.915	1.069	1.143	1.154	1.221	1.177	1.170	1.350	1.254	1.227	1.239	1.064
62:01:00	22.3	1.013	1.079	1.273	1.118	1.206	1.301	1.212	1.209	1.253	1.025	1.211	1.101	1.236	1.250	1.214	1.203	1.144	1.018	1.208	1.179	1.222	1.242	1.257	1.141	1.128	1.201	1.238	1.220	1.221	1.228	1.238	1.243	1.278	1.243	1.081	1.273	1.037	1.215	1.258	1.226	1.232	1.219	1.264	1.258	1.194	1.278	1.255	1.089	1.208	1.183	1.273	1.216	1.296	1.259	1.280	1.252	1.269	1.277	1.323	1.181	1.063	1.271	1.212	1.256	1.305	1.326	1.279	1.291	1.302	1.168	1.308	1.198	1.055	1.162	1.248	1.249	1.286	1.305	1.096	1.337	1.316	1.250	1.152	1.173	0.910	1.062	1.136	1.137	1.212	1.167	1.167	1.348	1.253	1.226	1.266	1.110
63:01:00	22.3	1.009	1.064	1.298	1.116	1.184	1.306	1.223	1.212	1.254	1.031	1.211	1.103	1.218	1.243	1.209	1.182	1.172	1.039	1.211	1.197	1.216	1.241	1.256	1.171	1.126	1.193	1.234	1.220	1.212	1.232	1.240	1.243	1.278	1.249	1.080	1.270	1.030	1.211	1.254	1.232	1.241	1.220	1.277	1.256	1.222	1.287	1.252	1.080	1.204	1.181	1.280	1.226	1.297	1.257	1.285	1.250	1.266	1.281	1.318	1.171	1.056	1.271	1.209	1.258	1.312	1.341	1.276	1.292	1.289	1.159	1.310	1.195	1.049	1.156	1.245	1.254	1.281	1.298	1.095	1.336	1.320	1.249	1.146	1.161	0.914	1.053	1.128	1.134	1.210	1.165	1.158	1.332	1.246	1.219	1.252	1.078
64:01:00	22.4	0.999	1.061	1.297	1.113	1.185	1.310	1.215	1.214	1.266	1.043	1.213	1.101	1.229	1.248	1.208	1.208	1.140	1.026	1.224	1.191	1.211	1.240	1.266	1.180	1.118	1.199	1.240	1.231	1.200	1.210	1.245	1.243	1.274	1.256	1.081	1.268	1.032	1.215	1.260	1.221	1.254	1.232	1.269	1.261	1.226	1.288	1.256	1.076	1.198	1.182	1.286	1.239	1.290	1.268	1.285	1.259	1.277	1.284	1.326	1.159	1.051	1.272	1.204	1.260	1.312	1.341	1.277	1.301	1.297	1.162	1.307	1.186	1.044	1.155	1.246	1.257	1.287	1.306	1.098	1.341	1.324	1.250	1.140	1.154	0.906	1.051	1.128	1.132	1.207	1.164	1.161	1.330	1.247	1.212	1.259	1.055
65:01:02	22.7	0.994	1.113	1.305	1.082	1.105	1.280	1.294	1.241	1.346	1.031	1.208	1.112	1.308	1.241	1.227	1.223	1.171	1.033	1.203	1.185	1.190	1.259	1.237	1.064	1.173	1.184	1.232	1.244	1.217	1.250	1.248	1.235	1.272	1.244	1.082	1.219	1.106	1.192	1.258	1.203	1.226	1.231	1.278	1.250	1.230	1.266	1.262	1.070	1.165	1.174	1.301	1.235	1.294	1.256	1.293	1.268	1.287	1.281	1.311	1.151	1.058	1.253	1.187	1.243	1.310	1.345	1.291	1.271	1.311	1.131	1.289	1.171	1.054	1.154	1.210	1.257	1.283	1.318	1.104	1.358	1.307	1.237	1.143	1.145	0.900	1.062	1.122	1.110	1.190	1.153	1.137	1.320	1.233	1.160	1.210	1.050
66:01:02	22.9	0.985	1.110	1.334	1.077	1.083	1.268	1.305	1.270	1.351	1.022	1.219	1.111	1.311	1.240	1.204	1.216	1.146	1.024	1.194	1.171	1.201	1.252	1.236	1.049	1.185	1.178	1.233	1.250	1.207	1.221	1.241	1.231	1.269	1.236	1.077	1.204	1.133	1.188	1.258	1.201	1.232	1.233	1.291	1.252	1.227	1.268	1.257	1.065	1.156	1.170	1.293	1.228	1.304	1.266	1.295	1.260	1.283	1.282	1.310	1.129	1.058	1.249	1.186	1.243	1.318	1.348	1.296	1.263	1.305	1.121	1.298	1.167	1.050	1.150	1.197	1.259	1.284	1.323	1.102	1.362	1.305	1.230	1.131	1.137	0.893	1.060	1.112	1.099	1.177	1.146	1.125	1.314	1.223	1.136	1.181	1.035
67:01:04	23.1	0.973	1.057	1.287	1.091	1.173	1.325	1.224	1.204	1.254	1.016	1.196	1.071	1.193	1.238	1.199	1.179	1.129	1.035	1.199	1.171	1.194	1.234	1.262	1.155	1.133	1.180	1.227	1.199	1.207	1.223	1.229	1.234	1.268	1.238	1.071	1.214	1.022	1.190	1.250	1.207	1.255	1.233	1.263	1.248	1.245	1.272	1.240	1.065	1.196	1.171	1.277	1.241	1.312	1.275	1.273	1.271	1.255	1.274	1.319	1.114	1.050	1.259	1.199	1.246	1.318	1.343	1.273	1.284	1.319	1.144	1.300	1.147	1.032	1.148	1.200	1.259	1.282	1.299	1.084	1.329	1.319	1.227	1.118	1.129	0.899	1.043	1.099	1.111	1.179	1.150	1.134	1.315	1.215	1.155	1.253	1.058
68:01:04	23.0	0.988	1.099	1.357	1.069	1.097	1.301	1.258	1.242	1.344	0.966	1.210	1.068	1.323	1.238	1.218	1.188	1.158	1.037	1.192	1.140	1.171	1.240	1.233	1.034	1.157	1.171	1.218	1.235	1.183	1.224	1.232	1.221	1.259	1.242	1.073	1.194	1.122	1.180	1.243	1.191	1.230	1.239	1.282	1.252	1.248	1.268	1.240	1.057	1.148	1.161	1.283	1.238	1.298	1.267	1.272	1.258	1.280	1.293	1.304	1.105	1.040	1.239	1.179	1.236	1.316	1.341	1.283	1.269	1.301	1.110	1.289	1.133	1.038	1.139	1.181	1.252	1.284	1.310	1.077	1.347	1.299	1.217	1.120	1.120	0.878	1.032	1.100	1.092	1.180	1.139	1.130	1.300	1.206	1.115	1.175	1.016
69:01:06	22.9	0.974	1.042	1.300	1.086	1.175	1.348	1.197	1.202	1.245	1.032	1.182	1.053	1.152	1.232	1.186	1.192	1.139	1.025	1.194	1.173	1.177	1.231	1.259	1.133	1.129	1.173	1.222	1.211	1.174	1.214	1.225	1.229	1.266	1.231	1.069	1.200	1.012	1.184	1.250	1.212	1.256	1.242	1.243	1.246	1.242	1.258	1.228	1.059	1.198	1.159	1.275	1.243	1.303	1.272	1.261	1.265	1.252	1.273	1.314	1.102	1.041	1.250	1.189	1.238	1.315	1.348	1.265	1.281	1.318	1.140	1.298	1.133	1.019	1.131	1.190	1.261	1.271	1.294	1.075	1.320	1.314	1.221	1.108	1.138	0.891	1.031	1.084	1.098	1.161	1.152	1.112	1.305	1.193	1.136	1.248	1.086
70:01:06	22.9	0.980	1.074	1.310	1.056	1.124	1.321	1.242	1.228	1.345	0.996	1.182	1.046	1.307	1.238	1.215	1.186	1.130	1.033	1.200	1.163	1.165	1.237	1.234	1.028	1.137	1.168	1.224	1.233	1.204	1.231	1.232	1.224	1.266	1.241	1.070	1.181	1.118	1.174	1.237	1.187	1.240	1.241	1.277	1.256	1.252	1.270	1.239	1.051	1.177	1.152	1.284	1.240	1.294	1.259	1.284	1.266	1.268	1.280	1.305	1.092	1.044	1.233	1.171	1.232	1.315	1.349	1.282	1.268	1.311	1.110	1.297	1.113	1.029	1.131	1.168	1.251	1.278	1.310	1.075	1.345	1.288	1.207	1.108	1.107	0.881	1.031	1.096	1.084	1.174	1.143	1.128	1.293	1.195	1.099	1.166	1.005
71:01:08	22.8	0.953	1.039	1.306	1.076	1.175	1.317	1.176	1.207	1.261	1.000	1.168	1.031	1.118	1.234	1.197	1.172	1.161	1.064	1.188	1.146	1.187	1.237	1.252	1.098	1.105	1.171	1.217	1.194	1.204	1.246	1.232	1.229	1.269	1.257	1.069	1.180	0.997	1.174	1.244	1.195	1.256	1.258	1.244	1.241	1.246	1.262	1.221	1.051	1.200	1.152	1.279	1.248	1.305	1.289	1.263	1.275	1.251	1.283	1.319	1.082	1.041	1.238	1.179	1.231	1.312	1.350	1.262	1.274	1.322	1.139	1.291	1.110	1.017	1.123	1.165	1.266	1.277	1.299	1.074	1.324	1.319	1.207	1.101	1.114	0.899	1.031	1.070	1.096	1.146	1.153	1.105	1.299	1.178	1.125	1.261	1.085
72:01:08	22.8	0.949	1.034	1.308	1.070	1.171	1.378	1.152	1.204	1.252	1.019	1.158	1.036	1.110	1.229	1.175	1.161	1.128	1.047	1.180	1.161	1.181	1.224	1.230	1.131	1.085	1.167	1.214	1.214	1.191	1.211	1.214	1.225	1.261	1.241	1.072	1.193	0.989	1.174	1.240	1.190	1.246	1.244	1.253	1.236	1.232	1.274	1.223	1.049	1.188	1.147	1.271	1.225	1.283	1.276	1.251	1.269	1.248	1.268	1.306	1.090	1.038	1.230	1.178	1.225	1.301	1.337	1.255	1.268	1.303	1.136	1.281	1.115	1.012	1.121	1.162	1.243	1.259	1.292	1.056	1.307	1.305	1.201	1.099	1.117	0.888	1.031	1.064	1.099	1.144	1.139	1.091	1.288	1.168	1.119	1.263	1.096

