Time	T° 600	A1	A2	A3	A4	A5	A6	A7	A8	A9	A10	A11	A12	B1	B2	B3	B4	B5	B6	B7	B8	B9	B10	B11	B12	C1	C2	C3	C4	C5	C6	C7	C8	C9	C10	C11	C12	D1	D2	D3	D4	D5	D6	D7	D8	D9	D10	D11	D12	E1	E2	E3	E4	E5	E6	E7	E8	E9	E10	E11	E12	F1	F2	F3	F4	F5	F6	F7	F8	F9	F10	F11	F12	G1	G2	G3	G4	G5	G6	G7	G8	G9	G10	G11	G12	H1	H2	H3	H4	H5	H6	H7	H8	H9	H10	H11	H12
0:00:06	24.1	0.045	0.049	0.049	0.049	0.047	0.047	0.044	0.044	0.047	0.049	0.049	0.047	0.043	0.044	0.044	0.048	0.059	0.048	0.044	0.044	0.043	0.047	0.045	0.047	0.044	0.046	0.042	0.043	0.045	0.046	0.049	0.047	0.108	0.046	0.044	0.039	0.042	0.045	0.044	0.044	0.044	0.042	0.053	0.047	0.047	0.048	0.045	0.046	0.037	0.048	0.048	0.044	0.046	0.047	0.048	0.042	0.044	0.043	0.037	0.044	0.045	0.041	0.049	0.046	0.043	0.044	0.048	0.047	0.044	0.041	0.044	0.045	0.050	0.047	0.049	0.046	0.043	0.043	0.048	0.045	0.046	0.044	0.044	0.044	0.046	0.050	0.044	0.048	0.045	0.044	0.046	0.045	0.048	0.048	0.038	0.045
1:00:05	24.3	0.046	0.050	0.050	0.050	0.049	0.048	0.045	0.045	0.048	0.050	0.050	0.048	0.048	0.045	0.046	0.048	0.066	0.048	0.046	0.045	0.053	0.050	0.046	0.054	0.045	0.046	0.046	0.045	0.046	0.046	0.052	0.047	0.112	0.047	0.045	0.052	0.045	0.047	0.044	0.044	0.044	0.049	0.053	0.049	0.047	0.049	0.046	0.047	0.052	0.048	0.049	0.044	0.046	0.049	0.048	0.045	0.045	0.044	0.051	0.044	0.046	0.054	0.050	0.046	0.045	0.044	0.049	0.047	0.045	0.047	0.045	0.046	0.051	0.047	0.049	0.047	0.045	0.045	0.049	0.045	0.047	0.044	0.045	0.045	0.047	0.054	0.046	0.050	0.045	0.048	0.047	0.047	0.049	0.050	0.053	0.045
2:00:06	24.3	0.047	0.052	0.052	0.052	0.050	0.049	0.046	0.046	0.049	0.051	0.051	0.049	0.051	0.047	0.048	0.050	0.066	0.050	0.047	0.046	0.055	0.052	0.047	0.056	0.046	0.048	0.048	0.046	0.047	0.047	0.053	0.048	0.105	0.049	0.046	0.055	0.047	0.048	0.046	0.045	0.046	0.049	0.053	0.050	0.048	0.050	0.047	0.049	0.055	0.049	0.051	0.046	0.048	0.050	0.050	0.046	0.046	0.045	0.052	0.046	0.048	0.057	0.051	0.048	0.047	0.045	0.050	0.049	0.045	0.048	0.046	0.047	0.052	0.049	0.050	0.048	0.046	0.046	0.050	0.046	0.049	0.046	0.046	0.046	0.048	0.057	0.048	0.051	0.047	0.049	0.048	0.048	0.050	0.051	0.057	0.047
3:00:07	24.5	0.050	0.055	0.055	0.055	0.054	0.052	0.049	0.049	0.052	0.054	0.054	0.051	0.055	0.050	0.051	0.053	0.068	0.052	0.051	0.050	0.061	0.056	0.050	0.059	0.049	0.051	0.052	0.049	0.050	0.050	0.056	0.051	0.092	0.052	0.049	0.058	0.050	0.051	0.049	0.048	0.049	0.053	0.055	0.053	0.051	0.053	0.050	0.051	0.059	0.053	0.054	0.049	0.051	0.053	0.053	0.049	0.049	0.049	0.056	0.049	0.051	0.062	0.054	0.051	0.050	0.049	0.053	0.051	0.046	0.051	0.049	0.050	0.055	0.052	0.053	0.051	0.049	0.049	0.053	0.049	0.051	0.049	0.049	0.050	0.051	0.061	0.052	0.054	0.050	0.052	0.051	0.051	0.053	0.055	0.062	0.050
4:00:08	24.7	0.059	0.072	0.068	0.072	0.073	0.069	0.064	0.066	0.070	0.071	0.069	0.068	0.068	0.066	0.069	0.071	0.081	0.069	0.069	0.065	0.081	0.067	0.070	0.074	0.059	0.067	0.070	0.064	0.067	0.066	0.071	0.066	0.079	0.070	0.068	0.075	0.061	0.067	0.066	0.061	0.064	0.069	0.069	0.066	0.065	0.071	0.066	0.064	0.072	0.071	0.073	0.066	0.068	0.070	0.070	0.055	0.067	0.067	0.076	0.064	0.064	0.081	0.072	0.065	0.064	0.062	0.068	0.066	0.045	0.068	0.068	0.066	0.066	0.067	0.069	0.064	0.065	0.063	0.069	0.060	0.067	0.066	0.072	0.066	0.060	0.073	0.063	0.066	0.060	0.063	0.061	0.062	0.069	0.067	0.075	0.063
5:00:08	24.5	0.073	0.084	0.077	0.079	0.081	0.077	0.076	0.080	0.080	0.081	0.081	0.077	0.082	0.075	0.078	0.079	0.082	0.079	0.075	0.074	0.087	0.081	0.076	0.089	0.073	0.077	0.078	0.073	0.074	0.074	0.079	0.074	0.083	0.076	0.079	0.090	0.076	0.074	0.075	0.073	0.073	0.080	0.075	0.079	0.077	0.080	0.075	0.078	0.090	0.088	0.088	0.080	0.087	0.084	0.080	0.075	0.080	0.078	0.087	0.073	0.079	0.099	0.081	0.073	0.076	0.076	0.082	0.077	0.045	0.073	0.075	0.078	0.080	0.077	0.079	0.078	0.078	0.076	0.079	0.072	0.079	0.074	0.075	0.078	0.078	0.090	0.079	0.082	0.076	0.081	0.079	0.079	0.080	0.082	0.090	0.078
6:00:09	24.3	0.107	0.107	0.126	0.109	0.113	0.109	0.115	0.112	0.124	0.117	0.117	0.120	0.129	0.106	0.116	0.116	0.111	0.113	0.104	0.105	0.122	0.126	0.105	0.133	0.100	0.113	0.111	0.101	0.100	0.100	0.102	0.101	0.117	0.100	0.105	0.124	0.104	0.111	0.111	0.099	0.102	0.110	0.102	0.107	0.111	0.117	0.100	0.106	0.127	0.128	0.129	0.119	0.124	0.119	0.118	0.093	0.118	0.110	0.129	0.117	0.117	0.137	0.114	0.104	0.106	0.106	0.110	0.105	0.045	0.110	0.109	0.117	0.106	0.107	0.111	0.108	0.111	0.106	0.110	0.099	0.110	0.104	0.114	0.114	0.100	0.124	0.108	0.112	0.101	0.109	0.100	0.108	0.119	0.112	0.121	0.107
7:00:10	24.0	0.169	0.156	0.195	0.170	0.189	0.173	0.191	0.189	0.199	0.191	0.188	0.181	0.177	0.175	0.187	0.171	0.168	0.163	0.165	0.169	0.192	0.183	0.176	0.210	0.146	0.176	0.164	0.157	0.173	0.164	0.156	0.159	0.201	0.165	0.179	0.172	0.157	0.183	0.176	0.168	0.159	0.181	0.167	0.164	0.174	0.179	0.156	0.156	0.189	0.209	0.208	0.200	0.211	0.186	0.176	0.133	0.187	0.180	0.197	0.180	0.183	0.225	0.172	0.167	0.166	0.172	0.173	0.165	0.045	0.174	0.172	0.176	0.163	0.173	0.175	0.165	0.178	0.169	0.171	0.157	0.178	0.163	0.180	0.182	0.150	0.180	0.163	0.169	0.150	0.162	0.158	0.168	0.183	0.168	0.174	0.165
8:00:10	23.7	0.232	0.242	0.303	0.259	0.289	0.261	0.280	0.279	0.284	0.295	0.280	0.285	0.263	0.265	0.279	0.263	0.265	0.263	0.265	0.255	0.296	0.275	0.275	0.305	0.223	0.271	0.253	0.254	0.273	0.248	0.255	0.253	0.303	0.273	0.275	0.255	0.244	0.275	0.274	0.266	0.266	0.272	0.266	0.260	0.281	0.273	0.255	0.241	0.287	0.323	0.311	0.297	0.317	0.285	0.284	0.225	0.303	0.290	0.306	0.281	0.286	0.332	0.277	0.266	0.265	0.267	0.270	0.263	0.045	0.269	0.276	0.272	0.253	0.272	0.277	0.253	0.283	0.267	0.271	0.240	0.278	0.262	0.289	0.274	0.229	0.282	0.255	0.260	0.246	0.257	0.257	0.262	0.288	0.265	0.276	0.259
9:00:12	23.5	0.318	0.341	0.423	0.398	0.432	0.392	0.409	0.402	0.419	0.414	0.406	0.392	0.354	0.377	0.394	0.387	0.387	0.367	0.390	0.376	0.419	0.363	0.395	0.414	0.331	0.368	0.343	0.352	0.384	0.368	0.388	0.385	0.427	0.395	0.393	0.352	0.353	0.391	0.380	0.370	0.384	0.371	0.390	0.381	0.399	0.382	0.371	0.342	0.420	0.457	0.430	0.409	0.454	0.403	0.418	0.330	0.438	0.425	0.432	0.383	0.399	0.467	0.404	0.391	0.373	0.366	0.381	0.377	0.045	0.379	0.390	0.386	0.359	0.393	0.396	0.364	0.403	0.381	0.398	0.347	0.396	0.386	0.413	0.369	0.325	0.391	0.369	0.377	0.361	0.366	0.379	0.382	0.412	0.379	0.395	0.370
10:00:13	23.1	0.391	0.433	0.532	0.512	0.539	0.517	0.518	0.520	0.518	0.534	0.522	0.500	0.441	0.479	0.492	0.506	0.493	0.478	0.501	0.486	0.538	0.453	0.505	0.500	0.442	0.488	0.439	0.461	0.502	0.472	0.503	0.508	0.532	0.519	0.501	0.457	0.464	0.507	0.480	0.474	0.500	0.473	0.516	0.497	0.513	0.498	0.496	0.452	0.544	0.568	0.545	0.535	0.572	0.531	0.558	0.466	0.565	0.541	0.551	0.482	0.518	0.587	0.538	0.518	0.494	0.492	0.507	0.513	0.045	0.492	0.511	0.496	0.471	0.518	0.526	0.491	0.521	0.509	0.534	0.446	0.515	0.524	0.544	0.461	0.424	0.524	0.510	0.502	0.496	0.501	0.514	0.520	0.539	0.511	0.529	0.482
11:00:14	22.8	0.448	0.528	0.637	0.614	0.637	0.619	0.605	0.614	0.608	0.644	0.621	0.577	0.513	0.565	0.562	0.600	0.587	0.564	0.591	0.575	0.650	0.514	0.601	0.570	0.538	0.573	0.523	0.550	0.590	0.576	0.593	0.613	0.623	0.616	0.591	0.556	0.563	0.600	0.579	0.560	0.590	0.566	0.616	0.586	0.599	0.585	0.603	0.541	0.630	0.656	0.635	0.619	0.654	0.622	0.655	0.581	0.658	0.648	0.648	0.562	0.611	0.664	0.628	0.631	0.590	0.597	0.592	0.629	0.045	0.579	0.618	0.590	0.581	0.623	0.629	0.597	0.619	0.617	0.647	0.521	0.619	0.634	0.668	0.530	0.507	0.638	0.622	0.617	0.613	0.624	0.627	0.634	0.651	0.628	0.643	0.583
12:00:15	22.6	0.512	0.593	0.716	0.691	0.721	0.692	0.675	0.683	0.674	0.726	0.705	0.647	0.575	0.640	0.635	0.684	0.660	0.633	0.681	0.653	0.711	0.579	0.677	0.628	0.626	0.657	0.595	0.622	0.664	0.659	0.679	0.695	0.691	0.694	0.655	0.633	0.649	0.673	0.648	0.638	0.673	0.648	0.699	0.669	0.689	0.665	0.687	0.618	0.717	0.725	0.702	0.684	0.735	0.703	0.745	0.668	0.744	0.717	0.719	0.625	0.697	0.733	0.705	0.710	0.676	0.679	0.688	0.707	0.045	0.653	0.709	0.673	0.668	0.712	0.701	0.684	0.710	0.704	0.721	0.582	0.704	0.721	0.762	0.590	0.575	0.723	0.716	0.699	0.713	0.713	0.722	0.717	0.746	0.727	0.724	0.658
13:00:15	22.5	0.565	0.644	0.781	0.749	0.776	0.753	0.730	0.737	0.741	0.789	0.758	0.710	0.630	0.687	0.691	0.742	0.709	0.704	0.737	0.715	0.772	0.634	0.715	0.683	0.699	0.703	0.644	0.680	0.716	0.724	0.729	0.754	0.745	0.741	0.715	0.708	0.714	0.747	0.704	0.690	0.726	0.699	0.767	0.726	0.731	0.734	0.746	0.680	0.785	0.761	0.747	0.736	0.780	0.754	0.809	0.741	0.782	0.773	0.786	0.672	0.770	0.783	0.755	0.778	0.727	0.737	0.746	0.764	0.045	0.707	0.771	0.739	0.744	0.771	0.767	0.750	0.762	0.775	0.794	0.634	0.765	0.785	0.831	0.640	0.643	0.779	0.783	0.770	0.786	0.786	0.784	0.792	0.808	0.796	0.786	0.715
14:00:17	22.5	0.619	0.678	0.822	0.798	0.818	0.788	0.772	0.778	0.787	0.829	0.812	0.756	0.678	0.743	0.730	0.791	0.769	0.757	0.760	0.767	0.815	0.681	0.775	0.724	0.755	0.739	0.704	0.730	0.753	0.764	0.796	0.806	0.806	0.780	0.753	0.759	0.774	0.797	0.758	0.740	0.779	0.747	0.816	0.767	0.771	0.778	0.797	0.739	0.842	0.807	0.805	0.774	0.831	0.810	0.849	0.786	0.842	0.827	0.826	0.712	0.824	0.832	0.814	0.833	0.783	0.792	0.781	0.818	0.045	0.760	0.836	0.791	0.799	0.834	0.813	0.806	0.818	0.823	0.843	0.681	0.817	0.841	0.891	0.685	0.697	0.848	0.848	0.822	0.849	0.846	0.829	0.851	0.860	0.842	0.849	0.768
15:00:17	22.4	0.651	0.716	0.848	0.820	0.854	0.819	0.796	0.806	0.813	0.859	0.836	0.786	0.724	0.770	0.769	0.816	0.812	0.786	0.811	0.788	0.835	0.714	0.808	0.768	0.795	0.772	0.742	0.764	0.788	0.803	0.820	0.845	0.827	0.811	0.787	0.807	0.817	0.837	0.800	0.778	0.822	0.777	0.860	0.811	0.805	0.820	0.834	0.777	0.880	0.831	0.836	0.804	0.875	0.851	0.883	0.824	0.880	0.858	0.865	0.741	0.861	0.862	0.855	0.862	0.815	0.833	0.830	0.855	0.044	0.801	0.866	0.837	0.840	0.874	0.846	0.860	0.849	0.857	0.880	0.727	0.861	0.883	0.927	0.723	0.738	0.882	0.888	0.874	0.897	0.894	0.886	0.890	0.905	0.883	0.872	0.807
16:00:18	22.6	0.687	0.738	0.855	0.830	0.873	0.837	0.819	0.818	0.820	0.873	0.855	0.810	0.763	0.800	0.796	0.852	0.819	0.817	0.831	0.811	0.857	0.754	0.826	0.803	0.827	0.815	0.779	0.805	0.825	0.839	0.856	0.871	0.860	0.844	0.813	0.837	0.846	0.869	0.831	0.805	0.851	0.811	0.891	0.851	0.827	0.854	0.865	0.818	0.901	0.871	0.872	0.848	0.887	0.879	0.902	0.863	0.899	0.891	0.905	0.773	0.875	0.893	0.888	0.895	0.854	0.869	0.863	0.886	0.045	0.838	0.907	0.855	0.862	0.904	0.892	0.899	0.888	0.894	0.908	0.759	0.886	0.906	0.953	0.756	0.768	0.913	0.925	0.891	0.924	0.913	0.911	0.918	0.927	0.925	0.925	0.829
17:00:19	22.5	0.723	0.773	0.881	0.859	0.892	0.845	0.819	0.826	0.840	0.891	0.863	0.829	0.789	0.821	0.830	0.877	0.866	0.856	0.855	0.826	0.879	0.793	0.857	0.835	0.848	0.827	0.810	0.807	0.848	0.850	0.873	0.886	0.883	0.873	0.835	0.858	0.862	0.888	0.834	0.819	0.856	0.842	0.912	0.851	0.862	0.862	0.880	0.841	0.912	0.888	0.888	0.872	0.920	0.888	0.934	0.872	0.931	0.911	0.913	0.809	0.889	0.914	0.898	0.914	0.854	0.878	0.884	0.896	0.045	0.872	0.907	0.872	0.878	0.921	0.912	0.912	0.910	0.902	0.931	0.794	0.905	0.925	0.973	0.781	0.790	0.942	0.934	0.922	0.942	0.927	0.937	0.933	0.950	0.932	0.934	0.855
18:00:20	22.6	0.726	0.797	0.873	0.862	0.894	0.833	0.819	0.833	0.842	0.893	0.862	0.851	0.811	0.847	0.833	0.885	0.883	0.880	0.867	0.832	0.903	0.813	0.877	0.861	0.848	0.835	0.834	0.847	0.856	0.877	0.893	0.897	0.907	0.914	0.874	0.872	0.869	0.904	0.880	0.856	0.893	0.868	0.922	0.870	0.881	0.874	0.906	0.857	0.917	0.936	0.916	0.880	0.957	0.930	0.963	0.902	0.945	0.936	0.928	0.834	0.908	0.937	0.932	0.935	0.897	0.906	0.911	0.931	0.045	0.897	0.935	0.886	0.886	0.934	0.940	0.928	0.926	0.937	0.954	0.819	0.936	0.939	0.996	0.802	0.811	0.971	0.945	0.938	0.961	0.949	0.955	0.954	0.966	0.946	0.959	0.870
19:00:22	22.5	0.739	0.821	0.877	0.868	0.914	0.853	0.834	0.843	0.865	0.908	0.880	0.868	0.827	0.880	0.881	0.906	0.893	0.896	0.898	0.854	0.927	0.831	0.901	0.877	0.859	0.867	0.869	0.884	0.877	0.893	0.922	0.920	0.930	0.918	0.896	0.892	0.879	0.920	0.910	0.865	0.907	0.891	0.946	0.909	0.917	0.888	0.922	0.877	0.937	0.961	0.937	0.921	0.959	0.953	0.988	0.925	0.971	0.958	0.948	0.852	0.927	0.978	0.955	0.957	0.922	0.928	0.938	0.961	0.045	0.911	0.963	0.903	0.901	0.970	0.967	0.942	0.967	0.960	0.978	0.840	0.958	0.958	1.017	0.822	0.825	0.997	0.963	0.955	0.981	0.961	0.980	0.964	0.972	0.973	0.985	0.887
20:00:22	22.5	0.756	0.842	0.888	0.878	0.939	0.865	0.841	0.858	0.878	0.928	0.897	0.886	0.844	0.907	0.893	0.929	0.918	0.931	0.921	0.864	0.944	0.856	0.920	0.893	0.883	0.899	0.890	0.886	0.919	0.916	0.946	0.945	0.956	0.929	0.921	0.911	0.896	0.937	0.930	0.910	0.931	0.917	0.956	0.935	0.939	0.901	0.947	0.893	0.950	0.974	0.968	0.959	1.002	0.979	1.010	0.954	1.010	0.985	0.970	0.872	0.941	0.994	0.981	0.980	0.945	0.952	0.954	0.977	0.044	0.934	0.991	0.917	0.914	0.984	0.991	0.956	0.989	0.972	1.014	0.863	0.991	0.977	1.038	0.841	0.838	1.019	0.981	0.983	0.997	0.980	1.003	0.985	0.987	0.981	1.006	0.900
21:00:23	22.5	0.763	0.866	0.901	0.894	0.927	0.869	0.855	0.869	0.884	0.928	0.913	0.901	0.860	0.894	0.913	0.932	0.949	0.959	0.942	0.883	0.966	0.871	0.945	0.909	0.891	0.943	0.905	0.924	0.942	0.944	0.968	0.961	0.974	0.962	0.928	0.925	0.908	0.951	0.936	0.935	0.945	0.939	0.981	0.956	0.959	0.912	0.967	0.910	0.961	1.005	0.981	0.975	1.016	1.003	1.032	0.980	1.024	1.011	0.988	0.886	0.962	1.022	1.006	1.000	0.967	0.977	0.984	1.006	0.044	0.946	1.010	0.935	0.930	1.009	1.012	0.973	1.028	0.999	1.018	0.882	1.010	0.998	1.046	0.860	0.852	1.040	0.999	0.992	1.021	1.002	1.023	1.007	0.995	0.995	1.032	0.913
22:00:25	22.5	0.776	0.880	0.910	0.897	0.950	0.884	0.863	0.872	0.907	0.944	0.924	0.913	0.875	0.933	0.946	0.957	0.959	0.969	0.971	0.901	0.980	0.890	0.971	0.923	0.912	0.929	0.914	0.936	0.965	0.961	0.992	0.973	0.993	0.979	0.963	0.942	0.928	0.960	0.973	0.951	0.973	0.933	0.994	0.973	0.976	0.922	0.977	0.923	0.968	1.017	1.012	0.995	1.047	1.019	1.049	0.995	1.037	1.025	1.005	0.901	0.979	1.026	1.023	1.014	0.985	0.992	1.002	1.018	0.045	0.967	1.024	0.948	0.945	1.018	1.038	0.985	1.048	1.006	1.034	0.897	1.034	1.016	1.062	0.867	0.863	1.052	1.010	1.013	1.038	1.011	1.040	1.030	1.015	1.010	1.052	0.925
23:00:26	22.5	0.791	0.900	0.928	0.905	0.946	0.904	0.879	0.884	0.926	0.957	0.945	0.924	0.889	0.960	0.955	0.977	0.984	1.004	0.990	0.909	0.989	0.909	0.989	0.935	0.920	0.980	0.938	0.958	0.944	0.975	1.015	0.990	1.000	0.989	0.963	0.956	0.946	0.976	0.975	0.971	0.986	0.985	1.011	0.989	0.987	0.931	0.996	0.938	0.983	1.023	1.025	1.007	1.062	1.037	1.067	1.001	1.057	1.046	1.019	0.916	0.986	1.060	1.043	1.037	1.009	1.010	1.025	1.038	0.045	0.982	1.044	0.958	0.957	1.048	1.062	0.997	1.053	1.028	1.056	0.916	1.048	1.034	1.076	0.878	0.875	1.062	1.031	1.032	1.055	1.022	1.063	1.040	1.026	1.022	1.067	0.942
24:00:25	22.5	0.821	0.921	0.929	0.911	0.952	0.909	0.901	0.904	0.947	0.974	0.961	0.944	0.903	0.964	0.962	0.982	1.005	1.014	1.007	0.920	0.995	0.928	1.004	0.948	0.947	1.008	0.949	0.964	0.987	0.987	1.030	1.011	1.023	1.021	0.967	0.974	0.965	0.985	1.000	0.942	1.008	0.977	1.025	1.013	1.018	0.942	1.023	0.955	1.000	1.044	1.040	1.026	1.064	1.055	1.076	1.028	1.074	1.073	1.027	0.935	1.002	1.074	1.053	1.054	1.035	1.036	1.046	1.047	0.045	1.005	1.064	0.973	0.970	1.059	1.074	1.008	1.073	1.032	1.067	0.938	1.077	1.039	1.087	0.888	0.890	1.077	1.049	1.043	1.065	1.031	1.070	1.053	1.034	1.033	1.079	0.959
25:00:26	22.5	0.833	0.920	0.953	0.923	0.952	0.918	0.924	0.903	0.964	0.994	0.976	0.957	0.918	0.977	0.991	0.989	1.022	1.037	1.030	0.923	1.005	0.939	1.008	0.958	0.951	0.993	0.955	0.976	1.003	1.002	1.032	1.021	1.042	1.021	1.008	0.985	0.975	0.984	1.015	0.951	1.024	1.009	1.040	1.016	1.042	0.945	1.029	0.968	1.002	1.053	1.056	1.035	1.075	1.072	1.090	1.044	1.079	1.086	1.034	0.944	1.012	1.093	1.074	1.058	1.036	1.041	1.056	1.061	0.045	1.015	1.078	0.978	0.972	1.072	1.096	1.017	1.093	1.048	1.079	0.951	1.088	1.048	1.079	0.890	0.899	1.089	1.063	1.052	1.068	1.038	1.088	1.055	1.049	1.038	1.088	0.973
26:00:27	22.5	0.842	0.938	0.960	0.922	0.960	0.931	0.938	0.919	0.972	1.000	0.984	0.966	0.930	1.000	0.990	0.991	1.035	1.028	1.032	0.931	1.007	0.950	1.028	0.970	0.964	1.010	0.972	1.001	1.041	1.006	1.037	1.026	1.051	1.041	1.019	0.990	0.977	0.999	1.035	0.989	1.012	1.019	1.048	1.037	1.034	0.951	1.035	0.978	1.018	1.034	1.055	1.058	1.100	1.084	1.098	1.048	1.096	1.101	1.041	0.955	1.010	1.095	1.084	1.077	1.052	1.062	1.071	1.075	0.045	1.028	1.089	0.990	0.972	1.075	1.111	1.032	1.093	1.064	1.096	0.964	1.103	1.067	1.074	0.888	0.905	1.101	1.068	1.055	1.083	1.050	1.086	1.068	1.056	1.047	1.092	0.978
27:00:28	22.6	0.854	0.913	0.965	0.944	0.959	0.935	0.948	0.934	0.983	1.018	1.012	0.984	0.936	1.037	0.974	1.005	1.049	1.044	1.040	0.940	1.022	0.959	1.016	0.986	0.974	1.041	0.971	0.982	1.045	1.023	1.057	1.032	1.052	1.054	1.003	1.006	0.993	1.006	1.045	1.017	1.027	1.027	1.060	1.040	1.057	0.952	1.045	0.992	1.032	1.038	1.086	1.060	1.102	1.091	1.107	1.069	1.110	1.109	1.041	0.967	1.024	1.118	1.093	1.097	1.073	1.058	1.088	1.089	0.045	1.040	1.095	0.996	0.984	1.082	1.129	1.037	1.112	1.075	1.102	0.978	1.112	1.081	1.078	0.885	0.914	1.110	1.076	1.068	1.091	1.064	1.099	1.068	1.059	1.052	1.109	0.989
28:00:30	22.6	0.858	0.915	0.969	0.944	0.956	0.941	0.961	0.948	0.986	1.022	1.016	0.992	0.953	1.058	1.011	1.013	1.049	1.063	1.030	0.948	1.035	0.971	1.045	0.993	0.977	1.029	0.982	1.024	1.028	1.027	1.057	1.038	1.046	1.062	1.031	1.017	0.995	1.008	1.055	1.056	1.023	1.024	1.069	1.061	1.058	0.963	1.061	1.000	1.038	1.045	1.088	1.057	1.109	1.102	1.119	1.072	1.116	1.116	1.058	0.978	1.033	1.116	1.110	1.093	1.078	1.081	1.100	1.095	0.044	1.048	1.109	1.006	0.992	1.097	1.135	1.049	1.130	1.077	1.122	0.990	1.124	1.097	1.077	0.878	0.925	1.117	1.092	1.086	1.099	1.060	1.119	1.085	1.063	1.071	1.101	0.998
29:00:30	22.6	0.868	0.914	0.989	0.950	0.986	0.954	0.978	0.953	1.003	1.034	1.031	1.006	0.951	1.045	1.021	1.010	1.066	1.058	1.060	0.944	1.033	0.982	1.059	1.008	0.985	1.034	0.991	1.037	1.058	1.036	1.066	1.060	1.050	1.060	1.044	1.032	1.006	1.018	1.071	1.061	1.033	1.079	1.085	1.063	1.063	0.970	1.062	1.009	1.057	1.038	1.099	1.081	1.121	1.109	1.127	1.074	1.123	1.127	1.067	0.985	1.033	1.122	1.122	1.114	1.089	1.083	1.103	1.098	0.044	1.058	1.117	1.020	1.004	1.101	1.134	1.059	1.153	1.086	1.128	1.005	1.140	1.110	1.096	0.876	0.935	1.143	1.098	1.080	1.112	1.064	1.134	1.091	1.068	1.074	1.108	1.006
30:00:32	22.6	0.878	0.900	0.993	0.951	0.977	0.959	0.994	0.969	1.014	1.050	1.045	1.013	0.961	1.078	1.033	1.011	1.049	1.066	1.054	0.954	1.026	0.992	1.069	1.018	0.995	1.026	0.997	1.034	1.067	1.052	1.085	1.070	1.056	1.067	1.045	1.043	1.023	1.034	1.074	1.019	1.009	1.045	1.098	1.065	1.077	0.972	1.069	1.022	1.061	1.032	1.085	1.069	1.132	1.131	1.129	1.083	1.132	1.128	1.079	0.998	1.036	1.130	1.141	1.128	1.100	1.103	1.122	1.102	0.045	1.071	1.127	1.028	1.014	1.106	1.161	1.074	1.149	1.098	1.131	1.018	1.155	1.118	1.099	0.874	0.947	1.146	1.105	1.091	1.119	1.072	1.144	1.103	1.073	1.087	1.115	1.016
31:00:32	22.6	0.891	0.948	1.016	0.961	0.985	0.971	1.007	0.980	1.021	1.057	1.053	1.020	0.974	1.099	1.065	1.003	1.061	1.082	1.062	0.961	1.005	1.004	1.066	1.025	0.999	1.039	1.015	1.053	1.072	1.042	1.093	1.068	1.033	1.061	1.024	1.051	1.034	1.050	1.079	1.072	1.020	1.057	1.107	1.057	1.060	0.980	1.054	1.030	1.069	1.013	1.105	1.080	1.113	1.141	1.142	1.107	1.114	1.142	1.085	1.004	1.037	1.149	1.136	1.127	1.096	1.112	1.123	1.097	0.045	1.078	1.143	1.034	1.019	1.109	1.155	1.086	1.162	1.107	1.144	1.030	1.156	1.121	1.113	0.872	0.956	1.151	1.109	1.106	1.132	1.071	1.161	1.112	1.081	1.096	1.127	1.024
32:00:33	22.5	0.907	0.892	1.028	0.974	0.995	0.970	1.012	1.000	1.030	1.075	1.058	1.023	0.983	1.078	1.011	1.000	1.048	1.084	1.082	0.962	0.989	1.012	1.051	1.034	1.010	1.037	1.018	1.039	1.101	1.060	1.087	1.056	1.038	1.086	1.046	1.058	1.036	1.048	1.093	1.060	1.027	1.063	1.115	1.068	1.058	0.997	1.052	1.041	1.076	1.000	1.117	1.056	1.123	1.137	1.146	1.099	1.120	1.147	1.088	1.008	1.046	1.140	1.143	1.134	1.111	1.078	1.126	1.084	0.045	1.086	1.153	1.041	1.027	1.111	1.165	1.097	1.166	1.118	1.139	1.037	1.170	1.126	1.120	0.866	0.959	1.147	1.116	1.100	1.140	1.079	1.162	1.107	1.087	1.103	1.132	1.032
33:00:35	22.5	0.931	0.872	1.057	0.983	1.023	0.994	1.023	1.025	1.042	1.088	1.063	1.029	0.978	1.041	1.012	1.002	1.065	1.094	1.087	0.983	0.990	1.022	1.090	1.044	1.028	1.048	1.044	1.025	1.080	1.066	1.096	1.033	1.029	1.066	1.022	1.067	1.045	1.058	1.074	1.059	0.991	1.057	1.127	1.061	1.071	1.010	1.057	1.051	1.092	1.017	1.091	1.060	1.126	1.141	1.144	1.117	1.110	1.154	1.100	1.017	1.050	1.117	1.149	1.141	1.101	1.113	1.156	1.086	0.045	1.094	1.174	1.053	1.036	1.113	1.158	1.099	1.166	1.109	1.149	1.048	1.156	1.137	1.124	0.861	0.966	1.165	1.111	1.105	1.149	1.079	1.156	1.116	1.090	1.101	1.134	1.043
34:00:35	22.5	0.941	0.868	1.060	1.002	1.023	1.000	1.035	1.021	1.046	1.086	1.073	1.030	0.992	1.063	1.007	1.008	1.071	1.093	1.092	0.981	0.997	1.030	1.092	1.056	1.035	1.018	1.035	1.043	1.113	1.067	1.090	1.031	1.023	1.080	1.023	1.081	1.037	1.071	1.098	1.070	0.993	1.063	1.138	1.091	1.083	1.021	1.056	1.050	1.082	1.022	1.119	1.047	1.145	1.154	1.149	1.123	1.105	1.151	1.099	1.021	1.051	1.117	1.159	1.141	1.120	1.108	1.160	1.087	0.045	1.096	1.181	1.052	1.021	1.115	1.159	1.118	1.173	1.123	1.150	1.051	1.172	1.134	1.129	0.855	0.970	1.156	1.108	1.105	1.150	1.075	1.164	1.110	1.094	1.101	1.134	1.042
35:00:36	22.5	0.953	0.879	1.071	1.010	1.044	1.009	1.042	1.032	1.054	1.090	1.079	1.034	0.993	1.071	1.028	1.011	1.067	1.083	1.062	1.001	0.997	1.039	1.087	1.064	1.037	1.008	1.075	1.016	1.109	1.085	1.091	1.031	1.005	1.052	1.027	1.088	1.050	1.070	1.107	1.063	1.005	1.065	1.146	1.076	1.064	1.022	1.062	1.055	1.090	1.027	1.118	1.037	1.113	1.152	1.152	1.137	1.105	1.158	1.110	1.030	1.058	1.149	1.169	1.161	1.139	1.092	1.157	1.101	0.045	1.102	1.192	1.061	1.034	1.127	1.162	1.115	1.182	1.129	1.153	1.060	1.174	1.143	1.132	0.850	0.979	1.151	1.113	1.105	1.152	1.080	1.171	1.120	1.100	1.107	1.138	1.050
36:00:37	22.5	0.946	0.865	1.081	1.011	1.059	1.009	1.044	1.046	1.063	1.102	1.086	1.034	1.000	1.065	0.971	1.008	1.058	1.105	1.081	1.012	0.977	1.048	1.114	1.075	1.039	1.036	1.089	1.011	1.129	1.094	1.090	1.039	1.009	1.061	1.022	1.087	1.070	1.083	1.091	1.028	0.968	1.069	1.150	1.067	1.074	1.023	1.070	1.066	1.092	0.995	1.112	1.024	1.131	1.137	1.157	1.125	1.103	1.163	1.122	1.037	1.077	1.139	1.172	1.164	1.138	1.090	1.150	1.098	0.045	1.108	1.206	1.059	1.035	1.129	1.185	1.137	1.196	1.125	1.164	1.069	1.184	1.153	1.141	0.842	0.982	1.157	1.115	1.113	1.155	1.088	1.159	1.136	1.109	1.117	1.140	1.051
37:00:38	22.5	0.958	0.828	1.119	1.024	1.079	1.020	1.055	1.066	1.093	1.118	1.095	1.039	0.999	1.050	0.982	1.036	1.082	1.144	1.144	1.072	1.035	1.062	1.100	1.093	1.063	1.040	1.117	1.028	1.102	1.122	1.079	1.052	1.009	1.056	0.997	1.098	1.074	1.087	1.083	1.054	0.961	1.054	1.161	1.064	1.066	1.032	1.079	1.077	1.113	0.966	1.097	1.021	1.138	1.117	1.174	1.149	1.144	1.129	1.157	1.055	1.170	1.149	1.186	1.177	1.134	1.094	1.178	1.112	0.045	1.124	1.225	1.076	1.039	1.139	1.188	1.137	1.198	1.142	1.178	1.080	1.179	1.159	1.151	0.836	0.986	1.157	1.117	1.115	1.169	1.093	1.170	1.156	1.126	1.121	1.153	1.063
38:00:38	22.5	0.950	0.814	1.107	1.016	1.081	1.010	1.055	1.065	1.125	1.116	1.103	1.045	0.999	1.005	1.006	1.028	1.081	1.117	1.117	1.089	1.031	1.074	1.090	1.103	1.070	1.027	1.124	1.031	1.102	1.123	1.064	1.077	0.979	1.026	0.953	1.103	1.077	1.099	1.080	1.020	0.954	1.033	1.170	1.032	1.026	1.025	1.084	1.083	1.116	0.994	1.089	1.044	1.128	1.098	1.178	1.147	1.144	1.154	1.179	1.068	1.190	1.153	1.195	1.188	1.133	1.080	1.167	1.115	0.045	1.125	1.231	1.092	1.039	1.145	1.208	1.129	1.199	1.143	1.181	1.083	1.166	1.166	1.156	0.830	0.989	1.164	1.127	1.126	1.172	1.104	1.177	1.168	1.135	1.128	1.160	1.066
39:00:39	22.6	0.952	0.834	1.107	1.016	1.084	1.010	1.058	1.070	1.152	1.120	1.112	1.049	1.002	1.041	1.000	1.033	1.063	1.111	1.135	1.095	1.032	1.083	1.113	1.120	1.071	0.990	1.117	0.979	1.097	1.139	1.056	1.070	0.968	1.029	0.953	1.105	1.077	1.107	1.086	1.005	0.977	1.040	1.171	1.021	1.015	1.033	1.094	1.087	1.131	0.997	1.095	1.032	1.102	1.127	1.183	1.145	1.138	1.129	1.192	1.072	1.207	1.159	1.204	1.189	1.150	1.058	1.180	1.118	0.045	1.124	1.234	1.109	1.044	1.160	1.192	1.143	1.211	1.147	1.184	1.085	1.166	1.169	1.164	0.823	0.995	1.164	1.119	1.129	1.174	1.106	1.185	1.172	1.133	1.125	1.161	1.072
40:00:40	22.7	0.958	0.824	1.126	1.024	1.111	1.021	1.063	1.087	1.172	1.129	1.123	1.048	1.014	1.039	0.952	1.044	1.085	1.098	1.115	1.128	1.051	1.095	1.111	1.121	1.087	1.029	1.132	0.980	1.097	1.154	1.091	1.084	0.907	1.036	0.935	1.113	1.086	1.116	1.095	1.037	0.957	1.021	1.174	1.012	1.042	1.057	1.105	1.093	1.148	1.000	1.110	1.035	1.131	1.125	1.191	1.162	1.147	1.110	1.221	1.086	1.220	1.166	1.227	1.209	1.140	1.049	1.190	1.124	0.045	1.137	1.241	1.129	1.045	1.165	1.211	1.140	1.214	1.155	1.193	1.096	1.165	1.180	1.176	0.815	0.995	1.164	1.126	1.129	1.185	1.104	1.188	1.207	1.146	1.134	1.169	1.069
41:00:42	22.8	0.968	0.802	1.129	1.041	1.126	1.041	1.073	1.100	1.173	1.136	1.134	1.050	1.029	1.010	0.954	1.056	1.065	1.135	1.100	1.146	1.069	1.104	1.093	1.150	1.100	1.013	1.137	0.982	1.096	1.168	1.072	1.073	0.895	1.043	0.914	1.115	1.086	1.121	1.082	1.030	0.969	1.015	1.179	1.031	1.020	1.071	1.102	1.104	1.167	1.007	1.063	1.024	1.164	1.097	1.186	1.157	1.139	1.078	1.260	1.105	1.238	1.168	1.233	1.218	1.132	1.053	1.185	1.125	0.045	1.147	1.250	1.169	1.054	1.185	1.202	1.144	1.212	1.153	1.198	1.105	1.141	1.181	1.190	0.810	0.998	1.163	1.130	1.131	1.186	1.108	1.193	1.195	1.148	1.142	1.181	1.071
42:00:43	22.7	0.975	0.790	1.048	0.996	1.080	0.997	1.021	1.095	1.163	1.107	1.155	1.068	1.097	1.018	1.011	1.026	1.103	1.108	1.082	1.153	1.030	1.115	1.087	1.182	1.074	1.040	1.160	0.973	1.102	1.195	1.064	1.058	0.898	0.997	0.915	1.106	1.121	1.126	1.036	1.011	0.983	1.018	1.164	0.996	1.010	1.076	1.113	1.111	1.208	1.027	1.106	1.017	1.156	1.066	1.175	1.193	1.127	1.077	1.236	1.109	1.230	1.172	1.229	1.201	1.134	1.056	1.199	1.139	0.045	1.131	1.256	1.222	1.053	1.200	1.197	1.148	1.194	1.192	1.198	1.109	1.145	1.206	1.180	0.817	1.003	1.239	1.166	1.154	1.160	1.138	1.217	1.250	1.139	1.157	1.177	1.067
43:00:44	22.7	0.981	0.790	1.063	1.006	1.094	1.008	1.035	1.131	1.176	1.113	1.175	1.071	1.105	1.045	0.964	1.043	1.067	1.148	1.103	1.165	1.051	1.151	1.065	1.178	1.134	1.042	1.171	0.988	1.094	1.195	1.077	1.077	0.914	1.000	0.922	1.118	1.147	1.127	1.049	1.007	0.935	1.004	1.178	1.062	1.010	1.089	1.120	1.108	1.227	1.051	1.113	1.051	1.129	1.071	1.176	1.210	1.139	1.071	1.242	1.118	1.247	1.193	1.244	1.216	1.149	1.055	1.211	1.173	0.046	1.136	1.259	1.256	1.061	1.199	1.219	1.147	1.207	1.210	1.220	1.114	1.131	1.204	1.185	0.812	1.007	1.256	1.165	1.142	1.158	1.132	1.205	1.267	1.140	1.153	1.184	1.070
44:00:43	22.6	0.971	0.840	1.075	1.005	1.106	1.007	1.056	1.147	1.193	1.131	1.192	1.071	1.112	1.019	0.996	1.051	1.100	1.108	1.107	1.161	1.067	1.177	1.097	1.175	1.157	1.057	1.173	0.976	1.116	1.186	1.083	1.079	0.893	1.046	0.921	1.137	1.164	1.145	1.052	1.015	0.934	1.016	1.186	1.006	1.007	1.095	1.130	1.130	1.226	1.048	1.109	1.051	1.160	1.079	1.194	1.227	1.153	1.059	1.254	1.119	1.240	1.206	1.242	1.234	1.163	1.057	1.203	1.170	0.045	1.135	1.261	1.252	1.059	1.201	1.217	1.154	1.208	1.207	1.227	1.111	1.151	1.214	1.193	0.802	1.007	1.263	1.146	1.129	1.169	1.141	1.195	1.266	1.144	1.149	1.189	1.069
45:00:44	22.6	0.981	0.813	1.152	1.060	1.129	1.074	1.152	1.162	1.143	1.189	1.237	1.045	1.156	1.064	1.031	1.091	1.069	1.089	1.098	1.195	1.108	1.204	1.113	1.182	1.179	1.057	1.187	1.041	1.085	1.207	1.100	1.110	0.881	1.014	0.906	1.147	1.138	1.168	1.050	1.033	1.003	1.015	1.203	0.968	0.986	1.115	1.175	1.130	1.259	1.105	1.133	1.065	1.167	1.078	1.224	1.267	1.186	1.071	1.267	1.150	1.263	1.178	1.271	1.228	1.122	1.050	1.223	1.207	0.046	1.158	1.285	1.288	1.063	1.230	1.252	1.148	1.225	1.220	1.234	1.122	1.160	1.235	1.221	0.802	1.013	1.252	1.121	1.128	1.201	1.154	1.197	1.271	1.163	1.167	1.231	1.074
46:00:46	22.5	0.967	0.798	1.171	1.041	1.150	1.046	1.125	1.160	1.144	1.187	1.253	1.056	1.169	1.076	1.023	1.051	1.150	1.125	1.149	1.189	1.137	1.211	1.117	1.207	1.200	1.077	1.194	0.993	1.077	1.211	1.097	1.114	0.871	0.993	0.898	1.152	1.153	1.173	1.052	1.013	0.940	0.987	1.202	1.007	1.005	1.133	1.182	1.134	1.263	1.092	1.145	1.059	1.189	1.073	1.216	1.269	1.192	1.061	1.287	1.157	1.260	1.183	1.273	1.237	1.167	1.044	1.221	1.214	0.047	1.162	1.281	1.299	1.063	1.237	1.254	1.151	1.225	1.228	1.242	1.127	1.135	1.236	1.227	0.805	1.016	1.263	1.125	1.125	1.198	1.148	1.206	1.277	1.168	1.170	1.226	1.081
47:00:46	22.5	0.991	0.825	1.185	1.061	1.143	1.075	1.167	1.182	1.132	1.199	1.229	1.053	1.177	1.097	1.021	1.087	1.138	1.122	1.144	1.190	1.125	1.226	1.129	1.203	1.226	1.073	1.183	1.003	1.111	1.230	1.088	1.129	0.876	1.020	0.948	1.162	1.148	1.186	1.058	1.048	0.989	1.002	1.203	0.992	1.002	1.146	1.195	1.140	1.263	1.165	1.140	1.085	1.194	1.066	1.215	1.245	1.208	1.091	1.275	1.172	1.267	1.185	1.277	1.232	1.164	1.046	1.211	1.207	0.048	1.168	1.290	1.299	1.059	1.245	1.257	1.168	1.232	1.226	1.249	1.130	1.145	1.247	1.234	0.806	1.025	1.246	1.115	1.123	1.204	1.156	1.197	1.291	1.169	1.177	1.234	1.081
48:00:47	22.6	0.995	0.864	1.200	1.071	1.148	1.097	1.164	1.190	1.132	1.204	1.228	1.055	1.203	1.105	1.022	1.092	1.124	1.162	1.164	1.195	1.130	1.233	1.164	1.216	1.234	1.086	1.203	1.021	1.093	1.235	1.089	1.141	0.914	1.063	1.003	1.172	1.172	1.184	1.062	1.035	1.012	0.999	1.202	0.990	1.027	1.146	1.198	1.148	1.248	1.081	1.192	1.085	1.182	1.089	1.211	1.242	1.190	1.120	1.273	1.171	1.271	1.205	1.286	1.238	1.191	1.051	1.218	1.203	0.048	1.175	1.287	1.300	1.059	1.248	1.266	1.169	1.253	1.233	1.247	1.131	1.144	1.249	1.239	0.819	1.032	1.257	1.123	1.119	1.204	1.155	1.198	1.295	1.173	1.177	1.237	1.080
49:00:49	22.6	1.008	0.983	1.199	1.083	1.151	1.100	1.179	1.197	1.134	1.205	1.232	1.060	1.201	1.097	1.021	1.105	1.119	1.161	1.135	1.198	1.139	1.234	1.176	1.214	1.220	1.126	1.198	1.001	1.099	1.247	1.114	1.159	0.953	1.034	0.986	1.169	1.186	1.197	1.053	1.051	1.030	1.013	1.204	1.001	1.050	1.154	1.213	1.153	1.280	1.031	1.190	1.080	1.194	1.101	1.214	1.254	1.209	1.121	1.278	1.174	1.285	1.202	1.290	1.234	1.158	1.046	1.218	1.200	0.050	1.177	1.295	1.300	1.064	1.248	1.281	1.179	1.235	1.236	1.244	1.130	1.155	1.260	1.241	0.829	1.037	1.265	1.126	1.128	1.207	1.169	1.198	1.300	1.177	1.182	1.245	1.083
50:00:50	22.6	0.985	0.981	1.184	1.025	1.135	1.043	1.139	1.187	1.152	1.176	1.241	1.065	1.211	1.103	1.072	1.075	1.138	1.153	1.178	1.185	1.104	1.231	1.146	1.242	1.198	1.122	1.204	1.036	1.110	1.213	1.113	1.156	0.950	1.069	0.977	1.194	1.230	1.195	1.083	1.045	1.066	0.990	1.200	1.072	1.025	1.144	1.183	1.210	1.267	1.027	1.189	1.132	1.167	1.152	1.207	1.227	1.205	1.188	1.292	1.149	1.282	1.246	1.285	1.240	1.169	1.051	1.192	1.188	0.050	1.168	1.282	1.290	1.081	1.222	1.269	1.184	1.229	1.232	1.240	1.126	1.179	1.247	1.224	0.857	1.031	1.286	1.158	1.135	1.186	1.158	1.231	1.274	1.174	1.183	1.234	1.094
51:00:50	22.6	1.001	1.067	1.142	1.019	1.117	1.028	1.088	1.191	1.182	1.156	1.242	1.073	1.165	1.117	1.104	1.103	1.146	1.190	1.146	1.181	1.096	1.225	1.163	1.242	1.216	1.155	1.206	1.044	1.113	1.213	1.112	1.181	0.974	1.089	0.978	1.192	1.261	1.211	1.123	1.077	1.061	1.023	1.195	1.021	1.093	1.146	1.184	1.220	1.262	1.091	1.214	1.129	1.180	1.154	1.219	1.258	1.223	1.172	1.293	1.143	1.298	1.259	1.289	1.251	1.161	1.096	1.209	1.197	0.054	1.170	1.280	1.290	1.096	1.222	1.269	1.197	1.257	1.243	1.255	1.136	1.200	1.262	1.233	0.863	1.031	1.289	1.170	1.141	1.181	1.163	1.251	1.274	1.180	1.186	1.241	1.092
52:00:52	22.6	1.020	1.114	1.137	1.045	1.122	1.052	1.175	1.190	1.192	1.177	1.238	1.099	1.146	1.118	1.092	1.122	1.153	1.148	1.180	1.187	1.090	1.225	1.152	1.254	1.214	1.144	1.226	1.047	1.113	1.212	1.157	1.183	0.992	1.060	1.031	1.216	1.249	1.223	1.139	1.066	1.115	1.006	1.198	1.071	1.034	1.159	1.189	1.210	1.274	1.122	1.216	1.127	1.213	1.194	1.220	1.267	1.220	1.187	1.295	1.142	1.297	1.256	1.296	1.258	1.154	1.094	1.222	1.198	0.059	1.171	1.283	1.299	1.110	1.227	1.280	1.212	1.250	1.237	1.256	1.142	1.204	1.267	1.241	0.867	1.036	1.290	1.183	1.153	1.206	1.206	1.272	1.290	1.185	1.213	1.259	1.086
53:00:52	22.7	1.035	1.126	1.274	1.192	1.224	1.153	1.294	1.205	1.133	1.257	1.222	1.071	1.225	1.158	1.083	1.128	1.164	1.192	1.169	1.192	1.164	1.247	1.202	1.210	1.222	1.163	1.222	1.061	1.120	1.265	1.157	1.221	1.032	1.081	1.037	1.222	1.297	1.206	1.141	1.081	1.127	1.031	1.225	1.030	1.059	1.180	1.231	1.223	1.301	1.090	1.217	1.118	1.219	1.181	1.232	1.271	1.242	1.184	1.293	1.176	1.335	1.229	1.309	1.250	1.202	1.066	1.228	1.219	0.081	1.188	1.307	1.315	1.116	1.262	1.293	1.215	1.281	1.251	1.288	1.160	1.188	1.287	1.254	0.857	1.046	1.296	1.138	1.178	1.273	1.242	1.274	1.308	1.199	1.248	1.304	1.080
54:00:53	22.6	1.019	1.116	1.214	1.061	1.123	1.111	1.211	1.198	1.172	1.208	1.244	1.121	1.223	1.144	1.133	1.109	1.177	1.200	1.179	1.214	1.103	1.232	1.207	1.254	1.211	1.181	1.216	1.078	1.135	1.227	1.169	1.207	1.087	1.135	1.096	1.224	1.278	1.226	1.166	1.115	1.099	1.050	1.218	1.155	1.122	1.152	1.212	1.221	1.306	1.148	1.230	1.138	1.237	1.176	1.226	1.254	1.234	1.213	1.313	1.142	1.302	1.259	1.308	1.250	1.204	1.101	1.216	1.203	0.093	1.175	1.291	1.299	1.129	1.229	1.271	1.219	1.281	1.238	1.285	1.157	1.202	1.277	1.248	0.854	1.036	1.306	1.182	1.189	1.252	1.256	1.288	1.282	1.196	1.246	1.275	1.083
55:00:53	22.6	1.067	1.055	1.271	1.216	1.238	1.181	1.322	1.212	1.129	1.280	1.217	1.086	1.217	1.167	1.151	1.138	1.173	1.196	1.177	1.208	1.176	1.238	1.214	1.219	1.233	1.197	1.224	1.094	1.139	1.255	1.175	1.230	1.084	1.115	1.088	1.251	1.294	1.216	1.167	1.129	1.119	1.049	1.242	1.111	1.088	1.185	1.248	1.265	1.308	1.116	1.249	1.141	1.261	1.178	1.244	1.249	1.253	1.232	1.286	1.170	1.336	1.243	1.306	1.256	1.213	1.141	1.230	1.204	0.105	1.189	1.320	1.321	1.168	1.263	1.310	1.229	1.296	1.259	1.287	1.169	1.211	1.304	1.261	0.843	1.023	1.294	1.159	1.193	1.313	1.279	1.305	1.319	1.211	1.260	1.309	1.094
56:00:55	22.5	1.111	1.045	1.240	1.270	1.228	1.159	1.336	1.195	1.130	1.273	1.219	1.076	1.213	1.173	1.159	1.166	1.169	1.187	1.175	1.162	1.163	1.231	1.203	1.215	1.238	1.193	1.217	1.130	1.131	1.254	1.171	1.234	1.090	1.155	1.129	1.273	1.303	1.227	1.184	1.136	1.137	1.055	1.250	1.121	1.111	1.180	1.259	1.264	1.295	1.118	1.264	1.190	1.275	1.220	1.249	1.261	1.246	1.241	1.294	1.168	1.332	1.241	1.305	1.260	1.234	1.165	1.227	1.223	0.113	1.191	1.325	1.315	1.158	1.263	1.296	1.235	1.291	1.269	1.294	1.164	1.248	1.312	1.266	0.837	1.022	1.286	1.143	1.179	1.327	1.288	1.308	1.314	1.213	1.264	1.314	1.093
57:00:55	22.4	1.114	1.033	1.263	1.263	1.246	1.194	1.340	1.208	1.131	1.282	1.218	1.083	1.212	1.182	1.175	1.163	1.155	1.222	1.179	1.174	1.175	1.235	1.253	1.213	1.243	1.199	1.210	1.140	1.152	1.260	1.169	1.237	1.112	1.163	1.132	1.277	1.311	1.240	1.201	1.178	1.163	1.094	1.253	1.129	1.135	1.190	1.266	1.270	1.315	1.140	1.269	1.222	1.271	1.208	1.259	1.265	1.259	1.257	1.307	1.165	1.331	1.258	1.306	1.265	1.240	1.160	1.249	1.219	0.121	1.193	1.335	1.316	1.188	1.263	1.321	1.243	1.307	1.285	1.308	1.172	1.256	1.319	1.274	0.831	1.022	1.292	1.145	1.187	1.339	1.299	1.317	1.318	1.218	1.273	1.321	1.129
58:00:57	22.3	1.160	1.022	1.263	1.276	1.248	1.254	1.351	1.212	1.130	1.301	1.217	1.085	1.217	1.215	1.169	1.182	1.196	1.178	1.198	1.161	1.165	1.234	1.227	1.210	1.249	1.215	1.218	1.123	1.183	1.274	1.163	1.238	1.145	1.174	1.158	1.281	1.325	1.240	1.214	1.179	1.178	1.082	1.259	1.136	1.135	1.202	1.271	1.274	1.329	1.155	1.281	1.225	1.272	1.237	1.265	1.275	1.271	1.257	1.312	1.155	1.332	1.260	1.315	1.270	1.244	1.165	1.250	1.227	0.128	1.194	1.341	1.316	1.217	1.266	1.322	1.248	1.311	1.290	1.318	1.187	1.270	1.320	1.277	0.822	1.016	1.291	1.150	1.193	1.349	1.301	1.320	1.324	1.219	1.280	1.324	1.165
59:00:58	22.2	1.150	0.992	1.314	1.284	1.252	1.281	1.325	1.224	1.130	1.305	1.217	1.082	1.214	1.220	1.168	1.175	1.170	1.186	1.151	1.149	1.161	1.240	1.213	1.196	1.235	1.214	1.215	1.145	1.161	1.266	1.179	1.234	1.169	1.185	1.153	1.273	1.333	1.231	1.219	1.187	1.170	1.112	1.253	1.150	1.162	1.204	1.259	1.270	1.334	1.169	1.280	1.240	1.275	1.238	1.254	1.273	1.272	1.263	1.309	1.151	1.347	1.260	1.322	1.273	1.241	1.202	1.255	1.230	0.134	1.188	1.345	1.306	1.229	1.262	1.328	1.254	1.316	1.292	1.330	1.185	1.268	1.320	1.275	0.811	1.014	1.284	1.141	1.183	1.337	1.299	1.323	1.311	1.205	1.274	1.312	1.138
60:00:58	22.3	1.147	1.010	1.298	1.295	1.248	1.311	1.342	1.216	1.126	1.302	1.218	1.073	1.222	1.212	1.198	1.201	1.194	1.223	1.173	1.158	1.169	1.227	1.232	1.185	1.249	1.218	1.230	1.137	1.197	1.269	1.175	1.229	1.176	1.186	1.168	1.278	1.324	1.244	1.238	1.213	1.192	1.114	1.265	1.177	1.162	1.206	1.276	1.285	1.329	1.177	1.291	1.250	1.281	1.248	1.274	1.274	1.284	1.281	1.328	1.141	1.338	1.281	1.327	1.283	1.255	1.191	1.261	1.240	0.143	1.193	1.351	1.305	1.212	1.272	1.339	1.254	1.327	1.294	1.341	1.186	1.288	1.332	1.277	0.811	1.017	1.283	1.139	1.192	1.365	1.304	1.318	1.329	1.214	1.278	1.325	1.137
61:00:59	22.4	1.202	1.010	1.238	1.296	1.253	1.310	1.367	1.203	1.126	1.296	1.218	1.060	1.217	1.195	1.176	1.173	1.187	1.181	1.150	1.186	1.156	1.228	1.227	1.182	1.252	1.222	1.217	1.168	1.198	1.276	1.153	1.229	1.192	1.200	1.207	1.283	1.325	1.254	1.208	1.203	1.188	1.144	1.263	1.174	1.159	1.205	1.271	1.294	1.319	1.177	1.281	1.250	1.278	1.236	1.271	1.283	1.278	1.281	1.324	1.133	1.320	1.279	1.318	1.289	1.258	1.211	1.268	1.249	0.153	1.189	1.354	1.280	1.215	1.269	1.340	1.244	1.323	1.309	1.337	1.189	1.290	1.329	1.280	0.800	1.015	1.272	1.140	1.185	1.364	1.301	1.320	1.329	1.205	1.276	1.312	1.164
62:01:01	22.3	1.195	0.992	1.248	1.315	1.254	1.343	1.354	1.196	1.118	1.288	1.220	1.052	1.245	1.210	1.173	1.198	1.177	1.196	1.165	1.187	1.162	1.218	1.203	1.162	1.256	1.226	1.239	1.182	1.207	1.279	1.159	1.225	1.194	1.213	1.201	1.281	1.325	1.252	1.221	1.217	1.189	1.175	1.262	1.218	1.170	1.207	1.276	1.301	1.290	1.181	1.279	1.246	1.294	1.269	1.274	1.293	1.284	1.279	1.330	1.127	1.299	1.286	1.324	1.287	1.268	1.231	1.270	1.264	0.166	1.190	1.357	1.282	1.212	1.269	1.341	1.243	1.326	1.312	1.333	1.183	1.298	1.330	1.281	0.797	1.016	1.267	1.127	1.182	1.369	1.299	1.316	1.331	1.204	1.276	1.319	1.157
63:01:01	22.4	1.177	0.948	1.223	1.306	1.257	1.325	1.372	1.198	1.113	1.280	1.215	1.048	1.253	1.198	1.161	1.183	1.192	1.194	1.124	1.194	1.171	1.219	1.212	1.160	1.263	1.230	1.222	1.192	1.215	1.281	1.152	1.229	1.193	1.239	1.210	1.283	1.320	1.260	1.216	1.231	1.192	1.167	1.268	1.197	1.182	1.209	1.276	1.299	1.291	1.198	1.287	1.254	1.294	1.286	1.284	1.303	1.287	1.292	1.327	1.120	1.306	1.287	1.329	1.290	1.266	1.236	1.283	1.270	0.176	1.187	1.362	1.272	1.206	1.268	1.351	1.243	1.331	1.319	1.346	1.178	1.298	1.331	1.281	0.789	1.012	1.263	1.123	1.182	1.377	1.301	1.325	1.333	1.196	1.275	1.313	1.117
64:01:01	22.4	1.089	0.962	1.287	1.281	1.239	1.290	1.352	1.221	1.113	1.319	1.207	1.060	1.258	1.198	1.154	1.191	1.190	1.186	1.171	1.200	1.164	1.233	1.237	1.166	1.270	1.220	1.239	1.191	1.230	1.293	1.176	1.230	1.197	1.233	1.245	1.280	1.338	1.253	1.230	1.229	1.199	1.198	1.264	1.218	1.183	1.218	1.275	1.282	1.274	1.210	1.295	1.265	1.298	1.293	1.283	1.301	1.297	1.296	1.335	1.110	1.312	1.293	1.338	1.297	1.283	1.256	1.283	1.276	0.179	1.182	1.365	1.275	1.189	1.264	1.364	1.248	1.338	1.320	1.355	1.176	1.303	1.337	1.281	0.780	1.001	1.264	1.121	1.173	1.388	1.290	1.308	1.329	1.194	1.276	1.316	1.098
65:01:03	22.7	1.136	0.941	1.260	1.302	1.257	1.353	1.360	1.217	1.105	1.295	1.198	1.044	1.251	1.176	1.174	1.183	1.191	1.189	1.168	1.178	1.166	1.218	1.202	1.166	1.254	1.202	1.239	1.198	1.244	1.287	1.142	1.242	1.198	1.240	1.247	1.280	1.326	1.249	1.240	1.232	1.195	1.195	1.262	1.221	1.212	1.210	1.268	1.286	1.274	1.198	1.277	1.250	1.297	1.292	1.277	1.296	1.296	1.289	1.329	1.109	1.312	1.290	1.329	1.289	1.281	1.250	1.280	1.272	0.188	1.175	1.359	1.257	1.196	1.261	1.362	1.243	1.341	1.323	1.354	1.174	1.304	1.336	1.273	0.775	1.000	1.256	1.117	1.177	1.379	1.289	1.317	1.325	1.180	1.270	1.303	1.117
66:01:03	23.0	1.017	0.943	1.331	1.190	1.170	1.285	1.331	1.218	1.105	1.300	1.190	1.039	1.296	1.183	1.193	1.180	1.180	1.175	1.148	1.145	1.164	1.241	1.149	1.176	1.194	1.192	1.231	1.203	1.262	1.251	1.140	1.239	1.202	1.252	1.250	1.228	1.321	1.251	1.229	1.239	1.205	1.185	1.250	1.221	1.231	1.168	1.248	1.282	1.316	1.206	1.269	1.272	1.288	1.278	1.264	1.281	1.295	1.284	1.332	1.102	1.328	1.282	1.333	1.279	1.275	1.248	1.291	1.277	0.196	1.150	1.332	1.283	1.279	1.260	1.352	1.222	1.344	1.317	1.343	1.192	1.302	1.315	1.249	0.757	1.026	1.276	1.129	1.155	1.318	1.270	1.309	1.286	1.155	1.257	1.258	1.057
67:01:05	23.1	1.021	0.934	1.334	1.185	1.181	1.296	1.351	1.227	1.097	1.313	1.178	1.019	1.285	1.173	1.188	1.188	1.168	1.196	1.158	1.148	1.154	1.250	1.163	1.156	1.186	1.198	1.215	1.222	1.264	1.267	1.144	1.236	1.211	1.258	1.236	1.234	1.345	1.233	1.240	1.242	1.210	1.223	1.247	1.226	1.234	1.163	1.249	1.277	1.338	1.218	1.290	1.268	1.308	1.288	1.256	1.290	1.294	1.281	1.336	1.111	1.326	1.270	1.334	1.288	1.284	1.255	1.290	1.276	0.217	1.142	1.339	1.258	1.247	1.252	1.359	1.225	1.349	1.321	1.346	1.182	1.308	1.311	1.236	0.746	1.033	1.253	1.120	1.153	1.311	1.252	1.308	1.274	1.146	1.248	1.238	1.041
68:01:05	23.0	1.191	0.931	1.196	1.336	1.225	1.327	1.366	1.173	1.070	1.260	1.188	1.036	1.321	1.219	1.188	1.177	1.162	1.197	1.158	1.190	1.155	1.184	1.213	1.125	1.265	1.222	1.221	1.209	1.274	1.256	1.148	1.247	1.195	1.256	1.255	1.263	1.289	1.239	1.249	1.233	1.209	1.218	1.258	1.238	1.240	1.191	1.255	1.284	1.233	1.200	1.280	1.280	1.319	1.295	1.266	1.301	1.275	1.298	1.326	1.094	1.246	1.290	1.317	1.282	1.294	1.276	1.294	1.296	0.240	1.146	1.367	1.203	1.178	1.244	1.345	1.208	1.336	1.331	1.343	1.154	1.315	1.321	1.245	0.746	0.980	1.205	1.092	1.142	1.299	1.248	1.325	1.312	1.143	1.237	1.248	1.096
69:01:07	22.9	1.162	0.989	1.213	1.345	1.252	1.341	1.352	1.191	1.078	1.250	1.186	1.025	1.313	1.196	1.161	1.158	1.156	1.212	1.201	1.163	1.154	1.193	1.234	1.132	1.279	1.235	1.235	1.223	1.272	1.279	1.142	1.245	1.203	1.264	1.237	1.267	1.286	1.240	1.239	1.248	1.219	1.214	1.248	1.249	1.257	1.199	1.270	1.276	1.211	1.208	1.282	1.281	1.312	1.302	1.258	1.302	1.287	1.301	1.326	1.092	1.244	1.294	1.323	1.292	1.299	1.276	1.298	1.298	0.279	1.152	1.367	1.199	1.159	1.242	1.342	1.209	1.332	1.319	1.344	1.154	1.327	1.320	1.252	0.741	0.979	1.210	1.088	1.143	1.309	1.242	1.311	1.309	1.149	1.237	1.251	1.131
70:01:07	22.9	1.021	0.925	1.311	1.243	1.209	1.338	1.366	1.224	1.083	1.335	1.164	1.003	1.286	1.176	1.150	1.174	1.145	1.159	1.147	1.154	1.146	1.228	1.160	1.144	1.199	1.212	1.213	1.211	1.263	1.250	1.136	1.237	1.212	1.260	1.248	1.230	1.325	1.233	1.253	1.241	1.212	1.229	1.245	1.250	1.254	1.177	1.251	1.280	1.316	1.217	1.299	1.271	1.303	1.302	1.246	1.295	1.294	1.295	1.331	1.082	1.311	1.255	1.330	1.271	1.288	1.257	1.303	1.277	0.308	1.132	1.334	1.217	1.202	1.239	1.350	1.213	1.348	1.321	1.352	1.174	1.323	1.300	1.224	0.728	0.970	1.229	1.099	1.149	1.280	1.219	1.281	1.271	1.131	1.225	1.217	1.038
71:01:09	22.8	1.120	0.907	1.208	1.363	1.274	1.329	1.345	1.208	1.059	1.269	1.172	1.012	1.325	1.176	1.183	1.136	1.173	1.177	1.154	1.140	1.161	1.175	1.211	1.111	1.292	1.197	1.193	1.211	1.273	1.260	1.155	1.227	1.190	1.255	1.237	1.262	1.285	1.233	1.250	1.222	1.218	1.229	1.250	1.234	1.240	1.192	1.256	1.275	1.206	1.202	1.273	1.273	1.323	1.301	1.251	1.300	1.274	1.300	1.326	1.083	1.256	1.272	1.319	1.272	1.299	1.275	1.298	1.294	0.320	1.137	1.359	1.161	1.135	1.228	1.344	1.192	1.331	1.316	1.340	1.146	1.321	1.311	1.228	0.731	0.959	1.173	1.072	1.118	1.256	1.226	1.293	1.293	1.128	1.210	1.210	1.111
72:01:09	22.8	1.077	0.948	1.199	1.343	1.242	1.322	1.348	1.182	1.054	1.274	1.166	1.001	1.316	1.212	1.187	1.155	1.147	1.176	1.148	1.147	1.176	1.184	1.211	1.106	1.312	1.216	1.223	1.217	1.281	1.277	1.128	1.236	1.194	1.264	1.245	1.253	1.271	1.222	1.260	1.232	1.221	1.232	1.246	1.244	1.248	1.196	1.260	1.259	1.158	1.210	1.283	1.271	1.337	1.299	1.252	1.313	1.281	1.307	1.334	1.078	1.235	1.287	1.327	1.291	1.299	1.282	1.311	1.296	0.342	1.141	1.357	1.161	1.121	1.227	1.341	1.188	1.334	1.320	1.351	1.146	1.329	1.313	1.231	0.738	0.954	1.154	1.064	1.107	1.276	1.227	1.278	1.278	1.130	1.209	1.209	1.097

