Time	T° 600	A1	A2	A3	A4	A5	A6	A7	A8	A9	A10	A11	A12	B1	B2	B3	B4	B5	B6	B7	B8	B9	B10	B11	B12	C1	C2	C3	C4	C5	C6	C7	C8	C9	C10	C11	C12	D1	D2	D3	D4	D5	D6	D7	D8	D9	D10	D11	D12	E1	E2	E3	E4	E5	E6	E7	E8	E9	E10	E11	E12	F1	F2	F3	F4	F5	F6	F7	F8	F9	F10	F11	F12	G1	G2	G3	G4	G5	G6	G7	G8	G9	G10	G11	G12	H1	H2	H3	H4	H5	H6	H7	H8	H9	H10	H11	H12
0:00:06	24.1	0.045	0.044	0.049	0.049	0.047	0.048	0.044	0.045	0.046	0.047	0.049	0.046	0.044	0.043	0.043	0.048	0.046	0.044	0.043	0.045	0.045	0.049	0.047	0.048	0.044	0.044	0.043	0.045	0.044	0.045	0.043	0.044	0.045	0.048	0.046	0.049	0.043	0.043	0.043	0.100	0.043	0.047	0.047	0.047	0.044	0.047	0.046	0.047	0.044	0.044	0.046	0.044	0.045	0.047	0.046	0.043	0.044	0.044	0.044	0.061	0.044	0.045	0.048	0.044	0.044	0.043	0.045	0.043	0.043	0.044	0.044	0.044	0.048	0.044	0.049	0.045	0.045	0.043	0.044	0.046	0.048	0.044	0.045	0.044	0.044	0.046	0.044	0.044	0.043	0.044	0.048	0.048	0.048	0.048	0.044	0.046
1:00:04	24.3	0.045	0.045	0.050	0.049	0.047	0.049	0.045	0.045	0.046	0.048	0.050	0.047	0.045	0.044	0.044	0.048	0.046	0.044	0.044	0.045	0.046	0.049	0.048	0.049	0.044	0.044	0.044	0.046	0.044	0.046	0.044	0.045	0.046	0.049	0.046	0.050	0.044	0.044	0.044	0.104	0.044	0.047	0.048	0.047	0.044	0.048	0.047	0.047	0.045	0.045	0.047	0.045	0.045	0.047	0.046	0.043	0.044	0.045	0.044	0.062	0.044	0.045	0.049	0.045	0.044	0.043	0.046	0.043	0.044	0.045	0.045	0.045	0.048	0.045	0.050	0.046	0.046	0.044	0.044	0.047	0.049	0.045	0.046	0.045	0.045	0.047	0.045	0.044	0.044	0.044	0.048	0.049	0.048	0.049	0.045	0.046
2:00:05	24.3	0.047	0.047	0.051	0.051	0.049	0.050	0.047	0.047	0.047	0.049	0.051	0.049	0.046	0.046	0.046	0.050	0.048	0.046	0.046	0.047	0.048	0.050	0.050	0.050	0.046	0.046	0.045	0.047	0.046	0.048	0.045	0.046	0.047	0.050	0.048	0.051	0.045	0.046	0.045	0.102	0.045	0.048	0.049	0.048	0.046	0.049	0.048	0.049	0.046	0.047	0.048	0.047	0.047	0.049	0.047	0.045	0.046	0.046	0.046	0.061	0.045	0.047	0.050	0.047	0.046	0.045	0.047	0.045	0.045	0.047	0.047	0.047	0.050	0.047	0.051	0.047	0.047	0.046	0.046	0.049	0.050	0.046	0.048	0.048	0.046	0.049	0.047	0.046	0.046	0.046	0.050	0.050	0.050	0.050	0.047	0.048
3:00:06	24.5	0.050	0.050	0.054	0.055	0.052	0.054	0.050	0.050	0.049	0.052	0.055	0.052	0.050	0.050	0.049	0.053	0.051	0.049	0.049	0.051	0.051	0.053	0.053	0.054	0.049	0.049	0.048	0.049	0.049	0.051	0.048	0.049	0.050	0.053	0.051	0.053	0.048	0.049	0.048	0.093	0.048	0.051	0.052	0.052	0.048	0.052	0.051	0.052	0.049	0.050	0.051	0.049	0.050	0.051	0.050	0.047	0.048	0.049	0.050	0.060	0.049	0.051	0.053	0.049	0.049	0.047	0.050	0.048	0.048	0.050	0.050	0.050	0.052	0.050	0.054	0.050	0.050	0.049	0.049	0.050	0.053	0.049	0.051	0.051	0.049	0.052	0.049	0.049	0.049	0.049	0.053	0.053	0.053	0.054	0.050	0.052
4:00:07	24.7	0.063	0.068	0.073	0.072	0.070	0.073	0.070	0.071	0.055	0.068	0.074	0.079	0.063	0.069	0.066	0.074	0.066	0.066	0.068	0.069	0.071	0.072	0.075	0.074	0.062	0.066	0.065	0.062	0.060	0.063	0.063	0.061	0.069	0.066	0.070	0.074	0.063	0.068	0.065	0.089	0.060	0.063	0.065	0.060	0.063	0.071	0.072	0.070	0.062	0.069	0.068	0.064	0.063	0.061	0.063	0.062	0.061	0.069	0.066	0.070	0.061	0.070	0.072	0.066	0.067	0.054	0.064	0.064	0.067	0.067	0.072	0.071	0.067	0.071	0.074	0.069	0.068	0.067	0.068	0.062	0.074	0.068	0.075	0.071	0.061	0.070	0.068	0.069	0.065	0.062	0.069	0.071	0.073	0.070	0.069	0.070
5:00:08	24.5	0.079	0.076	0.080	0.082	0.080	0.084	0.088	0.080	0.077	0.085	0.086	0.082	0.075	0.081	0.073	0.082	0.078	0.073	0.074	0.073	0.076	0.079	0.080	0.089	0.072	0.075	0.072	0.073	0.072	0.072	0.072	0.073	0.075	0.075	0.080	0.082	0.076	0.079	0.076	0.081	0.078	0.076	0.076	0.072	0.073	0.079	0.081	0.082	0.075	0.079	0.077	0.076	0.074	0.077	0.076	0.072	0.073	0.075	0.076	0.080	0.074	0.078	0.081	0.077	0.078	0.069	0.074	0.075	0.075	0.079	0.079	0.083	0.080	0.081	0.082	0.080	0.078	0.079	0.082	0.065	0.084	0.078	0.089	0.085	0.077	0.086	0.083	0.076	0.078	0.076	0.085	0.082	0.084	0.083	0.081	0.080
6:00:08	24.3	0.120	0.110	0.114	0.117	0.121	0.130	0.127	0.127	0.094	0.117	0.130	0.105	0.112	0.119	0.105	0.119	0.112	0.105	0.105	0.103	0.117	0.112	0.120	0.138	0.098	0.109	0.103	0.097	0.095	0.094	0.096	0.099	0.104	0.096	0.112	0.115	0.106	0.111	0.106	0.108	0.099	0.101	0.101	0.098	0.097	0.104	0.114	0.115	0.101	0.113	0.107	0.103	0.100	0.099	0.102	0.096	0.103	0.116	0.115	0.123	0.102	0.112	0.113	0.107	0.112	0.092	0.102	0.102	0.104	0.111	0.116	0.127	0.109	0.120	0.114	0.113	0.112	0.112	0.123	0.070	0.120	0.109	0.132	0.131	0.110	0.126	0.116	0.103	0.111	0.105	0.117	0.117	0.118	0.122	0.122	0.122
7:00:09	24.0	0.191	0.183	0.178	0.186	0.197	0.210	0.202	0.203	0.125	0.196	0.210	0.172	0.167	0.207	0.178	0.203	0.169	0.165	0.184	0.161	0.191	0.170	0.196	0.214	0.153	0.173	0.160	0.147	0.144	0.150	0.148	0.167	0.174	0.153	0.189	0.187	0.164	0.184	0.189	0.180	0.161	0.157	0.154	0.146	0.155	0.176	0.176	0.174	0.173	0.192	0.177	0.170	0.158	0.166	0.164	0.152	0.158	0.186	0.176	0.189	0.167	0.193	0.188	0.172	0.186	0.139	0.158	0.165	0.169	0.179	0.191	0.200	0.173	0.192	0.188	0.189	0.180	0.181	0.193	0.090	0.196	0.177	0.208	0.210	0.170	0.191	0.186	0.161	0.175	0.165	0.190	0.182	0.188	0.186	0.195	0.188
8:00:09	23.7	0.303	0.270	0.280	0.277	0.294	0.301	0.295	0.302	0.183	0.303	0.330	0.277	0.258	0.308	0.270	0.290	0.251	0.256	0.275	0.250	0.293	0.266	0.278	0.326	0.225	0.264	0.247	0.229	0.227	0.237	0.230	0.252	0.261	0.249	0.284	0.283	0.249	0.292	0.276	0.272	0.255	0.252	0.232	0.219	0.244	0.282	0.281	0.267	0.267	0.288	0.269	0.262	0.250	0.258	0.260	0.239	0.244	0.294	0.268	0.292	0.258	0.285	0.285	0.267	0.285	0.202	0.245	0.259	0.265	0.295	0.298	0.304	0.264	0.292	0.286	0.285	0.277	0.283	0.301	0.130	0.305	0.281	0.323	0.328	0.262	0.301	0.291	0.236	0.271	0.255	0.292	0.284	0.288	0.295	0.298	0.294
9:00:11	23.5	0.395	0.390	0.397	0.391	0.407	0.441	0.422	0.428	0.264	0.411	0.456	0.398	0.364	0.433	0.383	0.415	0.349	0.368	0.378	0.373	0.415	0.383	0.400	0.436	0.316	0.357	0.356	0.310	0.321	0.344	0.322	0.352	0.382	0.373	0.395	0.398	0.349	0.417	0.380	0.374	0.367	0.353	0.330	0.302	0.357	0.399	0.395	0.382	0.375	0.396	0.380	0.364	0.353	0.363	0.367	0.342	0.348	0.415	0.374	0.400	0.364	0.382	0.399	0.370	0.391	0.277	0.359	0.367	0.376	0.417	0.418	0.437	0.366	0.427	0.409	0.404	0.391	0.407	0.431	0.194	0.440	0.406	0.462	0.455	0.361	0.424	0.424	0.335	0.392	0.364	0.429	0.405	0.414	0.413	0.425	0.411
10:00:13	23.1	0.470	0.522	0.530	0.511	0.535	0.565	0.543	0.548	0.354	0.537	0.591	0.517	0.457	0.529	0.493	0.516	0.460	0.474	0.477	0.502	0.534	0.487	0.534	0.544	0.428	0.459	0.473	0.416	0.423	0.465	0.440	0.453	0.492	0.488	0.519	0.529	0.470	0.522	0.483	0.493	0.507	0.476	0.441	0.389	0.470	0.514	0.518	0.503	0.483	0.495	0.498	0.471	0.473	0.476	0.478	0.468	0.467	0.545	0.482	0.505	0.465	0.490	0.503	0.485	0.512	0.354	0.479	0.485	0.500	0.540	0.537	0.549	0.477	0.560	0.525	0.516	0.506	0.523	0.555	0.263	0.552	0.525	0.592	0.538	0.457	0.536	0.547	0.426	0.512	0.472	0.551	0.511	0.538	0.526	0.552	0.519
11:00:13	22.8	0.536	0.613	0.618	0.593	0.614	0.637	0.633	0.646	0.417	0.630	0.681	0.598	0.543	0.602	0.593	0.605	0.539	0.572	0.553	0.605	0.633	0.574	0.616	0.612	0.521	0.547	0.555	0.516	0.513	0.566	0.535	0.547	0.589	0.580	0.616	0.630	0.565	0.620	0.565	0.594	0.606	0.586	0.532	0.478	0.573	0.619	0.620	0.605	0.582	0.581	0.590	0.562	0.577	0.574	0.568	0.585	0.568	0.653	0.563	0.588	0.538	0.581	0.601	0.587	0.612	0.422	0.584	0.594	0.600	0.637	0.646	0.634	0.567	0.661	0.625	0.607	0.609	0.624	0.662	0.334	0.649	0.625	0.686	0.620	0.510	0.657	0.662	0.491	0.615	0.575	0.643	0.616	0.636	0.613	0.650	0.598
12:00:14	22.6	0.594	0.693	0.703	0.662	0.689	0.706	0.709	0.724	0.467	0.699	0.748	0.664	0.623	0.672	0.677	0.667	0.614	0.640	0.618	0.680	0.701	0.653	0.700	0.677	0.612	0.618	0.633	0.614	0.597	0.653	0.620	0.624	0.679	0.673	0.696	0.709	0.650	0.695	0.636	0.670	0.691	0.660	0.618	0.553	0.652	0.688	0.700	0.692	0.664	0.652	0.678	0.644	0.655	0.654	0.650	0.669	0.667	0.725	0.627	0.656	0.605	0.654	0.676	0.675	0.703	0.484	0.676	0.668	0.679	0.712	0.730	0.710	0.648	0.743	0.701	0.682	0.686	0.693	0.736	0.395	0.722	0.702	0.754	0.693	0.555	0.739	0.741	0.544	0.695	0.665	0.723	0.691	0.724	0.672	0.728	0.665
13:00:15	22.5	0.636	0.747	0.757	0.714	0.742	0.760	0.767	0.778	0.514	0.753	0.797	0.723	0.684	0.734	0.731	0.725	0.673	0.697	0.676	0.728	0.758	0.716	0.756	0.724	0.672	0.670	0.684	0.686	0.653	0.719	0.674	0.688	0.731	0.742	0.758	0.770	0.717	0.745	0.690	0.730	0.751	0.734	0.685	0.635	0.716	0.731	0.767	0.750	0.731	0.707	0.736	0.707	0.709	0.712	0.712	0.738	0.745	0.783	0.682	0.707	0.662	0.711	0.729	0.743	0.751	0.535	0.738	0.733	0.739	0.776	0.780	0.777	0.717	0.809	0.756	0.741	0.743	0.751	0.796	0.461	0.778	0.759	0.812	0.744	0.599	0.814	0.809	0.595	0.759	0.742	0.783	0.750	0.803	0.727	0.802	0.720
14:00:16	22.5	0.678	0.790	0.792	0.760	0.783	0.799	0.810	0.816	0.557	0.800	0.834	0.764	0.742	0.764	0.797	0.755	0.727	0.746	0.716	0.770	0.796	0.774	0.791	0.770	0.727	0.719	0.724	0.739	0.699	0.772	0.713	0.746	0.776	0.774	0.799	0.824	0.772	0.798	0.731	0.777	0.793	0.778	0.741	0.695	0.757	0.788	0.804	0.802	0.786	0.747	0.787	0.747	0.751	0.751	0.748	0.795	0.799	0.837	0.733	0.753	0.721	0.752	0.766	0.786	0.795	0.580	0.786	0.783	0.779	0.819	0.823	0.829	0.764	0.855	0.802	0.783	0.781	0.796	0.837	0.518	0.822	0.811	0.853	0.804	0.641	0.868	0.865	0.642	0.818	0.797	0.846	0.806	0.850	0.789	0.846	0.764
15:00:16	22.4	0.711	0.828	0.823	0.803	0.818	0.824	0.834	0.858	0.595	0.823	0.871	0.797	0.777	0.801	0.839	0.777	0.774	0.795	0.753	0.810	0.835	0.822	0.830	0.808	0.773	0.748	0.767	0.764	0.748	0.812	0.759	0.787	0.818	0.815	0.839	0.860	0.814	0.820	0.771	0.809	0.834	0.821	0.778	0.750	0.797	0.801	0.845	0.843	0.826	0.789	0.822	0.791	0.784	0.786	0.790	0.829	0.836	0.869	0.767	0.790	0.772	0.787	0.811	0.833	0.836	0.619	0.816	0.819	0.820	0.857	0.865	0.864	0.809	0.886	0.832	0.821	0.827	0.816	0.869	0.570	0.861	0.848	0.894	0.832	0.671	0.901	0.905	0.679	0.856	0.838	0.887	0.844	0.892	0.825	0.893	0.801
16:00:17	22.5	0.733	0.844	0.838	0.837	0.832	0.830	0.858	0.875	0.627	0.840	0.886	0.823	0.805	0.817	0.857	0.812	0.812	0.815	0.784	0.827	0.864	0.849	0.859	0.832	0.805	0.778	0.787	0.815	0.779	0.836	0.784	0.813	0.830	0.844	0.866	0.884	0.848	0.860	0.805	0.845	0.873	0.847	0.812	0.794	0.835	0.833	0.866	0.868	0.854	0.808	0.843	0.821	0.826	0.809	0.819	0.867	0.864	0.872	0.800	0.823	0.799	0.822	0.828	0.844	0.858	0.656	0.845	0.851	0.849	0.881	0.890	0.879	0.838	0.902	0.875	0.847	0.848	0.841	0.902	0.617	0.894	0.885	0.936	0.869	0.699	0.938	0.939	0.715	0.889	0.863	0.926	0.871	0.926	0.857	0.917	0.828
17:00:18	22.5	0.759	0.830	0.827	0.825	0.823	0.819	0.842	0.880	0.656	0.831	0.872	0.844	0.829	0.860	0.863	0.850	0.813	0.840	0.789	0.844	0.873	0.861	0.860	0.838	0.806	0.802	0.825	0.839	0.809	0.846	0.807	0.839	0.853	0.848	0.876	0.882	0.855	0.866	0.831	0.861	0.873	0.855	0.828	0.809	0.852	0.856	0.886	0.865	0.846	0.827	0.876	0.852	0.839	0.857	0.848	0.877	0.871	0.907	0.812	0.834	0.820	0.851	0.857	0.883	0.879	0.686	0.866	0.870	0.880	0.916	0.895	0.887	0.837	0.935	0.900	0.879	0.880	0.891	0.921	0.660	0.909	0.914	0.959	0.907	0.721	0.955	0.944	0.741	0.919	0.860	0.933	0.888	0.919	0.869	0.930	0.837
18:00:19	22.6	0.800	0.869	0.865	0.865	0.848	0.839	0.885	0.909	0.694	0.852	0.923	0.869	0.842	0.863	0.901	0.847	0.855	0.846	0.819	0.877	0.900	0.886	0.904	0.884	0.840	0.825	0.842	0.854	0.823	0.880	0.837	0.854	0.887	0.882	0.902	0.919	0.870	0.900	0.865	0.888	0.917	0.893	0.862	0.839	0.876	0.875	0.913	0.898	0.881	0.867	0.887	0.867	0.877	0.874	0.871	0.907	0.917	0.934	0.854	0.874	0.852	0.858	0.877	0.903	0.882	0.718	0.901	0.886	0.908	0.929	0.931	0.910	0.867	0.957	0.905	0.890	0.908	0.911	0.948	0.700	0.922	0.937	0.993	0.919	0.769	0.965	0.976	0.770	0.928	0.883	0.954	0.911	0.958	0.910	0.946	0.879
19:00:21	22.5	0.816	0.871	0.875	0.900	0.870	0.853	0.906	0.921	0.734	0.861	0.914	0.890	0.861	0.902	0.912	0.892	0.871	0.881	0.848	0.903	0.922	0.906	0.919	0.904	0.854	0.851	0.873	0.880	0.843	0.895	0.864	0.872	0.899	0.921	0.925	0.946	0.882	0.917	0.885	0.919	0.938	0.919	0.881	0.867	0.903	0.910	0.938	0.916	0.895	0.873	0.923	0.902	0.904	0.882	0.892	0.923	0.949	0.954	0.873	0.892	0.867	0.897	0.916	0.936	0.927	0.745	0.913	0.907	0.926	0.971	0.964	0.928	0.882	0.983	0.952	0.908	0.933	0.948	0.969	0.738	0.968	0.963	1.002	0.930	0.786	0.983	0.985	0.788	0.965	0.899	0.979	0.928	0.978	0.919	0.964	0.891
20:00:21	22.5	0.839	0.880	0.883	0.916	0.870	0.862	0.928	0.948	0.761	0.883	0.930	0.908	0.879	0.926	0.923	0.898	0.886	0.916	0.873	0.929	0.944	0.917	0.942	0.918	0.869	0.868	0.908	0.904	0.874	0.924	0.886	0.890	0.924	0.943	0.946	0.968	0.894	0.954	0.915	0.941	0.955	0.942	0.905	0.884	0.926	0.911	0.976	0.928	0.905	0.904	0.949	0.914	0.938	0.918	0.912	0.951	0.965	0.970	0.890	0.906	0.882	0.924	0.931	0.953	0.938	0.771	0.942	0.945	0.954	0.991	0.993	0.946	0.892	0.994	0.964	0.961	0.940	0.955	0.997	0.771	0.984	0.995	1.046	0.948	0.803	1.001	1.013	0.811	0.997	0.916	0.997	0.942	0.992	0.932	0.986	0.901
21:00:22	22.5	0.857	0.886	0.883	0.919	0.876	0.875	0.942	0.964	0.782	0.900	0.928	0.930	0.899	0.953	0.938	0.934	0.899	0.921	0.892	0.936	0.968	0.928	0.942	0.932	0.882	0.894	0.898	0.926	0.908	0.946	0.911	0.906	0.953	0.974	0.976	0.990	0.903	0.966	0.940	0.952	0.979	0.965	0.921	0.904	0.951	0.937	0.989	0.950	0.919	0.912	0.972	0.953	0.956	0.937	0.934	0.963	0.989	1.002	0.907	0.917	0.897	0.935	0.931	0.980	0.981	0.787	0.953	0.968	0.983	0.999	1.019	0.957	0.900	1.010	0.998	0.957	0.983	0.987	1.023	0.814	1.007	1.016	1.069	0.973	0.821	1.019	1.031	0.830	1.012	0.933	1.016	0.953	1.024	0.949	1.000	0.918
22:00:24	22.4	0.866	0.882	0.887	0.944	0.894	0.890	0.947	0.966	0.807	0.926	0.939	0.960	0.906	0.986	0.953	0.965	0.909	0.956	0.903	0.965	0.983	0.950	0.965	0.949	0.901	0.913	0.935	0.945	0.913	0.962	0.936	0.924	0.969	0.982	0.992	1.013	0.928	1.009	0.960	0.983	0.987	0.996	0.940	0.925	0.977	0.971	1.013	0.957	0.933	0.941	0.987	0.965	0.980	0.950	0.933	0.967	1.009	1.024	0.919	0.927	0.913	0.951	0.975	1.005	0.989	0.807	0.971	0.992	1.000	1.023	1.046	0.978	0.914	1.028	1.013	1.003	1.004	1.007	1.034	0.835	1.044	1.044	1.085	0.963	0.837	1.038	1.035	0.846	1.043	0.948	1.022	0.970	1.028	0.964	1.006	0.934
23:00:25	22.5	0.890	0.895	0.901	0.958	0.904	0.887	0.965	0.972	0.828	0.934	0.950	0.976	0.924	0.986	0.968	0.990	0.934	0.972	0.909	0.982	0.998	0.961	0.982	0.966	0.916	0.949	0.948	0.961	0.942	0.979	0.958	0.941	0.981	1.010	1.010	1.028	0.938	1.021	0.963	1.016	1.013	1.014	0.949	0.945	0.996	0.989	1.036	0.979	0.948	0.978	1.014	0.976	0.988	0.958	0.957	0.992	1.027	1.036	0.941	0.942	0.926	0.970	1.013	1.022	1.023	0.828	0.990	1.006	1.018	1.051	1.058	0.982	0.933	1.039	1.034	1.016	1.019	1.032	1.062	0.863	1.062	1.054	1.111	0.988	0.851	1.052	1.057	0.858	1.053	0.963	1.044	0.987	1.049	0.979	1.033	0.948
24:00:24	22.5	0.906	0.893	0.911	0.970	0.912	0.907	0.969	0.968	0.843	0.950	0.965	0.987	0.937	1.007	0.979	0.987	0.946	0.994	0.920	0.989	1.020	0.967	0.985	0.974	0.927	0.940	0.962	0.986	0.966	0.995	0.973	0.954	1.004	1.025	1.024	1.041	0.949	1.025	0.979	1.033	1.029	1.033	0.962	0.961	1.008	0.991	1.051	0.991	0.961	0.945	1.018	1.000	1.016	0.984	0.973	0.998	1.046	1.050	0.952	0.955	0.937	0.982	0.997	1.034	1.034	0.849	1.016	1.024	1.043	1.071	1.074	0.997	0.943	1.063	1.052	1.015	1.034	1.046	1.083	0.888	1.076	1.077	1.134	1.007	0.869	1.064	1.067	0.874	1.082	0.975	1.068	0.995	1.059	0.994	1.043	0.954
25:00:25	22.5	0.918	0.904	0.930	0.993	0.922	0.926	0.991	0.986	0.866	0.974	0.997	1.007	0.950	1.009	0.986	1.009	0.956	1.008	0.974	1.006	1.034	0.984	0.993	0.984	0.947	0.947	0.989	0.999	0.973	1.009	0.989	0.964	1.021	1.044	1.040	1.059	0.964	1.042	1.003	1.046	1.033	1.039	0.982	0.978	1.014	1.033	1.067	1.008	0.979	0.971	1.030	1.010	1.015	0.994	1.020	1.009	1.061	1.073	0.967	0.968	0.945	1.004	1.023	1.055	1.061	0.875	1.023	1.033	1.066	1.079	1.087	1.010	0.954	1.072	1.073	1.039	1.057	1.063	1.076	0.911	1.103	1.091	1.148	1.014	0.887	1.079	1.091	0.876	1.102	0.990	1.082	1.009	1.066	1.010	1.059	0.966
26:00:26	22.5	0.933	0.916	0.923	0.976	0.943	0.949	0.993	0.987	0.884	1.004	1.011	1.022	0.960	1.031	0.997	1.018	0.976	1.025	0.991	1.032	1.036	1.004	1.006	1.000	0.961	0.974	1.006	1.013	0.987	1.024	1.003	0.978	1.033	1.061	1.052	1.077	0.981	1.042	0.981	1.051	1.062	1.065	0.985	0.994	1.023	1.035	1.079	1.016	0.996	0.984	1.055	1.026	1.036	1.016	1.024	1.017	1.074	1.084	0.977	0.977	0.960	1.018	1.052	1.079	1.068	0.897	1.042	1.064	1.064	1.105	1.114	1.026	0.967	1.077	1.087	1.058	1.058	1.066	1.106	0.931	1.105	1.115	1.152	1.014	0.899	1.079	1.101	0.876	1.106	1.003	1.099	1.016	1.075	1.030	1.061	0.980
27:00:27	22.6	0.942	0.930	0.935	0.981	0.961	0.962	0.999	1.006	0.899	1.016	1.021	1.031	0.968	1.025	0.997	1.025	0.988	1.030	0.960	1.029	1.050	1.015	1.019	1.011	0.979	0.995	1.015	1.028	1.010	1.031	1.017	0.992	1.039	1.075	1.061	1.086	0.990	1.087	0.970	1.068	1.071	1.067	1.006	1.004	1.055	1.050	1.091	1.020	1.005	1.008	1.069	1.032	1.047	1.039	1.016	1.017	1.092	1.093	0.990	0.987	0.967	1.024	1.029	1.085	1.082	0.917	1.051	1.062	1.076	1.114	1.126	1.033	0.973	1.097	1.085	1.084	1.078	1.092	1.107	0.961	1.123	1.123	1.155	1.016	0.912	1.083	1.113	0.868	1.121	1.011	1.098	1.024	1.080	1.041	1.069	0.993
28:00:29	22.6	0.960	0.951	0.941	0.978	0.976	0.980	1.006	1.012	0.914	1.025	1.040	1.043	0.979	1.025	1.003	1.031	1.001	1.046	0.949	1.040	1.049	1.026	1.025	1.023	0.991	1.005	1.006	1.042	1.031	1.062	1.028	1.001	1.046	1.092	1.079	1.095	0.996	1.079	1.016	1.078	1.087	1.080	0.999	1.026	1.060	1.041	1.110	1.032	1.011	1.035	1.081	1.056	1.049	1.033	1.043	1.016	1.109	1.116	1.000	0.997	0.970	1.044	1.059	1.103	1.089	0.939	1.060	1.081	1.096	1.123	1.121	1.038	0.981	1.099	1.112	1.091	1.096	1.099	1.116	0.973	1.126	1.133	1.177	1.025	0.922	1.093	1.123	0.870	1.128	1.015	1.103	1.036	1.086	1.059	1.072	1.002
29:00:29	22.6	0.972	0.946	0.946	0.988	0.982	0.988	1.026	1.022	0.927	1.036	1.048	1.048	0.993	1.048	1.011	1.037	1.015	1.046	0.991	1.054	1.058	1.032	1.027	1.028	0.997	1.017	1.038	1.053	1.025	1.056	1.040	1.014	1.056	1.097	1.089	1.109	1.004	1.075	1.042	1.079	1.094	1.100	1.017	1.030	1.070	1.048	1.117	1.046	1.023	1.038	1.093	1.052	1.070	1.042	1.060	1.014	1.122	1.126	1.012	1.004	0.980	1.058	1.063	1.117	1.080	0.958	1.062	1.076	1.122	1.146	1.133	1.046	0.991	1.119	1.121	1.077	1.107	1.103	1.127	0.997	1.152	1.149	1.188	1.037	0.929	1.121	1.141	0.869	1.140	1.028	1.109	1.046	1.096	1.070	1.083	1.009
30:00:31	22.5	0.979	0.978	0.963	0.973	1.001	1.006	1.027	1.028	0.939	1.046	1.056	1.052	1.001	1.051	1.009	1.036	1.015	1.057	1.004	1.059	1.067	1.045	1.026	1.039	0.998	1.024	1.034	1.049	1.053	1.058	1.041	1.023	1.060	1.099	1.089	1.116	1.004	1.089	1.036	1.112	1.097	1.110	1.019	1.028	1.076	1.045	1.125	1.057	1.029	1.016	1.075	1.032	1.086	1.051	1.069	1.012	1.131	1.127	1.017	1.011	0.989	1.063	1.085	1.124	1.087	0.973	1.070	1.086	1.122	1.169	1.140	1.051	0.999	1.119	1.117	1.086	1.118	1.090	1.143	1.006	1.165	1.152	1.195	1.030	0.935	1.103	1.142	0.872	1.148	1.025	1.109	1.053	1.101	1.084	1.088	1.019
31:00:31	22.6	0.986	0.999	0.969	0.974	1.010	1.016	1.033	1.034	0.949	1.061	1.061	1.057	1.009	1.058	1.018	1.042	1.023	1.068	1.019	1.055	1.075	1.054	1.039	1.042	1.010	1.041	1.045	1.048	1.067	1.072	1.055	1.032	1.073	1.107	1.100	1.120	1.012	1.101	1.011	1.118	1.123	1.119	1.031	1.038	1.098	1.027	1.135	1.077	1.043	1.015	1.097	1.057	1.074	1.077	1.042	1.014	1.134	1.137	1.027	1.022	1.001	1.068	1.090	1.128	1.115	0.991	1.082	1.110	1.132	1.166	1.150	1.058	1.010	1.130	1.129	1.108	1.125	1.111	1.146	1.030	1.174	1.167	1.207	1.032	0.936	1.105	1.145	0.880	1.158	1.032	1.121	1.063	1.105	1.098	1.093	1.024
32:00:33	22.5	0.996	1.009	0.989	0.989	1.025	1.028	1.040	1.037	0.963	1.072	1.077	1.059	1.014	1.049	1.025	1.042	1.036	1.090	1.016	1.068	1.085	1.067	1.061	1.048	1.020	1.017	1.022	1.072	1.055	1.079	1.060	1.038	1.072	1.134	1.110	1.133	1.027	1.093	1.003	1.126	1.129	1.128	1.033	1.041	1.109	1.068	1.146	1.086	1.050	0.984	1.070	1.058	1.087	1.063	1.048	1.024	1.144	1.131	1.039	1.032	1.006	1.077	1.090	1.142	1.117	1.013	1.093	1.113	1.146	1.187	1.155	1.061	1.022	1.159	1.154	1.118	1.116	1.104	1.164	1.035	1.171	1.165	1.219	1.034	0.935	1.117	1.162	0.874	1.174	1.052	1.133	1.073	1.116	1.104	1.102	1.025
33:00:34	22.5	1.000	1.025	0.988	1.000	1.033	1.028	1.051	1.035	0.966	1.076	1.089	1.059	1.024	1.021	1.030	0.988	1.033	1.103	0.974	1.053	1.080	1.076	1.069	1.058	1.024	1.059	1.028	1.070	1.028	1.086	1.059	1.050	1.082	1.123	1.111	1.141	1.025	1.083	0.989	1.116	1.132	1.135	1.041	1.025	1.101	1.008	1.133	1.084	1.058	0.960	1.083	1.065	1.104	1.060	1.060	1.025	1.146	1.137	1.045	1.037	1.006	1.059	1.116	1.148	1.121	1.025	1.087	1.126	1.142	1.185	1.165	1.063	1.025	1.167	1.153	1.071	1.141	1.120	1.161	1.060	1.179	1.180	1.226	1.039	0.937	1.121	1.163	0.874	1.176	1.052	1.134	1.077	1.117	1.111	1.107	1.027
34:00:34	22.4	1.003	1.020	0.983	0.977	1.035	1.032	1.059	1.047	0.971	1.082	1.092	1.056	1.027	1.020	1.033	1.039	1.037	1.096	0.981	1.043	1.096	1.081	1.062	1.069	1.029	1.028	1.009	1.056	1.075	1.081	1.042	1.061	1.088	1.129	1.109	1.144	1.033	1.115	0.987	1.107	1.154	1.124	1.050	1.050	1.104	1.052	1.145	1.077	1.063	0.932	1.089	1.067	1.104	1.056	1.058	1.039	1.158	1.149	1.047	1.037	1.014	1.040	1.109	1.161	1.103	1.042	1.121	1.138	1.152	1.184	1.169	1.066	1.025	1.183	1.154	1.121	1.134	1.118	1.167	1.068	1.182	1.179	1.224	1.046	0.937	1.110	1.150	0.875	1.188	1.058	1.143	1.080	1.117	1.109	1.104	1.026
35:00:35	22.5	1.006	1.051	1.013	0.987	1.045	1.048	1.051	1.030	0.978	1.089	1.097	1.069	1.035	1.083	1.053	1.021	1.042	1.110	0.974	1.047	1.099	1.090	1.075	1.093	1.032	1.025	0.996	1.077	1.064	1.089	1.051	1.059	1.098	1.131	1.118	1.149	1.040	1.120	1.013	1.099	1.152	1.127	1.073	1.042	1.105	1.045	1.139	1.104	1.071	0.905	1.092	1.087	1.113	1.059	1.054	1.034	1.153	1.144	1.051	1.041	1.017	1.017	1.113	1.159	1.116	1.056	1.123	1.139	1.162	1.208	1.172	1.067	1.040	1.195	1.167	1.128	1.164	1.134	1.175	1.087	1.189	1.186	1.220	1.033	0.938	1.099	1.157	0.876	1.181	1.065	1.146	1.080	1.116	1.113	1.111	1.028
36:00:36	22.5	1.024	1.052	0.999	1.001	1.055	1.087	1.058	1.034	0.989	1.092	1.107	1.060	1.044	1.032	1.061	1.027	1.045	1.119	0.916	1.061	1.108	1.089	1.084	1.113	1.047	1.031	0.977	1.068	1.072	1.103	1.068	1.073	1.110	1.144	1.121	1.153	1.050	1.134	1.003	1.086	1.166	1.136	1.087	1.047	1.124	1.051	1.151	1.102	1.072	0.893	1.097	1.079	1.096	1.033	1.043	1.036	1.160	1.136	1.062	1.044	1.021	1.031	1.116	1.148	1.105	1.063	1.135	1.141	1.172	1.218	1.185	1.069	1.047	1.216	1.173	1.123	1.152	1.128	1.188	1.095	1.183	1.199	1.250	1.044	0.938	1.105	1.172	0.883	1.187	1.074	1.153	1.090	1.120	1.123	1.122	1.027
37:00:37	22.5	1.024	1.067	1.006	1.013	1.071	1.130	1.069	1.072	0.995	1.103	1.120	1.065	1.055	1.046	1.067	0.972	1.059	1.108	0.928	1.062	1.118	1.102	1.107	1.128	1.052	1.044	1.031	1.074	1.074	1.111	1.063	1.070	1.124	1.144	1.138	1.162	1.060	1.119	0.999	1.045	1.178	1.146	1.097	1.070	1.158	1.036	1.155	1.112	1.085	0.878	1.088	1.034	1.117	1.056	1.047	1.038	1.162	1.147	1.065	1.054	1.028	1.025	1.088	1.148	1.130	1.075	1.188	1.161	1.186	1.232	1.194	1.078	1.065	1.231	1.190	1.139	1.157	1.100	1.198	1.111	1.198	1.199	1.269	1.033	0.946	1.113	1.170	0.889	1.212	1.095	1.161	1.102	1.131	1.133	1.137	1.028
38:00:37	22.5	1.032	1.082	1.013	1.005	1.079	1.135	1.074	1.073	1.002	1.104	1.130	1.064	1.059	1.039	1.077	1.011	1.067	1.129	0.921	1.068	1.126	1.105	1.122	1.132	1.050	1.048	0.975	1.068	1.035	1.121	1.045	1.073	1.133	1.142	1.134	1.166	1.074	1.118	0.994	1.069	1.182	1.149	1.126	1.058	1.182	1.050	1.164	1.116	1.085	0.875	1.095	1.028	1.128	1.049	1.050	1.046	1.160	1.141	1.071	1.058	1.031	1.002	1.094	1.182	1.137	1.091	1.192	1.148	1.183	1.219	1.204	1.079	1.072	1.241	1.186	1.107	1.135	1.094	1.206	1.122	1.201	1.208	1.275	1.036	0.947	1.123	1.188	0.894	1.215	1.098	1.157	1.107	1.134	1.136	1.144	1.032
39:00:38	22.6	1.021	1.096	1.024	1.034	1.098	1.151	1.077	1.112	1.013	1.111	1.135	1.061	1.071	1.070	1.087	0.947	1.075	1.160	0.933	1.085	1.138	1.113	1.137	1.146	1.072	1.053	0.978	1.088	1.060	1.134	1.080	1.076	1.149	1.158	1.143	1.165	1.076	1.146	0.972	1.056	1.196	1.164	1.146	1.083	1.174	1.051	1.175	1.111	1.087	0.861	1.086	1.057	1.129	1.041	1.036	1.052	1.171	1.154	1.078	1.060	1.040	0.998	1.097	1.175	1.100	1.108	1.223	1.168	1.189	1.247	1.218	1.081	1.085	1.247	1.196	1.100	1.137	1.077	1.220	1.139	1.203	1.222	1.286	1.040	0.944	1.139	1.205	0.902	1.238	1.099	1.160	1.113	1.138	1.147	1.157	1.035
40:00:39	22.7	1.015	1.119	1.036	1.042	1.116	1.168	1.089	1.119	1.018	1.108	1.167	1.067	1.082	1.054	1.090	0.934	1.078	1.145	0.912	1.102	1.190	1.118	1.170	1.151	1.073	0.997	0.975	1.088	1.023	1.144	1.091	1.088	1.157	1.153	1.149	1.174	1.087	1.132	0.966	1.016	1.198	1.182	1.154	1.088	1.149	1.038	1.179	1.121	1.100	0.842	1.098	1.039	1.136	1.044	1.025	1.065	1.178	1.160	1.083	1.066	1.049	0.998	1.087	1.187	1.082	1.117	1.222	1.181	1.198	1.247	1.233	1.091	1.096	1.254	1.207	1.102	1.132	1.083	1.208	1.146	1.209	1.218	1.278	1.042	0.949	1.145	1.215	0.908	1.259	1.101	1.167	1.121	1.146	1.160	1.177	1.040
41:00:41	22.8	1.026	1.115	1.054	1.052	1.124	1.180	1.085	1.127	1.026	1.106	1.172	1.070	1.078	1.054	1.090	1.040	1.072	1.155	0.899	1.093	1.209	1.123	1.183	1.160	1.072	0.983	0.975	1.081	1.005	1.148	1.073	1.080	1.155	1.147	1.154	1.174	1.107	1.137	0.953	1.009	1.203	1.179	1.149	1.082	1.138	1.029	1.180	1.123	1.099	0.823	1.050	1.032	1.116	1.040	1.023	1.067	1.189	1.167	1.086	1.070	1.049	1.007	1.097	1.189	1.070	1.124	1.189	1.178	1.191	1.240	1.238	1.103	1.104	1.245	1.196	1.108	1.119	1.043	1.208	1.155	1.213	1.208	1.290	1.039	0.955	1.151	1.197	0.906	1.257	1.103	1.153	1.126	1.149	1.159	1.186	1.043
42:00:42	22.7	1.049	1.141	1.049	1.105	1.138	1.196	1.115	1.155	1.030	1.113	1.213	1.074	1.087	1.057	1.092	0.974	1.070	1.147	0.885	1.134	1.213	1.134	1.188	1.157	1.074	0.978	0.942	1.103	1.028	1.160	1.121	1.077	1.183	1.168	1.176	1.194	1.145	1.142	0.946	1.027	1.224	1.190	1.158	1.081	1.095	1.001	1.187	1.129	1.109	0.813	1.054	1.021	1.112	1.007	1.037	1.088	1.198	1.180	1.090	1.077	1.057	0.996	1.054	1.196	1.085	1.139	1.179	1.129	1.200	1.244	1.256	1.124	1.131	1.251	1.175	1.115	1.123	1.036	1.208	1.163	1.224	1.223	1.285	1.043	0.959	1.202	1.241	0.917	1.274	1.125	1.166	1.140	1.161	1.168	1.233	1.040
43:00:43	22.7	0.984	1.056	1.005	1.081	1.130	1.087	1.123	1.132	1.032	1.116	1.208	1.067	1.115	1.095	1.088	1.039	1.071	1.147	0.898	1.125	1.171	1.122	1.110	1.145	1.063	0.951	0.953	1.088	1.031	1.155	1.062	1.118	1.170	1.161	1.152	1.183	1.162	1.138	0.945	1.019	1.218	1.181	1.144	1.072	1.107	1.015	1.199	1.155	1.086	0.817	1.024	1.020	1.110	0.986	1.046	1.087	1.196	1.177	1.095	1.064	1.038	0.977	1.059	1.190	1.075	1.170	1.193	1.100	1.188	1.236	1.231	1.098	1.143	1.252	1.203	1.092	1.135	1.036	1.212	1.173	1.238	1.228	1.281	1.091	0.960	1.226	1.257	0.920	1.260	1.140	1.190	1.118	1.131	1.154	1.206	1.035
44:00:42	22.6	1.141	1.148	1.051	1.109	1.166	1.206	1.127	1.169	1.039	1.124	1.212	1.074	1.107	1.098	1.095	1.059	1.089	1.137	0.933	1.155	1.220	1.138	1.183	1.144	1.091	0.970	0.983	1.110	0.973	1.155	1.054	1.107	1.184	1.160	1.173	1.194	1.171	1.167	0.963	1.019	1.230	1.182	1.153	1.076	1.110	0.986	1.198	1.133	1.115	0.816	1.021	1.032	1.134	1.019	1.027	1.121	1.206	1.192	1.095	1.074	1.067	1.000	1.071	1.191	1.087	1.168	1.164	1.080	1.195	1.255	1.266	1.116	1.175	1.251	1.197	1.110	1.120	1.078	1.207	1.182	1.242	1.235	1.303	1.067	0.960	1.228	1.251	0.930	1.278	1.135	1.179	1.143	1.160	1.170	1.256	1.044
45:00:43	22.6	1.098	1.148	1.060	1.136	1.197	1.216	1.136	1.180	1.045	1.129	1.211	1.082	1.096	1.118	1.107	1.035	1.080	1.163	0.932	1.159	1.218	1.144	1.182	1.154	1.085	0.971	0.954	1.113	0.991	1.161	1.043	1.096	1.195	1.170	1.186	1.205	1.195	1.170	0.972	1.021	1.237	1.187	1.155	1.075	1.067	0.986	1.213	1.149	1.115	0.822	1.024	1.040	1.105	1.009	1.030	1.138	1.222	1.197	1.098	1.086	1.067	1.026	1.081	1.199	1.092	1.172	1.138	1.089	1.193	1.254	1.268	1.134	1.206	1.263	1.242	1.119	1.113	1.056	1.221	1.193	1.241	1.242	1.309	1.066	0.965	1.237	1.249	0.932	1.286	1.130	1.175	1.144	1.158	1.172	1.286	1.048
46:00:45	22.5	1.058	1.146	1.073	1.135	1.195	1.233	1.139	1.200	1.052	1.136	1.201	1.091	1.122	1.098	1.108	1.075	1.085	1.158	0.884	1.155	1.215	1.149	1.177	1.156	1.102	0.987	0.981	1.112	0.996	1.162	1.065	1.107	1.207	1.188	1.188	1.208	1.198	1.192	0.966	1.018	1.248	1.197	1.142	1.079	1.097	1.029	1.216	1.147	1.117	0.834	1.064	1.046	1.111	1.015	1.013	1.138	1.225	1.202	1.103	1.089	1.068	1.044	1.082	1.205	1.075	1.185	1.155	1.101	1.217	1.268	1.276	1.130	1.218	1.257	1.209	1.082	1.115	1.034	1.220	1.189	1.242	1.249	1.316	1.064	0.966	1.241	1.248	0.930	1.289	1.124	1.171	1.140	1.154	1.169	1.293	1.046
47:00:45	22.5	1.049	1.157	1.107	1.152	1.210	1.222	1.144	1.205	1.061	1.142	1.201	1.094	1.134	1.134	1.125	1.079	1.082	1.165	0.900	1.156	1.212	1.148	1.170	1.144	1.101	0.982	0.968	1.126	1.058	1.162	1.058	1.106	1.205	1.192	1.188	1.215	1.195	1.194	0.966	1.070	1.252	1.199	1.162	1.077	1.097	1.037	1.225	1.154	1.118	0.851	1.072	1.042	1.130	1.008	1.000	1.150	1.231	1.212	1.107	1.090	1.072	1.047	1.095	1.205	1.071	1.203	1.155	1.110	1.210	1.267	1.274	1.133	1.226	1.265	1.232	1.140	1.175	1.031	1.241	1.199	1.257	1.258	1.324	1.063	0.967	1.236	1.250	0.932	1.279	1.125	1.168	1.142	1.152	1.175	1.296	1.052
48:00:46	22.6	1.008	1.172	1.135	1.157	1.218	1.215	1.144	1.206	1.070	1.146	1.202	1.105	1.135	1.151	1.128	1.115	1.080	1.164	0.911	1.162	1.212	1.152	1.172	1.148	1.100	1.031	0.995	1.137	1.049	1.168	1.027	1.112	1.214	1.206	1.193	1.212	1.208	1.201	0.992	1.067	1.264	1.195	1.179	1.077	1.178	1.054	1.228	1.161	1.114	0.876	1.055	1.030	1.128	1.035	1.029	1.147	1.234	1.214	1.113	1.091	1.081	1.036	1.112	1.208	1.117	1.209	1.166	1.093	1.214	1.274	1.276	1.130	1.227	1.265	1.218	1.134	1.141	1.053	1.246	1.208	1.264	1.271	1.326	1.062	0.971	1.227	1.249	0.935	1.282	1.123	1.180	1.140	1.155	1.175	1.302	1.052
49:00:48	22.6	0.997	1.190	1.155	1.159	1.219	1.199	1.143	1.206	1.077	1.139	1.199	1.123	1.149	1.167	1.131	1.093	1.085	1.170	0.944	1.168	1.213	1.154	1.175	1.163	1.101	1.010	0.999	1.157	1.096	1.182	1.039	1.107	1.220	1.228	1.196	1.214	1.217	1.207	0.975	1.077	1.269	1.191	1.165	1.078	1.112	1.031	1.236	1.167	1.114	0.895	1.160	1.033	1.135	1.008	1.054	1.155	1.240	1.223	1.115	1.090	1.085	1.059	1.146	1.207	1.154	1.212	1.176	1.170	1.238	1.276	1.273	1.130	1.228	1.270	1.223	1.145	1.150	1.105	1.254	1.208	1.276	1.273	1.325	1.056	0.971	1.230	1.264	0.938	1.273	1.125	1.195	1.141	1.157	1.182	1.308	1.053
50:00:49	22.6	1.047	1.148	1.044	1.131	1.202	1.239	1.131	1.197	1.074	1.148	1.236	1.080	1.149	1.118	1.132	1.118	1.103	1.155	0.942	1.153	1.217	1.149	1.172	1.149	1.095	0.994	1.027	1.155	1.071	1.168	1.081	1.118	1.205	1.206	1.187	1.207	1.210	1.224	0.997	1.106	1.263	1.187	1.156	1.097	1.127	1.099	1.222	1.203	1.127	0.917	1.154	1.049	1.126	1.035	1.017	1.145	1.243	1.209	1.126	1.094	1.080	1.069	1.151	1.209	1.148	1.196	1.166	1.119	1.235	1.270	1.265	1.131	1.237	1.246	1.214	1.139	1.170	1.154	1.262	1.210	1.269	1.276	1.318	1.074	0.966	1.254	1.265	0.929	1.297	1.160	1.208	1.135	1.144	1.182	1.260	1.052
51:00:49	22.6	1.041	1.172	1.060	1.129	1.203	1.264	1.131	1.206	1.075	1.157	1.244	1.091	1.119	1.141	1.127	1.111	1.131	1.147	0.967	1.144	1.210	1.146	1.183	1.147	1.118	1.038	1.043	1.171	1.045	1.181	1.048	1.120	1.202	1.197	1.192	1.211	1.226	1.241	0.978	1.173	1.265	1.179	1.178	1.084	1.178	1.099	1.229	1.225	1.132	0.952	1.135	1.060	1.131	1.023	1.020	1.159	1.249	1.212	1.127	1.098	1.092	1.081	1.145	1.199	1.162	1.191	1.153	1.177	1.236	1.273	1.266	1.134	1.243	1.234	1.225	1.145	1.178	1.154	1.241	1.199	1.272	1.276	1.330	1.066	0.967	1.260	1.261	0.921	1.299	1.167	1.220	1.135	1.136	1.180	1.258	1.041
52:00:51	22.6	1.051	1.167	1.075	1.120	1.203	1.275	1.137	1.199	1.073	1.177	1.236	1.093	1.121	1.168	1.135	1.153	1.145	1.171	0.976	1.151	1.218	1.155	1.181	1.138	1.141	1.055	1.089	1.186	1.111	1.221	1.055	1.138	1.229	1.206	1.196	1.241	1.242	1.250	1.001	1.155	1.265	1.185	1.180	1.088	1.181	1.120	1.237	1.217	1.166	1.062	1.146	1.079	1.141	1.041	1.048	1.183	1.252	1.215	1.169	1.130	1.105	1.095	1.140	1.221	1.164	1.192	1.193	1.147	1.241	1.286	1.268	1.190	1.239	1.244	1.228	1.163	1.179	1.170	1.253	1.221	1.286	1.281	1.343	1.137	0.972	1.272	1.281	0.956	1.307	1.236	1.238	1.179	1.183	1.182	1.263	1.045
53:00:51	22.6	1.026	1.221	1.250	1.152	1.213	1.216	1.151	1.226	1.086	1.143	1.214	1.129	1.153	1.176	1.154	1.158	1.146	1.178	1.008	1.176	1.210	1.158	1.171	1.128	1.162	1.066	1.062	1.188	1.131	1.242	1.050	1.152	1.260	1.235	1.217	1.280	1.254	1.228	1.002	1.144	1.251	1.204	1.171	1.069	1.167	1.106	1.238	1.191	1.148	1.089	1.173	1.110	1.153	1.043	1.065	1.206	1.239	1.229	1.158	1.142	1.109	1.119	1.161	1.241	1.204	1.237	1.216	1.165	1.267	1.299	1.280	1.182	1.220	1.273	1.243	1.172	1.176	1.174	1.270	1.210	1.277	1.284	1.303	1.105	0.978	1.232	1.262	0.963	1.262	1.252	1.236	1.204	1.226	1.173	1.289	1.043
54:00:52	22.6	1.036	1.241	1.220	1.151	1.231	1.238	1.150	1.237	1.091	1.158	1.214	1.129	1.175	1.174	1.164	1.167	1.152	1.197	1.013	1.196	1.218	1.170	1.178	1.133	1.183	1.093	1.113	1.205	1.144	1.247	1.099	1.178	1.270	1.250	1.224	1.289	1.278	1.245	1.024	1.165	1.269	1.214	1.162	1.078	1.198	1.135	1.251	1.250	1.176	1.138	1.186	1.119	1.157	1.066	1.072	1.210	1.254	1.234	1.168	1.155	1.113	1.144	1.176	1.238	1.219	1.234	1.222	1.182	1.276	1.297	1.292	1.199	1.231	1.282	1.269	1.195	1.208	1.183	1.291	1.234	1.288	1.296	1.333	1.123	0.977	1.246	1.269	0.992	1.270	1.282	1.248	1.220	1.242	1.182	1.300	1.046
55:00:52	22.6	1.031	1.229	1.242	1.162	1.227	1.236	1.154	1.242	1.094	1.165	1.217	1.133	1.169	1.190	1.170	1.181	1.160	1.188	1.066	1.183	1.220	1.171	1.179	1.127	1.190	1.140	1.111	1.218	1.144	1.248	1.141	1.190	1.266	1.252	1.228	1.300	1.277	1.245	1.073	1.192	1.267	1.217	1.178	1.082	1.206	1.156	1.259	1.238	1.201	1.119	1.194	1.117	1.152	1.077	1.105	1.218	1.256	1.236	1.174	1.163	1.118	1.145	1.173	1.256	1.226	1.238	1.235	1.192	1.272	1.303	1.297	1.198	1.231	1.286	1.278	1.200	1.231	1.210	1.291	1.237	1.286	1.304	1.333	1.111	0.975	1.239	1.282	1.017	1.268	1.282	1.244	1.226	1.257	1.183	1.305	1.056
56:00:54	22.5	1.040	1.238	1.139	1.120	1.226	1.331	1.142	1.239	1.070	1.195	1.256	1.076	1.153	1.205	1.154	1.202	1.159	1.191	1.078	1.189	1.224	1.164	1.178	1.131	1.163	1.135	1.121	1.198	1.110	1.231	1.135	1.204	1.271	1.240	1.210	1.273	1.259	1.262	1.167	1.196	1.278	1.214	1.225	1.116	1.184	1.167	1.240	1.235	1.220	1.138	1.199	1.127	1.135	1.104	1.090	1.204	1.257	1.224	1.181	1.152	1.111	1.169	1.197	1.252	1.206	1.195	1.232	1.173	1.257	1.305	1.286	1.203	1.245	1.269	1.262	1.214	1.247	1.218	1.275	1.233	1.287	1.312	1.355	1.141	0.972	1.262	1.293	1.033	1.312	1.329	1.237	1.223	1.245	1.183	1.268	1.038
57:00:54	22.4	0.986	1.205	1.132	1.114	1.222	1.323	1.143	1.245	1.063	1.216	1.267	1.079	1.161	1.188	1.154	1.171	1.156	1.190	1.113	1.210	1.229	1.162	1.177	1.128	1.172	1.151	1.131	1.219	1.135	1.236	1.142	1.202	1.272	1.247	1.210	1.273	1.254	1.264	1.131	1.205	1.278	1.222	1.188	1.116	1.195	1.179	1.260	1.246	1.237	1.133	1.202	1.164	1.129	1.125	1.127	1.226	1.263	1.227	1.181	1.146	1.119	1.171	1.228	1.258	1.219	1.203	1.226	1.199	1.268	1.315	1.274	1.202	1.241	1.271	1.273	1.241	1.254	1.229	1.276	1.250	1.294	1.312	1.356	1.139	0.964	1.269	1.287	1.048	1.320	1.329	1.243	1.216	1.246	1.176	1.256	1.035
58:00:56	22.3	0.957	1.220	1.134	1.100	1.226	1.338	1.140	1.248	1.058	1.228	1.267	1.078	1.157	1.176	1.154	1.187	1.168	1.195	1.099	1.207	1.232	1.159	1.178	1.121	1.171	1.168	1.155	1.223	1.215	1.238	1.176	1.205	1.280	1.249	1.213	1.275	1.259	1.268	1.146	1.212	1.280	1.218	1.210	1.111	1.187	1.187	1.274	1.249	1.260	1.163	1.211	1.169	1.139	1.143	1.124	1.238	1.264	1.235	1.180	1.141	1.135	1.196	1.239	1.268	1.226	1.207	1.238	1.202	1.273	1.323	1.289	1.200	1.239	1.275	1.273	1.269	1.269	1.244	1.284	1.259	1.297	1.318	1.347	1.127	0.964	1.269	1.294	1.050	1.324	1.351	1.246	1.217	1.247	1.163	1.251	1.032
59:00:57	22.2	0.988	1.187	1.289	1.162	1.219	1.225	1.160	1.228	1.060	1.145	1.198	1.124	1.195	1.166	1.168	1.191	1.162	1.199	1.115	1.207	1.232	1.164	1.183	1.087	1.207	1.188	1.184	1.247	1.199	1.250	1.163	1.204	1.279	1.259	1.245	1.304	1.281	1.267	1.134	1.234	1.275	1.246	1.202	1.091	1.223	1.205	1.287	1.249	1.211	1.192	1.228	1.154	1.150	1.144	1.115	1.250	1.268	1.257	1.174	1.150	1.139	1.228	1.262	1.286	1.260	1.255	1.254	1.210	1.297	1.339	1.310	1.162	1.211	1.298	1.289	1.275	1.274	1.246	1.312	1.267	1.303	1.309	1.348	1.058	0.957	1.218	1.305	1.061	1.309	1.317	1.262	1.224	1.273	1.165	1.276	1.086
60:00:57	22.3	0.972	1.186	1.295	1.176	1.226	1.226	1.159	1.232	1.063	1.142	1.196	1.107	1.194	1.169	1.169	1.151	1.156	1.179	1.146	1.177	1.235	1.172	1.185	1.086	1.206	1.176	1.173	1.256	1.228	1.256	1.188	1.219	1.277	1.258	1.249	1.308	1.280	1.273	1.138	1.231	1.273	1.258	1.215	1.097	1.220	1.201	1.295	1.266	1.218	1.196	1.233	1.191	1.147	1.170	1.149	1.254	1.274	1.262	1.175	1.141	1.165	1.222	1.263	1.289	1.266	1.265	1.267	1.224	1.299	1.332	1.321	1.172	1.210	1.312	1.297	1.293	1.290	1.249	1.319	1.282	1.308	1.319	1.354	1.050	0.951	1.213	1.291	1.076	1.321	1.325	1.268	1.225	1.286	1.169	1.285	1.103
61:00:59	22.4	0.974	1.191	1.280	1.154	1.221	1.234	1.155	1.249	1.067	1.147	1.187	1.116	1.192	1.167	1.161	1.166	1.158	1.164	1.128	1.181	1.232	1.169	1.175	1.093	1.207	1.195	1.178	1.256	1.201	1.254	1.199	1.219	1.281	1.261	1.251	1.313	1.270	1.272	1.188	1.248	1.272	1.256	1.232	1.103	1.223	1.206	1.296	1.275	1.212	1.205	1.237	1.214	1.148	1.191	1.159	1.256	1.270	1.259	1.172	1.147	1.173	1.248	1.272	1.293	1.266	1.258	1.268	1.239	1.304	1.340	1.323	1.166	1.210	1.314	1.301	1.283	1.285	1.251	1.314	1.276	1.305	1.322	1.355	1.045	0.954	1.206	1.292	1.076	1.325	1.328	1.260	1.223	1.284	1.169	1.287	1.111
62:01:00	22.3	0.980	1.267	1.203	1.107	1.232	1.330	1.138	1.272	1.059	1.186	1.245	1.066	1.154	1.175	1.141	1.173	1.157	1.159	1.153	1.176	1.229	1.163	1.192	1.099	1.198	1.212	1.185	1.236	1.182	1.245	1.199	1.224	1.282	1.240	1.224	1.289	1.283	1.282	1.175	1.249	1.288	1.251	1.236	1.119	1.224	1.202	1.286	1.287	1.279	1.199	1.228	1.228	1.138	1.186	1.176	1.253	1.271	1.242	1.163	1.136	1.227	1.257	1.266	1.292	1.267	1.200	1.256	1.246	1.290	1.323	1.304	1.182	1.202	1.292	1.285	1.280	1.285	1.264	1.306	1.280	1.306	1.334	1.363	1.060	0.949	1.231	1.293	1.044	1.335	1.367	1.249	1.210	1.250	1.147	1.249	1.038
63:01:00	22.4	0.989	1.289	1.228	1.097	1.246	1.330	1.138	1.274	1.054	1.165	1.217	1.064	1.148	1.186	1.140	1.168	1.149	1.147	1.176	1.197	1.224	1.157	1.173	1.077	1.216	1.197	1.180	1.259	1.211	1.250	1.202	1.207	1.276	1.250	1.222	1.293	1.293	1.281	1.206	1.247	1.286	1.261	1.248	1.107	1.225	1.210	1.285	1.296	1.262	1.212	1.249	1.233	1.127	1.206	1.180	1.258	1.273	1.243	1.156	1.127	1.225	1.260	1.277	1.288	1.267	1.195	1.263	1.265	1.287	1.330	1.309	1.156	1.196	1.300	1.293	1.306	1.303	1.259	1.313	1.273	1.299	1.330	1.353	1.046	0.946	1.216	1.298	1.034	1.328	1.376	1.234	1.199	1.245	1.132	1.226	1.027
64:01:00	22.4	0.981	1.255	1.217	1.096	1.228	1.319	1.136	1.262	1.048	1.157	1.232	1.081	1.135	1.175	1.137	1.144	1.152	1.131	1.195	1.191	1.226	1.156	1.187	1.084	1.168	1.192	1.195	1.261	1.221	1.241	1.186	1.213	1.282	1.268	1.223	1.288	1.290	1.291	1.215	1.255	1.294	1.278	1.252	1.110	1.224	1.213	1.301	1.291	1.269	1.230	1.243	1.242	1.137	1.219	1.198	1.259	1.272	1.246	1.151	1.123	1.238	1.269	1.269	1.302	1.275	1.203	1.276	1.264	1.302	1.337	1.320	1.158	1.188	1.300	1.300	1.307	1.306	1.262	1.323	1.295	1.311	1.343	1.367	1.038	0.944	1.219	1.305	1.041	1.341	1.388	1.232	1.188	1.242	1.126	1.213	1.018
65:01:02	22.7	0.970	1.163	1.258	1.159	1.223	1.250	1.156	1.236	1.046	1.098	1.150	1.101	1.190	1.167	1.149	1.169	1.155	1.119	1.192	1.163	1.230	1.154	1.168	1.052	1.211	1.184	1.179	1.276	1.200	1.264	1.210	1.220	1.278	1.259	1.244	1.296	1.244	1.285	1.230	1.256	1.267	1.272	1.242	1.085	1.232	1.210	1.300	1.252	1.215	1.226	1.263	1.262	1.150	1.225	1.202	1.275	1.271	1.260	1.152	1.125	1.185	1.272	1.289	1.311	1.281	1.245	1.284	1.269	1.315	1.335	1.336	1.119	1.182	1.323	1.322	1.311	1.316	1.270	1.327	1.291	1.316	1.328	1.346	1.027	0.935	1.180	1.272	1.065	1.358	1.366	1.243	1.188	1.262	1.142	1.241	1.009
66:01:02	22.9	0.993	1.277	1.292	1.075	1.232	1.327	1.121	1.277	1.045	1.129	1.227	1.064	1.119	1.163	1.124	1.169	1.150	1.137	1.190	1.154	1.221	1.144	1.186	1.080	1.147	1.210	1.199	1.256	1.203	1.252	1.213	1.210	1.268	1.248	1.215	1.272	1.281	1.280	1.238	1.256	1.269	1.269	1.246	1.113	1.240	1.208	1.290	1.291	1.270	1.226	1.251	1.264	1.126	1.246	1.224	1.253	1.255	1.235	1.146	1.112	1.241	1.265	1.284	1.302	1.274	1.197	1.269	1.257	1.307	1.333	1.321	1.145	1.184	1.290	1.296	1.310	1.307	1.264	1.319	1.292	1.298	1.337	1.354	1.027	0.943	1.212	1.299	1.043	1.333	1.390	1.229	1.178	1.239	1.126	1.209	1.009
67:01:04	23.1	0.948	1.165	1.255	1.161	1.235	1.245	1.142	1.267	1.039	1.076	1.133	1.080	1.158	1.161	1.144	1.163	1.138	1.111	1.189	1.139	1.215	1.143	1.154	1.039	1.216	1.207	1.190	1.262	1.212	1.247	1.226	1.206	1.273	1.229	1.232	1.297	1.242	1.276	1.240	1.264	1.263	1.256	1.251	1.074	1.220	1.212	1.291	1.245	1.205	1.227	1.253	1.266	1.139	1.256	1.252	1.267	1.254	1.250	1.140	1.106	1.174	1.277	1.297	1.310	1.293	1.242	1.283	1.272	1.310	1.342	1.327	1.098	1.160	1.305	1.318	1.318	1.324	1.260	1.319	1.286	1.303	1.326	1.331	1.010	0.924	1.155	1.249	1.044	1.339	1.350	1.227	1.174	1.240	1.130	1.217	0.999
68:01:04	23.0	0.948	1.155	1.239	1.153	1.214	1.274	1.157	1.257	1.035	1.064	1.131	1.059	1.191	1.194	1.135	1.184	1.135	1.104	1.218	1.133	1.215	1.145	1.152	1.044	1.199	1.192	1.203	1.266	1.206	1.248	1.236	1.217	1.279	1.245	1.227	1.292	1.221	1.281	1.251	1.262	1.281	1.241	1.259	1.086	1.229	1.213	1.294	1.231	1.192	1.238	1.253	1.263	1.147	1.254	1.238	1.267	1.255	1.252	1.138	1.101	1.168	1.280	1.302	1.320	1.290	1.241	1.289	1.279	1.304	1.347	1.333	1.097	1.162	1.308	1.324	1.313	1.313	1.264	1.326	1.280	1.310	1.326	1.340	1.005	0.925	1.152	1.247	1.044	1.335	1.365	1.222	1.172	1.239	1.132	1.225	1.001
69:01:06	22.9	0.942	1.175	1.241	1.152	1.215	1.300	1.167	1.281	1.032	1.057	1.116	1.051	1.174	1.175	1.135	1.161	1.126	1.111	1.185	1.149	1.211	1.141	1.148	1.040	1.199	1.202	1.181	1.254	1.203	1.247	1.238	1.215	1.269	1.264	1.222	1.289	1.210	1.271	1.219	1.249	1.271	1.261	1.247	1.086	1.220	1.203	1.292	1.232	1.190	1.231	1.269	1.268	1.138	1.263	1.261	1.268	1.249	1.250	1.134	1.095	1.161	1.279	1.298	1.308	1.292	1.235	1.291	1.278	1.311	1.341	1.329	1.089	1.145	1.300	1.316	1.315	1.327	1.260	1.325	1.293	1.308	1.332	1.327	0.995	0.921	1.129	1.230	1.028	1.338	1.355	1.210	1.159	1.224	1.120	1.216	0.999
70:01:06	22.9	0.955	1.155	1.221	1.158	1.215	1.287	1.159	1.297	1.034	1.047	1.103	1.045	1.166	1.169	1.134	1.147	1.127	1.099	1.182	1.141	1.210	1.139	1.148	1.036	1.203	1.202	1.185	1.235	1.177	1.245	1.222	1.221	1.266	1.238	1.227	1.289	1.217	1.275	1.237	1.248	1.261	1.253	1.260	1.081	1.217	1.210	1.290	1.237	1.183	1.230	1.276	1.262	1.158	1.269	1.265	1.270	1.250	1.251	1.130	1.095	1.158	1.278	1.294	1.324	1.282	1.236	1.293	1.277	1.310	1.340	1.333	1.080	1.138	1.293	1.323	1.310	1.320	1.264	1.322	1.301	1.306	1.323	1.325	0.986	0.920	1.125	1.224	1.021	1.332	1.355	1.203	1.153	1.214	1.119	1.210	0.994
71:01:08	22.8	0.928	1.164	1.204	1.169	1.190	1.262	1.153	1.278	1.028	1.030	1.087	1.045	1.153	1.167	1.127	1.140	1.117	1.101	1.160	1.148	1.211	1.128	1.147	1.039	1.221	1.204	1.194	1.267	1.199	1.237	1.224	1.228	1.275	1.245	1.218	1.272	1.202	1.266	1.232	1.260	1.268	1.243	1.263	1.073	1.244	1.205	1.285	1.225	1.173	1.235	1.262	1.245	1.144	1.260	1.256	1.275	1.248	1.254	1.123	1.095	1.131	1.273	1.305	1.314	1.297	1.224	1.291	1.273	1.300	1.338	1.344	1.084	1.140	1.297	1.328	1.313	1.326	1.267	1.312	1.321	1.313	1.317	1.299	0.987	0.916	1.108	1.220	1.006	1.327	1.361	1.187	1.145	1.212	1.120	1.242	1.014
72:01:09	22.8	0.909	1.147	1.175	1.187	1.174	1.203	1.163	1.259	1.026	1.028	1.082	1.069	1.208	1.166	1.123	1.150	1.118	1.126	1.158	1.136	1.209	1.127	1.152	1.038	1.224	1.194	1.185	1.259	1.195	1.229	1.221	1.245	1.272	1.230	1.219	1.278	1.187	1.267	1.250	1.268	1.238	1.252	1.259	1.098	1.231	1.213	1.285	1.194	1.147	1.250	1.258	1.260	1.133	1.264	1.278	1.270	1.247	1.250	1.119	1.079	1.105	1.280	1.296	1.324	1.298	1.229	1.290	1.279	1.295	1.336	1.339	1.087	1.135	1.292	1.327	1.314	1.311	1.269	1.298	1.333	1.318	1.313	1.309	0.989	0.908	1.091	1.184	0.995	1.318	1.337	1.175	1.136	1.202	1.115	1.271	1.020

