Time	T° 600	A1	A2	A3	A4	A5	A6	A7	A8	A9	A10	A11	A12	B1	B2	B3	B4	B5	B6	B7	B8	B9	B10	B11	B12	C1	C2	C3	C4	C5	C6	C7	C8	C9	C10	C11	C12	D1	D2	D3	D4	D5	D6	D7	D8	D9	D10	D11	D12	E1	E2	E3	E4	E5	E6	E7	E8	E9	E10	E11	E12	F1	F2	F3	F4	F5	F6	F7	F8	F9	F10	F11	F12	G1	G2	G3	G4	G5	G6	G7	G8	G9	G10	G11	G12	H1	H2	H3	H4	H5	H6	H7	H8	H9	H10	H11	H12
0:00:06	24.1	0.044	0.044	0.049	0.048	0.050	0.048	0.044	0.043	0.046	0.044	0.047	0.045	0.043	0.044	0.045	0.048	0.049	0.045	0.043	0.046	0.044	0.047	0.044	0.047	0.045	0.044	0.043	0.043	0.047	0.044	0.043	0.118	0.045	0.051	0.046	0.046	0.044	0.043	0.044	0.043	0.044	0.214	0.246	0.243	0.044	0.047	0.045	0.046	0.044	0.045	0.047	0.046	0.045	0.050	0.255	0.233	0.146	0.043	0.044	0.044	0.050	0.048	0.049	0.048	0.044	0.186	0.223	0.185	0.044	0.044	0.045	0.043	0.047	0.049	0.049	0.045	0.045	0.044	0.046	0.050	0.048	0.043	0.045	0.043	0.044	0.049	0.047	0.043	0.044	0.044	0.048	0.047	0.047	0.048	0.044	0.045
1:00:05	24.3	0.046	0.045	0.051	0.049	0.051	0.049	0.045	0.044	0.047	0.046	0.049	0.046	0.044	0.044	0.045	0.049	0.049	0.045	0.044	0.046	0.045	0.047	0.046	0.048	0.046	0.044	0.043	0.044	0.048	0.045	0.044	0.125	0.046	0.051	0.047	0.047	0.045	0.044	0.045	0.044	0.044	0.045	0.047	0.046	0.045	0.048	0.046	0.047	0.045	0.046	0.048	0.047	0.046	0.048	0.047	0.044	0.044	0.044	0.044	0.045	0.051	0.049	0.050	0.048	0.044	0.044	0.046	0.045	0.045	0.044	0.045	0.044	0.048	0.049	0.050	0.047	0.046	0.044	0.046	0.050	0.048	0.044	0.046	0.043	0.044	0.050	0.047	0.044	0.045	0.045	0.048	0.048	0.048	0.049	0.045	0.045
2:00:05	24.3	0.048	0.047	0.052	0.051	0.052	0.050	0.047	0.046	0.048	0.047	0.050	0.048	0.045	0.046	0.047	0.051	0.050	0.047	0.046	0.048	0.046	0.049	0.046	0.049	0.047	0.046	0.045	0.045	0.049	0.046	0.045	0.125	0.047	0.051	0.048	0.048	0.046	0.046	0.046	0.045	0.045	0.047	0.048	0.047	0.046	0.049	0.047	0.049	0.046	0.048	0.049	0.048	0.047	0.049	0.048	0.045	0.045	0.045	0.046	0.046	0.052	0.050	0.051	0.050	0.045	0.046	0.048	0.046	0.046	0.046	0.047	0.045	0.049	0.051	0.051	0.049	0.047	0.046	0.048	0.051	0.050	0.045	0.047	0.045	0.046	0.051	0.048	0.045	0.046	0.045	0.049	0.049	0.049	0.050	0.047	0.047
3:00:07	24.5	0.051	0.049	0.054	0.053	0.054	0.053	0.049	0.048	0.051	0.050	0.053	0.050	0.048	0.048	0.050	0.053	0.052	0.049	0.048	0.050	0.049	0.051	0.049	0.051	0.050	0.048	0.048	0.047	0.050	0.048	0.047	0.116	0.050	0.053	0.051	0.050	0.049	0.048	0.049	0.047	0.048	0.048	0.048	0.049	0.048	0.051	0.049	0.051	0.049	0.050	0.052	0.050	0.049	0.051	0.050	0.047	0.047	0.047	0.048	0.048	0.054	0.052	0.053	0.052	0.048	0.048	0.049	0.049	0.048	0.048	0.049	0.048	0.052	0.053	0.054	0.051	0.050	0.048	0.050	0.054	0.052	0.047	0.050	0.048	0.048	0.054	0.050	0.048	0.048	0.048	0.052	0.052	0.051	0.052	0.049	0.050
4:00:08	24.7	0.063	0.067	0.071	0.071	0.075	0.070	0.066	0.061	0.070	0.070	0.071	0.065	0.059	0.064	0.067	0.070	0.065	0.065	0.064	0.063	0.063	0.066	0.069	0.066	0.062	0.065	0.063	0.061	0.063	0.051	0.059	0.102	0.065	0.062	0.067	0.065	0.060	0.064	0.063	0.057	0.058	0.056	0.048	0.056	0.060	0.065	0.067	0.065	0.061	0.065	0.068	0.062	0.058	0.059	0.060	0.053	0.058	0.061	0.065	0.060	0.063	0.068	0.067	0.068	0.059	0.060	0.061	0.060	0.064	0.063	0.064	0.060	0.061	0.067	0.069	0.067	0.065	0.062	0.065	0.070	0.070	0.061	0.067	0.062	0.057	0.068	0.065	0.064	0.062	0.060	0.062	0.064	0.065	0.063	0.065	0.061
5:00:08	24.5	0.074	0.079	0.082	0.080	0.083	0.076	0.074	0.074	0.077	0.081	0.082	0.078	0.073	0.072	0.075	0.083	0.073	0.077	0.077	0.075	0.073	0.076	0.076	0.078	0.077	0.077	0.073	0.074	0.073	0.072	0.071	0.092	0.073	0.075	0.076	0.084	0.077	0.078	0.074	0.071	0.072	0.075	0.048	0.072	0.073	0.077	0.074	0.078	0.078	0.077	0.081	0.075	0.075	0.069	0.075	0.073	0.073	0.071	0.073	0.076	0.082	0.075	0.079	0.078	0.073	0.071	0.075	0.073	0.073	0.074	0.077	0.075	0.077	0.081	0.081	0.078	0.080	0.074	0.076	0.083	0.079	0.074	0.076	0.077	0.078	0.083	0.078	0.081	0.078	0.076	0.080	0.076	0.081	0.080	0.080	0.079
6:00:09	24.3	0.121	0.116	0.114	0.116	0.122	0.112	0.111	0.105	0.111	0.121	0.124	0.119	0.105	0.102	0.111	0.118	0.100	0.104	0.103	0.106	0.099	0.103	0.115	0.115	0.109	0.104	0.106	0.097	0.092	0.080	0.091	0.094	0.110	0.105	0.109	0.125	0.114	0.121	0.106	0.097	0.094	0.094	0.048	0.086	0.096	0.103	0.100	0.110	0.113	0.108	0.114	0.101	0.097	0.092	0.099	0.093	0.097	0.097	0.101	0.107	0.105	0.104	0.106	0.113	0.096	0.094	0.098	0.098	0.100	0.100	0.107	0.105	0.112	0.108	0.114	0.112	0.115	0.106	0.108	0.118	0.110	0.106	0.113	0.106	0.103	0.121	0.115	0.122	0.113	0.104	0.110	0.118	0.112	0.110	0.117	0.108
7:00:10	24.0	0.163	0.178	0.173	0.175	0.205	0.182	0.181	0.175	0.182	0.200	0.198	0.181	0.154	0.165	0.180	0.197	0.171	0.170	0.165	0.150	0.153	0.157	0.197	0.174	0.153	0.170	0.163	0.163	0.155	0.111	0.146	0.138	0.169	0.155	0.175	0.194	0.172	0.196	0.176	0.147	0.144	0.142	0.048	0.143	0.150	0.158	0.160	0.169	0.175	0.167	0.190	0.166	0.148	0.143	0.149	0.145	0.153	0.161	0.156	0.160	0.162	0.179	0.176	0.191	0.158	0.149	0.155	0.153	0.166	0.153	0.169	0.161	0.170	0.161	0.173	0.181	0.182	0.173	0.173	0.187	0.177	0.167	0.175	0.172	0.155	0.180	0.176	0.195	0.177	0.155	0.160	0.182	0.168	0.161	0.179	0.169
8:00:10	23.7	0.230	0.275	0.261	0.278	0.315	0.279	0.292	0.264	0.274	0.310	0.300	0.277	0.227	0.273	0.276	0.294	0.272	0.270	0.259	0.222	0.246	0.251	0.292	0.266	0.238	0.264	0.256	0.254	0.255	0.171	0.245	0.218	0.277	0.234	0.276	0.294	0.259	0.306	0.276	0.249	0.236	0.236	0.048	0.213	0.243	0.257	0.258	0.262	0.269	0.265	0.288	0.262	0.254	0.208	0.260	0.221	0.250	0.242	0.257	0.240	0.244	0.278	0.270	0.294	0.254	0.239	0.243	0.248	0.257	0.250	0.269	0.247	0.256	0.258	0.280	0.283	0.286	0.273	0.270	0.293	0.280	0.268	0.280	0.274	0.236	0.294	0.276	0.308	0.278	0.257	0.266	0.275	0.268	0.258	0.283	0.267
9:00:12	23.5	0.323	0.414	0.372	0.389	0.455	0.405	0.419	0.358	0.406	0.452	0.426	0.385	0.339	0.386	0.389	0.407	0.395	0.367	0.373	0.306	0.361	0.379	0.410	0.372	0.344	0.352	0.349	0.342	0.377	0.268	0.362	0.308	0.405	0.348	0.382	0.405	0.364	0.443	0.381	0.349	0.343	0.335	0.048	0.318	0.347	0.375	0.381	0.377	0.382	0.386	0.409	0.362	0.362	0.305	0.375	0.334	0.372	0.345	0.377	0.346	0.344	0.409	0.383	0.420	0.366	0.359	0.359	0.369	0.372	0.366	0.384	0.359	0.367	0.362	0.400	0.393	0.402	0.385	0.396	0.430	0.404	0.383	0.401	0.381	0.340	0.425	0.395	0.433	0.393	0.374	0.385	0.385	0.390	0.373	0.402	0.384
10:00:13	23.1	0.403	0.532	0.483	0.500	0.565	0.534	0.552	0.461	0.523	0.575	0.522	0.484	0.449	0.493	0.489	0.507	0.534	0.449	0.480	0.419	0.480	0.503	0.526	0.468	0.456	0.451	0.434	0.434	0.505	0.381	0.492	0.412	0.518	0.469	0.506	0.522	0.458	0.548	0.480	0.460	0.465	0.439	0.048	0.429	0.465	0.485	0.496	0.502	0.501	0.516	0.507	0.468	0.497	0.406	0.493	0.472	0.501	0.446	0.498	0.454	0.451	0.530	0.479	0.545	0.479	0.479	0.488	0.484	0.478	0.494	0.508	0.473	0.473	0.480	0.513	0.506	0.523	0.508	0.505	0.554	0.531	0.522	0.527	0.488	0.428	0.555	0.512	0.562	0.504	0.514	0.515	0.482	0.518	0.491	0.527	0.505
11:00:14	22.8	0.470	0.631	0.582	0.586	0.677	0.633	0.649	0.546	0.619	0.658	0.621	0.555	0.569	0.600	0.570	0.593	0.628	0.542	0.572	0.505	0.582	0.608	0.618	0.543	0.562	0.527	0.514	0.505	0.600	0.492	0.581	0.524	0.627	0.556	0.609	0.601	0.517	0.649	0.570	0.552	0.567	0.532	0.048	0.505	0.570	0.582	0.602	0.594	0.603	0.608	0.588	0.546	0.604	0.485	0.575	0.578	0.607	0.517	0.614	0.539	0.538	0.635	0.567	0.635	0.583	0.574	0.604	0.597	0.574	0.585	0.607	0.566	0.567	0.584	0.611	0.594	0.616	0.607	0.598	0.666	0.637	0.622	0.634	0.581	0.504	0.658	0.627	0.672	0.607	0.634	0.639	0.561	0.630	0.591	0.640	0.600
12:00:15	22.6	0.517	0.713	0.665	0.659	0.737	0.716	0.730	0.611	0.701	0.725	0.684	0.620	0.653	0.678	0.644	0.671	0.709	0.610	0.655	0.582	0.676	0.680	0.694	0.608	0.652	0.607	0.576	0.580	0.695	0.583	0.669	0.615	0.709	0.640	0.699	0.674	0.577	0.714	0.649	0.631	0.656	0.628	0.048	0.574	0.648	0.660	0.687	0.678	0.694	0.679	0.662	0.631	0.676	0.556	0.663	0.661	0.705	0.575	0.694	0.620	0.616	0.722	0.650	0.702	0.666	0.663	0.695	0.683	0.649	0.679	0.686	0.654	0.656	0.669	0.686	0.665	0.686	0.694	0.681	0.740	0.721	0.703	0.730	0.662	0.570	0.741	0.716	0.755	0.687	0.725	0.722	0.631	0.722	0.670	0.717	0.675
13:00:15	22.5	0.560	0.764	0.719	0.721	0.790	0.765	0.787	0.663	0.742	0.777	0.739	0.669	0.729	0.723	0.695	0.710	0.766	0.661	0.713	0.643	0.730	0.740	0.754	0.654	0.710	0.668	0.634	0.644	0.751	0.662	0.732	0.683	0.763	0.699	0.761	0.730	0.625	0.775	0.694	0.682	0.727	0.705	0.048	0.629	0.713	0.715	0.751	0.735	0.759	0.745	0.718	0.674	0.733	0.603	0.713	0.730	0.764	0.620	0.751	0.675	0.674	0.784	0.711	0.755	0.730	0.722	0.759	0.750	0.706	0.747	0.749	0.716	0.730	0.734	0.741	0.725	0.741	0.738	0.727	0.799	0.780	0.766	0.788	0.716	0.628	0.805	0.786	0.818	0.748	0.806	0.781	0.669	0.786	0.727	0.783	0.720
14:00:17	22.5	0.589	0.803	0.760	0.759	0.841	0.819	0.819	0.713	0.801	0.826	0.774	0.719	0.773	0.764	0.743	0.757	0.808	0.706	0.754	0.708	0.768	0.789	0.812	0.713	0.770	0.701	0.679	0.681	0.792	0.726	0.772	0.745	0.808	0.760	0.818	0.791	0.671	0.816	0.733	0.736	0.771	0.741	0.047	0.678	0.762	0.764	0.801	0.782	0.824	0.795	0.750	0.725	0.778	0.673	0.760	0.789	0.801	0.670	0.797	0.735	0.746	0.812	0.751	0.803	0.774	0.763	0.808	0.784	0.749	0.788	0.810	0.781	0.793	0.793	0.774	0.766	0.790	0.775	0.767	0.842	0.808	0.828	0.851	0.760	0.679	0.868	0.848	0.857	0.796	0.841	0.845	0.739	0.854	0.779	0.846	0.771
15:00:17	22.5	0.623	0.835	0.798	0.809	0.868	0.836	0.857	0.749	0.839	0.850	0.818	0.761	0.814	0.799	0.774	0.774	0.848	0.738	0.791	0.752	0.814	0.824	0.843	0.748	0.811	0.734	0.715	0.725	0.836	0.768	0.815	0.789	0.856	0.804	0.854	0.823	0.718	0.850	0.768	0.786	0.812	0.791	0.048	0.723	0.799	0.806	0.839	0.831	0.860	0.843	0.793	0.762	0.816	0.724	0.797	0.847	0.834	0.711	0.857	0.784	0.790	0.862	0.793	0.846	0.815	0.812	0.846	0.831	0.791	0.841	0.857	0.822	0.845	0.835	0.831	0.809	0.827	0.836	0.806	0.882	0.848	0.875	0.896	0.799	0.726	0.910	0.881	0.901	0.834	0.895	0.894	0.771	0.892	0.821	0.898	0.818
16:00:18	22.6	0.645	0.843	0.816	0.834	0.885	0.854	0.877	0.781	0.852	0.852	0.848	0.795	0.843	0.836	0.811	0.809	0.871	0.765	0.820	0.782	0.825	0.842	0.868	0.784	0.839	0.772	0.756	0.749	0.871	0.802	0.855	0.821	0.876	0.836	0.882	0.858	0.750	0.855	0.797	0.826	0.846	0.825	0.048	0.761	0.822	0.827	0.868	0.852	0.891	0.870	0.835	0.800	0.865	0.765	0.835	0.879	0.866	0.752	0.883	0.818	0.825	0.896	0.817	0.857	0.849	0.833	0.883	0.861	0.818	0.872	0.888	0.850	0.877	0.867	0.853	0.837	0.852	0.857	0.828	0.893	0.883	0.901	0.917	0.826	0.758	0.944	0.914	0.937	0.863	0.939	0.934	0.795	0.910	0.854	0.925	0.840
17:00:19	22.5	0.675	0.849	0.836	0.861	0.903	0.869	0.897	0.806	0.862	0.860	0.864	0.824	0.871	0.860	0.831	0.812	0.896	0.797	0.831	0.805	0.865	0.858	0.887	0.816	0.854	0.794	0.775	0.776	0.894	0.822	0.865	0.841	0.892	0.863	0.897	0.883	0.782	0.882	0.837	0.853	0.857	0.842	0.047	0.796	0.847	0.862	0.883	0.873	0.903	0.883	0.844	0.820	0.882	0.799	0.859	0.885	0.864	0.784	0.909	0.841	0.847	0.912	0.848	0.882	0.876	0.850	0.898	0.875	0.837	0.885	0.905	0.862	0.890	0.881	0.891	0.855	0.881	0.874	0.845	0.934	0.897	0.930	0.943	0.845	0.790	0.950	0.935	0.958	0.900	0.935	0.943	0.824	0.929	0.875	0.933	0.864
18:00:20	22.6	0.682	0.850	0.844	0.874	0.923	0.868	0.905	0.822	0.899	0.879	0.901	0.846	0.873	0.867	0.856	0.867	0.909	0.827	0.870	0.818	0.881	0.866	0.895	0.843	0.886	0.828	0.813	0.806	0.912	0.852	0.906	0.864	0.901	0.872	0.922	0.897	0.805	0.916	0.859	0.865	0.900	0.875	0.047	0.825	0.876	0.885	0.914	0.889	0.908	0.901	0.872	0.850	0.903	0.830	0.869	0.907	0.908	0.818	0.924	0.863	0.867	0.938	0.870	0.886	0.895	0.884	0.927	0.906	0.852	0.915	0.938	0.882	0.906	0.905	0.917	0.890	0.894	0.917	0.878	0.965	0.915	0.955	0.969	0.879	0.810	0.958	0.962	0.982	0.923	0.960	0.967	0.853	0.946	0.899	0.962	0.885
19:00:21	22.5	0.714	0.860	0.858	0.907	0.956	0.876	0.910	0.847	0.921	0.891	0.926	0.858	0.897	0.902	0.879	0.861	0.935	0.861	0.890	0.830	0.910	0.887	0.923	0.854	0.909	0.858	0.838	0.831	0.928	0.885	0.912	0.884	0.937	0.894	0.953	0.925	0.823	0.952	0.892	0.899	0.924	0.894	0.048	0.849	0.883	0.898	0.935	0.911	0.927	0.916	0.906	0.876	0.933	0.859	0.917	0.925	0.934	0.845	0.948	0.881	0.879	0.959	0.908	0.944	0.921	0.924	0.940	0.924	0.876	0.944	0.954	0.895	0.916	0.930	0.949	0.922	0.934	0.952	0.882	0.981	0.957	0.971	0.986	0.905	0.827	0.975	0.989	1.010	0.959	0.974	0.986	0.864	0.975	0.919	0.979	0.902
20:00:22	22.5	0.721	0.851	0.864	0.913	0.963	0.886	0.915	0.860	0.927	0.900	0.964	0.874	0.907	0.928	0.900	0.891	0.949	0.887	0.893	0.842	0.922	0.906	0.937	0.874	0.929	0.881	0.871	0.867	0.963	0.903	0.935	0.905	0.950	0.904	0.972	0.940	0.841	0.971	0.909	0.930	0.941	0.927	0.047	0.868	0.913	0.914	0.966	0.928	0.940	0.946	0.934	0.904	0.958	0.878	0.902	0.938	0.945	0.871	0.973	0.899	0.896	0.983	0.917	0.955	0.947	0.939	0.966	0.954	0.915	0.966	0.961	0.913	0.928	0.951	0.967	0.937	0.926	0.976	0.940	1.002	0.981	0.984	1.004	0.938	0.837	1.000	1.002	1.021	0.975	1.007	1.006	0.879	0.996	0.929	0.986	0.914
21:00:23	22.5	0.737	0.862	0.880	0.949	0.972	0.901	0.916	0.876	0.947	0.904	0.983	0.890	0.933	0.941	0.912	0.919	0.961	0.909	0.926	0.854	0.945	0.921	0.955	0.889	0.952	0.906	0.892	0.884	0.968	0.928	0.965	0.934	0.977	0.919	0.988	0.956	0.857	0.997	0.930	0.943	0.974	0.932	0.048	0.884	0.954	0.955	0.986	0.945	0.952	0.961	0.937	0.926	0.984	0.900	0.932	0.961	0.980	0.890	1.007	0.914	0.908	1.003	0.928	0.990	0.977	0.952	0.980	0.974	0.899	0.987	0.978	0.929	0.947	0.973	0.984	0.968	0.973	0.976	0.960	1.043	1.000	0.995	1.023	0.957	0.848	1.021	1.031	1.044	1.009	1.019	1.024	0.895	1.022	0.945	1.014	0.927
22:00:24	22.5	0.747	0.852	0.892	0.940	0.988	0.907	0.917	0.890	0.935	0.917	1.002	0.901	0.944	0.959	0.929	0.968	0.975	0.928	0.954	0.860	0.968	0.930	0.968	0.902	0.967	0.931	0.912	0.912	1.002	0.952	0.982	0.945	1.007	0.929	1.007	0.968	0.872	1.022	0.927	0.958	0.984	0.967	0.048	0.896	0.976	0.977	1.004	0.956	0.969	0.986	0.968	0.955	1.011	0.910	0.953	0.975	0.996	0.905	1.015	0.930	0.921	1.027	0.947	1.018	0.988	0.983	0.977	1.005	0.909	1.008	0.998	0.939	0.957	0.987	1.015	0.994	0.994	1.016	0.960	1.052	1.026	1.014	1.035	0.970	0.858	1.034	1.040	1.072	1.034	1.039	1.040	0.910	1.033	0.954	1.018	0.941
23:00:25	22.5	0.766	0.879	0.902	0.991	0.966	0.918	0.935	0.901	0.948	0.924	1.023	0.916	0.966	0.972	0.947	0.940	0.991	0.945	0.964	0.867	0.988	0.947	0.991	0.918	0.985	0.956	0.940	0.930	1.019	0.967	1.005	0.972	1.017	0.952	1.025	0.984	0.887	1.035	0.934	0.980	1.001	0.987	0.048	0.911	0.993	1.006	1.016	0.976	0.978	0.997	0.952	0.972	1.019	0.938	0.987	0.995	0.989	0.917	1.046	0.941	0.934	1.054	0.982	1.000	1.012	0.986	0.987	1.014	0.953	1.030	1.019	0.951	0.973	1.009	1.036	0.974	0.991	1.028	1.008	1.081	1.050	1.030	1.054	0.972	0.871	1.048	1.063	1.093	1.056	1.058	1.059	0.931	1.047	0.970	1.033	0.955
24:00:25	22.5	0.787	0.896	0.890	0.995	0.991	0.949	0.936	0.917	0.958	0.934	1.055	0.928	0.989	1.006	0.918	0.994	0.999	0.958	1.002	0.867	1.004	0.949	1.011	0.938	0.998	0.961	0.949	0.941	1.039	0.988	1.022	0.981	1.032	0.964	1.037	0.995	0.899	1.038	0.953	0.995	1.018	1.009	0.047	0.923	1.011	1.017	1.041	0.992	0.988	1.012	0.982	0.981	1.050	0.949	0.984	1.012	0.996	0.922	1.061	0.954	0.945	1.068	1.003	1.012	1.014	1.019	0.971	1.042	0.992	1.040	1.033	0.962	0.983	1.025	1.038	1.037	1.017	1.057	1.035	1.091	1.058	1.052	1.064	1.016	0.889	1.063	1.079	1.095	1.079	1.074	1.065	0.951	1.067	0.981	1.049	0.969
25:00:26	22.5	0.794	0.901	0.903	1.008	0.990	0.956	0.961	0.935	0.975	0.943	1.074	0.946	1.001	1.031	0.930	1.014	1.015	0.967	1.008	0.877	1.012	0.964	1.023	0.951	1.010	0.987	0.960	0.948	1.056	1.006	1.048	1.002	1.055	0.979	1.050	1.007	0.915	1.059	0.980	1.015	1.035	1.025	0.048	0.944	1.017	1.022	1.054	1.006	1.001	1.027	0.989	1.000	1.069	0.967	1.026	1.022	1.009	0.933	1.062	0.965	0.957	1.085	1.003	1.051	1.046	1.043	0.958	1.058	1.005	1.064	1.049	0.974	0.993	1.036	1.057	1.029	1.041	1.081	1.038	1.108	1.074	1.049	1.087	1.015	0.896	1.074	1.098	1.125	1.087	1.093	1.081	0.961	1.072	0.995	1.057	0.979
26:00:27	22.5	0.796	0.903	0.900	1.018	0.988	0.969	0.969	0.946	0.957	0.945	1.084	0.960	1.004	1.041	1.001	1.013	1.021	0.986	1.020	0.882	1.041	0.954	1.028	0.964	1.015	0.986	0.986	0.969	1.076	1.023	1.064	1.007	1.057	0.987	1.059	1.018	0.923	1.049	1.004	1.021	1.054	1.038	0.048	0.956	1.028	1.044	1.069	1.018	1.012	1.045	0.996	0.992	1.077	0.983	1.009	1.036	0.991	0.930	1.087	0.975	0.968	1.100	1.042	1.060	1.053	1.037	0.947	1.054	1.006	1.072	1.061	0.987	1.008	1.057	1.081	1.019	1.050	1.081	1.054	1.119	1.089	1.064	1.108	1.037	0.902	1.093	1.113	1.138	1.107	1.115	1.100	0.970	1.091	1.006	1.074	0.985
27:00:28	22.6	0.825	0.894	0.904	1.022	0.969	0.996	0.981	0.954	0.967	0.970	1.097	0.978	1.028	1.039	0.985	1.016	1.045	0.988	1.017	0.884	1.040	0.962	1.049	0.985	1.017	1.005	0.995	0.981	1.074	1.037	1.066	1.021	1.053	1.002	1.068	1.023	0.937	1.086	1.010	1.039	1.058	1.051	0.048	0.965	1.046	1.056	1.064	1.030	1.023	1.048	1.015	1.008	1.089	0.995	1.062	1.053	0.964	0.939	1.090	0.984	0.975	1.120	1.012	1.037	1.065	1.061	0.955	1.060	1.007	1.087	1.076	0.996	1.010	1.058	1.091	1.020	1.066	1.098	1.066	1.130	1.105	1.085	1.104	1.031	0.915	1.094	1.123	1.144	1.121	1.096	1.104	0.979	1.077	1.016	1.074	0.999
28:00:30	22.6	0.840	0.884	0.911	1.029	0.962	1.004	0.997	0.964	0.966	0.985	1.099	0.990	1.035	1.057	0.937	1.010	1.053	1.013	1.043	0.888	1.034	0.969	1.060	1.003	1.019	1.009	0.991	0.983	1.092	1.049	1.065	1.021	1.067	1.011	1.076	1.034	0.948	1.093	1.023	1.035	1.074	1.069	0.048	0.974	1.059	1.059	1.089	1.040	1.032	1.053	1.023	1.018	1.105	1.010	1.051	1.058	0.967	0.932	1.103	0.995	0.979	1.129	1.013	1.051	1.069	1.052	0.934	1.091	1.011	1.087	1.088	1.005	1.019	1.068	1.107	1.068	1.083	1.068	1.074	1.143	1.120	1.091	1.111	1.068	0.924	1.099	1.125	1.152	1.131	1.096	1.114	0.993	1.089	1.027	1.069	1.011
29:00:30	22.6	0.839	0.898	0.917	1.040	0.980	1.024	1.006	0.984	0.986	0.988	1.093	1.003	1.048	1.061	0.940	1.037	1.063	1.011	1.059	0.869	1.025	0.968	1.069	1.012	1.037	1.012	1.005	1.002	1.107	1.063	1.086	1.041	1.042	1.026	1.077	1.048	0.960	1.103	1.002	1.052	1.093	1.075	0.048	0.990	1.064	1.058	1.089	1.047	1.041	1.049	1.040	1.032	1.111	1.026	1.051	1.082	0.923	0.937	1.118	1.002	0.991	1.140	1.036	1.026	1.078	1.093	0.899	1.091	1.039	1.104	1.100	1.012	1.035	1.087	1.122	1.092	1.073	1.106	1.071	1.154	1.129	1.103	1.131	1.041	0.934	1.115	1.141	1.165	1.150	1.118	1.111	1.007	1.103	1.037	1.082	1.017
30:00:32	22.6	0.853	0.900	0.929	1.053	0.987	1.037	1.020	0.987	0.989	1.004	1.103	1.017	1.058	1.066	0.961	1.015	1.067	1.020	1.051	0.886	1.054	0.976	1.080	1.023	1.042	1.012	0.981	0.986	1.102	1.072	1.097	1.042	1.033	1.034	1.080	1.054	0.972	1.097	1.040	1.058	1.096	1.097	0.047	0.996	1.068	1.071	1.100	1.054	1.052	1.038	1.035	1.015	1.129	1.036	1.051	1.091	0.889	0.936	1.126	1.013	1.004	1.144	1.047	1.026	1.089	1.096	0.932	1.082	1.046	1.121	1.115	1.021	1.043	1.096	1.132	1.052	1.084	1.094	1.093	1.163	1.136	1.110	1.141	1.027	0.946	1.127	1.157	1.165	1.156	1.117	1.110	1.018	1.113	1.045	1.092	1.027
31:00:32	22.6	0.862	0.902	0.930	1.031	0.993	1.039	1.031	0.997	0.991	1.020	1.126	1.027	1.061	1.056	0.941	1.044	1.078	0.989	1.010	0.887	1.032	0.991	1.094	1.035	1.054	0.992	1.008	0.993	1.105	1.083	1.084	1.070	1.059	1.049	1.086	1.066	0.982	1.050	1.009	1.069	1.107	1.070	0.048	1.010	1.075	1.082	1.103	1.071	1.060	1.056	1.076	1.020	1.147	1.052	1.056	1.097	0.900	0.931	1.121	1.024	1.014	1.159	1.058	1.046	1.097	1.094	1.014	1.113	1.035	1.125	1.130	1.028	1.054	1.092	1.131	1.078	1.090	1.119	1.095	1.164	1.147	1.123	1.164	1.038	0.951	1.139	1.167	1.181	1.157	1.125	1.120	1.025	1.117	1.055	1.094	1.041
32:00:33	22.6	0.863	0.904	0.955	1.044	0.983	1.044	1.044	1.004	1.005	1.034	1.103	1.036	1.059	1.076	0.933	0.999	1.083	0.975	1.027	0.894	1.023	0.995	1.101	1.045	1.058	0.992	0.990	1.016	1.111	1.082	1.091	1.059	1.053	1.053	1.087	1.076	0.991	1.072	0.959	1.042	1.118	1.066	0.048	1.016	1.070	1.084	1.101	1.079	1.076	1.052	1.042	1.040	1.125	1.061	1.053	1.098	0.893	0.925	1.125	1.030	1.026	1.144	1.052	1.062	1.096	1.096	1.004	1.097	1.049	1.133	1.133	1.037	1.067	1.108	1.122	1.098	1.106	1.130	1.097	1.164	1.141	1.128	1.170	1.076	0.956	1.143	1.175	1.187	1.169	1.132	1.128	1.031	1.125	1.063	1.104	1.044
33:00:35	22.5	0.865	0.895	0.967	1.036	1.008	1.055	1.044	1.012	1.011	1.037	1.097	1.040	1.073	1.064	0.946	0.944	1.094	0.973	1.008	0.901	1.023	1.009	1.106	1.049	1.070	1.014	1.035	0.988	1.120	1.094	1.089	1.058	1.051	1.061	1.098	1.084	0.997	1.088	0.981	1.059	1.120	1.041	0.047	1.020	1.090	1.068	1.093	1.081	1.077	1.041	1.030	1.030	1.156	1.064	1.060	1.116	0.865	0.911	1.119	1.041	1.028	1.161	1.053	1.038	1.117	1.103	1.012	1.094	1.030	1.126	1.151	1.049	1.073	1.112	1.124	1.092	1.095	1.129	1.103	1.177	1.134	1.138	1.172	1.060	0.960	1.155	1.185	1.190	1.176	1.134	1.128	1.038	1.130	1.068	1.108	1.045
34:00:35	22.5	0.874	0.905	0.989	1.045	1.023	1.063	1.065	1.020	1.013	1.063	1.099	1.050	1.075	1.077	0.904	0.928	1.105	0.978	1.018	0.906	1.026	1.021	1.116	1.063	1.070	1.038	1.016	1.008	1.125	1.094	1.093	1.057	1.022	1.071	1.106	1.093	1.004	1.024	1.050	1.070	1.117	1.036	0.047	1.025	1.108	1.059	1.100	1.094	1.098	1.043	1.035	1.024	1.131	1.072	1.039	1.117	0.831	0.888	1.124	1.047	1.038	1.160	1.065	1.051	1.124	1.089	1.007	1.113	1.022	1.124	1.154	1.054	1.092	1.124	1.129	1.072	1.108	1.124	1.114	1.161	1.138	1.141	1.185	1.053	0.964	1.147	1.193	1.205	1.170	1.132	1.128	1.039	1.129	1.072	1.112	1.051
35:00:36	22.5	0.874	0.913	0.997	1.031	1.037	1.062	1.068	1.024	1.033	1.095	1.099	1.059	1.089	1.076	0.865	0.969	1.110	0.970	0.998	0.897	1.031	1.047	1.128	1.076	1.072	1.017	0.981	0.996	1.113	1.099	1.100	1.069	1.028	1.083	1.108	1.108	1.013	1.068	1.058	1.031	1.134	1.023	0.047	1.032	1.083	1.041	1.116	1.104	1.109	1.031	1.005	1.009	1.156	1.093	1.081	1.127	0.794	0.888	1.143	1.055	1.049	1.168	1.079	1.026	1.115	1.103	1.013	1.130	1.013	1.136	1.168	1.060	1.085	1.142	1.118	1.103	1.124	1.117	1.110	1.190	1.128	1.152	1.197	1.024	0.969	1.152	1.207	1.229	1.180	1.131	1.127	1.047	1.138	1.082	1.124	1.055
36:00:37	22.5	0.877	0.912	0.995	1.005	1.038	1.070	1.084	1.030	1.052	1.114	1.107	1.063	1.095	1.100	0.872	0.931	1.120	0.972	1.001	0.915	1.039	1.071	1.139	1.090	1.085	1.037	1.030	0.998	1.107	1.099	1.099	1.063	1.053	1.086	1.117	1.121	1.020	1.074	1.034	1.030	1.121	1.006	0.048	1.039	1.093	1.051	1.116	1.111	1.108	1.033	0.981	0.997	1.147	1.098	1.044	1.141	0.766	0.880	1.141	1.063	1.048	1.174	1.062	1.035	1.121	1.099	0.960	1.134	1.053	1.125	1.180	1.071	1.095	1.149	1.136	1.088	1.126	1.137	1.129	1.194	1.142	1.159	1.203	1.007	0.976	1.167	1.216	1.241	1.176	1.131	1.125	1.050	1.150	1.089	1.124	1.059
37:00:38	22.5	0.880	0.930	1.011	1.094	1.085	1.073	1.148	1.039	1.063	1.123	1.106	1.066	1.108	1.091	0.868	0.909	1.134	0.955	1.038	0.923	1.056	1.112	1.148	1.099	1.097	1.013	1.029	1.002	1.128	1.096	1.095	1.059	0.993	1.096	1.123	1.156	1.027	1.055	0.989	1.016	1.129	0.976	0.048	1.048	1.067	1.026	1.135	1.128	1.156	1.014	1.009	1.001	1.126	1.106	1.028	1.144	0.736	0.883	1.159	1.067	1.066	1.177	1.043	1.024	1.098	1.086	0.937	1.117	1.040	1.140	1.189	1.075	1.138	1.177	1.130	1.081	1.130	1.136	1.129	1.182	1.150	1.174	1.216	0.976	0.980	1.160	1.224	1.247	1.185	1.139	1.133	1.054	1.202	1.103	1.143	1.063
38:00:38	22.6	0.892	0.927	0.999	1.048	1.056	1.083	1.105	1.066	1.049	1.120	1.134	1.064	1.072	1.079	0.847	0.925	1.119	0.952	1.070	0.930	1.059	1.111	1.122	1.081	1.121	1.024	0.997	0.993	1.094	1.096	1.103	1.041	1.010	1.076	1.132	1.149	1.033	1.085	0.988	1.019	1.085	0.959	0.047	1.064	1.060	1.017	1.137	1.123	1.168	0.964	1.002	0.991	1.163	1.106	1.006	1.140	0.717	0.852	1.147	1.068	1.045	1.186	1.060	1.023	1.119	1.099	0.967	1.135	1.048	1.135	1.188	1.078	1.122	1.165	1.095	1.096	1.134	1.129	1.116	1.201	1.145	1.166	1.233	0.981	0.988	1.213	1.221	1.256	1.163	1.134	1.127	1.050	1.197	1.085	1.146	1.047
39:00:39	22.6	0.888	0.989	1.027	1.065	1.096	1.083	1.157	1.053	1.077	1.149	1.121	1.071	1.117	1.122	0.822	0.927	1.145	0.916	1.057	0.935	1.061	1.147	1.166	1.113	1.116	1.012	1.024	0.970	1.115	1.083	1.107	1.064	0.997	1.103	1.134	1.174	1.037	1.114	0.995	0.998	1.121	0.935	0.047	1.058	1.062	0.990	1.145	1.153	1.191	1.025	0.990	0.981	1.154	1.120	1.026	1.165	0.703	0.875	1.177	1.085	1.068	1.198	1.063	1.009	1.098	1.099	1.021	1.150	1.032	1.136	1.198	1.092	1.156	1.184	1.137	1.078	1.133	1.114	1.126	1.192	1.144	1.179	1.231	0.953	0.989	1.185	1.229	1.274	1.186	1.134	1.153	1.061	1.222	1.111	1.166	1.060
40:00:40	22.7	0.903	0.998	1.046	1.065	1.116	1.083	1.179	1.056	1.132	1.195	1.125	1.070	1.117	1.103	0.811	0.939	1.164	0.939	1.061	0.970	1.071	1.139	1.169	1.100	1.126	0.994	0.987	0.971	1.129	1.077	1.089	1.052	0.999	1.111	1.143	1.183	1.042	1.129	0.991	0.993	1.132	0.930	0.048	1.060	1.034	1.017	1.169	1.163	1.204	1.030	0.989	0.943	1.140	1.121	1.037	1.156	0.704	0.868	1.184	1.088	1.069	1.194	1.063	0.991	1.116	1.089	1.020	1.132	1.018	1.145	1.206	1.097	1.162	1.191	1.136	1.081	1.110	1.112	1.133	1.195	1.161	1.184	1.234	0.958	0.990	1.183	1.229	1.264	1.192	1.133	1.132	1.064	1.222	1.114	1.170	1.065
41:00:42	22.8	0.911	0.944	1.028	1.074	1.049	1.107	1.119	1.082	1.107	1.175	1.171	1.079	1.093	1.083	0.788	0.956	1.122	0.932	1.062	0.957	1.078	1.096	1.179	1.114	1.151	0.999	0.995	0.975	1.093	1.106	1.102	1.073	0.987	1.092	1.145	1.186	1.044	1.095	0.984	0.994	1.118	0.915	0.047	1.079	1.016	1.002	1.172	1.172	1.206	0.966	0.970	0.923	1.129	1.124	1.045	1.164	0.714	0.864	1.173	1.090	1.061	1.201	1.056	0.987	1.117	1.085	1.045	1.114	0.994	1.155	1.198	1.099	1.149	1.194	1.133	1.091	1.145	1.104	1.115	1.202	1.160	1.181	1.262	0.975	0.998	1.227	1.230	1.266	1.203	1.129	1.144	1.064	1.209	1.101	1.161	1.057
42:00:43	22.7	0.929	0.974	1.075	1.095	1.067	1.109	1.111	1.094	1.141	1.190	1.169	1.084	1.112	1.115	0.780	0.921	1.134	0.902	1.076	0.954	1.080	1.131	1.175	1.130	1.150	0.975	0.973	0.975	1.144	1.111	1.098	1.095	0.964	1.102	1.173	1.189	1.063	1.125	0.986	0.968	1.151	0.894	0.047	1.084	1.041	0.962	1.175	1.194	1.197	0.997	0.980	0.910	1.134	1.145	1.025	1.179	0.719	0.876	1.188	1.109	1.064	1.208	1.013	0.997	1.069	1.071	1.051	1.085	0.998	1.174	1.215	1.110	1.191	1.200	1.119	1.062	1.137	1.107	1.122	1.195	1.177	1.207	1.291	0.975	0.999	1.268	1.258	1.260	1.224	1.151	1.151	1.078	1.241	1.113	1.208	1.060
43:00:44	22.7	0.907	1.020	1.140	1.118	1.116	1.126	1.209	1.089	1.225	1.208	1.185	1.079	1.131	1.117	0.808	0.962	1.176	0.898	1.036	0.990	1.075	1.162	1.200	1.122	1.150	0.959	0.935	0.954	1.160	1.111	1.110	1.090	0.957	1.130	1.185	1.213	1.069	1.141	0.979	0.964	1.185	0.895	0.047	1.081	0.987	0.962	1.202	1.242	1.222	1.024	0.969	0.905	1.114	1.155	1.020	1.173	0.727	0.897	1.238	1.136	1.095	1.215	1.035	0.989	1.090	1.069	1.051	1.049	1.009	1.173	1.221	1.151	1.226	1.207	1.139	1.080	1.140	1.102	1.108	1.214	1.178	1.219	1.283	0.978	0.997	1.246	1.246	1.259	1.226	1.156	1.157	1.087	1.269	1.149	1.251	1.071
44:00:43	22.6	0.917	0.998	1.123	1.120	1.104	1.140	1.218	1.102	1.227	1.208	1.185	1.084	1.129	1.105	0.798	0.927	1.178	0.877	1.104	0.986	1.054	1.151	1.206	1.126	1.158	0.935	0.956	0.920	1.147	1.128	1.086	1.093	0.972	1.138	1.192	1.216	1.079	1.145	0.969	0.964	1.184	0.885	0.047	1.087	0.988	0.952	1.210	1.248	1.224	1.012	0.941	0.906	1.093	1.159	0.996	1.163	0.740	0.900	1.246	1.142	1.089	1.222	1.035	1.002	1.076	1.050	1.081	1.065	1.004	1.163	1.228	1.163	1.222	1.213	1.113	1.071	1.177	1.114	1.088	1.214	1.190	1.231	1.276	0.992	0.996	1.250	1.268	1.263	1.217	1.154	1.164	1.101	1.287	1.159	1.254	1.080
45:00:44	22.6	0.925	0.991	1.120	1.129	1.114	1.142	1.225	1.108	1.240	1.226	1.195	1.087	1.138	1.115	0.803	0.958	1.182	0.895	1.132	1.015	1.099	1.164	1.215	1.136	1.163	0.958	0.977	0.920	1.152	1.140	1.097	1.111	0.971	1.143	1.205	1.224	1.085	1.144	0.966	0.977	1.191	0.885	0.048	1.093	0.964	0.958	1.223	1.258	1.239	1.012	0.952	0.895	1.130	1.168	0.990	1.174	0.773	0.909	1.252	1.158	1.086	1.228	1.054	1.002	1.117	1.048	1.061	1.067	1.012	1.183	1.240	1.179	1.224	1.219	1.115	1.079	1.176	1.104	1.088	1.223	1.202	1.239	1.282	0.994	0.997	1.252	1.261	1.266	1.231	1.156	1.160	1.116	1.303	1.153	1.263	1.092
46:00:46	22.5	0.945	0.997	1.118	1.173	1.128	1.149	1.246	1.131	1.240	1.222	1.188	1.086	1.150	1.123	0.828	0.975	1.193	0.885	1.135	1.010	1.109	1.163	1.220	1.132	1.165	0.974	0.999	0.938	1.150	1.140	1.103	1.117	0.956	1.148	1.215	1.230	1.087	1.141	0.982	0.968	1.190	0.869	0.048	1.100	0.964	0.945	1.232	1.260	1.240	1.033	0.992	0.854	1.124	1.165	0.981	1.174	0.838	0.916	1.263	1.163	1.093	1.238	1.049	0.958	1.120	1.056	1.081	1.146	1.003	1.194	1.230	1.185	1.234	1.220	1.138	1.063	1.183	1.096	1.101	1.210	1.208	1.257	1.290	1.022	1.000	1.259	1.267	1.272	1.259	1.162	1.176	1.135	1.310	1.165	1.262	1.100
47:00:46	22.5	0.969	0.956	1.070	1.139	1.063	1.128	1.172	1.110	1.202	1.197	1.185	1.122	1.146	1.124	0.835	0.976	1.147	0.870	1.123	0.984	1.092	1.133	1.202	1.135	1.173	0.986	0.994	0.941	1.127	1.171	1.115	1.126	1.000	1.141	1.222	1.223	1.097	1.101	0.980	0.988	1.172	0.856	0.047	1.117	0.979	0.962	1.226	1.255	1.247	1.057	0.993	0.854	1.120	1.179	0.996	1.190	0.925	0.902	1.230	1.142	1.077	1.236	1.062	1.000	1.120	1.055	1.059	1.109	1.009	1.197	1.229	1.163	1.232	1.208	1.175	1.066	1.161	1.127	1.113	1.197	1.237	1.238	1.300	1.060	1.003	1.265	1.289	1.269	1.258	1.150	1.175	1.148	1.257	1.132	1.255	1.077
48:00:47	22.6	0.967	0.959	1.071	1.139	1.072	1.145	1.217	1.110	1.226	1.197	1.193	1.109	1.156	1.137	0.844	0.978	1.160	0.902	1.103	1.005	1.082	1.126	1.202	1.133	1.169	0.969	0.974	0.934	1.136	1.175	1.115	1.131	1.040	1.147	1.219	1.228	1.091	1.098	0.988	0.968	1.184	0.870	0.047	1.121	0.990	0.986	1.239	1.250	1.226	1.096	1.011	0.866	1.137	1.181	0.997	1.189	0.982	0.909	1.249	1.140	1.077	1.242	1.070	1.025	1.104	1.075	1.038	1.063	0.990	1.204	1.212	1.153	1.244	1.217	1.186	1.076	1.155	1.127	1.100	1.209	1.243	1.245	1.289	1.121	1.016	1.275	1.297	1.279	1.263	1.148	1.159	1.151	1.258	1.131	1.253	1.072
49:00:49	22.6	0.977	0.969	1.064	1.144	1.079	1.137	1.227	1.108	1.218	1.186	1.181	1.098	1.163	1.164	0.850	1.053	1.163	0.886	1.131	1.003	1.067	1.152	1.210	1.133	1.194	0.980	0.972	0.959	1.151	1.190	1.137	1.154	1.077	1.150	1.233	1.231	1.095	1.117	1.003	1.024	1.170	0.886	0.047	1.126	1.013	1.031	1.243	1.249	1.272	1.113	0.953	0.873	1.146	1.196	0.995	1.201	1.023	0.913	1.246	1.140	1.080	1.244	1.069	1.025	1.112	1.051	0.961	1.157	1.015	1.213	1.209	1.160	1.251	1.227	1.171	1.094	1.163	1.169	1.117	1.224	1.249	1.239	1.284	1.133	1.021	1.266	1.284	1.274	1.275	1.150	1.164	1.155	1.251	1.128	1.248	1.072
50:00:50	22.6	0.995	1.014	1.102	1.204	1.135	1.158	1.264	1.141	1.233	1.220	1.172	1.102	1.165	1.179	0.901	1.051	1.218	0.882	1.131	1.039	1.102	1.185	1.221	1.133	1.175	0.987	0.993	0.910	1.212	1.184	1.134	1.180	1.105	1.159	1.229	1.247	1.104	1.149	1.004	1.012	1.204	0.889	0.047	1.108	1.013	1.014	1.269	1.252	1.242	1.118	1.005	0.949	1.151	1.200	1.005	1.201	1.044	0.973	1.271	1.187	1.117	1.256	1.090	1.037	1.093	1.088	1.030	1.133	1.016	1.230	1.230	1.201	1.260	1.262	1.208	1.112	1.170	1.140	1.123	1.223	1.265	1.264	1.298	1.171	1.019	1.266	1.301	1.269	1.264	1.187	1.188	1.157	1.296	1.163	1.251	1.088
51:00:50	22.6	0.985	0.974	1.033	1.158	1.098	1.170	1.274	1.124	1.238	1.198	1.180	1.099	1.168	1.189	0.942	1.076	1.173	0.910	1.147	1.028	1.047	1.160	1.206	1.140	1.177	1.020	1.012	0.934	1.170	1.210	1.133	1.189	1.111	1.162	1.226	1.237	1.115	1.158	1.036	1.004	1.160	0.912	0.047	1.135	1.002	0.987	1.252	1.246	1.269	1.142	1.022	0.944	1.154	1.201	1.001	1.216	1.069	0.957	1.269	1.166	1.111	1.250	1.093	1.081	1.140	1.085	1.012	1.136	1.031	1.217	1.219	1.175	1.276	1.238	1.188	1.099	1.163	1.160	1.109	1.235	1.276	1.253	1.295	1.133	1.024	1.295	1.291	1.292	1.289	1.176	1.192	1.166	1.276	1.153	1.250	1.075
52:00:52	22.6	1.015	1.037	1.075	1.182	1.148	1.161	1.252	1.155	1.230	1.241	1.172	1.113	1.188	1.201	1.047	1.088	1.228	0.900	1.160	1.070	1.129	1.209	1.225	1.175	1.194	1.081	1.022	0.929	1.218	1.204	1.138	1.208	1.112	1.162	1.236	1.258	1.119	1.165	0.997	1.014	1.207	0.941	0.047	1.123	1.080	1.008	1.265	1.263	1.264	1.144	1.017	0.984	1.178	1.217	1.040	1.218	1.074	0.989	1.286	1.232	1.149	1.257	1.109	1.075	1.147	1.121	1.032	1.171	1.000	1.231	1.251	1.242	1.271	1.267	1.217	1.115	1.190	1.159	1.107	1.250	1.287	1.258	1.310	1.184	1.019	1.305	1.305	1.270	1.289	1.211	1.216	1.161	1.298	1.184	1.254	1.121
53:00:52	22.6	1.012	1.052	1.060	1.209	1.146	1.148	1.277	1.179	1.216	1.230	1.175	1.113	1.208	1.213	1.118	1.119	1.219	0.963	1.154	1.072	1.163	1.208	1.223	1.179	1.191	1.015	0.993	0.987	1.217	1.219	1.150	1.214	1.146	1.167	1.241	1.256	1.105	1.181	1.047	1.040	1.208	0.946	0.047	1.125	1.058	0.995	1.270	1.266	1.240	1.152	1.046	0.998	1.193	1.217	1.093	1.225	1.087	0.996	1.291	1.261	1.187	1.272	1.122	1.135	1.173	1.104	1.043	1.165	1.039	1.228	1.257	1.273	1.271	1.269	1.227	1.096	1.208	1.175	1.136	1.264	1.281	1.271	1.311	1.196	1.020	1.322	1.301	1.290	1.280	1.219	1.247	1.160	1.309	1.199	1.253	1.128
54:00:53	22.6	1.025	1.094	1.069	1.215	1.140	1.144	1.262	1.188	1.209	1.228	1.180	1.119	1.204	1.220	1.081	1.104	1.220	0.967	1.165	1.087	1.163	1.210	1.237	1.181	1.196	1.010	1.009	0.978	1.230	1.217	1.168	1.215	1.156	1.171	1.252	1.258	1.103	1.205	1.072	1.069	1.216	0.979	0.048	1.131	1.148	1.030	1.274	1.272	1.245	1.169	1.091	0.955	1.199	1.224	1.049	1.237	1.099	1.001	1.303	1.279	1.168	1.267	1.114	1.134	1.156	1.109	1.060	1.176	1.052	1.236	1.262	1.284	1.266	1.279	1.231	1.132	1.218	1.189	1.150	1.280	1.292	1.274	1.307	1.215	1.019	1.319	1.284	1.294	1.277	1.226	1.248	1.153	1.322	1.204	1.249	1.150
55:00:53	22.6	1.022	1.113	1.102	1.248	1.126	1.131	1.265	1.232	1.204	1.213	1.194	1.109	1.194	1.229	1.115	1.152	1.214	0.970	1.176	1.105	1.177	1.223	1.240	1.181	1.219	1.041	0.970	0.966	1.226	1.215	1.176	1.227	1.170	1.176	1.261	1.259	1.105	1.224	1.051	1.066	1.231	1.007	0.047	1.133	1.115	1.073	1.277	1.283	1.216	1.175	1.063	0.964	1.217	1.245	1.064	1.220	1.129	1.004	1.305	1.284	1.175	1.276	1.131	1.136	1.170	1.130	1.074	1.178	1.074	1.250	1.274	1.289	1.260	1.281	1.250	1.151	1.230	1.203	1.145	1.294	1.294	1.286	1.306	1.248	1.015	1.322	1.288	1.311	1.274	1.229	1.252	1.149	1.338	1.218	1.253	1.200
56:00:55	22.5	1.024	1.080	1.055	1.175	1.158	1.160	1.307	1.192	1.223	1.250	1.187	1.116	1.218	1.227	1.111	1.171	1.238	0.999	1.185	1.117	1.170	1.218	1.244	1.182	1.217	1.060	1.017	1.011	1.227	1.230	1.207	1.234	1.180	1.177	1.255	1.261	1.113	1.218	1.071	1.100	1.227	1.006	0.048	1.133	1.147	1.089	1.280	1.271	1.251	1.190	1.092	0.958	1.206	1.245	1.077	1.217	1.109	1.008	1.312	1.298	1.168	1.275	1.139	1.148	1.179	1.145	1.091	1.170	1.090	1.256	1.286	1.302	1.282	1.288	1.259	1.164	1.237	1.232	1.151	1.300	1.298	1.288	1.318	1.254	1.010	1.339	1.309	1.285	1.296	1.233	1.252	1.153	1.331	1.200	1.247	1.187
57:00:55	22.4	1.020	1.089	1.055	1.190	1.155	1.146	1.317	1.194	1.219	1.253	1.192	1.115	1.213	1.230	1.113	1.170	1.245	1.020	1.192	1.113	1.151	1.234	1.248	1.177	1.220	1.101	1.045	0.987	1.228	1.239	1.230	1.249	1.204	1.182	1.262	1.259	1.119	1.224	1.106	1.119	1.238	1.040	0.047	1.130	1.160	1.083	1.289	1.268	1.262	1.204	1.118	0.981	1.216	1.251	1.120	1.233	1.125	1.010	1.315	1.300	1.183	1.273	1.145	1.137	1.193	1.141	1.104	1.169	1.089	1.260	1.293	1.301	1.279	1.289	1.260	1.172	1.247	1.242	1.175	1.299	1.303	1.286	1.304	1.268	1.007	1.343	1.315	1.279	1.300	1.230	1.255	1.147	1.331	1.194	1.240	1.186
58:00:57	22.3	1.023	1.087	1.056	1.206	1.151	1.128	1.342	1.225	1.218	1.244	1.185	1.108	1.188	1.240	1.141	1.199	1.241	1.093	1.214	1.133	1.187	1.232	1.245	1.174	1.214	1.105	1.098	1.028	1.235	1.240	1.243	1.255	1.208	1.186	1.267	1.253	1.112	1.234	1.105	1.145	1.241	1.105	0.048	1.129	1.173	1.121	1.299	1.270	1.243	1.214	1.116	1.029	1.223	1.262	1.125	1.265	1.020	1.019	1.320	1.296	1.213	1.285	1.169	1.175	1.197	1.168	1.112	1.192	1.101	1.263	1.297	1.297	1.283	1.311	1.280	1.203	1.251	1.260	1.203	1.314	1.304	1.289	1.321	1.286	1.015	1.334	1.311	1.304	1.307	1.233	1.267	1.139	1.345	1.192	1.234	1.173
59:00:58	22.3	1.039	1.176	1.059	1.212	1.147	1.125	1.302	1.205	1.198	1.253	1.185	1.109	1.218	1.244	1.123	1.138	1.249	1.127	1.208	1.131	1.180	1.227	1.248	1.170	1.226	1.117	1.068	1.007	1.225	1.241	1.240	1.261	1.210	1.184	1.267	1.255	1.112	1.234	1.124	1.157	1.246	1.152	0.048	1.130	1.172	1.116	1.301	1.272	1.236	1.224	1.124	1.000	1.226	1.250	1.150	1.249	1.038	1.017	1.323	1.299	1.219	1.281	1.160	1.205	1.244	1.212	1.115	1.198	1.097	1.272	1.295	1.293	1.266	1.304	1.293	1.219	1.262	1.271	1.197	1.321	1.311	1.290	1.306	1.269	1.021	1.342	1.307	1.308	1.309	1.217	1.255	1.131	1.340	1.184	1.222	1.209
60:00:58	22.3	1.042	1.163	1.084	1.229	1.133	1.125	1.301	1.240	1.200	1.244	1.182	1.117	1.170	1.253	1.155	1.179	1.228	1.090	1.239	1.158	1.207	1.232	1.256	1.164	1.230	1.181	1.056	1.015	1.232	1.248	1.250	1.267	1.226	1.187	1.278	1.249	1.109	1.245	1.117	1.137	1.258	1.142	0.048	1.139	1.206	1.156	1.306	1.283	1.213	1.236	1.121	1.044	1.250	1.269	1.182	1.257	1.081	1.025	1.324	1.296	1.255	1.296	1.166	1.220	1.242	1.205	1.126	1.205	1.120	1.276	1.286	1.285	1.273	1.317	1.297	1.222	1.266	1.281	1.234	1.326	1.317	1.293	1.308	1.279	1.020	1.322	1.313	1.312	1.315	1.224	1.268	1.122	1.352	1.188	1.221	1.284
61:00:59	22.4	1.046	1.192	1.060	1.230	1.145	1.126	1.340	1.239	1.197	1.256	1.177	1.110	1.220	1.256	1.175	1.209	1.240	1.131	1.268	1.143	1.183	1.236	1.249	1.161	1.220	1.191	1.125	1.064	1.232	1.266	1.252	1.270	1.237	1.184	1.273	1.245	1.112	1.230	1.153	1.151	1.252	1.156	0.048	1.127	1.222	1.183	1.306	1.273	1.214	1.236	1.139	1.127	1.247	1.261	1.186	1.242	1.121	1.029	1.327	1.290	1.293	1.296	1.210	1.224	1.249	1.224	1.123	1.197	1.186	1.279	1.295	1.285	1.276	1.316	1.299	1.247	1.265	1.283	1.237	1.320	1.315	1.292	1.312	1.289	1.005	1.322	1.315	1.314	1.320	1.216	1.261	1.118	1.340	1.172	1.213	1.282
62:01:01	22.3	1.068	1.214	1.065	1.241	1.134	1.126	1.316	1.221	1.185	1.265	1.174	1.104	1.210	1.254	1.178	1.206	1.244	1.116	1.229	1.150	1.183	1.206	1.247	1.155	1.224	1.172	1.115	1.102	1.216	1.263	1.255	1.256	1.238	1.180	1.276	1.242	1.108	1.239	1.151	1.166	1.257	1.157	0.048	1.128	1.221	1.165	1.304	1.278	1.216	1.237	1.161	1.164	1.253	1.258	1.198	1.237	1.142	1.031	1.329	1.289	1.285	1.288	1.218	1.235	1.258	1.208	1.131	1.214	1.161	1.296	1.289	1.286	1.280	1.323	1.309	1.258	1.274	1.281	1.259	1.332	1.320	1.290	1.307	1.293	1.000	1.311	1.311	1.304	1.319	1.211	1.266	1.113	1.341	1.167	1.204	1.294
63:01:01	22.4	1.000	1.082	0.998	1.184	1.135	1.136	1.354	1.198	1.246	1.232	1.151	1.080	1.249	1.256	1.155	1.125	1.213	1.127	1.237	1.099	1.169	1.177	1.220	1.155	1.206	1.179	1.120	1.102	1.223	1.268	1.254	1.264	1.241	1.177	1.254	1.226	1.086	1.240	1.193	1.183	1.253	1.172	0.047	1.120	1.213	1.201	1.307	1.239	1.280	1.225	1.178	1.149	1.252	1.246	1.209	1.267	1.159	1.027	1.333	1.282	1.330	1.281	1.233	1.231	1.255	1.198	1.144	1.213	1.164	1.283	1.268	1.277	1.290	1.323	1.302	1.272	1.277	1.288	1.257	1.327	1.308	1.287	1.322	1.307	1.000	1.319	1.327	1.289	1.342	1.200	1.248	1.126	1.307	1.139	1.193	1.187
64:01:01	22.4	1.003	1.086	0.998	1.157	1.130	1.152	1.330	1.186	1.266	1.253	1.149	1.086	1.220	1.249	1.174	1.134	1.218	1.146	1.238	1.098	1.163	1.151	1.223	1.144	1.204	1.183	1.133	1.130	1.215	1.264	1.250	1.274	1.231	1.172	1.259	1.228	1.081	1.248	1.192	1.188	1.256	1.166	0.048	1.117	1.229	1.211	1.315	1.230	1.291	1.238	1.192	1.124	1.282	1.254	1.220	1.270	1.168	1.034	1.339	1.286	1.329	1.282	1.226	1.252	1.270	1.222	1.158	1.213	1.202	1.293	1.274	1.284	1.290	1.340	1.309	1.269	1.277	1.295	1.282	1.330	1.313	1.279	1.303	1.315	1.000	1.336	1.337	1.292	1.347	1.195	1.233	1.125	1.294	1.125	1.185	1.148
65:01:03	22.7	1.037	1.180	1.075	1.278	1.093	1.121	1.342	1.218	1.184	1.236	1.140	1.090	1.182	1.269	1.183	1.190	1.219	1.159	1.289	1.158	1.192	1.213	1.241	1.138	1.205	1.221	1.124	1.133	1.241	1.282	1.263	1.288	1.262	1.175	1.280	1.223	1.102	1.259	1.222	1.222	1.273	1.188	0.048	1.114	1.218	1.184	1.315	1.271	1.201	1.249	1.212	1.159	1.288	1.274	1.239	1.248	1.176	1.047	1.344	1.258	1.332	1.310	1.263	1.248	1.280	1.243	1.147	1.230	1.223	1.329	1.290	1.265	1.248	1.335	1.324	1.294	1.299	1.311	1.285	1.338	1.336	1.298	1.298	1.328	1.021	1.292	1.326	1.312	1.355	1.200	1.243	1.103	1.311	1.144	1.183	1.237
66:01:03	23.0	0.982	1.082	0.992	1.160	1.144	1.173	1.345	1.188	1.262	1.237	1.151	1.065	1.253	1.243	1.143	1.134	1.227	1.164	1.239	1.099	1.152	1.157	1.220	1.140	1.211	1.223	1.155	1.124	1.210	1.260	1.248	1.276	1.249	1.165	1.252	1.219	1.069	1.259	1.222	1.195	1.265	1.177	0.048	1.108	1.227	1.234	1.312	1.234	1.272	1.233	1.234	1.176	1.282	1.247	1.250	1.258	1.166	1.039	1.330	1.271	1.326	1.285	1.256	1.266	1.265	1.258	1.149	1.222	1.224	1.300	1.268	1.263	1.283	1.345	1.317	1.285	1.286	1.300	1.295	1.331	1.313	1.276	1.308	1.335	1.006	1.315	1.330	1.294	1.342	1.193	1.224	1.113	1.291	1.116	1.181	1.113
67:01:05	23.1	1.070	1.230	1.097	1.218	1.080	1.118	1.298	1.221	1.165	1.275	1.121	1.102	1.189	1.253	1.138	1.177	1.221	1.175	1.200	1.140	1.158	1.200	1.226	1.131	1.194	1.224	1.163	1.145	1.215	1.265	1.253	1.259	1.270	1.168	1.267	1.199	1.098	1.236	1.230	1.221	1.275	1.177	0.049	1.110	1.222	1.222	1.303	1.251	1.195	1.240	1.248	1.174	1.288	1.259	1.254	1.224	1.166	1.054	1.327	1.243	1.327	1.290	1.272	1.253	1.278	1.262	1.138	1.242	1.228	1.322	1.279	1.244	1.256	1.330	1.327	1.284	1.300	1.315	1.297	1.332	1.322	1.280	1.280	1.332	1.012	1.275	1.308	1.307	1.334	1.178	1.237	1.085	1.283	1.127	1.162	1.170
68:01:05	23.0	0.993	1.078	0.986	1.167	1.138	1.162	1.329	1.186	1.254	1.292	1.130	1.056	1.287	1.245	1.150	1.155	1.216	1.201	1.219	1.092	1.153	1.153	1.209	1.129	1.203	1.225	1.162	1.148	1.209	1.265	1.241	1.271	1.248	1.160	1.246	1.206	1.062	1.252	1.233	1.223	1.257	1.194	0.049	1.103	1.224	1.234	1.312	1.222	1.240	1.241	1.247	1.150	1.288	1.245	1.267	1.243	1.174	1.050	1.329	1.249	1.331	1.281	1.272	1.271	1.283	1.266	1.158	1.231	1.236	1.318	1.259	1.255	1.279	1.341	1.317	1.303	1.298	1.315	1.298	1.334	1.315	1.272	1.289	1.347	0.998	1.309	1.315	1.283	1.328	1.174	1.205	1.096	1.278	1.105	1.166	1.091
69:01:07	22.9	0.993	1.073	1.001	1.144	1.138	1.175	1.351	1.189	1.259	1.296	1.119	1.051	1.282	1.254	1.146	1.188	1.204	1.206	1.228	1.089	1.147	1.166	1.196	1.124	1.205	1.244	1.195	1.143	1.207	1.271	1.251	1.281	1.260	1.152	1.242	1.198	1.058	1.252	1.238	1.209	1.275	1.184	0.049	1.095	1.239	1.249	1.315	1.216	1.244	1.235	1.261	1.152	1.292	1.250	1.269	1.244	1.171	1.056	1.337	1.249	1.343	1.277	1.272	1.274	1.285	1.272	1.162	1.234	1.247	1.313	1.256	1.251	1.281	1.351	1.317	1.294	1.294	1.315	1.304	1.335	1.318	1.269	1.287	1.359	1.004	1.330	1.306	1.284	1.329	1.163	1.202	1.096	1.260	1.099	1.161	1.049
70:01:08	22.9	0.986	1.052	1.016	1.171	1.155	1.190	1.299	1.188	1.268	1.298	1.109	1.045	1.295	1.240	1.156	1.166	1.220	1.211	1.221	1.082	1.132	1.186	1.190	1.129	1.216	1.242	1.236	1.149	1.209	1.263	1.232	1.271	1.248	1.148	1.234	1.194	1.050	1.241	1.234	1.209	1.273	1.187	0.050	1.093	1.216	1.257	1.307	1.211	1.252	1.233	1.259	1.182	1.293	1.241	1.283	1.255	1.172	1.053	1.344	1.235	1.358	1.277	1.263	1.278	1.286	1.284	1.163	1.245	1.239	1.310	1.248	1.240	1.287	1.341	1.326	1.302	1.297	1.307	1.303	1.338	1.313	1.263	1.284	1.369	0.989	1.322	1.304	1.284	1.322	1.147	1.190	1.095	1.232	1.089	1.156	1.026
71:01:09	22.8	1.048	1.119	1.067	1.233	1.121	1.108	1.329	1.244	1.158	1.302	1.087	1.056	1.181	1.249	1.143	1.170	1.230	1.215	1.188	1.132	1.145	1.209	1.202	1.114	1.183	1.243	1.200	1.204	1.215	1.267	1.258	1.276	1.264	1.160	1.251	1.176	1.092	1.253	1.232	1.218	1.271	1.193	0.051	1.095	1.229	1.247	1.310	1.215	1.177	1.232	1.276	1.200	1.281	1.255	1.285	1.265	1.189	1.065	1.334	1.208	1.367	1.289	1.277	1.273	1.285	1.287	1.170	1.250	1.249	1.325	1.275	1.205	1.252	1.328	1.322	1.300	1.312	1.318	1.307	1.333	1.328	1.264	1.270	1.366	0.973	1.259	1.297	1.286	1.343	1.135	1.202	1.073	1.239	1.103	1.126	1.040
72:01:09	22.8	1.061	1.174	1.155	1.264	1.053	1.108	1.295	1.213	1.142	1.315	1.092	1.080	1.151	1.259	1.156	1.212	1.198	1.213	1.215	1.141	1.162	1.221	1.192	1.136	1.181	1.252	1.204	1.199	1.210	1.267	1.254	1.276	1.268	1.158	1.254	1.173	1.116	1.234	1.226	1.228	1.278	1.184	0.051	1.099	1.231	1.243	1.310	1.221	1.153	1.241	1.270	1.209	1.305	1.260	1.290	1.260	1.185	1.067	1.343	1.202	1.325	1.296	1.277	1.270	1.290	1.297	1.156	1.252	1.260	1.325	1.262	1.188	1.232	1.339	1.324	1.313	1.313	1.326	1.319	1.340	1.332	1.262	1.267	1.352	0.956	1.240	1.285	1.256	1.346	1.126	1.174	1.062	1.232	1.137	1.126	1.079

