Time	T° 600	A1	A2	A3	A4	A5	A6	A7	A8	A9	A10	A11	A12	B1	B2	B3	B4	B5	B6	B7	B8	B9	B10	B11	B12	C1	C2	C3	C4	C5	C6	C7	C8	C9	C10	C11	C12	D1	D2	D3	D4	D5	D6	D7	D8	D9	D10	D11	D12	E1	E2	E3	E4	E5	E6	E7	E8	E9	E10	E11	E12	F1	F2	F3	F4	F5	F6	F7	F8	F9	F10	F11	F12	G1	G2	G3	G4	G5	G6	G7	G8	G9	G10	G11	G12	H1	H2	H3	H4	H5	H6	H7	H8	H9	H10	H11	H12
0:00:06	24.1	0.044	0.044	0.053	0.204	0.047	0.049	0.046	0.045	0.047	0.044	0.050	0.045	0.043	0.045	0.044	0.048	0.048	0.045	0.044	0.046	0.045	0.046	0.044	0.047	0.044	0.046	0.046	0.044	0.044	0.044	0.042	0.055	0.050	0.048	0.046	0.047	0.044	0.043	0.043	0.044	0.043	0.048	0.047	0.046	0.043	0.045	0.043	0.048	0.044	0.045	0.048	0.052	0.042	0.053	0.046	0.044	0.044	0.043	0.044	0.044	0.047	0.044	0.049	0.048	0.045	0.042	0.046	0.045	0.052	0.043	0.044	0.043	0.050	0.051	0.056	0.045	0.045	0.043	0.046	0.047	0.051	0.047	0.044	0.043	0.047	0.049	0.047	0.043	0.045	0.044	0.048	0.047	0.047	0.049	0.044	0.045
1:00:05	24.3	0.044	0.045	0.055	0.209	0.048	0.049	0.048	0.046	0.048	0.046	0.051	0.046	0.044	0.046	0.044	0.048	0.048	0.046	0.045	0.047	0.046	0.047	0.045	0.048	0.045	0.047	0.047	0.044	0.045	0.045	0.043	0.056	0.050	0.049	0.047	0.048	0.044	0.044	0.043	0.045	0.044	0.049	0.048	0.047	0.044	0.045	0.044	0.049	0.045	0.045	0.049	0.053	0.043	0.053	0.047	0.044	0.045	0.044	0.045	0.045	0.047	0.045	0.050	0.049	0.046	0.043	0.047	0.046	0.053	0.044	0.044	0.044	0.051	0.052	0.056	0.046	0.046	0.044	0.047	0.048	0.051	0.048	0.045	0.044	0.047	0.050	0.048	0.044	0.047	0.045	0.048	0.048	0.048	0.050	0.045	0.045
2:00:05	24.3	0.046	0.047	0.056	0.202	0.050	0.051	0.049	0.047	0.049	0.047	0.053	0.047	0.045	0.048	0.046	0.050	0.049	0.048	0.047	0.048	0.048	0.049	0.047	0.049	0.047	0.048	0.049	0.046	0.046	0.047	0.045	0.057	0.052	0.050	0.048	0.050	0.046	0.046	0.045	0.047	0.045	0.050	0.049	0.049	0.046	0.047	0.045	0.051	0.046	0.047	0.050	0.055	0.044	0.055	0.049	0.046	0.047	0.046	0.047	0.046	0.048	0.047	0.051	0.051	0.047	0.045	0.049	0.048	0.055	0.046	0.046	0.046	0.052	0.054	0.058	0.048	0.047	0.045	0.049	0.050	0.053	0.050	0.047	0.046	0.049	0.051	0.049	0.046	0.048	0.047	0.050	0.049	0.049	0.051	0.047	0.047
3:00:07	24.5	0.049	0.050	0.058	0.188	0.052	0.053	0.052	0.050	0.052	0.050	0.056	0.049	0.048	0.050	0.049	0.053	0.048	0.050	0.050	0.051	0.050	0.051	0.049	0.052	0.050	0.051	0.052	0.049	0.049	0.049	0.047	0.060	0.055	0.053	0.051	0.052	0.048	0.049	0.047	0.050	0.048	0.052	0.051	0.051	0.048	0.050	0.048	0.053	0.048	0.050	0.053	0.058	0.047	0.057	0.051	0.048	0.049	0.049	0.049	0.049	0.051	0.049	0.054	0.053	0.050	0.047	0.051	0.050	0.057	0.049	0.049	0.049	0.056	0.057	0.061	0.050	0.050	0.048	0.052	0.052	0.055	0.052	0.050	0.049	0.052	0.054	0.051	0.049	0.051	0.049	0.052	0.052	0.051	0.053	0.050	0.050
4:00:08	24.7	0.064	0.067	0.076	0.162	0.070	0.071	0.066	0.062	0.074	0.072	0.074	0.064	0.059	0.068	0.065	0.072	0.048	0.065	0.068	0.069	0.069	0.070	0.069	0.068	0.061	0.069	0.070	0.062	0.065	0.061	0.063	0.078	0.072	0.066	0.070	0.067	0.059	0.066	0.062	0.065	0.058	0.066	0.061	0.067	0.064	0.063	0.066	0.067	0.057	0.067	0.068	0.074	0.063	0.072	0.064	0.063	0.064	0.065	0.067	0.062	0.061	0.067	0.073	0.072	0.067	0.059	0.067	0.066	0.072	0.067	0.068	0.063	0.068	0.075	0.079	0.068	0.065	0.062	0.067	0.069	0.072	0.069	0.069	0.063	0.061	0.067	0.064	0.064	0.062	0.061	0.063	0.063	0.064	0.065	0.064	0.061
5:00:08	24.5	0.075	0.081	0.082	0.143	0.077	0.080	0.079	0.072	0.079	0.080	0.089	0.078	0.076	0.080	0.077	0.084	0.048	0.073	0.078	0.076	0.077	0.084	0.072	0.080	0.076	0.081	0.079	0.069	0.075	0.074	0.071	0.085	0.078	0.080	0.075	0.079	0.077	0.079	0.073	0.074	0.075	0.079	0.077	0.078	0.072	0.076	0.074	0.079	0.076	0.079	0.080	0.086	0.073	0.083	0.076	0.074	0.074	0.079	0.074	0.078	0.076	0.079	0.083	0.082	0.075	0.071	0.078	0.076	0.085	0.079	0.077	0.078	0.084	0.086	0.089	0.078	0.078	0.078	0.079	0.083	0.083	0.081	0.080	0.078	0.083	0.082	0.075	0.078	0.082	0.080	0.080	0.081	0.082	0.081	0.079	0.081
6:00:09	24.3	0.112	0.111	0.114	0.128	0.104	0.109	0.120	0.099	0.123	0.129	0.124	0.118	0.103	0.110	0.111	0.121	0.048	0.105	0.108	0.102	0.106	0.128	0.103	0.117	0.105	0.117	0.108	0.099	0.103	0.106	0.099	0.123	0.106	0.108	0.106	0.117	0.105	0.118	0.103	0.103	0.101	0.105	0.097	0.107	0.098	0.102	0.102	0.115	0.101	0.110	0.113	0.116	0.107	0.108	0.102	0.102	0.102	0.111	0.115	0.112	0.108	0.117	0.118	0.113	0.111	0.105	0.106	0.111	0.118	0.106	0.111	0.113	0.120	0.118	0.124	0.110	0.112	0.108	0.109	0.120	0.117	0.110	0.119	0.112	0.113	0.119	0.111	0.114	0.109	0.113	0.106	0.107	0.115	0.118	0.115	0.108
7:00:10	24.0	0.181	0.161	0.191	0.144	0.170	0.176	0.177	0.157	0.197	0.211	0.197	0.178	0.147	0.171	0.171	0.199	0.049	0.162	0.177	0.156	0.167	0.206	0.178	0.178	0.155	0.188	0.187	0.160	0.174	0.151	0.165	0.182	0.170	0.169	0.180	0.173	0.164	0.192	0.161	0.172	0.155	0.173	0.148	0.168	0.158	0.158	0.161	0.176	0.153	0.184	0.184	0.173	0.179	0.168	0.159	0.166	0.167	0.167	0.185	0.166	0.169	0.199	0.201	0.186	0.186	0.162	0.165	0.179	0.182	0.166	0.182	0.171	0.177	0.200	0.201	0.177	0.182	0.162	0.175	0.194	0.184	0.172	0.199	0.169	0.167	0.177	0.168	0.179	0.168	0.163	0.154	0.157	0.172	0.177	0.173	0.166
8:00:10	23.7	0.277	0.248	0.294	0.241	0.264	0.274	0.259	0.254	0.284	0.323	0.298	0.264	0.222	0.281	0.275	0.304	0.049	0.258	0.273	0.248	0.255	0.297	0.265	0.270	0.246	0.288	0.295	0.236	0.268	0.227	0.270	0.267	0.256	0.250	0.270	0.263	0.254	0.299	0.268	0.263	0.241	0.259	0.242	0.263	0.258	0.246	0.248	0.260	0.240	0.282	0.280	0.277	0.271	0.256	0.250	0.268	0.268	0.262	0.293	0.249	0.267	0.297	0.294	0.282	0.295	0.242	0.259	0.277	0.284	0.264	0.273	0.261	0.273	0.300	0.300	0.274	0.290	0.261	0.276	0.301	0.296	0.279	0.301	0.266	0.256	0.271	0.256	0.278	0.271	0.242	0.247	0.254	0.275	0.266	0.263	0.257
9:00:12	23.5	0.377	0.344	0.424	0.327	0.376	0.392	0.351	0.358	0.408	0.443	0.421	0.356	0.314	0.382	0.376	0.427	0.048	0.368	0.376	0.361	0.362	0.414	0.382	0.371	0.351	0.380	0.406	0.337	0.362	0.327	0.385	0.347	0.355	0.361	0.390	0.378	0.356	0.420	0.368	0.353	0.336	0.357	0.335	0.365	0.370	0.350	0.361	0.369	0.341	0.378	0.388	0.384	0.383	0.356	0.344	0.383	0.381	0.385	0.413	0.354	0.381	0.420	0.409	0.398	0.429	0.337	0.369	0.401	0.402	0.377	0.383	0.367	0.380	0.416	0.405	0.375	0.407	0.383	0.381	0.436	0.434	0.401	0.411	0.386	0.363	0.376	0.375	0.390	0.385	0.344	0.360	0.365	0.393	0.376	0.380	0.369
10:00:13	23.1	0.452	0.469	0.552	0.450	0.486	0.504	0.465	0.475	0.516	0.562	0.540	0.462	0.419	0.487	0.475	0.527	0.049	0.481	0.491	0.468	0.478	0.526	0.500	0.467	0.476	0.476	0.515	0.467	0.467	0.439	0.511	0.428	0.479	0.492	0.507	0.478	0.479	0.534	0.474	0.455	0.461	0.455	0.444	0.483	0.486	0.473	0.479	0.471	0.451	0.488	0.488	0.491	0.488	0.480	0.462	0.491	0.502	0.498	0.547	0.465	0.498	0.533	0.499	0.510	0.555	0.441	0.475	0.540	0.531	0.512	0.505	0.479	0.491	0.530	0.504	0.494	0.551	0.506	0.499	0.571	0.561	0.529	0.531	0.509	0.455	0.497	0.508	0.514	0.519	0.460	0.493	0.501	0.528	0.473	0.494	0.473
11:00:13	22.8	0.525	0.563	0.641	0.543	0.573	0.605	0.557	0.569	0.620	0.660	0.634	0.542	0.527	0.570	0.565	0.612	0.048	0.568	0.576	0.572	0.571	0.623	0.592	0.541	0.577	0.566	0.603	0.561	0.547	0.533	0.607	0.489	0.578	0.595	0.598	0.563	0.584	0.626	0.564	0.538	0.574	0.536	0.536	0.566	0.570	0.571	0.579	0.546	0.563	0.554	0.559	0.593	0.582	0.572	0.557	0.585	0.604	0.588	0.657	0.559	0.595	0.629	0.581	0.609	0.661	0.528	0.576	0.637	0.634	0.610	0.614	0.569	0.593	0.621	0.590	0.589	0.652	0.612	0.597	0.664	0.663	0.631	0.617	0.622	0.523	0.588	0.610	0.611	0.619	0.564	0.611	0.618	0.638	0.540	0.608	0.560
12:00:15	22.7	0.592	0.660	0.720	0.636	0.657	0.680	0.645	0.652	0.699	0.735	0.720	0.617	0.615	0.642	0.639	0.670	0.049	0.646	0.661	0.657	0.649	0.697	0.674	0.607	0.664	0.640	0.668	0.663	0.621	0.625	0.686	0.548	0.662	0.676	0.689	0.643	0.670	0.695	0.634	0.620	0.667	0.624	0.631	0.652	0.662	0.661	0.672	0.615	0.649	0.639	0.628	0.676	0.653	0.652	0.638	0.674	0.681	0.667	0.753	0.634	0.675	0.705	0.645	0.685	0.736	0.601	0.664	0.715	0.712	0.693	0.700	0.642	0.671	0.698	0.668	0.665	0.730	0.696	0.668	0.740	0.739	0.722	0.696	0.706	0.574	0.671	0.689	0.699	0.709	0.656	0.705	0.713	0.719	0.593	0.698	0.625
13:00:15	22.5	0.648	0.716	0.781	0.697	0.720	0.737	0.709	0.711	0.742	0.782	0.777	0.676	0.686	0.695	0.685	0.728	0.049	0.711	0.704	0.716	0.711	0.751	0.738	0.663	0.726	0.693	0.725	0.730	0.674	0.695	0.722	0.602	0.717	0.736	0.758	0.694	0.747	0.749	0.694	0.676	0.725	0.685	0.687	0.707	0.700	0.719	0.734	0.668	0.717	0.693	0.679	0.735	0.710	0.711	0.696	0.729	0.736	0.726	0.809	0.688	0.732	0.750	0.699	0.742	0.809	0.655	0.713	0.778	0.772	0.747	0.768	0.698	0.735	0.752	0.724	0.725	0.784	0.760	0.731	0.798	0.809	0.782	0.759	0.767	0.620	0.732	0.753	0.760	0.769	0.715	0.772	0.777	0.780	0.638	0.761	0.675
14:00:16	22.6	0.696	0.763	0.818	0.749	0.762	0.779	0.758	0.759	0.800	0.829	0.826	0.718	0.742	0.742	0.736	0.762	0.049	0.761	0.742	0.763	0.758	0.802	0.785	0.708	0.778	0.727	0.769	0.784	0.726	0.749	0.777	0.649	0.760	0.784	0.805	0.744	0.805	0.770	0.749	0.717	0.777	0.728	0.729	0.747	0.747	0.769	0.787	0.721	0.782	0.742	0.725	0.782	0.764	0.762	0.743	0.776	0.779	0.774	0.850	0.743	0.789	0.796	0.751	0.784	0.857	0.707	0.758	0.816	0.814	0.800	0.821	0.748	0.787	0.797	0.776	0.779	0.827	0.817	0.770	0.839	0.857	0.832	0.807	0.822	0.663	0.796	0.802	0.817	0.823	0.775	0.831	0.827	0.847	0.690	0.813	0.726
15:00:17	22.5	0.732	0.792	0.851	0.782	0.798	0.815	0.794	0.795	0.832	0.854	0.860	0.757	0.790	0.773	0.766	0.793	0.048	0.799	0.785	0.792	0.788	0.828	0.821	0.749	0.813	0.766	0.798	0.824	0.750	0.803	0.820	0.686	0.798	0.825	0.845	0.781	0.843	0.805	0.783	0.758	0.818	0.773	0.780	0.784	0.799	0.817	0.832	0.763	0.819	0.774	0.768	0.821	0.789	0.806	0.782	0.806	0.816	0.812	0.889	0.797	0.829	0.838	0.793	0.829	0.889	0.758	0.803	0.837	0.851	0.851	0.854	0.793	0.835	0.845	0.811	0.815	0.869	0.862	0.806	0.881	0.892	0.870	0.857	0.858	0.713	0.850	0.847	0.852	0.861	0.832	0.879	0.872	0.887	0.733	0.861	0.772
16:00:18	22.6	0.751	0.819	0.873	0.821	0.834	0.846	0.823	0.831	0.847	0.874	0.880	0.791	0.823	0.808	0.787	0.824	0.049	0.837	0.803	0.825	0.828	0.849	0.847	0.783	0.839	0.802	0.831	0.857	0.786	0.837	0.840	0.718	0.835	0.858	0.876	0.815	0.871	0.840	0.821	0.781	0.855	0.797	0.799	0.814	0.831	0.841	0.865	0.804	0.849	0.806	0.794	0.843	0.815	0.843	0.824	0.841	0.831	0.840	0.918	0.828	0.857	0.877	0.823	0.852	0.910	0.793	0.835	0.866	0.882	0.870	0.890	0.827	0.862	0.876	0.842	0.846	0.905	0.889	0.837	0.911	0.936	0.893	0.888	0.891	0.740	0.875	0.878	0.886	0.898	0.871	0.906	0.908	0.917	0.773	0.898	0.796
17:00:19	22.5	0.767	0.834	0.901	0.853	0.847	0.864	0.833	0.847	0.863	0.897	0.888	0.812	0.838	0.833	0.822	0.851	0.048	0.858	0.838	0.836	0.829	0.870	0.864	0.816	0.857	0.819	0.845	0.878	0.804	0.851	0.864	0.749	0.847	0.871	0.895	0.847	0.885	0.856	0.843	0.803	0.864	0.812	0.832	0.837	0.850	0.857	0.884	0.837	0.870	0.831	0.816	0.860	0.834	0.847	0.845	0.855	0.850	0.847	0.934	0.852	0.869	0.873	0.849	0.882	0.930	0.820	0.855	0.906	0.907	0.888	0.909	0.849	0.879	0.885	0.874	0.871	0.920	0.906	0.855	0.928	0.944	0.920	0.910	0.908	0.768	0.899	0.897	0.906	0.921	0.890	0.923	0.923	0.927	0.806	0.905	0.828
18:00:20	22.6	0.780	0.842	0.923	0.887	0.870	0.879	0.837	0.871	0.870	0.913	0.916	0.832	0.850	0.855	0.844	0.861	0.049	0.874	0.854	0.865	0.875	0.890	0.881	0.848	0.868	0.853	0.871	0.904	0.837	0.869	0.873	0.776	0.875	0.889	0.911	0.874	0.909	0.891	0.870	0.847	0.887	0.855	0.869	0.863	0.873	0.884	0.909	0.862	0.882	0.861	0.846	0.886	0.865	0.887	0.874	0.875	0.902	0.871	0.966	0.873	0.883	0.874	0.872	0.909	0.964	0.844	0.889	0.931	0.943	0.915	0.923	0.872	0.888	0.912	0.898	0.898	0.954	0.934	0.880	0.959	0.979	0.947	0.935	0.925	0.801	0.909	0.913	0.929	0.946	0.901	0.933	0.948	0.947	0.836	0.924	0.847
19:00:21	22.5	0.785	0.853	0.936	0.897	0.881	0.892	0.848	0.892	0.877	0.935	0.935	0.847	0.869	0.883	0.889	0.875	0.049	0.887	0.877	0.880	0.890	0.907	0.896	0.867	0.880	0.872	0.894	0.923	0.862	0.901	0.893	0.796	0.892	0.905	0.934	0.893	0.927	0.922	0.879	0.863	0.913	0.875	0.894	0.879	0.893	0.909	0.929	0.879	0.894	0.889	0.869	0.922	0.887	0.907	0.894	0.902	0.924	0.888	0.988	0.897	0.897	0.919	0.897	0.917	0.990	0.862	0.913	0.967	0.964	0.939	0.946	0.888	0.900	0.943	0.910	0.909	0.979	0.959	0.897	0.987	1.001	0.977	0.967	0.946	0.825	0.928	0.926	0.962	0.974	0.914	0.952	0.970	0.974	0.856	0.941	0.865
20:00:22	22.5	0.798	0.870	0.954	0.929	0.900	0.903	0.865	0.913	0.896	0.944	0.951	0.872	0.876	0.925	0.896	0.929	0.049	0.908	0.885	0.904	0.910	0.920	0.916	0.887	0.906	0.909	0.927	0.943	0.890	0.910	0.909	0.809	0.916	0.924	0.952	0.916	0.938	0.947	0.923	0.873	0.931	0.896	0.913	0.915	0.936	0.927	0.958	0.898	0.909	0.924	0.896	0.955	0.925	0.937	0.919	0.904	0.948	0.907	1.008	0.908	0.912	0.958	0.916	0.953	1.011	0.873	0.940	0.985	0.993	0.956	0.974	0.907	0.911	0.969	0.913	0.942	0.999	0.982	0.930	1.018	1.026	0.998	0.975	0.953	0.836	0.939	0.939	0.983	1.000	0.925	0.969	0.982	0.994	0.879	0.965	0.872
21:00:23	22.5	0.816	0.871	0.980	0.945	0.909	0.924	0.880	0.930	0.899	0.980	0.969	0.885	0.888	0.921	0.921	0.944	0.048	0.923	0.916	0.939	0.932	0.934	0.922	0.903	0.918	0.933	0.952	0.970	0.912	0.927	0.954	0.838	0.940	0.937	0.977	0.929	0.950	0.965	0.913	0.900	0.953	0.924	0.941	0.938	0.931	0.943	0.973	0.913	0.923	0.931	0.925	0.967	0.930	0.974	0.935	0.935	0.972	0.915	1.031	0.922	0.922	0.965	0.955	0.959	1.039	0.887	0.963	1.007	1.013	0.981	1.004	0.919	0.921	0.983	0.934	0.957	1.028	1.015	0.947	1.035	1.025	1.018	0.992	0.970	0.855	0.952	0.948	1.005	1.016	0.931	0.987	1.005	1.012	0.894	0.970	0.882
22:00:24	22.5	0.837	0.880	1.008	0.978	0.929	0.931	0.893	0.936	0.913	1.002	0.986	0.910	0.903	0.969	0.916	0.930	0.049	0.940	0.938	0.972	0.957	0.955	0.947	0.915	0.933	0.949	0.964	0.984	0.928	0.943	0.968	0.867	0.965	0.959	1.002	0.946	0.979	0.988	0.968	0.938	0.961	0.926	0.947	0.961	0.965	0.954	0.981	0.926	0.939	0.963	0.937	0.981	0.956	0.980	0.952	0.959	0.976	0.953	1.055	0.939	0.940	1.008	0.961	0.988	1.056	0.902	0.980	1.024	1.022	1.002	1.011	0.937	0.924	1.005	0.967	0.969	1.035	1.032	0.974	1.066	1.053	1.027	0.995	0.979	0.860	0.969	0.959	1.027	1.040	0.941	1.012	1.016	1.032	0.933	0.977	0.891
23:00:25	22.5	0.853	0.891	1.020	0.986	0.940	0.946	0.910	0.959	0.917	1.016	1.005	0.923	0.914	0.982	0.945	0.986	0.049	0.956	0.961	0.977	0.961	0.961	0.950	0.926	0.944	0.963	0.973	0.991	0.929	0.957	0.954	0.866	0.983	0.972	1.017	0.959	0.979	1.012	0.968	0.934	0.986	0.950	0.971	0.981	0.988	0.975	1.012	0.936	0.947	0.971	0.966	1.014	0.990	1.002	0.975	0.978	1.005	0.965	1.080	0.951	0.948	1.024	0.950	0.987	1.074	0.916	0.991	1.043	1.041	1.013	1.029	0.947	0.939	1.023	0.992	0.995	1.048	1.043	1.002	1.060	1.063	1.052	1.017	0.988	0.878	0.979	0.976	1.052	1.057	0.950	1.021	1.039	1.042	0.958	0.992	0.905
24:00:25	22.5	0.883	0.897	1.033	1.004	0.949	0.944	0.925	0.965	0.933	1.014	1.031	0.934	0.923	1.010	0.974	0.990	0.048	0.971	0.955	0.995	0.971	0.970	0.959	0.937	0.963	0.986	0.975	1.009	0.953	0.972	0.981	0.877	0.999	0.984	1.023	0.976	0.991	1.030	0.990	0.952	0.983	0.965	1.001	0.997	0.995	0.999	1.017	0.952	0.965	0.983	0.981	1.002	1.012	1.017	1.003	1.018	1.028	0.977	1.097	0.961	0.964	1.046	0.979	0.994	1.094	0.928	1.018	1.066	1.054	1.037	1.043	0.960	0.944	1.034	0.991	1.017	1.080	1.066	1.021	1.093	1.078	1.065	1.023	0.995	0.893	0.989	0.987	1.073	1.073	0.955	1.030	1.046	1.057	0.980	0.997	0.916
25:00:26	22.5	0.892	0.890	1.031	1.018	0.951	0.949	0.937	0.987	0.937	1.011	1.040	0.951	0.945	0.997	1.003	1.001	0.049	0.982	1.006	1.008	1.008	0.989	0.972	0.952	0.970	1.005	0.992	1.030	0.967	0.990	0.985	0.865	1.013	0.997	1.045	0.989	1.007	1.050	0.974	0.991	0.999	0.959	1.012	1.010	1.026	1.013	1.033	0.966	0.976	0.984	0.988	1.038	1.023	1.030	1.004	1.037	1.049	0.991	1.111	0.981	0.972	1.054	0.974	1.010	1.099	0.946	1.047	1.065	1.053	1.053	1.065	0.967	0.957	1.060	1.002	1.038	1.091	1.075	1.032	1.106	1.090	1.079	1.037	1.005	0.907	1.000	1.000	1.091	1.086	0.971	1.041	1.066	1.077	1.009	1.017	0.933
26:00:27	22.5	0.912	0.905	1.037	1.044	0.971	0.966	0.948	0.981	0.957	1.040	1.047	0.959	0.952	1.033	0.993	1.029	0.049	0.991	0.986	1.033	1.011	0.990	0.981	0.962	0.977	0.976	1.002	1.042	0.988	1.002	0.955	0.895	1.017	1.011	1.055	0.999	1.019	1.053	0.979	1.009	0.993	0.986	1.024	1.015	1.007	1.029	1.056	0.978	0.995	1.001	0.998	1.059	1.036	1.031	1.021	1.013	1.050	1.009	1.125	0.989	0.990	1.073	0.974	1.015	1.111	0.956	1.053	1.082	1.071	1.055	1.072	0.980	0.973	1.071	1.030	1.045	1.110	1.088	1.057	1.120	1.111	1.095	1.048	1.018	0.913	1.011	1.013	1.106	1.116	0.987	1.053	1.085	1.084	1.009	1.026	0.943
27:00:28	22.6	0.918	0.909	1.035	1.045	0.973	0.966	0.963	1.000	0.964	1.024	1.065	0.973	0.960	1.026	0.990	1.002	0.049	1.001	1.024	1.031	1.002	0.996	0.986	0.972	0.981	1.023	1.008	1.053	0.987	1.017	0.933	0.920	1.039	1.017	1.057	1.008	1.028	1.059	1.007	1.001	0.972	1.010	1.054	1.021	1.049	1.028	1.070	0.991	0.998	1.041	1.007	1.058	1.057	1.061	1.027	1.051	1.067	1.018	1.133	0.999	0.997	1.081	0.977	1.032	1.120	0.967	1.066	1.089	1.092	1.067	1.086	0.986	0.978	1.089	1.027	1.047	1.116	1.109	1.064	1.125	1.127	1.103	1.071	1.025	0.931	1.020	1.017	1.112	1.122	0.991	1.063	1.092	1.091	1.013	1.036	0.955
28:00:30	22.6	0.923	0.929	1.047	1.056	0.972	0.966	0.971	1.005	0.971	1.026	1.066	0.982	0.971	1.053	1.031	1.043	0.049	1.018	1.056	1.034	1.012	0.998	0.992	0.984	0.999	1.024	1.011	1.060	0.986	1.015	0.925	0.903	1.040	1.023	1.077	1.020	1.032	1.065	1.029	0.966	0.935	0.967	1.059	1.015	1.048	1.041	1.082	1.001	1.006	1.028	0.983	1.066	1.031	1.062	1.041	1.036	1.067	1.028	1.133	1.017	1.004	1.063	0.977	1.033	1.118	0.979	1.069	1.100	1.107	1.079	1.098	0.993	0.988	1.083	1.065	1.066	1.118	1.119	1.074	1.139	1.127	1.116	1.067	1.030	0.939	1.028	1.024	1.121	1.140	0.996	1.068	1.098	1.100	1.018	1.047	0.967
29:00:30	22.6	0.927	0.932	1.042	1.063	0.973	0.978	0.976	1.011	0.975	1.012	1.060	0.991	0.979	1.081	1.039	0.977	0.049	1.025	0.987	1.033	1.030	0.992	0.995	0.996	0.995	1.030	1.004	1.069	1.024	1.032	0.910	0.897	1.037	1.028	1.074	1.032	1.039	1.068	1.034	1.015	0.888	1.008	1.078	1.038	1.060	1.054	1.090	1.011	1.015	1.033	0.977	1.071	1.057	1.051	1.043	1.047	1.077	1.037	1.141	1.017	1.015	1.075	1.012	1.032	1.120	0.984	1.090	1.113	1.109	1.094	1.102	0.999	0.987	1.103	1.068	1.060	1.136	1.131	1.090	1.153	1.135	1.123	1.079	1.040	0.954	1.038	1.034	1.148	1.142	1.007	1.073	1.105	1.119	1.013	1.055	0.976
30:00:32	22.6	1.000	0.931	1.053	1.079	0.984	0.994	1.004	1.037	1.000	1.072	1.093	1.009	0.982	1.031	1.055	0.959	0.049	1.030	1.036	1.048	1.054	1.001	1.013	1.015	1.018	1.040	1.016	1.083	0.994	1.042	0.876	0.894	1.038	1.038	1.085	1.048	1.060	1.058	1.022	0.990	0.867	0.992	1.067	1.028	1.045	1.063	1.102	1.024	1.029	1.036	0.980	1.070	1.043	1.070	1.047	1.076	1.076	1.039	1.151	1.034	1.023	1.085	1.034	0.984	1.108	0.993	1.088	1.130	1.111	1.095	1.103	1.012	1.009	1.115	1.036	1.073	1.133	1.129	1.068	1.154	1.142	1.131	1.092	1.053	0.952	1.047	1.047	1.149	1.148	1.018	1.079	1.117	1.120	1.059	1.063	0.987
31:00:32	22.6	1.018	0.943	1.066	1.077	0.991	1.009	1.017	1.050	1.018	1.061	1.099	1.022	0.986	1.021	1.055	1.003	0.049	1.032	1.025	1.056	1.070	1.011	1.021	1.028	1.015	1.014	1.034	1.090	0.989	1.050	0.831	0.887	1.034	1.041	1.085	1.063	1.068	1.082	0.995	1.009	0.832	1.016	1.076	1.056	1.063	1.069	1.112	1.035	1.038	1.016	0.995	1.089	1.051	1.063	1.056	1.048	1.074	1.034	1.141	1.042	1.033	1.098	1.032	1.040	1.124	1.008	1.090	1.146	1.118	1.106	1.115	1.018	1.016	1.132	1.070	1.055	1.140	1.143	1.084	1.167	1.143	1.128	1.089	1.064	0.955	1.058	1.055	1.159	1.167	1.039	1.086	1.120	1.128	1.070	1.069	0.992
32:00:33	22.6	1.007	0.950	1.046	1.075	0.986	1.014	1.020	1.057	1.032	1.037	1.109	1.030	0.995	1.030	1.020	0.955	0.049	1.048	0.989	1.047	1.068	1.024	1.025	1.035	1.006	1.010	1.052	1.084	1.021	1.059	0.794	0.848	1.034	1.040	1.091	1.067	1.073	1.076	1.031	1.050	0.805	0.995	1.098	0.994	1.068	1.073	1.126	1.046	1.031	1.050	0.983	1.107	1.039	1.067	1.043	1.071	1.056	1.036	1.143	1.052	1.039	1.103	1.052	1.017	1.112	1.006	1.098	1.146	1.126	1.102	1.114	1.031	1.015	1.130	1.027	1.039	1.139	1.150	1.091	1.163	1.150	1.137	1.109	1.074	0.957	1.067	1.066	1.180	1.165	1.031	1.093	1.113	1.127	1.082	1.075	0.995
33:00:35	22.5	1.019	0.964	1.054	1.088	0.994	1.028	1.036	1.071	1.039	1.022	1.116	1.038	0.999	1.037	1.011	0.933	0.049	1.050	0.976	1.043	1.054	1.028	1.049	1.045	1.017	1.028	1.023	1.096	0.978	1.061	0.768	0.805	1.043	1.043	1.090	1.080	1.076	1.073	1.007	1.020	0.772	1.003	1.107	0.987	1.064	1.075	1.114	1.055	1.062	1.043	0.965	1.114	1.036	1.057	1.047	1.077	1.033	1.023	1.153	1.059	1.050	1.117	1.048	1.056	1.084	1.019	1.092	1.137	1.110	1.109	1.120	1.035	1.026	1.144	1.020	1.035	1.130	1.158	1.091	1.163	1.157	1.145	1.108	1.084	0.955	1.072	1.065	1.189	1.172	1.026	1.095	1.113	1.128	1.092	1.080	1.000
34:00:35	22.5	1.027	0.976	1.062	1.086	0.993	1.049	1.049	1.085	1.051	1.058	1.139	1.049	1.007	1.010	1.039	0.910	0.048	1.059	1.009	1.062	1.058	1.042	1.068	1.062	1.028	1.013	1.019	1.102	0.976	1.074	0.737	0.781	1.012	1.041	1.099	1.094	1.079	1.031	1.040	1.032	0.754	0.998	1.109	0.963	1.041	1.077	1.129	1.066	1.060	1.048	0.992	1.092	1.028	1.071	1.041	1.063	1.032	1.031	1.163	1.063	1.054	1.108	1.034	1.014	1.114	1.030	1.107	1.145	1.127	1.111	1.131	1.044	1.026	1.162	1.054	1.010	1.143	1.167	1.084	1.171	1.168	1.149	1.133	1.094	0.960	1.077	1.076	1.205	1.170	1.027	1.100	1.127	1.146	1.102	1.095	1.003
35:00:36	22.5	1.029	0.987	1.072	1.064	1.004	1.063	1.064	1.089	1.061	1.000	1.149	1.056	1.018	1.068	1.028	0.915	0.049	1.069	0.947	1.067	1.020	1.078	1.071	1.073	1.029	0.979	1.018	1.109	0.966	1.082	0.709	0.764	0.965	1.063	1.102	1.096	1.083	1.054	1.042	0.985	0.737	0.997	1.089	0.982	1.058	1.098	1.124	1.078	1.077	1.031	0.975	1.077	1.041	1.052	1.039	1.044	1.019	1.008	1.170	1.080	1.054	1.117	1.026	1.023	1.120	1.033	1.108	1.146	1.129	1.116	1.146	1.052	1.038	1.170	1.053	1.013	1.145	1.176	1.097	1.174	1.186	1.159	1.144	1.103	0.963	1.091	1.085	1.203	1.184	1.028	1.108	1.140	1.151	1.117	1.098	1.009
36:00:37	22.5	1.029	1.003	1.071	1.067	1.013	1.062	1.073	1.099	1.061	0.982	1.161	1.062	1.022	1.007	1.012	0.868	0.049	1.078	0.943	1.077	0.982	1.077	1.078	1.079	1.037	0.973	0.990	1.112	0.979	1.089	0.682	0.749	0.975	1.080	1.116	1.097	1.086	1.022	1.027	0.983	0.727	0.975	1.097	0.950	1.012	1.086	1.120	1.084	1.075	1.029	0.974	1.069	1.024	1.035	1.031	1.069	1.039	0.989	1.172	1.088	1.057	1.123	1.012	0.996	1.119	1.036	1.095	1.158	1.137	1.111	1.151	1.057	1.042	1.184	1.055	1.013	1.135	1.190	1.078	1.187	1.188	1.154	1.152	1.112	0.966	1.093	1.089	1.196	1.196	1.036	1.112	1.143	1.168	1.127	1.103	1.011
37:00:38	22.5	1.021	1.013	1.081	1.068	1.019	1.079	1.083	1.107	1.092	0.974	1.183	1.067	1.033	1.029	1.014	0.838	0.049	1.084	0.916	1.083	0.978	1.100	1.092	1.095	1.043	0.951	0.998	1.107	0.993	1.090	0.658	0.727	0.969	1.082	1.120	1.104	1.103	1.029	1.039	1.025	0.717	0.956	1.068	0.956	0.971	1.094	1.115	1.093	1.077	1.024	0.961	1.060	1.040	1.037	1.021	1.046	1.018	0.977	1.185	1.101	1.065	1.116	1.022	1.057	1.139	1.044	1.091	1.165	1.166	1.134	1.156	1.073	1.047	1.197	1.041	1.001	1.137	1.183	1.091	1.203	1.202	1.175	1.160	1.129	0.970	1.103	1.096	1.196	1.199	1.041	1.118	1.156	1.186	1.120	1.112	1.011
38:00:38	22.6	1.038	1.017	1.099	1.081	1.029	1.103	1.093	1.109	1.123	0.968	1.185	1.071	1.038	1.032	0.978	0.821	0.049	1.085	0.919	1.088	0.934	1.121	1.106	1.108	1.056	0.971	1.011	1.122	0.945	1.088	0.642	0.703	0.954	1.095	1.132	1.119	1.112	1.006	1.021	1.010	0.710	0.952	1.077	0.926	0.978	1.093	1.128	1.099	1.100	1.020	0.956	1.051	1.040	1.034	1.022	1.024	1.008	0.945	1.182	1.103	1.075	1.128	1.021	1.016	1.150	1.047	1.082	1.176	1.189	1.132	1.163	1.085	1.057	1.200	1.048	0.995	1.131	1.182	1.091	1.203	1.202	1.175	1.181	1.139	0.972	1.106	1.099	1.200	1.207	1.040	1.121	1.157	1.208	1.138	1.122	1.011
39:00:39	22.6	1.039	1.021	1.099	1.074	1.028	1.119	1.104	1.122	1.149	1.010	1.192	1.078	1.050	0.987	0.945	0.815	0.049	1.096	0.885	1.060	0.959	1.143	1.118	1.118	1.064	0.989	0.982	1.115	0.954	1.088	0.636	0.686	0.950	1.117	1.149	1.129	1.120	0.997	0.993	0.987	0.732	0.954	1.053	0.902	0.967	1.102	1.148	1.109	1.093	1.026	0.941	1.032	1.034	1.015	1.029	1.035	1.006	0.941	1.194	1.119	1.079	1.086	1.031	1.002	1.145	1.055	1.054	1.169	1.213	1.136	1.169	1.095	1.066	1.204	1.041	0.974	1.107	1.200	1.095	1.166	1.203	1.183	1.194	1.158	0.975	1.113	1.109	1.212	1.212	1.054	1.128	1.166	1.224	1.148	1.132	1.013
40:00:40	22.7	1.060	1.029	1.121	1.076	1.044	1.122	1.109	1.132	1.161	1.045	1.198	1.084	1.049	1.033	0.926	0.799	0.049	1.091	0.861	1.060	0.916	1.139	1.139	1.128	1.084	0.971	0.997	1.112	0.944	1.095	0.627	0.664	0.925	1.118	1.154	1.146	1.135	0.977	0.997	0.957	0.745	0.965	1.030	0.882	0.963	1.095	1.155	1.113	1.111	1.025	0.942	1.009	1.007	1.005	1.015	1.035	0.987	0.926	1.201	1.117	1.077	1.119	1.001	1.010	1.170	1.064	1.051	1.167	1.242	1.120	1.193	1.108	1.076	1.205	1.018	0.980	1.110	1.188	1.092	1.171	1.198	1.173	1.209	1.175	0.976	1.113	1.112	1.215	1.221	1.056	1.114	1.157	1.219	1.147	1.143	1.016
41:00:42	22.8	1.071	1.030	1.137	1.055	1.045	1.123	1.118	1.140	1.183	1.059	1.197	1.091	1.048	0.995	0.958	0.836	0.050	1.093	0.864	1.067	0.886	1.146	1.149	1.135	1.103	0.951	0.991	1.105	0.949	1.103	0.607	0.646	0.914	1.134	1.158	1.152	1.146	1.046	1.036	0.941	0.774	0.924	1.015	0.870	0.924	1.101	1.145	1.119	1.113	1.023	0.948	1.035	0.994	0.994	1.014	1.045	0.965	0.907	1.204	1.125	1.081	1.130	1.030	1.006	1.175	1.066	1.045	1.162	1.224	1.116	1.204	1.122	1.087	1.217	1.022	1.002	1.100	1.206	1.083	1.160	1.211	1.172	1.210	1.182	0.973	1.115	1.117	1.221	1.213	1.054	1.122	1.167	1.237	1.141	1.153	1.021
42:00:43	22.7	1.067	1.034	1.115	1.071	1.052	1.153	1.131	1.148	1.190	1.079	1.211	1.101	1.056	0.981	0.935	0.842	0.050	1.101	0.854	1.080	0.878	1.116	1.176	1.159	1.133	0.925	0.968	1.105	0.947	1.097	0.601	0.629	0.896	1.127	1.175	1.165	1.143	1.019	0.999	0.912	0.811	0.897	1.048	0.863	0.917	1.095	1.156	1.134	1.120	1.016	0.933	1.034	1.011	0.973	1.007	1.017	0.978	0.888	1.216	1.154	1.084	1.140	0.995	1.006	1.187	1.076	1.043	1.173	1.213	1.124	1.210	1.163	1.117	1.222	1.022	0.963	1.110	1.194	1.059	1.134	1.220	1.193	1.259	1.235	0.973	1.121	1.126	1.232	1.230	1.066	1.144	1.183	1.249	1.145	1.179	1.026
43:00:44	22.7	1.009	1.097	1.090	1.078	1.044	1.176	1.149	1.155	1.161	1.101	1.222	1.099	1.099	1.060	0.933	0.833	0.051	1.125	0.849	1.062	0.870	1.115	1.175	1.186	1.136	0.900	0.975	1.106	0.913	1.119	0.609	0.615	0.877	1.133	1.177	1.180	1.168	1.016	0.984	0.918	0.870	0.868	1.010	0.843	0.902	1.099	1.146	1.134	1.097	0.996	0.922	1.061	1.009	0.995	1.003	1.003	0.963	0.879	1.214	1.164	1.079	1.098	0.991	1.005	1.183	1.078	1.026	1.138	1.226	1.142	1.217	1.154	1.123	1.226	1.019	0.951	1.143	1.186	1.072	1.160	1.217	1.208	1.290	1.217	0.984	1.139	1.122	1.236	1.231	1.119	1.153	1.209	1.257	1.118	1.160	1.022
44:00:43	22.6	1.074	1.038	1.144	1.093	1.074	1.199	1.153	1.169	1.218	1.151	1.239	1.114	1.072	1.009	0.950	0.858	0.051	1.118	0.853	1.075	0.862	1.150	1.226	1.191	1.165	0.876	0.980	1.121	0.938	1.102	0.619	0.612	0.875	1.138	1.222	1.190	1.170	1.019	0.992	0.936	0.903	0.851	1.007	0.833	0.914	1.109	1.170	1.150	1.143	0.999	0.924	1.038	1.019	0.984	0.999	1.009	0.956	0.873	1.232	1.200	1.101	1.109	0.984	1.010	1.213	1.092	1.014	1.192	1.256	1.165	1.255	1.209	1.160	1.253	1.028	0.912	1.139	1.199	1.054	1.132	1.241	1.219	1.306	1.296	0.976	1.129	1.133	1.236	1.241	1.101	1.164	1.224	1.265	1.129	1.203	1.028
45:00:44	22.6	1.081	1.041	1.154	1.115	1.079	1.204	1.185	1.174	1.223	1.186	1.244	1.123	1.079	1.029	0.954	0.833	0.051	1.123	0.845	1.079	0.861	1.153	1.248	1.204	1.174	0.883	0.986	1.123	0.938	1.109	0.625	0.606	0.858	1.162	1.224	1.194	1.183	1.056	0.987	0.928	0.936	0.839	0.987	0.833	0.913	1.103	1.173	1.156	1.165	1.003	0.930	1.023	1.017	0.975	1.013	0.997	0.934	0.866	1.241	1.230	1.101	1.129	0.979	0.998	1.211	1.102	1.009	1.188	1.251	1.176	1.263	1.235	1.187	1.241	1.012	0.892	1.150	1.203	1.062	1.163	1.249	1.239	1.315	1.310	0.979	1.132	1.140	1.239	1.269	1.106	1.171	1.229	1.273	1.140	1.206	1.029
46:00:45	22.6	1.078	1.042	1.149	1.119	1.097	1.204	1.189	1.175	1.229	1.237	1.243	1.125	1.080	1.026	0.971	0.861	0.055	1.127	0.859	1.076	0.852	1.173	1.257	1.215	1.181	0.946	0.987	1.133	0.917	1.113	0.638	0.608	0.861	1.162	1.227	1.190	1.169	1.067	0.991	0.933	0.982	0.821	0.969	0.841	0.890	1.103	1.167	1.153	1.151	1.001	0.928	1.009	0.994	0.982	1.004	1.000	0.931	0.868	1.243	1.251	1.101	1.158	1.000	1.001	1.220	1.095	0.992	1.176	1.230	1.161	1.268	1.242	1.203	1.244	0.990	0.897	1.161	1.197	1.053	1.165	1.243	1.244	1.322	1.313	0.982	1.133	1.136	1.244	1.267	1.098	1.168	1.229	1.274	1.137	1.200	1.027
47:00:46	22.5	1.031	1.099	1.095	1.085	1.062	1.186	1.174	1.173	1.173	1.211	1.243	1.120	1.107	1.056	0.988	0.898	0.063	1.149	0.881	1.067	0.873	1.145	1.205	1.211	1.157	0.932	0.989	1.123	0.905	1.117	0.654	0.610	0.867	1.159	1.218	1.208	1.216	1.140	0.967	0.918	1.013	0.807	0.949	0.851	0.949	1.109	1.181	1.154	1.140	1.006	0.928	1.058	0.991	0.984	0.994	1.007	0.940	0.860	1.245	1.252	1.074	1.178	0.976	1.015	1.203	1.100	1.000	1.148	1.225	1.159	1.272	1.221	1.196	1.260	0.985	0.915	1.156	1.178	1.047	1.201	1.240	1.226	1.328	1.260	0.990	1.139	1.122	1.249	1.262	1.147	1.151	1.220	1.274	1.131	1.175	1.029
48:00:47	22.6	1.064	1.088	1.131	1.105	1.073	1.188	1.191	1.178	1.184	0.912	1.246	1.118	1.107	1.043	0.910	0.896	0.080	1.146	0.871	1.070	0.904	1.157	1.215	1.203	1.172	0.919	0.969	1.143	0.898	1.097	0.678	0.620	0.872	1.174	1.241	1.203	1.226	1.128	0.995	0.905	1.017	0.800	0.949	0.835	0.997	1.122	1.188	1.152	1.141	1.010	0.931	1.070	0.924	0.977	1.000	1.007	0.948	0.869	1.250	1.262	1.094	1.179	0.995	1.020	1.207	1.111	1.009	1.144	1.240	1.143	1.277	1.229	1.212	1.264	0.980	0.910	1.179	1.182	1.089	1.209	1.235	1.230	1.329	1.270	0.992	1.139	1.121	1.258	1.279	1.142	1.155	1.224	1.273	1.136	1.173	1.034
49:00:49	22.6	1.131	1.071	1.137	1.149	1.100	1.212	1.223	1.185	1.237	0.978	1.253	1.134	1.098	1.113	0.929	0.865	0.095	1.144	0.863	1.107	0.936	1.182	1.279	1.228	1.175	0.914	0.994	1.152	0.925	1.116	0.706	0.642	0.891	1.189	1.260	1.196	1.200	1.136	0.988	0.929	1.018	0.810	0.960	0.861	0.963	1.135	1.208	1.152	1.164	1.008	0.935	1.035	0.982	0.970	0.990	1.007	0.974	0.917	1.257	1.268	1.107	1.173	0.971	1.034	1.218	1.107	1.021	1.190	1.230	1.167	1.283	1.253	1.211	1.275	0.984	0.927	1.198	1.228	1.097	1.232	1.264	1.261	1.350	1.297	0.997	1.142	1.136	1.245	1.291	1.117	1.161	1.247	1.282	1.153	1.196	1.035
50:00:50	22.6	1.078	1.120	1.112	1.119	1.087	1.182	1.204	1.182	1.175	1.024	1.252	1.136	1.165	1.093	0.984	0.900	0.103	1.163	0.868	1.085	0.945	1.110	1.216	1.221	1.164	0.945	0.997	1.144	0.898	1.120	0.735	0.665	0.891	1.175	1.246	1.204	1.254	1.129	1.022	0.931	1.026	0.812	0.984	0.866	0.943	1.145	1.199	1.162	1.196	1.028	0.937	1.074	1.032	0.970	1.013	1.006	0.983	0.921	1.254	1.274	1.101	1.194	1.027	1.003	1.218	1.125	1.039	1.159	1.178	1.167	1.289	1.226	1.216	1.271	1.018	0.946	1.176	1.185	1.050	1.212	1.248	1.224	1.345	1.263	0.994	1.137	1.130	1.268	1.283	1.167	1.174	1.258	1.268	1.149	1.186	1.035
51:00:50	22.6	1.133	1.116	1.125	1.124	1.092	1.201	1.226	1.183	1.198	1.062	1.252	1.149	1.159	1.112	1.009	0.923	0.114	1.163	0.889	1.110	0.902	1.137	1.235	1.224	1.160	0.943	1.000	1.146	0.948	1.113	0.765	0.693	0.931	1.189	1.260	1.202	1.278	1.121	1.030	0.937	1.016	0.809	0.957	0.911	0.976	1.142	1.215	1.163	1.202	1.046	0.956	1.080	1.031	0.972	1.020	0.984	0.975	0.927	1.259	1.281	1.117	1.187	0.983	1.019	1.216	1.134	1.044	1.186	1.173	1.165	1.284	1.239	1.217	1.287	1.024	0.944	1.193	1.175	1.126	1.214	1.248	1.249	1.338	1.269	0.989	1.146	1.139	1.260	1.284	1.175	1.195	1.266	1.283	1.141	1.188	1.034
52:00:52	22.6	1.124	1.129	1.130	1.146	1.097	1.207	1.231	1.189	1.201	1.094	1.256	1.147	1.186	1.143	1.029	0.925	0.120	1.170	0.899	1.117	0.902	1.132	1.240	1.224	1.153	0.958	0.963	1.158	0.931	1.137	0.844	0.722	0.944	1.214	1.263	1.210	1.294	1.148	1.048	0.921	1.014	0.811	0.986	0.901	0.973	1.170	1.232	1.171	1.246	1.062	0.959	1.080	1.005	0.969	1.009	1.002	1.028	0.958	1.268	1.290	1.143	1.221	1.000	1.003	1.222	1.138	1.033	1.202	1.186	1.178	1.299	1.255	1.219	1.294	1.026	0.945	1.205	1.192	1.118	1.221	1.251	1.251	1.349	1.261	0.988	1.157	1.150	1.265	1.286	1.196	1.220	1.270	1.288	1.155	1.204	1.032
53:00:52	22.7	1.197	1.085	1.208	1.183	1.150	1.221	1.208	1.191	1.231	1.121	1.259	1.123	1.183	1.140	1.036	0.970	0.130	1.161	0.938	1.133	0.980	1.163	1.304	1.257	1.201	0.964	0.959	1.177	0.962	1.129	0.926	0.758	0.956	1.223	1.272	1.232	1.285	1.155	1.033	0.934	0.998	0.837	0.978	0.919	1.002	1.174	1.240	1.175	1.241	1.026	0.996	1.131	1.050	1.019	0.991	0.998	1.000	1.006	1.272	1.277	1.180	1.232	0.977	1.008	1.232	1.145	1.037	1.195	1.242	1.198	1.290	1.248	1.209	1.295	1.015	0.975	1.221	1.219	1.113	1.249	1.280	1.278	1.347	1.280	1.000	1.190	1.174	1.281	1.300	1.184	1.240	1.285	1.311	1.138	1.249	1.041
54:00:53	22.6	1.208	1.146	1.161	1.166	1.102	1.240	1.228	1.197	1.254	1.125	1.257	1.143	1.196	1.137	1.135	1.045	0.136	1.185	0.969	1.141	1.002	1.159	1.266	1.226	1.186	0.992	0.983	1.159	0.995	1.141	1.004	0.788	1.010	1.234	1.281	1.228	1.282	1.152	1.031	0.954	0.990	0.870	0.987	0.917	1.033	1.183	1.253	1.184	1.270	1.058	0.967	1.094	1.093	1.043	1.008	1.019	1.046	1.029	1.265	1.305	1.196	1.236	1.000	1.056	1.238	1.154	1.070	1.216	1.196	1.198	1.289	1.261	1.228	1.308	1.054	1.036	1.221	1.213	1.138	1.244	1.266	1.269	1.355	1.267	0.988	1.199	1.187	1.278	1.292	1.219	1.226	1.260	1.277	1.132	1.248	1.035
55:00:53	22.6	1.214	1.102	1.239	1.204	1.149	1.216	1.204	1.191	1.236	1.143	1.262	1.124	1.212	1.141	1.111	1.065	0.146	1.172	1.002	1.167	1.071	1.188	1.309	1.248	1.214	0.991	1.008	1.176	0.981	1.143	1.023	0.797	0.950	1.239	1.278	1.242	1.300	1.166	1.060	0.943	0.977	0.895	1.013	0.946	1.096	1.197	1.243	1.173	1.260	1.064	0.948	1.120	1.038	1.057	1.003	1.054	1.070	1.009	1.277	1.282	1.200	1.247	1.034	1.028	1.244	1.169	1.036	1.208	1.240	1.214	1.301	1.247	1.203	1.292	1.070	1.041	1.241	1.238	1.123	1.263	1.286	1.281	1.360	1.284	1.006	1.228	1.188	1.296	1.313	1.212	1.256	1.291	1.318	1.169	1.287	1.035
56:00:55	22.5	1.210	1.167	1.153	1.163	1.123	1.231	1.238	1.203	1.252	1.143	1.262	1.148	1.224	1.189	1.105	1.091	0.156	1.190	1.018	1.172	1.061	1.186	1.265	1.223	1.207	1.039	1.041	1.182	0.981	1.134	1.050	0.778	1.032	1.255	1.282	1.231	1.331	1.167	1.086	0.983	0.938	0.880	1.048	0.939	1.123	1.175	1.252	1.168	1.296	1.056	0.978	1.170	1.072	1.068	1.023	1.065	1.077	1.038	1.280	1.310	1.200	1.236	1.042	1.077	1.244	1.164	1.019	1.226	1.234	1.215	1.307	1.262	1.220	1.310	1.092	1.083	1.230	1.213	1.146	1.256	1.273	1.280	1.364	1.262	0.985	1.219	1.190	1.282	1.282	1.228	1.237	1.265	1.285	1.178	1.272	1.032
57:00:55	22.4	1.232	1.069	1.267	1.212	1.188	1.210	1.208	1.188	1.239	1.161	1.271	1.127	1.228	1.172	1.103	1.117	0.165	1.173	1.060	1.188	1.131	1.206	1.303	1.261	1.255	1.077	1.082	1.198	1.032	1.150	1.067	0.813	1.069	1.250	1.288	1.236	1.327	1.198	1.093	0.985	0.967	0.867	1.077	0.925	1.114	1.200	1.263	1.161	1.267	1.068	0.978	1.157	1.075	1.072	1.012	1.107	1.043	1.043	1.290	1.276	1.237	1.257	1.065	1.106	1.257	1.167	1.025	1.232	1.268	1.217	1.314	1.240	1.192	1.283	1.100	1.130	1.254	1.261	1.171	1.269	1.303	1.290	1.357	1.275	0.995	1.254	1.186	1.302	1.319	1.229	1.259	1.296	1.320	1.171	1.303	1.025
58:00:57	22.3	1.238	1.081	1.261	1.194	1.194	1.221	1.215	1.191	1.245	1.171	1.276	1.139	1.226	1.184	1.187	1.102	0.177	1.177	1.084	1.202	1.117	1.222	1.303	1.252	1.268	1.084	1.093	1.204	0.970	1.166	1.066	0.847	1.059	1.254	1.295	1.236	1.322	1.222	1.125	0.974	1.011	0.880	1.020	1.001	1.134	1.211	1.272	1.183	1.274	1.096	1.053	1.173	1.070	1.056	1.034	1.135	1.097	1.031	1.296	1.282	1.260	1.266	1.077	1.117	1.266	1.188	1.034	1.240	1.271	1.226	1.327	1.244	1.188	1.291	1.090	1.146	1.257	1.265	1.166	1.280	1.309	1.299	1.366	1.282	0.995	1.272	1.188	1.312	1.336	1.243	1.274	1.302	1.329	1.181	1.310	1.027
59:00:58	22.3	1.213	1.118	1.271	1.196	1.171	1.245	1.218	1.197	1.264	1.177	1.276	1.140	1.213	1.200	1.147	1.147	0.188	1.183	1.067	1.207	1.147	1.233	1.312	1.242	1.266	1.132	1.097	1.205	1.030	1.157	1.081	0.838	1.027	1.271	1.297	1.235	1.319	1.220	1.164	0.999	1.026	0.910	1.102	1.005	1.128	1.214	1.275	1.191	1.289	1.156	1.036	1.177	1.088	1.045	1.046	1.115	1.062	1.063	1.299	1.286	1.270	1.287	1.069	1.119	1.276	1.197	1.063	1.257	1.271	1.235	1.329	1.230	1.186	1.314	1.147	1.160	1.275	1.281	1.174	1.290	1.310	1.309	1.380	1.283	0.997	1.272	1.190	1.335	1.350	1.251	1.279	1.303	1.330	1.180	1.310	1.027
60:00:58	22.3	1.242	1.101	1.271	1.190	1.166	1.238	1.215	1.190	1.264	1.176	1.275	1.142	1.219	1.210	1.144	1.158	0.196	1.185	1.090	1.215	1.146	1.242	1.301	1.244	1.249	1.124	1.115	1.218	1.008	1.209	1.048	0.863	1.054	1.275	1.300	1.234	1.341	1.227	1.159	1.061	1.045	0.929	1.094	1.029	1.170	1.234	1.281	1.209	1.281	1.169	1.053	1.184	1.101	1.149	1.099	1.136	1.106	1.066	1.301	1.279	1.272	1.282	1.090	1.114	1.274	1.219	1.091	1.264	1.268	1.240	1.331	1.238	1.180	1.308	1.148	1.177	1.281	1.294	1.157	1.297	1.309	1.308	1.363	1.283	0.989	1.283	1.183	1.344	1.355	1.236	1.282	1.307	1.332	1.176	1.306	1.024
61:00:59	22.4	1.211	1.114	1.263	1.175	1.162	1.248	1.219	1.192	1.274	1.178	1.277	1.135	1.212	1.221	1.183	1.178	0.215	1.183	1.107	1.218	1.149	1.234	1.299	1.241	1.280	1.158	1.109	1.226	1.053	1.164	1.065	0.886	1.146	1.276	1.303	1.230	1.339	1.242	1.199	1.069	1.057	0.992	1.106	1.015	1.181	1.239	1.287	1.201	1.297	1.167	1.083	1.184	1.102	1.115	1.051	1.146	1.161	1.076	1.300	1.274	1.279	1.298	1.093	1.108	1.282	1.248	1.118	1.268	1.284	1.238	1.335	1.226	1.178	1.325	1.153	1.158	1.286	1.295	1.197	1.296	1.312	1.320	1.366	1.269	0.986	1.276	1.183	1.345	1.358	1.243	1.278	1.306	1.331	1.167	1.304	1.025
62:01:01	22.3	1.144	1.074	1.282	1.179	1.184	1.235	1.214	1.183	1.261	1.183	1.283	1.121	1.216	1.211	1.183	1.159	0.239	1.181	1.134	1.230	1.131	1.232	1.297	1.237	1.257	1.166	1.155	1.234	1.081	1.167	1.085	0.921	1.152	1.274	1.300	1.225	1.355	1.227	1.166	1.065	1.077	1.034	1.142	0.990	1.202	1.250	1.299	1.215	1.287	1.180	1.077	1.192	1.118	1.084	0.995	1.170	1.151	1.061	1.303	1.271	1.262	1.300	1.100	1.116	1.281	1.229	1.120	1.250	1.272	1.252	1.341	1.231	1.173	1.303	1.160	1.158	1.297	1.296	1.179	1.300	1.315	1.313	1.369	1.285	0.983	1.293	1.178	1.349	1.372	1.243	1.285	1.314	1.332	1.155	1.301	1.015
63:01:01	22.4	1.136	1.082	1.276	1.178	1.204	1.236	1.212	1.182	1.250	1.181	1.289	1.113	1.216	1.216	1.198	1.150	0.255	1.176	1.133	1.240	1.166	1.230	1.302	1.226	1.265	1.186	1.151	1.244	1.136	1.163	1.079	0.942	1.127	1.274	1.305	1.218	1.350	1.240	1.159	1.080	1.085	1.034	1.137	1.085	1.195	1.257	1.311	1.214	1.300	1.154	1.141	1.204	1.149	1.104	1.046	1.180	1.151	1.111	1.303	1.269	1.259	1.315	1.124	1.134	1.293	1.237	1.129	1.261	1.280	1.251	1.344	1.211	1.172	1.303	1.174	1.188	1.302	1.302	1.185	1.302	1.317	1.313	1.375	1.292	0.975	1.292	1.174	1.350	1.377	1.242	1.294	1.311	1.331	1.145	1.301	1.019
64:01:01	22.4	1.120	1.080	1.261	1.191	1.227	1.214	1.220	1.180	1.230	1.186	1.300	1.106	1.229	1.223	1.187	1.162	0.284	1.176	1.139	1.259	1.171	1.230	1.296	1.221	1.267	1.208	1.144	1.251	1.109	1.173	1.101	0.955	1.104	1.279	1.313	1.211	1.333	1.233	1.156	1.081	1.103	1.039	1.131	1.065	1.223	1.270	1.320	1.220	1.292	1.158	1.112	1.224	1.159	1.142	1.128	1.151	1.160	1.109	1.304	1.261	1.252	1.310	1.155	1.141	1.294	1.244	1.107	1.275	1.303	1.262	1.353	1.209	1.169	1.317	1.194	1.194	1.294	1.312	1.198	1.300	1.331	1.315	1.391	1.293	0.966	1.283	1.169	1.352	1.379	1.250	1.310	1.325	1.347	1.138	1.312	1.023
65:01:03	22.7	1.126	1.102	1.270	1.191	1.204	1.225	1.214	1.176	1.239	1.177	1.290	1.106	1.219	1.224	1.197	1.146	0.313	1.172	1.140	1.249	1.189	1.239	1.292	1.217	1.250	1.184	1.150	1.245	1.121	1.236	1.114	0.960	1.100	1.269	1.307	1.210	1.338	1.238	1.145	1.074	1.096	1.067	1.145	1.085	1.192	1.271	1.311	1.216	1.305	1.184	1.110	1.219	1.170	1.118	1.113	1.166	1.171	1.109	1.302	1.258	1.251	1.311	1.145	1.119	1.292	1.241	1.128	1.272	1.294	1.267	1.352	1.202	1.166	1.314	1.186	1.206	1.308	1.334	1.203	1.311	1.329	1.318	1.376	1.302	0.973	1.304	1.165	1.362	1.385	1.241	1.309	1.322	1.341	1.141	1.304	1.019
66:01:04	23.0	1.105	1.091	1.260	1.198	1.203	1.225	1.208	1.173	1.234	1.169	1.291	1.097	1.210	1.199	1.200	1.152	0.332	1.166	1.153	1.237	1.206	1.235	1.291	1.204	1.248	1.171	1.164	1.245	1.136	1.232	1.129	0.965	1.112	1.257	1.306	1.200	1.340	1.247	1.183	1.080	1.089	1.046	1.163	1.068	1.199	1.280	1.309	1.216	1.301	1.193	1.116	1.210	1.164	1.132	1.117	1.189	1.159	1.126	1.298	1.254	1.255	1.310	1.151	1.141	1.289	1.232	1.130	1.265	1.294	1.275	1.350	1.194	1.161	1.325	1.196	1.197	1.307	1.334	1.234	1.325	1.326	1.315	1.377	1.272	0.954	1.283	1.159	1.365	1.383	1.235	1.305	1.321	1.342	1.135	1.299	1.013
67:01:05	23.1	1.090	1.166	1.189	1.118	1.180	1.235	1.217	1.190	1.287	1.160	1.239	1.134	1.194	1.193	1.195	1.142	0.365	1.179	1.170	1.245	1.200	1.238	1.242	1.201	1.222	1.200	1.186	1.231	1.123	1.248	1.111	0.972	1.131	1.236	1.305	1.205	1.351	1.229	1.223	1.111	1.091	1.062	1.182	1.074	1.186	1.261	1.290	1.177	1.329	1.215	1.137	1.235	1.178	1.137	1.107	1.212	1.177	1.136	1.287	1.278	1.309	1.299	1.156	1.157	1.270	1.248	1.159	1.261	1.289	1.275	1.333	1.162	1.145	1.334	1.222	1.194	1.311	1.288	1.241	1.315	1.298	1.329	1.375	1.243	0.951	1.283	1.156	1.362	1.371	1.233	1.273	1.296	1.307	1.156	1.250	1.006
68:01:05	23.0	1.070	1.085	1.267	1.174	1.200	1.214	1.195	1.163	1.227	1.160	1.278	1.087	1.215	1.215	1.242	1.164	0.376	1.157	1.181	1.242	1.202	1.226	1.277	1.185	1.247	1.183	1.171	1.239	1.137	1.238	1.145	0.983	1.138	1.263	1.303	1.180	1.328	1.233	1.226	1.111	1.091	1.100	1.197	1.092	1.217	1.267	1.307	1.204	1.286	1.236	1.169	1.241	1.209	1.147	1.083	1.217	1.182	1.130	1.292	1.238	1.242	1.321	1.172	1.147	1.282	1.238	1.136	1.267	1.297	1.279	1.350	1.170	1.139	1.305	1.231	1.204	1.303	1.336	1.227	1.312	1.317	1.321	1.385	1.268	0.951	1.279	1.138	1.355	1.375	1.233	1.292	1.313	1.329	1.114	1.263	1.009
69:01:07	22.9	1.058	1.079	1.250	1.204	1.219	1.202	1.198	1.160	1.218	1.170	1.282	1.087	1.249	1.195	1.236	1.149	0.397	1.158	1.212	1.249	1.214	1.226	1.287	1.182	1.243	1.177	1.192	1.248	1.132	1.241	1.157	1.002	1.153	1.261	1.307	1.182	1.355	1.252	1.242	1.111	1.088	1.112	1.192	1.126	1.222	1.275	1.316	1.204	1.272	1.255	1.151	1.242	1.191	1.133	1.101	1.238	1.190	1.102	1.295	1.249	1.235	1.311	1.183	1.149	1.288	1.246	1.168	1.270	1.305	1.277	1.353	1.176	1.134	1.297	1.226	1.216	1.300	1.344	1.243	1.325	1.333	1.321	1.391	1.286	0.945	1.266	1.136	1.360	1.375	1.231	1.294	1.321	1.335	1.110	1.261	1.008
70:01:08	22.9	1.039	1.058	1.235	1.192	1.220	1.188	1.190	1.158	1.224	1.162	1.282	1.084	1.260	1.182	1.230	1.159	0.416	1.150	1.176	1.242	1.213	1.232	1.277	1.176	1.237	1.184	1.199	1.241	1.143	1.248	1.161	1.008	1.164	1.248	1.306	1.178	1.369	1.247	1.233	1.111	1.077	1.127	1.193	1.147	1.213	1.270	1.303	1.196	1.252	1.232	1.175	1.238	1.199	1.156	1.133	1.254	1.197	1.133	1.290	1.241	1.212	1.302	1.201	1.149	1.285	1.235	1.179	1.259	1.304	1.271	1.352	1.164	1.122	1.302	1.235	1.210	1.286	1.330	1.259	1.327	1.329	1.319	1.392	1.302	0.937	1.228	1.130	1.345	1.355	1.226	1.283	1.314	1.327	1.109	1.260	1.001
71:01:09	22.8	1.057	1.068	1.269	1.185	1.178	1.200	1.189	1.158	1.238	1.152	1.266	1.076	1.222	1.189	1.235	1.150	0.439	1.154	1.184	1.236	1.223	1.224	1.275	1.173	1.246	1.189	1.213	1.230	1.177	1.239	1.152	1.019	1.164	1.254	1.300	1.169	1.369	1.247	1.234	1.138	1.083	1.138	1.193	1.155	1.205	1.266	1.303	1.201	1.279	1.255	1.181	1.242	1.199	1.170	1.151	1.254	1.222	1.121	1.288	1.237	1.233	1.313	1.205	1.143	1.281	1.236	1.173	1.272	1.307	1.284	1.353	1.155	1.114	1.314	1.254	1.216	1.297	1.329	1.261	1.329	1.321	1.323	1.377	1.261	0.931	1.226	1.127	1.363	1.373	1.234	1.276	1.312	1.317	1.103	1.250	0.988
72:01:09	22.8	1.015	1.101	1.260	1.189	1.170	1.208	1.181	1.155	1.227	1.152	1.255	1.069	1.216	1.195	1.237	1.157	0.461	1.149	1.201	1.251	1.248	1.229	1.280	1.161	1.238	1.202	1.227	1.248	1.161	1.231	1.158	1.028	1.165	1.252	1.305	1.170	1.370	1.241	1.244	1.143	1.082	1.135	1.220	1.178	1.203	1.274	1.304	1.190	1.257	1.255	1.178	1.256	1.213	1.185	1.145	1.250	1.216	1.153	1.282	1.219	1.220	1.323	1.234	1.159	1.276	1.237	1.187	1.278	1.308	1.293	1.354	1.150	1.111	1.321	1.254	1.216	1.303	1.342	1.264	1.331	1.322	1.333	1.378	1.285	0.925	1.242	1.120	1.368	1.382	1.214	1.257	1.299	1.302	1.102	1.239	0.978

