Time	T° 600	A1	A2	A3	A4	A5	A6	A7	A8	A9	A10	A11	A12	B1	B2	B3	B4	B5	B6	B7	B8	B9	B10	B11	B12	C1	C2	C3	C4	C5	C6	C7	C8	C9	C10	C11	C12	D1	D2	D3	D4	D5	D6	D7	D8	D9	D10	D11	D12	E1	E2	E3	E4	E5	E6	E7	E8	E9	E10	E11	E12	F1	F2	F3	F4	F5	F6	F7	F8	F9	F10	F11	F12	G1	G2	G3	G4	G5	G6	G7	G8	G9	G10	G11	G12	H1	H2	H3	H4	H5	H6	H7	H8	H9	H10	H11	H12
0:00:06	24.1	0.047	0.046	0.050	0.050	0.047	0.047	0.044	0.044	0.049	0.085	0.049	0.045	0.043	0.047	0.044	0.049	0.048	0.047	0.044	0.045	0.045	0.048	0.046	0.049	0.046	0.048	0.045	0.044	0.044	0.046	0.044	0.047	0.049	0.048	0.047	0.047	0.045	0.044	0.044	0.044	0.061	0.045	0.046	0.049	0.047	0.048	0.046	0.051	0.045	0.048	0.048	0.045	0.046	0.051	0.046	0.045	0.045	0.044	0.045	0.048	0.047	0.046	0.048	0.047	0.044	0.044	0.048	0.048	0.046	0.047	0.046	0.045	0.048	0.048	0.048	0.046	0.044	0.045	0.047	0.047	0.048	0.045	0.046	0.045	0.045	0.049	0.045	0.047	0.045	0.045	0.048	0.047	0.049	0.050	0.049	0.045
1:00:05	24.3	0.048	0.047	0.051	0.051	0.048	0.048	0.045	0.045	0.050	0.085	0.050	0.045	0.044	0.048	0.046	0.050	0.048	0.049	0.045	0.046	0.047	0.049	0.048	0.050	0.047	0.049	0.045	0.045	0.045	0.047	0.045	0.048	0.050	0.049	0.047	0.048	0.045	0.045	0.046	0.045	0.062	0.046	0.047	0.050	0.048	0.050	0.047	0.052	0.046	0.049	0.049	0.046	0.047	0.056	0.047	0.046	0.046	0.045	0.045	0.047	0.048	0.047	0.050	0.047	0.045	0.045	0.049	0.049	0.047	0.047	0.047	0.046	0.048	0.049	0.049	0.047	0.045	0.045	0.048	0.048	0.049	0.045	0.047	0.046	0.046	0.050	0.046	0.048	0.046	0.046	0.049	0.048	0.050	0.050	0.051	0.045
2:00:06	24.3	0.049	0.049	0.052	0.052	0.050	0.050	0.047	0.047	0.051	0.082	0.052	0.048	0.045	0.050	0.048	0.051	0.050	0.050	0.047	0.048	0.048	0.051	0.049	0.051	0.049	0.050	0.048	0.047	0.047	0.048	0.047	0.050	0.051	0.051	0.049	0.049	0.047	0.047	0.047	0.047	0.063	0.048	0.049	0.051	0.049	0.055	0.049	0.053	0.048	0.051	0.051	0.048	0.049	0.074	0.049	0.047	0.048	0.047	0.047	0.049	0.049	0.049	0.051	0.049	0.047	0.047	0.050	0.050	0.048	0.049	0.048	0.048	0.050	0.051	0.051	0.049	0.047	0.047	0.050	0.050	0.050	0.048	0.048	0.047	0.047	0.052	0.048	0.050	0.047	0.047	0.051	0.049	0.051	0.052	0.052	0.047
3:00:07	24.5	0.052	0.053	0.056	0.056	0.054	0.054	0.051	0.051	0.055	0.075	0.055	0.051	0.049	0.053	0.052	0.055	0.054	0.055	0.051	0.053	0.052	0.055	0.053	0.055	0.052	0.054	0.051	0.051	0.051	0.052	0.050	0.054	0.055	0.054	0.054	0.054	0.051	0.051	0.051	0.051	0.062	0.051	0.052	0.055	0.053	0.064	0.053	0.057	0.051	0.054	0.056	0.052	0.052	0.092	0.053	0.051	0.051	0.051	0.051	0.052	0.053	0.053	0.055	0.052	0.051	0.051	0.054	0.054	0.052	0.053	0.052	0.051	0.053	0.055	0.055	0.053	0.051	0.051	0.053	0.054	0.054	0.052	0.052	0.051	0.050	0.055	0.051	0.053	0.051	0.051	0.059	0.053	0.055	0.056	0.056	0.051
4:00:08	24.7	0.073	0.074	0.074	0.076	0.073	0.075	0.072	0.074	0.073	0.082	0.079	0.073	0.066	0.075	0.074	0.076	0.075	0.071	0.071	0.072	0.074	0.078	0.074	0.076	0.069	0.075	0.070	0.073	0.070	0.072	0.066	0.075	0.074	0.077	0.074	0.075	0.069	0.070	0.071	0.064	0.079	0.073	0.073	0.077	0.077	0.077	0.075	0.078	0.067	0.075	0.078	0.073	0.075	0.107	0.075	0.072	0.074	0.072	0.075	0.074	0.072	0.076	0.075	0.075	0.074	0.072	0.075	0.076	0.074	0.076	0.073	0.074	0.070	0.075	0.077	0.074	0.070	0.071	0.067	0.077	0.077	0.079	0.075	0.071	0.067	0.073	0.072	0.073	0.070	0.070	0.082	0.072	0.076	0.077	0.078	0.073
5:00:08	24.5	0.078	0.080	0.089	0.083	0.085	0.094	0.086	0.088	0.080	0.085	0.085	0.087	0.083	0.087	0.081	0.085	0.090	0.086	0.085	0.086	0.084	0.094	0.085	0.092	0.086	0.084	0.083	0.086	0.083	0.087	0.079	0.086	0.080	0.087	0.090	0.089	0.080	0.083	0.082	0.073	0.086	0.088	0.083	0.088	0.085	0.099	0.086	0.092	0.082	0.085	0.093	0.083	0.086	0.121	0.088	0.089	0.085	0.083	0.083	0.089	0.087	0.081	0.086	0.084	0.085	0.084	0.090	0.084	0.082	0.091	0.088	0.085	0.085	0.089	0.090	0.085	0.083	0.081	0.080	0.088	0.086	0.080	0.086	0.080	0.078	0.087	0.088	0.087	0.084	0.083	0.116	0.085	0.088	0.088	0.091	0.086
6:00:09	24.3	0.123	0.121	0.127	0.134	0.135	0.142	0.131	0.137	0.118	0.131	0.129	0.131	0.133	0.133	0.136	0.132	0.144	0.126	0.127	0.133	0.137	0.130	0.136	0.144	0.137	0.133	0.128	0.130	0.131	0.132	0.123	0.143	0.128	0.141	0.139	0.143	0.121	0.132	0.136	0.123	0.130	0.131	0.131	0.131	0.127	0.152	0.135	0.149	0.127	0.124	0.140	0.128	0.135	0.158	0.133	0.135	0.128	0.135	0.125	0.144	0.128	0.128	0.124	0.122	0.130	0.132	0.141	0.139	0.128	0.145	0.152	0.138	0.124	0.132	0.141	0.129	0.130	0.134	0.115	0.131	0.142	0.129	0.137	0.133	0.123	0.127	0.138	0.136	0.131	0.130	0.173	0.132	0.134	0.137	0.140	0.135
7:00:10	24.0	0.198	0.198	0.202	0.211	0.201	0.223	0.208	0.211	0.182	0.210	0.202	0.197	0.191	0.208	0.217	0.207	0.217	0.183	0.220	0.211	0.230	0.214	0.214	0.218	0.198	0.226	0.219	0.216	0.213	0.210	0.185	0.227	0.198	0.225	0.231	0.226	0.203	0.230	0.234	0.187	0.207	0.218	0.207	0.210	0.206	0.261	0.234	0.221	0.193	0.215	0.225	0.212	0.221	0.210	0.225	0.219	0.205	0.212	0.207	0.224	0.213	0.192	0.203	0.197	0.202	0.214	0.218	0.231	0.202	0.232	0.232	0.220	0.200	0.205	0.223	0.194	0.202	0.204	0.180	0.203	0.221	0.206	0.216	0.210	0.186	0.187	0.218	0.204	0.197	0.201	0.266	0.196	0.201	0.204	0.211	0.200
8:00:10	23.7	0.305	0.286	0.293	0.302	0.287	0.315	0.296	0.310	0.286	0.317	0.304	0.295	0.279	0.310	0.321	0.316	0.315	0.260	0.329	0.320	0.321	0.313	0.319	0.315	0.289	0.327	0.320	0.309	0.315	0.328	0.294	0.343	0.297	0.339	0.348	0.328	0.303	0.329	0.333	0.273	0.306	0.314	0.320	0.309	0.314	0.376	0.351	0.327	0.289	0.328	0.333	0.319	0.323	0.282	0.334	0.322	0.317	0.322	0.325	0.334	0.310	0.284	0.325	0.299	0.304	0.325	0.326	0.341	0.312	0.350	0.347	0.325	0.293	0.303	0.325	0.305	0.300	0.310	0.267	0.313	0.329	0.326	0.326	0.317	0.273	0.280	0.320	0.299	0.288	0.304	0.375	0.290	0.300	0.310	0.316	0.300
9:00:12	23.5	0.400	0.403	0.401	0.396	0.395	0.429	0.396	0.428	0.387	0.429	0.417	0.402	0.376	0.435	0.448	0.455	0.424	0.370	0.444	0.454	0.427	0.438	0.447	0.439	0.386	0.454	0.438	0.419	0.425	0.454	0.403	0.476	0.407	0.466	0.482	0.440	0.419	0.468	0.466	0.374	0.423	0.433	0.452	0.440	0.440	0.510	0.487	0.428	0.389	0.466	0.446	0.450	0.436	0.375	0.469	0.440	0.453	0.449	0.466	0.454	0.420	0.385	0.448	0.429	0.422	0.467	0.459	0.474	0.437	0.498	0.481	0.436	0.391	0.404	0.449	0.420	0.412	0.421	0.371	0.445	0.452	0.464	0.454	0.436	0.362	0.378	0.425	0.400	0.397	0.417	0.475	0.391	0.411	0.426	0.430	0.404
10:00:14	23.1	0.480	0.525	0.502	0.488	0.496	0.514	0.485	0.529	0.486	0.528	0.518	0.499	0.456	0.561	0.558	0.563	0.534	0.487	0.554	0.556	0.552	0.556	0.551	0.536	0.457	0.567	0.535	0.515	0.519	0.552	0.531	0.591	0.500	0.582	0.600	0.516	0.524	0.566	0.560	0.480	0.528	0.521	0.568	0.551	0.550	0.601	0.590	0.517	0.472	0.575	0.548	0.545	0.541	0.462	0.577	0.560	0.576	0.557	0.598	0.556	0.524	0.477	0.574	0.553	0.538	0.594	0.580	0.599	0.546	0.620	0.597	0.532	0.473	0.490	0.563	0.528	0.509	0.529	0.465	0.556	0.562	0.584	0.562	0.534	0.428	0.458	0.512	0.475	0.495	0.511	0.549	0.468	0.502	0.518	0.529	0.484
11:00:14	22.8	0.550	0.617	0.576	0.567	0.571	0.593	0.555	0.624	0.570	0.615	0.598	0.569	0.526	0.654	0.655	0.655	0.621	0.590	0.639	0.649	0.658	0.653	0.631	0.617	0.537	0.655	0.623	0.609	0.606	0.635	0.621	0.666	0.578	0.683	0.697	0.581	0.613	0.644	0.646	0.576	0.626	0.605	0.670	0.639	0.644	0.677	0.682	0.586	0.541	0.673	0.639	0.647	0.632	0.509	0.642	0.662	0.672	0.648	0.712	0.633	0.611	0.542	0.673	0.644	0.637	0.684	0.679	0.685	0.644	0.708	0.697	0.605	0.539	0.569	0.664	0.619	0.593	0.614	0.533	0.653	0.650	0.687	0.650	0.606	0.478	0.516	0.590	0.537	0.572	0.569	0.618	0.523	0.569	0.585	0.602	0.545
12:00:15	22.6	0.604	0.686	0.646	0.637	0.637	0.653	0.615	0.688	0.630	0.681	0.666	0.633	0.594	0.724	0.718	0.716	0.685	0.669	0.698	0.712	0.726	0.716	0.700	0.687	0.596	0.712	0.678	0.660	0.659	0.701	0.705	0.724	0.641	0.758	0.765	0.640	0.686	0.709	0.702	0.670	0.698	0.674	0.751	0.717	0.705	0.737	0.740	0.645	0.598	0.754	0.706	0.702	0.695	0.574	0.701	0.734	0.743	0.729	0.782	0.700	0.695	0.601	0.742	0.721	0.708	0.756	0.744	0.763	0.726	0.780	0.770	0.658	0.595	0.635	0.740	0.692	0.664	0.699	0.579	0.733	0.732	0.765	0.726	0.665	0.514	0.557	0.641	0.587	0.628	0.625	0.666	0.566	0.619	0.640	0.655	0.594
13:00:15	22.5	0.665	0.739	0.688	0.693	0.691	0.713	0.665	0.738	0.690	0.748	0.734	0.687	0.650	0.779	0.762	0.772	0.742	0.727	0.751	0.760	0.774	0.761	0.760	0.744	0.659	0.767	0.721	0.709	0.718	0.749	0.763	0.773	0.698	0.795	0.811	0.688	0.739	0.772	0.745	0.750	0.763	0.721	0.788	0.772	0.752	0.774	0.790	0.697	0.663	0.810	0.752	0.745	0.746	0.616	0.762	0.789	0.807	0.794	0.843	0.753	0.760	0.654	0.792	0.786	0.769	0.806	0.787	0.819	0.788	0.824	0.829	0.712	0.638	0.691	0.800	0.760	0.718	0.760	0.627	0.799	0.791	0.822	0.787	0.719	0.549	0.602	0.697	0.633	0.677	0.675	0.715	0.604	0.664	0.694	0.712	0.638
14:00:17	22.5	0.705	0.784	0.745	0.738	0.736	0.755	0.711	0.775	0.735	0.793	0.797	0.735	0.693	0.814	0.816	0.806	0.778	0.772	0.801	0.806	0.830	0.802	0.810	0.788	0.706	0.804	0.745	0.752	0.754	0.797	0.803	0.806	0.745	0.832	0.860	0.733	0.795	0.806	0.779	0.810	0.813	0.760	0.824	0.802	0.778	0.802	0.842	0.744	0.715	0.849	0.784	0.810	0.782	0.652	0.797	0.829	0.846	0.839	0.878	0.799	0.814	0.700	0.836	0.825	0.818	0.851	0.848	0.857	0.838	0.874	0.876	0.754	0.687	0.746	0.849	0.818	0.771	0.825	0.670	0.848	0.844	0.879	0.834	0.769	0.574	0.645	0.744	0.681	0.715	0.716	0.756	0.639	0.709	0.746	0.755	0.677
15:00:17	22.4	0.747	0.813	0.765	0.767	0.761	0.777	0.744	0.804	0.771	0.823	0.843	0.774	0.737	0.834	0.839	0.841	0.807	0.824	0.806	0.827	0.855	0.818	0.834	0.819	0.748	0.859	0.780	0.765	0.793	0.830	0.833	0.850	0.784	0.870	0.889	0.769	0.832	0.844	0.819	0.860	0.819	0.795	0.864	0.849	0.827	0.838	0.854	0.776	0.763	0.880	0.815	0.835	0.818	0.672	0.835	0.861	0.882	0.877	0.908	0.834	0.850	0.745	0.869	0.861	0.850	0.878	0.882	0.891	0.866	0.898	0.917	0.792	0.720	0.785	0.879	0.854	0.816	0.864	0.708	0.880	0.879	0.900	0.875	0.812	0.608	0.681	0.779	0.727	0.760	0.753	0.796	0.670	0.751	0.781	0.790	0.704
16:00:18	22.5	0.771	0.825	0.785	0.793	0.781	0.797	0.763	0.818	0.797	0.849	0.877	0.806	0.773	0.870	0.870	0.844	0.835	0.841	0.824	0.852	0.866	0.851	0.863	0.848	0.788	0.862	0.815	0.800	0.821	0.843	0.870	0.865	0.821	0.891	0.898	0.810	0.860	0.876	0.820	0.891	0.850	0.833	0.892	0.867	0.843	0.859	0.886	0.816	0.794	0.904	0.849	0.867	0.839	0.711	0.836	0.886	0.901	0.900	0.930	0.867	0.885	0.783	0.892	0.906	0.883	0.893	0.901	0.918	0.893	0.922	0.938	0.832	0.762	0.823	0.907	0.884	0.850	0.892	0.747	0.910	0.905	0.926	0.905	0.847	0.642	0.713	0.806	0.762	0.798	0.791	0.841	0.703	0.784	0.809	0.827	0.739
17:00:19	22.5	0.790	0.852	0.805	0.799	0.796	0.811	0.785	0.826	0.819	0.868	0.908	0.826	0.793	0.896	0.895	0.879	0.849	0.872	0.858	0.884	0.901	0.867	0.876	0.858	0.815	0.902	0.833	0.843	0.845	0.863	0.888	0.889	0.847	0.921	0.920	0.842	0.874	0.892	0.851	0.912	0.880	0.863	0.911	0.875	0.888	0.896	0.913	0.847	0.827	0.925	0.855	0.881	0.870	0.764	0.877	0.904	0.939	0.919	0.955	0.891	0.889	0.812	0.928	0.921	0.905	0.926	0.928	0.931	0.913	0.948	0.964	0.862	0.789	0.840	0.921	0.913	0.871	0.910	0.785	0.919	0.920	0.947	0.920	0.878	0.671	0.747	0.843	0.791	0.825	0.818	0.873	0.734	0.817	0.838	0.862	0.766
18:00:20	22.6	0.816	0.866	0.820	0.812	0.812	0.827	0.804	0.845	0.841	0.888	0.938	0.847	0.806	0.910	0.902	0.900	0.863	0.893	0.887	0.906	0.915	0.905	0.892	0.866	0.828	0.915	0.852	0.845	0.871	0.895	0.909	0.912	0.865	0.944	0.962	0.867	0.889	0.915	0.864	0.943	0.917	0.879	0.930	0.904	0.916	0.920	0.936	0.868	0.853	0.958	0.898	0.910	0.907	0.801	0.901	0.929	0.961	0.937	0.977	0.911	0.898	0.836	0.948	0.938	0.931	0.955	0.962	0.952	0.932	0.967	0.976	0.884	0.811	0.853	0.938	0.930	0.890	0.927	0.805	0.937	0.937	0.977	0.938	0.903	0.696	0.771	0.861	0.813	0.843	0.839	0.900	0.757	0.843	0.863	0.888	0.792
19:00:22	22.5	0.833	0.870	0.827	0.820	0.820	0.839	0.816	0.850	0.854	0.901	0.958	0.861	0.829	0.931	0.923	0.935	0.883	0.934	0.915	0.926	0.934	0.938	0.914	0.878	0.850	0.937	0.874	0.895	0.893	0.918	0.927	0.954	0.882	0.976	0.992	0.884	0.904	0.941	0.874	0.962	0.940	0.894	0.966	0.932	0.938	0.941	0.959	0.882	0.871	0.976	0.935	0.911	0.926	0.833	0.952	0.945	0.977	0.957	1.008	0.924	0.916	0.855	0.975	0.967	0.951	0.985	0.978	0.974	0.949	1.001	1.004	0.904	0.833	0.873	0.954	0.946	0.911	0.945	0.821	0.953	0.953	0.996	0.953	0.930	0.722	0.793	0.879	0.838	0.863	0.858	0.930	0.784	0.862	0.886	0.910	0.810
20:00:22	22.5	0.847	0.896	0.840	0.831	0.836	0.855	0.828	0.869	0.873	0.922	0.983	0.883	0.846	0.950	0.944	0.955	0.897	0.941	0.957	0.950	0.955	0.980	0.934	0.893	0.869	0.962	0.893	0.893	0.902	0.936	0.963	0.971	0.898	0.985	1.009	0.901	0.920	0.960	0.905	0.996	0.952	0.917	0.993	0.964	0.962	0.972	0.986	0.900	0.893	0.999	0.954	0.963	0.932	0.865	0.951	0.970	1.005	0.975	1.035	0.934	0.927	0.870	0.998	0.986	0.977	1.015	1.008	1.004	0.979	1.012	1.013	0.922	0.856	0.890	0.974	0.966	0.928	0.967	0.838	0.979	0.976	1.017	0.967	0.951	0.745	0.814	0.901	0.858	0.880	0.880	0.954	0.804	0.882	0.905	0.926	0.829
21:00:23	22.5	0.863	0.902	0.849	0.843	0.851	0.869	0.843	0.888	0.890	0.936	1.007	0.895	0.863	0.969	0.971	0.970	0.910	0.969	0.967	0.968	0.971	0.976	0.935	0.903	0.889	0.988	0.923	0.900	0.926	0.951	0.983	0.995	0.909	1.018	1.030	0.916	0.934	0.975	0.953	1.007	0.981	0.939	1.009	0.987	0.978	0.968	0.999	0.910	0.907	1.019	0.960	0.978	0.970	0.888	0.977	0.993	1.023	0.996	1.058	0.951	0.942	0.880	1.024	1.023	0.993	1.036	1.011	1.012	0.993	1.046	1.035	0.934	0.873	0.904	0.992	0.987	0.948	0.980	0.851	0.994	0.987	1.041	0.978	0.967	0.764	0.834	0.917	0.875	0.894	0.894	0.972	0.825	0.897	0.920	0.942	0.843
22:00:25	22.5	0.898	0.920	0.879	0.872	0.872	0.898	0.878	0.916	0.918	0.943	1.073	0.911	0.873	0.985	0.989	0.995	0.920	0.988	0.994	0.986	0.984	0.989	0.956	0.916	0.886	1.003	0.929	0.954	0.950	0.966	1.012	1.014	0.924	1.031	1.047	0.932	0.956	1.009	0.945	1.030	1.004	0.961	1.037	1.001	1.003	1.007	1.047	0.932	0.930	1.046	1.000	1.000	0.990	0.896	1.006	1.008	1.023	1.011	1.070	0.964	0.949	0.890	1.047	1.041	1.024	1.051	1.041	1.036	1.004	1.070	1.057	0.957	0.879	0.922	1.012	1.006	0.956	0.992	0.871	1.011	0.997	1.061	0.993	0.989	0.783	0.852	0.925	0.884	0.907	0.917	0.995	0.842	0.916	0.936	0.962	0.856
23:00:26	22.5	0.910	0.923	0.887	0.881	0.885	0.912	0.892	0.931	0.932	0.963	1.096	0.924	0.891	0.996	0.996	1.001	0.937	0.991	1.001	0.996	1.003	0.993	0.967	0.927	0.906	1.023	0.942	0.982	0.966	0.976	1.022	1.034	0.939	1.063	1.066	0.945	0.966	1.002	0.980	1.048	1.025	0.983	1.059	1.024	1.019	1.020	1.056	0.944	0.944	1.072	0.997	1.013	1.016	0.935	1.029	1.027	1.034	1.024	1.094	0.980	0.972	0.896	1.075	1.053	1.047	1.073	1.061	1.044	1.027	1.084	1.064	0.969	0.895	0.942	1.025	1.031	0.966	1.010	0.887	1.027	1.017	1.074	1.003	1.008	0.804	0.868	0.936	0.902	0.923	0.927	1.007	0.861	0.933	0.952	0.979	0.873
24:00:25	22.5	0.929	0.934	0.912	0.902	0.904	0.932	0.909	0.943	0.955	0.975	1.129	0.937	0.902	1.010	1.018	1.020	0.936	1.023	1.018	1.010	1.010	1.023	0.981	0.942	0.913	1.044	0.982	0.965	0.948	0.994	1.037	1.053	0.950	1.079	1.074	0.958	0.985	1.034	0.957	1.061	1.040	1.007	1.074	1.032	1.033	1.026	1.067	0.959	0.962	1.078	1.010	1.028	1.022	0.953	1.037	1.038	1.051	1.041	1.110	0.992	0.984	0.902	1.089	1.078	1.053	1.091	1.075	1.065	1.032	1.093	1.072	0.981	0.905	0.953	1.041	1.037	0.982	1.019	0.898	1.034	1.030	1.088	1.016	1.021	0.822	0.882	0.951	0.915	0.939	0.946	1.016	0.879	0.946	0.959	0.991	0.887
25:00:26	22.5	0.944	0.940	0.923	0.918	0.919	0.949	0.925	0.957	0.972	0.990	1.153	0.949	0.909	1.020	1.012	1.038	0.952	1.040	1.042	1.015	1.017	1.040	0.995	0.955	0.923	1.058	0.972	1.003	0.977	0.997	1.057	1.066	0.964	1.099	1.094	0.969	1.002	1.048	1.002	1.084	1.060	1.023	1.087	1.058	1.052	1.036	1.084	0.973	0.977	1.073	1.049	1.038	1.052	0.972	1.050	1.051	1.063	1.053	1.124	1.008	0.993	0.900	1.106	1.088	1.058	1.103	1.092	1.079	1.050	1.108	1.096	0.994	0.915	0.968	1.053	1.054	1.002	1.033	0.915	1.053	1.038	1.108	1.029	1.035	0.840	0.899	0.966	0.929	0.952	0.963	1.031	0.893	0.959	0.975	1.007	0.901
26:00:27	22.5	0.971	0.945	0.945	0.936	0.937	0.965	0.938	0.969	0.987	1.003	1.178	0.963	0.923	1.023	1.037	1.049	0.962	1.055	1.050	1.025	1.032	1.053	1.007	0.964	0.929	1.062	1.008	1.032	1.000	1.001	1.066	1.075	0.973	1.109	1.110	0.982	1.013	1.061	1.010	1.098	1.072	1.029	1.104	1.063	1.059	1.047	1.098	0.984	0.983	1.103	1.059	1.054	1.058	0.992	1.058	1.063	1.068	1.069	1.141	1.025	1.010	0.921	1.121	1.101	1.073	1.114	1.111	1.090	1.064	1.132	1.094	1.007	0.933	0.984	1.064	1.060	1.017	1.041	0.929	1.069	1.048	1.122	1.044	1.047	0.853	0.913	0.978	0.941	0.966	0.977	1.042	0.908	0.973	0.989	1.022	0.915
27:00:28	22.6	0.983	0.940	0.959	0.953	0.952	0.979	0.954	0.977	1.000	1.014	1.191	0.976	0.938	1.034	1.033	1.044	0.971	1.064	1.046	1.026	1.041	1.068	1.020	0.975	0.940	1.063	1.020	1.056	1.020	0.996	1.077	1.090	0.987	1.124	1.118	0.991	1.022	1.067	1.038	1.107	1.084	1.056	1.116	1.075	1.073	1.053	1.107	0.999	0.996	1.106	1.074	1.049	1.070	0.993	1.083	1.076	1.078	1.080	1.155	1.039	1.027	0.931	1.125	1.113	1.095	1.128	1.126	1.100	1.078	1.135	1.102	1.019	0.940	0.992	1.082	1.072	1.027	1.056	0.948	1.081	1.060	1.136	1.057	1.061	0.873	0.925	0.988	0.949	0.976	0.990	1.054	0.918	0.983	1.002	1.034	0.927
28:00:30	22.6	0.982	0.939	0.963	0.955	0.958	0.978	0.968	0.992	1.002	1.020	1.211	0.985	0.936	1.041	1.041	1.069	0.978	1.054	1.047	1.036	1.050	1.071	1.026	0.986	0.960	1.081	1.011	1.028	1.003	0.950	1.087	1.105	0.994	1.119	1.126	1.001	1.027	1.097	1.045	1.100	1.079	1.046	1.122	1.086	1.078	1.064	1.111	1.005	1.006	1.113	1.085	1.063	1.076	1.021	1.092	1.080	1.104	1.090	1.166	1.048	1.026	0.939	1.142	1.119	1.094	1.140	1.126	1.105	1.085	1.140	1.108	1.027	0.950	1.001	1.099	1.095	1.035	1.064	0.957	1.095	1.069	1.141	1.064	1.073	0.880	0.937	0.997	0.962	0.993	0.995	1.060	0.928	0.993	1.012	1.043	0.936
29:00:30	22.6	0.995	0.946	0.976	0.959	0.966	0.985	0.976	1.009	1.010	1.033	1.221	0.999	0.948	1.042	1.058	1.075	0.987	1.041	1.066	1.036	1.058	1.085	1.036	0.998	0.998	1.083	1.034	1.038	1.001	0.946	1.099	1.106	1.006	1.134	1.140	1.014	1.046	1.091	0.991	1.106	1.098	1.040	1.126	1.094	1.079	1.048	1.115	1.015	1.028	1.123	1.082	1.079	1.093	1.031	1.097	1.080	1.115	1.101	1.169	1.057	1.049	0.946	1.144	1.126	1.102	1.151	1.133	1.111	1.104	1.142	1.113	1.034	0.966	1.017	1.109	1.093	1.049	1.077	0.961	1.096	1.079	1.146	1.076	1.081	0.889	0.946	1.011	0.974	1.006	1.007	1.061	0.937	1.002	1.021	1.049	0.941
30:00:32	22.6	1.020	0.943	1.000	0.985	0.989	1.012	0.986	1.000	1.039	1.044	1.232	1.008	0.969	1.051	1.059	1.083	0.992	1.071	1.056	1.033	1.069	1.051	1.043	1.004	0.967	1.082	1.032	1.028	1.012	0.932	1.107	1.107	1.016	1.137	1.149	1.020	1.051	1.106	1.016	1.105	1.108	1.058	1.133	1.095	1.101	1.057	1.110	1.023	1.026	1.122	1.082	1.065	1.084	1.031	1.094	1.094	1.116	1.108	1.173	1.074	1.047	0.940	1.159	1.133	1.114	1.151	1.146	1.123	1.116	1.134	1.122	1.043	0.974	1.022	1.107	1.108	1.042	1.084	0.970	1.106	1.087	1.162	1.089	1.089	0.897	0.952	1.019	0.977	1.009	1.020	1.060	0.941	1.009	1.027	1.058	0.948
31:00:32	22.6	1.037	0.951	1.012	1.002	1.000	1.022	1.002	1.007	1.051	1.054	1.232	1.019	0.980	1.042	1.067	1.064	0.998	1.055	1.059	1.026	1.074	1.061	1.055	1.020	0.978	1.080	1.018	1.026	1.009	0.938	1.103	1.117	1.028	1.131	1.147	1.027	1.057	1.086	1.034	1.110	1.105	1.015	1.132	1.115	1.099	1.075	1.109	1.031	1.039	1.121	1.107	1.065	1.090	1.044	1.079	1.096	1.116	1.121	1.184	1.088	1.060	0.950	1.157	1.135	1.120	1.146	1.146	1.129	1.119	1.142	1.128	1.047	0.977	1.033	1.111	1.116	1.046	1.094	1.000	1.113	1.093	1.172	1.101	1.090	0.900	0.958	1.024	0.989	1.020	1.026	1.057	0.945	1.015	1.032	1.065	0.955
32:00:34	22.5	1.040	0.960	1.020	1.006	1.011	1.030	1.015	1.022	1.050	1.064	1.233	1.029	0.989	1.042	1.078	1.068	1.011	1.054	1.053	1.035	1.073	1.060	1.063	1.027	0.989	1.080	0.987	1.038	0.991	0.919	1.102	1.115	1.035	1.139	1.148	1.036	1.061	1.135	1.043	1.115	1.094	1.061	1.133	1.132	1.113	1.079	1.111	1.034	1.041	1.123	1.103	1.067	1.093	1.049	1.083	1.109	1.131	1.130	1.190	1.094	1.059	0.955	1.159	1.138	1.126	1.164	1.160	1.136	1.133	1.131	1.139	1.048	0.983	1.046	1.129	1.131	1.063	1.102	1.004	1.126	1.107	1.182	1.105	1.090	0.912	0.963	1.028	0.996	1.029	1.030	1.057	0.951	1.017	1.037	1.065	0.958
33:00:35	22.5	1.051	0.948	1.035	1.026	1.028	1.043	1.020	1.031	1.067	1.072	1.241	1.034	0.989	1.044	1.083	1.058	1.015	1.069	1.041	1.036	1.104	1.040	1.069	1.032	0.991	1.098	0.991	1.029	0.983	0.899	1.104	1.126	1.041	1.150	1.158	1.040	1.070	1.121	1.064	1.131	1.105	1.055	1.134	1.133	1.121	1.060	1.123	1.038	1.047	1.124	1.095	1.068	1.089	1.057	1.110	1.108	1.136	1.130	1.184	1.099	1.060	0.953	1.172	1.137	1.123	1.167	1.150	1.137	1.134	1.129	1.143	1.049	0.987	1.054	1.130	1.130	1.068	1.106	1.005	1.127	1.112	1.184	1.107	1.089	0.927	0.964	1.029	1.000	1.031	1.035	1.050	0.951	1.014	1.034	1.065	0.961
34:00:35	22.5	1.054	0.960	1.039	1.026	1.025	1.044	1.021	1.039	1.066	1.081	1.240	1.038	0.995	1.048	1.070	1.059	1.022	1.062	1.058	1.031	1.102	1.038	1.078	1.040	0.998	1.094	1.003	1.015	0.948	0.901	1.119	1.128	1.052	1.145	1.165	1.049	1.073	1.118	1.030	1.114	1.113	1.064	1.133	1.137	1.123	1.085	1.122	1.044	1.061	1.120	1.099	1.088	1.094	1.065	1.086	1.119	1.137	1.135	1.189	1.100	1.070	0.963	1.175	1.147	1.134	1.173	1.164	1.131	1.149	1.136	1.150	1.052	0.991	1.058	1.141	1.137	1.080	1.111	1.009	1.126	1.109	1.186	1.113	1.089	0.912	0.967	1.031	1.002	1.037	1.034	1.052	0.957	1.012	1.036	1.068	0.970
35:00:36	22.5	1.063	0.965	1.046	1.034	1.040	1.055	1.035	1.049	1.075	1.082	1.235	1.045	1.017	1.062	1.095	1.064	1.042	1.073	1.063	1.041	1.116	1.041	1.078	1.046	1.012	1.099	0.970	1.006	0.950	0.876	1.125	1.140	1.058	1.155	1.170	1.050	1.081	1.125	1.015	1.109	1.117	1.013	1.147	1.137	1.137	1.108	1.148	1.045	1.068	1.128	1.103	1.090	1.091	1.069	1.103	1.129	1.146	1.148	1.190	1.109	1.089	0.977	1.187	1.159	1.140	1.184	1.169	1.159	1.161	1.141	1.155	1.058	0.998	1.070	1.161	1.165	1.086	1.123	1.013	1.145	1.125	1.201	1.123	1.094	0.916	0.970	1.038	1.007	1.045	1.038	1.067	0.957	1.018	1.039	1.068	0.974
36:00:37	22.5	1.064	0.963	1.049	1.029	1.038	1.057	1.043	1.062	1.073	1.089	1.230	1.051	1.026	1.067	1.107	1.069	1.046	1.061	1.061	1.038	1.121	1.043	1.085	1.053	1.028	1.116	0.999	1.026	0.959	0.861	1.127	1.134	1.063	1.172	1.181	1.055	1.086	1.140	0.998	1.115	1.119	0.990	1.149	1.160	1.101	1.069	1.147	1.048	1.080	1.127	1.091	1.039	1.092	1.076	1.112	1.135	1.165	1.156	1.197	1.110	1.088	0.981	1.194	1.163	1.147	1.195	1.177	1.172	1.168	1.146	1.162	1.060	1.008	1.076	1.179	1.170	1.101	1.128	1.019	1.158	1.133	1.202	1.127	1.099	0.924	0.975	1.049	1.015	1.054	1.045	1.096	0.962	1.024	1.040	1.071	0.976
37:00:37	22.5	1.065	0.974	1.058	1.041	1.050	1.061	1.049	1.063	1.081	1.093	1.231	1.053	1.059	1.075	1.132	1.071	1.047	1.047	1.066	1.038	1.143	1.035	1.093	1.064	1.061	1.108	0.960	1.000	0.943	0.880	1.117	1.134	1.068	1.182	1.189	1.065	1.100	1.141	1.001	1.126	1.129	1.011	1.158	1.182	1.100	1.084	1.139	1.054	1.093	1.151	1.114	1.046	1.089	1.089	1.125	1.148	1.159	1.165	1.207	1.112	1.115	0.984	1.196	1.157	1.149	1.190	1.186	1.167	1.169	1.150	1.167	1.060	1.015	1.087	1.179	1.170	1.115	1.130	1.027	1.153	1.137	1.201	1.131	1.097	0.927	0.984	1.051	1.021	1.060	1.046	1.114	0.968	1.024	1.044	1.072	0.980
38:00:38	22.5	1.069	0.969	1.065	1.049	1.052	1.065	1.054	1.069	1.081	1.097	1.225	1.059	1.067	1.081	1.146	1.070	1.060	1.059	1.044	1.043	1.156	1.024	1.097	1.069	1.068	1.134	0.945	1.020	0.939	0.888	1.113	1.149	1.072	1.198	1.196	1.069	1.112	1.153	0.995	1.109	1.126	0.995	1.171	1.172	1.086	1.118	1.158	1.055	1.101	1.177	1.143	1.049	1.078	1.103	1.099	1.162	1.163	1.179	1.210	1.117	1.154	0.981	1.202	1.163	1.153	1.184	1.189	1.181	1.178	1.156	1.173	1.062	1.021	1.100	1.188	1.178	1.127	1.140	1.037	1.167	1.142	1.206	1.136	1.101	0.930	0.989	1.061	1.028	1.063	1.051	1.127	0.971	1.027	1.045	1.076	0.981
39:00:39	22.6	1.078	0.968	1.068	1.049	1.053	1.073	1.056	1.086	1.088	1.101	1.223	1.067	1.063	1.087	1.169	1.072	1.079	1.067	1.067	1.043	1.162	1.055	1.099	1.075	1.092	1.099	0.969	1.005	0.920	0.918	1.120	1.168	1.077	1.203	1.201	1.069	1.111	1.158	0.978	1.118	1.131	0.988	1.170	1.172	1.089	1.115	1.162	1.055	1.106	1.190	1.132	1.059	1.061	1.084	1.083	1.176	1.164	1.194	1.220	1.117	1.162	0.983	1.206	1.173	1.164	1.194	1.188	1.191	1.178	1.158	1.172	1.068	1.044	1.107	1.203	1.196	1.132	1.145	1.035	1.169	1.141	1.212	1.143	1.107	0.934	0.992	1.063	1.032	1.068	1.051	1.134	0.975	1.031	1.046	1.080	0.985
40:00:40	22.7	1.080	0.965	1.075	1.057	1.045	1.082	1.038	1.101	1.098	1.109	1.204	1.060	1.078	1.104	1.147	1.070	1.117	1.001	1.058	1.045	1.149	0.998	1.103	1.060	1.087	1.104	0.964	0.972	0.944	0.922	1.095	1.148	1.065	1.190	1.191	1.057	1.107	1.136	0.981	1.147	1.127	1.007	1.170	1.152	1.125	1.119	1.160	1.052	1.155	1.191	1.145	1.025	1.045	1.099	1.097	1.155	1.158	1.182	1.217	1.098	1.174	0.992	1.206	1.164	1.139	1.200	1.198	1.162	1.168	1.159	1.155	1.058	1.086	1.101	1.211	1.190	1.128	1.135	1.039	1.165	1.131	1.192	1.131	1.098	0.923	0.997	1.063	1.043	1.081	1.046	1.132	0.980	1.025	1.040	1.064	0.975
41:00:42	22.8	1.082	0.956	1.074	1.057	1.040	1.082	1.032	1.100	1.090	1.107	1.200	1.061	1.083	1.105	1.142	1.077	1.149	0.977	1.072	1.060	1.157	1.038	1.103	1.063	1.095	1.101	0.940	0.997	0.932	0.926	1.103	1.157	1.071	1.196	1.204	1.057	1.106	1.091	0.973	1.139	1.132	1.001	1.182	1.166	1.167	1.122	1.181	1.048	1.163	1.202	1.137	1.039	1.066	1.104	1.115	1.161	1.161	1.186	1.220	1.098	1.190	1.008	1.218	1.163	1.164	1.196	1.199	1.165	1.169	1.170	1.157	1.055	1.087	1.110	1.222	1.193	1.140	1.137	1.039	1.176	1.135	1.189	1.126	1.094	0.935	0.997	1.068	1.037	1.078	1.053	1.131	0.979	1.020	1.037	1.059	0.977
42:00:43	22.7	1.095	0.943	1.059	1.056	1.027	1.084	1.032	1.098	1.055	1.118	1.186	1.065	1.131	1.113	1.142	1.086	1.162	1.005	1.081	1.060	1.145	1.065	1.116	1.075	1.123	1.125	0.933	0.997	0.927	0.946	1.123	1.141	1.085	1.207	1.212	1.064	1.118	1.099	0.965	1.135	1.136	0.991	1.194	1.180	1.102	1.109	1.182	1.052	1.178	1.189	1.151	1.037	1.053	1.101	1.102	1.174	1.169	1.203	1.215	1.106	1.221	1.033	1.232	1.191	1.167	1.207	1.215	1.172	1.156	1.180	1.164	1.054	1.131	1.122	1.236	1.218	1.175	1.146	1.046	1.188	1.143	1.205	1.138	1.096	0.939	1.001	1.088	1.040	1.083	1.069	1.135	0.987	1.022	1.044	1.060	0.984
43:00:44	22.7	1.100	0.959	1.072	1.068	1.040	1.092	1.043	1.110	1.088	1.109	1.209	1.072	1.140	1.116	1.157	1.090	1.173	1.012	1.085	1.066	1.159	1.087	1.113	1.078	1.141	1.123	0.929	1.028	0.905	0.956	1.122	1.166	1.087	1.212	1.216	1.065	1.139	1.112	0.950	1.113	1.135	1.009	1.201	1.182	1.136	1.144	1.188	1.050	1.179	1.210	1.153	1.016	1.061	1.118	1.088	1.184	1.181	1.205	1.218	1.123	1.237	1.052	1.241	1.200	1.190	1.228	1.210	1.178	1.171	1.188	1.166	1.057	1.152	1.144	1.250	1.223	1.179	1.153	1.049	1.193	1.150	1.200	1.143	1.097	0.945	1.002	1.092	1.040	1.083	1.064	1.135	0.985	1.024	1.041	1.063	0.988
44:00:43	22.6	1.102	1.003	1.107	1.086	1.105	1.099	1.092	1.104	1.136	1.104	1.223	1.091	1.127	1.124	1.188	1.083	1.172	1.016	1.139	1.102	1.206	1.095	1.123	1.103	1.158	1.130	0.941	1.032	0.934	0.976	1.131	1.202	1.101	1.227	1.228	1.070	1.167	1.146	0.951	1.158	1.172	1.015	1.217	1.196	1.104	1.126	1.209	1.057	1.192	1.194	1.151	1.014	1.049	1.127	1.099	1.212	1.172	1.231	1.240	1.152	1.247	1.063	1.215	1.230	1.204	1.226	1.214	1.210	1.195	1.196	1.181	1.072	1.115	1.163	1.250	1.219	1.185	1.148	1.062	1.190	1.161	1.198	1.155	1.105	0.957	1.004	1.085	1.027	1.100	1.072	1.137	0.992	1.034	1.047	1.080	1.011
45:00:44	22.6	1.105	0.965	1.081	1.072	1.039	1.097	1.042	1.115	1.097	1.113	1.185	1.083	1.157	1.129	1.179	1.096	1.186	1.018	1.090	1.069	1.163	1.091	1.116	1.091	1.164	1.147	0.981	1.061	0.935	0.891	1.129	1.185	1.099	1.215	1.221	1.082	1.152	1.104	0.964	1.114	1.155	1.006	1.206	1.207	1.129	1.158	1.193	1.053	1.165	1.214	1.135	1.012	1.084	1.130	1.130	1.199	1.192	1.208	1.215	1.135	1.243	1.092	1.244	1.209	1.187	1.232	1.217	1.184	1.174	1.198	1.170	1.064	1.159	1.169	1.250	1.224	1.185	1.158	1.063	1.180	1.160	1.198	1.152	1.102	0.963	1.011	1.093	1.044	1.097	1.057	1.137	0.997	1.029	1.047	1.069	1.004
46:00:46	22.5	1.121	0.996	1.107	1.095	1.106	1.114	1.096	1.124	1.160	1.101	1.234	1.114	1.146	1.139	1.196	1.098	1.188	1.029	1.167	1.112	1.213	1.122	1.128	1.099	1.159	1.149	1.011	1.068	0.948	1.011	1.159	1.210	1.109	1.235	1.236	1.068	1.180	1.158	0.975	1.151	1.189	0.997	1.223	1.212	1.155	1.166	1.219	1.063	1.199	1.200	1.174	1.026	1.067	1.139	1.129	1.224	1.193	1.235	1.249	1.158	1.262	1.097	1.230	1.236	1.218	1.230	1.222	1.216	1.209	1.210	1.182	1.075	1.168	1.180	1.253	1.222	1.189	1.150	1.075	1.181	1.168	1.198	1.163	1.108	0.970	1.012	1.085	1.033	1.106	1.070	1.144	0.998	1.036	1.047	1.088	1.029
47:00:46	22.5	1.125	1.002	1.099	1.098	1.098	1.115	1.093	1.136	1.164	1.102	1.233	1.136	1.169	1.154	1.210	1.104	1.200	1.047	1.185	1.116	1.213	1.143	1.136	1.103	1.171	1.152	0.968	1.108	0.926	1.038	1.149	1.223	1.113	1.240	1.246	1.071	1.176	1.158	1.054	1.177	1.183	1.001	1.233	1.227	1.131	1.184	1.221	1.064	1.206	1.212	1.172	1.052	1.062	1.118	1.157	1.232	1.202	1.230	1.247	1.162	1.271	1.115	1.235	1.247	1.208	1.240	1.236	1.216	1.205	1.215	1.189	1.080	1.172	1.190	1.258	1.232	1.197	1.162	1.089	1.183	1.167	1.204	1.170	1.112	0.969	1.020	1.086	1.041	1.100	1.066	1.144	1.004	1.040	1.051	1.096	1.046
48:00:47	22.6	1.119	1.004	1.095	1.104	1.112	1.118	1.102	1.137	1.170	1.100	1.224	1.150	1.158	1.143	1.209	1.109	1.205	1.061	1.186	1.131	1.211	1.145	1.137	1.106	1.184	1.155	0.971	1.131	0.936	0.956	1.168	1.216	1.116	1.236	1.247	1.074	1.188	1.167	1.028	1.181	1.191	1.019	1.222	1.232	1.159	1.182	1.214	1.069	1.207	1.208	1.162	1.067	1.083	1.128	1.163	1.227	1.188	1.229	1.250	1.164	1.258	1.129	1.228	1.238	1.216	1.244	1.233	1.214	1.220	1.219	1.186	1.083	1.174	1.194	1.248	1.234	1.200	1.166	1.093	1.186	1.166	1.196	1.173	1.113	0.971	1.020	1.084	1.044	1.112	1.066	1.145	1.009	1.042	1.049	1.100	1.048
49:00:49	22.6	1.121	1.010	1.096	1.104	1.103	1.124	1.097	1.140	1.171	1.106	1.238	1.171	1.149	1.155	1.210	1.116	1.202	1.061	1.187	1.123	1.214	1.163	1.145	1.104	1.181	1.171	1.006	1.110	0.928	0.910	1.183	1.230	1.120	1.242	1.250	1.075	1.184	1.178	1.053	1.178	1.199	1.014	1.230	1.212	1.157	1.200	1.225	1.073	1.217	1.213	1.175	1.096	1.072	1.123	1.154	1.236	1.199	1.240	1.249	1.156	1.274	1.132	1.235	1.250	1.216	1.251	1.234	1.220	1.204	1.228	1.193	1.086	1.183	1.199	1.257	1.230	1.209	1.167	1.101	1.175	1.173	1.200	1.173	1.114	0.970	1.026	1.088	1.048	1.107	1.067	1.142	1.010	1.045	1.052	1.098	1.056
50:00:50	22.6	1.134	1.006	1.102	1.107	1.100	1.133	1.095	1.148	1.178	1.111	1.228	1.176	1.192	1.157	1.211	1.119	1.215	1.092	1.194	1.125	1.216	1.163	1.146	1.106	1.178	1.181	1.016	1.127	0.941	0.922	1.187	1.237	1.123	1.243	1.251	1.080	1.182	1.188	1.063	1.161	1.229	1.016	1.235	1.226	1.170	1.218	1.231	1.073	1.230	1.217	1.199	1.121	1.093	1.133	1.183	1.231	1.202	1.236	1.247	1.165	1.280	1.140	1.243	1.250	1.216	1.254	1.232	1.223	1.221	1.231	1.196	1.084	1.204	1.202	1.261	1.258	1.209	1.178	1.113	1.170	1.173	1.199	1.177	1.119	0.970	1.028	1.093	1.053	1.124	1.069	1.142	1.014	1.045	1.055	1.099	1.057
51:00:50	22.6	1.091	1.032	1.105	1.114	1.117	1.143	1.111	1.116	1.136	1.104	1.226	1.210	1.170	1.157	1.199	1.141	1.221	1.103	1.210	1.152	1.211	1.170	1.155	1.109	1.203	1.174	1.010	1.158	0.968	0.989	1.213	1.227	1.128	1.248	1.254	1.083	1.186	1.197	1.056	1.163	1.219	0.996	1.226	1.226	1.190	1.201	1.233	1.079	1.237	1.205	1.198	1.127	1.126	1.143	1.181	1.234	1.196	1.231	1.250	1.208	1.273	1.159	1.244	1.268	1.235	1.245	1.241	1.224	1.236	1.239	1.196	1.106	1.200	1.213	1.242	1.246	1.214	1.182	1.111	1.184	1.186	1.201	1.184	1.120	0.968	1.028	1.089	1.052	1.163	1.073	1.148	1.016	1.052	1.065	1.102	1.060
52:00:52	22.6	1.147	0.992	1.110	1.112	1.088	1.182	1.071	1.151	1.171	1.122	1.184	1.118	1.262	1.161	1.194	1.119	1.218	1.086	1.172	1.092	1.195	1.187	1.150	1.132	1.174	1.202	1.060	1.145	0.967	1.022	1.162	1.234	1.131	1.234	1.244	1.097	1.203	1.181	1.071	1.192	1.209	1.036	1.236	1.225	1.185	1.225	1.224	1.076	1.197	1.230	1.194	1.088	1.115	1.138	1.189	1.224	1.210	1.237	1.231	1.191	1.265	1.152	1.267	1.249	1.226	1.278	1.230	1.231	1.235	1.233	1.197	1.099	1.200	1.205	1.254	1.246	1.220	1.194	1.128	1.201	1.195	1.197	1.191	1.138	0.966	1.034	1.111	1.079	1.135	1.086	1.143	1.022	1.040	1.061	1.094	1.024
53:00:52	22.7	1.138	1.040	1.125	1.140	1.124	1.223	1.101	1.186	1.196	1.125	1.192	1.124	1.266	1.151	1.191	1.115	1.190	1.108	1.178	1.096	1.206	1.167	1.156	1.142	1.208	1.201	1.086	1.143	0.989	1.049	1.172	1.232	1.136	1.233	1.238	1.109	1.217	1.180	1.135	1.187	1.217	1.061	1.231	1.227	1.185	1.234	1.234	1.071	1.196	1.246	1.202	1.111	1.098	1.148	1.193	1.222	1.236	1.239	1.236	1.198	1.264	1.151	1.258	1.251	1.227	1.278	1.231	1.231	1.248	1.239	1.201	1.088	1.211	1.204	1.247	1.240	1.213	1.201	1.131	1.212	1.206	1.196	1.192	1.129	0.963	1.036	1.102	1.080	1.175	1.083	1.140	1.023	1.043	1.058	1.087	1.014
54:00:53	22.6	1.138	1.043	1.123	1.127	1.127	1.238	1.104	1.186	1.178	1.113	1.209	1.121	1.271	1.165	1.201	1.122	1.198	1.104	1.187	1.095	1.214	1.171	1.160	1.140	1.190	1.212	1.063	1.166	1.032	1.066	1.178	1.246	1.136	1.238	1.246	1.109	1.222	1.203	1.151	1.187	1.217	1.074	1.238	1.234	1.198	1.237	1.234	1.088	1.199	1.246	1.226	1.132	1.143	1.139	1.217	1.227	1.240	1.240	1.235	1.192	1.270	1.157	1.274	1.254	1.234	1.278	1.232	1.230	1.269	1.241	1.197	1.109	1.218	1.207	1.251	1.246	1.214	1.196	1.137	1.226	1.208	1.199	1.195	1.161	0.963	1.038	1.102	1.082	1.181	1.085	1.130	1.024	1.046	1.058	1.087	1.014
55:00:53	22.6	1.170	1.054	1.118	1.129	1.123	1.248	1.108	1.191	1.204	1.118	1.186	1.119	1.290	1.167	1.199	1.123	1.207	1.113	1.195	1.098	1.205	1.187	1.158	1.140	1.190	1.207	1.085	1.170	1.056	1.100	1.177	1.236	1.139	1.236	1.248	1.107	1.226	1.218	1.162	1.181	1.225	1.097	1.238	1.230	1.203	1.228	1.236	1.085	1.185	1.252	1.231	1.163	1.156	1.158	1.228	1.228	1.249	1.240	1.239	1.190	1.277	1.159	1.277	1.249	1.233	1.291	1.234	1.237	1.264	1.244	1.199	1.115	1.256	1.205	1.248	1.252	1.224	1.211	1.128	1.230	1.212	1.195	1.194	1.176	0.958	1.046	1.116	1.083	1.183	1.086	1.127	1.029	1.054	1.056	1.094	1.017
56:00:55	22.5	1.134	1.053	1.130	1.150	1.134	1.252	1.130	1.175	1.201	1.114	1.183	1.129	1.291	1.168	1.206	1.126	1.222	1.121	1.198	1.101	1.218	1.189	1.159	1.138	1.189	1.215	1.117	1.185	1.063	1.113	1.182	1.245	1.139	1.244	1.255	1.107	1.211	1.231	1.190	1.185	1.233	1.119	1.234	1.238	1.198	1.233	1.240	1.071	1.172	1.256	1.237	1.152	1.177	1.163	1.237	1.232	1.252	1.245	1.238	1.183	1.262	1.171	1.280	1.267	1.245	1.299	1.237	1.238	1.268	1.252	1.198	1.114	1.253	1.206	1.246	1.250	1.224	1.208	1.138	1.233	1.212	1.199	1.194	1.153	0.955	1.044	1.102	1.085	1.191	1.085	1.116	1.023	1.055	1.049	1.089	1.007
57:00:55	22.4	1.183	1.070	1.126	1.122	1.126	1.289	1.133	1.192	1.217	1.109	1.174	1.122	1.284	1.183	1.206	1.147	1.221	1.144	1.206	1.111	1.212	1.197	1.155	1.135	1.184	1.223	1.115	1.192	1.058	1.119	1.188	1.249	1.139	1.248	1.260	1.104	1.230	1.241	1.193	1.179	1.233	1.139	1.244	1.239	1.218	1.249	1.243	1.089	1.160	1.265	1.246	1.182	1.187	1.167	1.245	1.235	1.258	1.248	1.236	1.174	1.261	1.172	1.286	1.269	1.243	1.302	1.242	1.242	1.283	1.257	1.198	1.114	1.271	1.206	1.255	1.256	1.228	1.218	1.150	1.240	1.214	1.201	1.194	1.160	0.951	1.041	1.103	1.083	1.198	1.080	1.120	1.024	1.056	1.047	1.087	1.010
58:00:57	22.3	1.226	1.084	1.135	1.159	1.134	1.300	1.173	1.182	1.231	1.106	1.171	1.118	1.281	1.180	1.206	1.141	1.222	1.153	1.212	1.122	1.212	1.199	1.153	1.132	1.185	1.214	1.128	1.206	1.086	1.131	1.191	1.249	1.137	1.245	1.261	1.098	1.227	1.234	1.186	1.189	1.236	1.162	1.252	1.264	1.214	1.241	1.246	1.104	1.165	1.286	1.242	1.188	1.189	1.183	1.252	1.234	1.274	1.242	1.232	1.176	1.249	1.170	1.282	1.283	1.252	1.305	1.244	1.247	1.277	1.261	1.194	1.113	1.284	1.204	1.251	1.246	1.231	1.221	1.156	1.264	1.212	1.197	1.187	1.161	0.950	1.038	1.136	1.081	1.202	1.085	1.116	1.029	1.048	1.066	1.099	1.006
59:00:58	22.2	1.147	1.145	1.154	1.211	1.245	1.204	1.175	1.110	1.189	1.125	1.204	1.203	1.228	1.173	1.213	1.189	1.204	1.148	1.240	1.178	1.231	1.217	1.163	1.170	1.210	1.212	1.131	1.197	1.108	1.127	1.223	1.229	1.141	1.260	1.294	1.095	1.277	1.269	1.190	1.180	1.266	1.177	1.259	1.242	1.222	1.233	1.262	1.162	1.224	1.243	1.265	1.211	1.209	1.183	1.262	1.255	1.249	1.246	1.253	1.245	1.267	1.172	1.259	1.302	1.265	1.292	1.263	1.250	1.265	1.276	1.208	1.179	1.271	1.210	1.254	1.246	1.241	1.206	1.109	1.252	1.205	1.205	1.199	1.162	0.940	1.026	1.132	1.093	1.222	1.085	1.131	1.043	1.059	1.076	1.107	1.002
60:00:58	22.3	1.168	1.154	1.153	1.210	1.260	1.213	1.167	1.117	1.194	1.124	1.209	1.182	1.205	1.176	1.202	1.199	1.188	1.155	1.237	1.187	1.234	1.224	1.168	1.168	1.220	1.223	1.154	1.198	1.125	1.149	1.230	1.234	1.141	1.262	1.304	1.097	1.304	1.263	1.212	1.182	1.273	1.162	1.259	1.251	1.229	1.235	1.270	1.150	1.235	1.262	1.276	1.218	1.229	1.195	1.259	1.260	1.251	1.252	1.257	1.240	1.274	1.176	1.266	1.318	1.277	1.291	1.272	1.253	1.273	1.287	1.212	1.188	1.252	1.214	1.246	1.252	1.241	1.205	1.121	1.256	1.203	1.204	1.204	1.164	0.932	1.032	1.144	1.118	1.211	1.089	1.132	1.046	1.062	1.083	1.108	1.000
61:00:59	22.4	1.181	1.148	1.153	1.209	1.249	1.236	1.183	1.113	1.209	1.130	1.227	1.168	1.212	1.172	1.207	1.196	1.179	1.167	1.234	1.190	1.232	1.217	1.166	1.172	1.216	1.218	1.152	1.217	1.141	1.158	1.234	1.239	1.136	1.265	1.310	1.098	1.321	1.267	1.214	1.180	1.278	1.184	1.258	1.259	1.222	1.244	1.265	1.142	1.238	1.260	1.278	1.215	1.222	1.233	1.264	1.263	1.258	1.250	1.256	1.264	1.278	1.180	1.261	1.315	1.291	1.289	1.270	1.252	1.270	1.286	1.213	1.209	1.257	1.212	1.247	1.259	1.238	1.202	1.110	1.247	1.202	1.200	1.200	1.157	0.936	1.026	1.150	1.149	1.214	1.095	1.144	1.045	1.051	1.082	1.093	0.994
62:01:01	22.3	1.200	1.154	1.145	1.210	1.263	1.262	1.193	1.109	1.239	1.120	1.221	1.154	1.244	1.169	1.206	1.198	1.190	1.143	1.225	1.192	1.232	1.215	1.167	1.167	1.208	1.212	1.158	1.197	1.147	1.164	1.241	1.239	1.138	1.262	1.310	1.092	1.323	1.256	1.223	1.194	1.276	1.191	1.262	1.251	1.209	1.244	1.267	1.153	1.259	1.285	1.285	1.233	1.225	1.224	1.266	1.261	1.267	1.251	1.253	1.250	1.260	1.176	1.262	1.322	1.291	1.294	1.272	1.259	1.283	1.289	1.214	1.193	1.275	1.214	1.263	1.262	1.239	1.205	1.113	1.254	1.201	1.198	1.196	1.153	0.935	1.034	1.145	1.154	1.216	1.097	1.147	1.041	1.047	1.089	1.087	0.992
63:01:01	22.4	1.146	1.162	1.129	1.205	1.224	1.229	1.142	1.092	1.150	1.136	1.203	1.200	1.186	1.184	1.199	1.185	1.183	1.151	1.238	1.196	1.226	1.230	1.169	1.179	1.215	1.208	1.148	1.212	1.152	1.166	1.239	1.226	1.143	1.268	1.318	1.097	1.333	1.269	1.220	1.177	1.282	1.209	1.263	1.251	1.220	1.243	1.272	1.173	1.256	1.269	1.282	1.234	1.234	1.214	1.278	1.265	1.248	1.245	1.252	1.261	1.274	1.181	1.271	1.325	1.288	1.296	1.277	1.257	1.271	1.292	1.215	1.207	1.292	1.214	1.238	1.260	1.244	1.202	1.117	1.250	1.199	1.195	1.190	1.149	0.931	1.025	1.159	1.167	1.185	1.099	1.136	1.037	1.053	1.066	1.091	0.989
64:01:01	22.4	1.192	1.111	1.121	1.231	1.214	1.308	1.164	1.101	1.251	1.100	1.193	1.126	1.275	1.175	1.215	1.192	1.207	1.158	1.218	1.151	1.233	1.224	1.150	1.150	1.189	1.207	1.155	1.217	1.162	1.142	1.212	1.238	1.127	1.251	1.292	1.075	1.314	1.269	1.216	1.242	1.254	1.196	1.266	1.257	1.232	1.239	1.251	1.095	1.242	1.276	1.274	1.230	1.233	1.218	1.273	1.254	1.276	1.246	1.237	1.217	1.226	1.184	1.293	1.307	1.270	1.295	1.262	1.246	1.277	1.279	1.196	1.117	1.313	1.206	1.238	1.236	1.232	1.200	1.141	1.248	1.212	1.182	1.174	1.155	0.932	1.071	1.148	1.138	1.188	1.117	1.138	1.038	1.036	1.080	1.085	0.988
65:01:03	22.7	1.145	1.149	1.111	1.187	1.224	1.227	1.124	1.090	1.140	1.127	1.191	1.198	1.196	1.182	1.198	1.166	1.151	1.154	1.232	1.204	1.220	1.231	1.159	1.181	1.233	1.206	1.152	1.220	1.187	1.168	1.233	1.218	1.134	1.265	1.320	1.097	1.328	1.266	1.208	1.179	1.290	1.220	1.259	1.259	1.230	1.245	1.272	1.141	1.252	1.259	1.296	1.242	1.252	1.231	1.280	1.267	1.257	1.239	1.243	1.242	1.265	1.192	1.268	1.322	1.312	1.303	1.280	1.251	1.275	1.295	1.200	1.164	1.279	1.206	1.240	1.251	1.235	1.200	1.113	1.251	1.186	1.184	1.176	1.129	0.922	1.026	1.160	1.130	1.187	1.085	1.143	1.026	1.056	1.049	1.080	0.980
66:01:03	22.9	1.144	1.152	1.096	1.167	1.208	1.229	1.119	1.082	1.142	1.128	1.194	1.179	1.183	1.181	1.181	1.139	1.160	1.132	1.224	1.195	1.214	1.210	1.158	1.192	1.230	1.198	1.156	1.219	1.178	1.174	1.232	1.209	1.134	1.258	1.318	1.096	1.336	1.265	1.220	1.179	1.286	1.221	1.256	1.260	1.237	1.241	1.262	1.159	1.256	1.265	1.288	1.237	1.234	1.230	1.280	1.265	1.241	1.236	1.234	1.229	1.269	1.179	1.268	1.313	1.305	1.303	1.280	1.250	1.274	1.292	1.196	1.168	1.278	1.203	1.229	1.249	1.237	1.196	1.110	1.237	1.187	1.178	1.173	1.133	0.918	1.029	1.140	1.108	1.182	1.085	1.140	1.025	1.047	1.050	1.075	0.972
67:01:05	23.1	1.149	1.148	1.095	1.175	1.198	1.231	1.116	1.069	1.140	1.116	1.193	1.168	1.168	1.172	1.185	1.164	1.191	1.137	1.227	1.184	1.214	1.208	1.150	1.178	1.223	1.200	1.149	1.183	1.208	1.178	1.218	1.203	1.125	1.250	1.314	1.085	1.345	1.260	1.228	1.170	1.282	1.229	1.246	1.226	1.215	1.236	1.254	1.141	1.261	1.280	1.295	1.245	1.245	1.247	1.253	1.259	1.231	1.230	1.226	1.208	1.263	1.173	1.257	1.319	1.305	1.292	1.268	1.244	1.266	1.287	1.190	1.166	1.306	1.194	1.222	1.240	1.224	1.188	1.106	1.217	1.182	1.170	1.167	1.111	0.916	1.021	1.155	1.120	1.173	1.075	1.140	1.020	1.039	1.050	1.071	0.970
68:01:05	23.0	1.128	1.142	1.080	1.152	1.210	1.238	1.124	1.082	1.153	1.116	1.233	1.134	1.194	1.155	1.186	1.164	1.159	1.135	1.214	1.179	1.206	1.195	1.146	1.208	1.228	1.184	1.131	1.151	1.206	1.166	1.216	1.210	1.124	1.244	1.314	1.076	1.364	1.260	1.232	1.170	1.280	1.222	1.248	1.246	1.230	1.231	1.242	1.171	1.273	1.246	1.287	1.235	1.261	1.252	1.242	1.252	1.237	1.238	1.214	1.197	1.251	1.145	1.249	1.312	1.321	1.281	1.263	1.242	1.267	1.284	1.179	1.197	1.286	1.182	1.230	1.226	1.219	1.190	1.109	1.222	1.182	1.164	1.153	1.115	0.911	1.034	1.131	1.088	1.175	1.078	1.132	1.017	1.035	1.042	1.068	0.961
69:01:07	22.9	1.169	1.097	1.100	1.194	1.188	1.288	1.175	1.079	1.240	1.066	1.137	1.083	1.223	1.162	1.199	1.165	1.203	1.122	1.199	1.146	1.219	1.192	1.123	1.119	1.183	1.200	1.143	1.170	1.235	1.149	1.207	1.213	1.104	1.233	1.288	1.049	1.329	1.246	1.225	1.252	1.261	1.238	1.242	1.228	1.240	1.239	1.235	1.071	1.298	1.276	1.272	1.235	1.254	1.269	1.241	1.242	1.257	1.220	1.198	1.185	1.204	1.164	1.260	1.317	1.309	1.281	1.248	1.236	1.256	1.270	1.165	1.093	1.347	1.183	1.215	1.212	1.205	1.186	1.119	1.214	1.189	1.153	1.144	1.106	0.915	1.123	1.129	1.108	1.159	1.123	1.134	1.014	1.022	1.043	1.066	0.958
70:01:07	22.9	1.167	1.100	1.093	1.218	1.201	1.292	1.170	1.098	1.233	1.064	1.115	1.064	1.220	1.149	1.191	1.146	1.213	1.126	1.200	1.147	1.214	1.192	1.121	1.126	1.188	1.194	1.153	1.184	1.216	1.149	1.206	1.214	1.098	1.229	1.284	1.048	1.327	1.255	1.243	1.262	1.258	1.230	1.238	1.237	1.220	1.244	1.230	1.058	1.331	1.268	1.274	1.238	1.256	1.269	1.263	1.240	1.246	1.221	1.186	1.159	1.193	1.160	1.258	1.302	1.303	1.279	1.248	1.228	1.263	1.268	1.154	1.065	1.365	1.179	1.219	1.205	1.200	1.186	1.117	1.227	1.177	1.153	1.131	1.098	0.906	1.133	1.143	1.109	1.173	1.115	1.158	1.012	1.020	1.043	1.056	0.954
71:01:09	22.8	1.137	1.143	1.053	1.208	1.196	1.223	1.152	1.077	1.159	1.083	1.154	1.094	1.176	1.145	1.196	1.174	1.183	1.137	1.230	1.192	1.193	1.212	1.129	1.168	1.236	1.196	1.138	1.161	1.229	1.176	1.217	1.200	1.105	1.236	1.308	1.060	1.354	1.264	1.248	1.165	1.287	1.233	1.228	1.248	1.235	1.230	1.234	1.093	1.244	1.250	1.297	1.239	1.263	1.285	1.272	1.257	1.221	1.216	1.180	1.175	1.240	1.142	1.235	1.304	1.325	1.273	1.261	1.227	1.256	1.280	1.154	1.073	1.321	1.173	1.226	1.220	1.209	1.166	1.111	1.227	1.159	1.156	1.141	1.083	0.898	1.088	1.169	1.127	1.160	1.071	1.133	1.008	1.027	1.032	1.058	0.942
72:01:10	22.8	1.125	1.151	1.037	1.189	1.191	1.201	1.106	1.067	1.135	1.091	1.213	1.116	1.136	1.157	1.183	1.173	1.204	1.137	1.227	1.200	1.196	1.232	1.136	1.159	1.283	1.228	1.154	1.178	1.261	1.176	1.216	1.228	1.108	1.247	1.309	1.059	1.348	1.265	1.238	1.157	1.289	1.248	1.227	1.230	1.217	1.227	1.245	1.118	1.246	1.249	1.309	1.239	1.273	1.300	1.274	1.264	1.225	1.217	1.185	1.203	1.246	1.150	1.239	1.301	1.315	1.281	1.270	1.222	1.259	1.290	1.159	1.081	1.336	1.174	1.218	1.220	1.197	1.166	1.099	1.213	1.159	1.150	1.135	1.076	0.897	1.067	1.179	1.196	1.168	1.050	1.129	0.995	1.029	1.039	1.055	0.938

