Time	T° 600	A1	A2	A3	A4	A5	A6	A7	A8	A9	A10	A11	A12	B1	B2	B3	B4	B5	B6	B7	B8	B9	B10	B11	B12	C1	C2	C3	C4	C5	C6	C7	C8	C9	C10	C11	C12	D1	D2	D3	D4	D5	D6	D7	D8	D9	D10	D11	D12	E1	E2	E3	E4	E5	E6	E7	E8	E9	E10	E11	E12	F1	F2	F3	F4	F5	F6	F7	F8	F9	F10	F11	F12	G1	G2	G3	G4	G5	G6	G7	G8	G9	G10	G11	G12	H1	H2	H3	H4	H5	H6	H7	H8	H9	H10	H11	H12
0:00:06	26.0	0.058	0.044	0.051	0.046	0.043	0.044	0.045	0.042	0.045	0.046	0.047	0.046	0.043	0.043	0.043	0.046	0.045	0.044	0.052	0.043	0.043	0.046	0.046	0.046	0.042	0.043	0.042	0.043	0.042	0.045	0.042	0.044	0.044	0.046	0.041	0.047	0.043	0.042	0.042	0.042	0.042	0.043	0.044	0.045	0.043	0.045	0.044	0.044	0.043	0.047	0.043	0.052	0.046	0.047	0.046	0.043	0.046	0.044	0.042	0.043	0.046	0.047	0.047	0.043	0.045	0.043	0.043	0.048	0.047	0.042	0.044	0.045	0.050	0.062	0.049	0.046	0.043	0.044	0.045	0.045	0.046	0.044	0.045	0.053	0.043	0.047	0.044	0.045	0.042	0.043	0.046	0.045	0.045	0.053	0.049	0.043
1:00:06	26.3	0.062	0.045	0.051	0.047	0.044	0.044	0.044	0.042	0.045	0.047	0.047	0.046	0.043	0.043	0.043	0.046	0.046	0.045	0.052	0.043	0.044	0.047	0.046	0.046	0.043	0.044	0.042	0.043	0.043	0.045	0.043	0.044	0.045	0.047	0.042	0.047	0.043	0.043	0.043	0.042	0.042	0.043	0.044	0.045	0.043	0.045	0.045	0.044	0.044	0.047	0.044	0.054	0.047	0.047	0.046	0.044	0.046	0.045	0.043	0.044	0.047	0.047	0.047	0.043	0.046	0.043	0.044	0.048	0.047	0.043	0.044	0.045	0.051	0.063	0.051	0.046	0.044	0.045	0.046	0.045	0.047	0.044	0.044	0.053	0.043	0.047	0.045	0.045	0.043	0.043	0.046	0.045	0.046	0.054	0.050	0.044
2:00:07	26.5	0.065	0.045	0.051	0.047	0.043	0.044	0.045	0.042	0.045	0.047	0.047	0.046	0.043	0.044	0.043	0.046	0.046	0.044	0.053	0.043	0.044	0.047	0.046	0.046	0.043	0.044	0.042	0.043	0.043	0.045	0.043	0.044	0.045	0.047	0.043	0.048	0.044	0.043	0.043	0.042	0.042	0.043	0.045	0.045	0.043	0.045	0.045	0.045	0.044	0.047	0.044	0.054	0.047	0.048	0.046	0.044	0.046	0.045	0.043	0.044	0.047	0.047	0.047	0.043	0.046	0.043	0.044	0.048	0.047	0.043	0.045	0.046	0.051	0.064	0.051	0.047	0.044	0.045	0.046	0.046	0.047	0.045	0.044	0.053	0.043	0.048	0.045	0.045	0.043	0.043	0.046	0.046	0.046	0.054	0.050	0.044
3:00:09	26.6	0.067	0.045	0.052	0.047	0.043	0.044	0.045	0.043	0.045	0.047	0.047	0.046	0.043	0.044	0.043	0.046	0.046	0.045	0.053	0.043	0.044	0.047	0.046	0.046	0.043	0.044	0.043	0.043	0.043	0.046	0.043	0.044	0.045	0.047	0.043	0.048	0.044	0.043	0.043	0.043	0.042	0.043	0.045	0.045	0.043	0.046	0.045	0.045	0.044	0.047	0.044	0.054	0.047	0.048	0.047	0.044	0.046	0.046	0.043	0.044	0.047	0.048	0.048	0.044	0.046	0.043	0.044	0.048	0.047	0.043	0.045	0.046	0.051	0.064	0.051	0.047	0.045	0.045	0.046	0.046	0.047	0.045	0.044	0.052	0.043	0.048	0.045	0.045	0.043	0.043	0.047	0.046	0.046	0.054	0.050	0.044
4:00:10	26.6	0.067	0.046	0.052	0.048	0.044	0.045	0.045	0.043	0.046	0.047	0.048	0.047	0.045	0.045	0.044	0.047	0.047	0.045	0.053	0.045	0.045	0.048	0.047	0.047	0.044	0.044	0.044	0.044	0.044	0.047	0.044	0.046	0.046	0.047	0.043	0.049	0.045	0.044	0.044	0.044	0.043	0.045	0.046	0.046	0.044	0.046	0.046	0.046	0.045	0.048	0.045	0.056	0.048	0.049	0.047	0.045	0.047	0.046	0.044	0.045	0.048	0.049	0.048	0.045	0.047	0.044	0.045	0.048	0.048	0.044	0.046	0.047	0.052	0.066	0.052	0.048	0.046	0.046	0.048	0.047	0.048	0.046	0.045	0.054	0.045	0.049	0.046	0.047	0.044	0.044	0.048	0.046	0.047	0.055	0.052	0.045
5:00:11	26.5	0.067	0.047	0.054	0.049	0.045	0.046	0.046	0.045	0.048	0.048	0.049	0.047	0.046	0.046	0.045	0.049	0.048	0.045	0.055	0.046	0.047	0.049	0.048	0.048	0.046	0.044	0.045	0.046	0.045	0.048	0.045	0.047	0.047	0.049	0.043	0.050	0.046	0.045	0.046	0.045	0.045	0.046	0.047	0.048	0.046	0.048	0.048	0.047	0.046	0.050	0.047	0.057	0.050	0.050	0.049	0.047	0.048	0.048	0.046	0.046	0.050	0.050	0.050	0.047	0.048	0.046	0.046	0.050	0.048	0.045	0.047	0.048	0.054	0.068	0.053	0.049	0.047	0.048	0.047	0.048	0.049	0.047	0.046	0.055	0.046	0.050	0.048	0.048	0.045	0.046	0.049	0.047	0.049	0.057	0.053	0.047
6:00:12	26.1	0.067	0.050	0.056	0.051	0.046	0.047	0.049	0.046	0.050	0.048	0.050	0.049	0.048	0.049	0.047	0.051	0.051	0.045	0.056	0.048	0.049	0.052	0.050	0.050	0.047	0.045	0.047	0.048	0.047	0.051	0.048	0.049	0.049	0.051	0.044	0.053	0.048	0.048	0.048	0.047	0.047	0.048	0.050	0.050	0.048	0.051	0.050	0.049	0.048	0.052	0.049	0.059	0.052	0.052	0.051	0.049	0.050	0.050	0.048	0.049	0.051	0.052	0.052	0.048	0.050	0.048	0.049	0.052	0.048	0.047	0.049	0.051	0.057	0.070	0.056	0.051	0.049	0.051	0.047	0.051	0.051	0.050	0.048	0.057	0.048	0.052	0.050	0.050	0.048	0.049	0.052	0.048	0.051	0.059	0.055	0.050
7:00:11	25.8	0.068	0.053	0.059	0.055	0.048	0.050	0.051	0.050	0.053	0.048	0.052	0.051	0.051	0.052	0.050	0.055	0.054	0.045	0.057	0.052	0.052	0.055	0.053	0.053	0.051	0.044	0.049	0.051	0.050	0.054	0.052	0.053	0.052	0.053	0.043	0.056	0.051	0.052	0.050	0.050	0.050	0.052	0.054	0.055	0.052	0.055	0.054	0.052	0.052	0.055	0.052	0.063	0.056	0.056	0.055	0.053	0.051	0.053	0.051	0.052	0.054	0.055	0.054	0.052	0.053	0.051	0.052	0.054	0.049	0.049	0.053	0.054	0.060	0.073	0.059	0.055	0.052	0.054	0.048	0.055	0.054	0.053	0.050	0.060	0.053	0.055	0.053	0.054	0.051	0.052	0.056	0.050	0.054	0.063	0.059	0.055
8:00:13	25.5	0.069	0.060	0.065	0.061	0.051	0.055	0.057	0.056	0.060	0.048	0.056	0.055	0.058	0.059	0.054	0.061	0.060	0.045	0.058	0.060	0.059	0.061	0.058	0.057	0.057	0.045	0.054	0.056	0.056	0.062	0.060	0.061	0.058	0.058	0.044	0.063	0.059	0.060	0.055	0.057	0.055	0.059	0.064	0.067	0.060	0.063	0.062	0.059	0.057	0.062	0.060	0.069	0.064	0.064	0.063	0.061	0.056	0.059	0.059	0.058	0.060	0.060	0.061	0.059	0.059	0.058	0.060	0.059	0.049	0.055	0.060	0.062	0.069	0.077	0.066	0.061	0.057	0.061	0.049	0.065	0.059	0.060	0.054	0.067	0.062	0.060	0.059	0.063	0.056	0.060	0.066	0.053	0.061	0.072	0.068	0.066
9:00:13	25.4	0.071	0.071	0.075	0.073	0.057	0.063	0.069	0.068	0.074	0.048	0.064	0.063	0.070	0.070	0.061	0.075	0.073	0.045	0.060	0.077	0.071	0.074	0.066	0.067	0.071	0.045	0.063	0.065	0.066	0.075	0.075	0.077	0.070	0.068	0.044	0.077	0.073	0.075	0.064	0.069	0.065	0.072	0.084	0.092	0.077	0.080	0.081	0.074	0.070	0.075	0.073	0.082	0.080	0.080	0.078	0.078	0.063	0.072	0.074	0.071	0.071	0.072	0.072	0.073	0.070	0.073	0.076	0.071	0.050	0.069	0.074	0.081	0.088	0.084	0.079	0.072	0.068	0.076	0.052	0.085	0.070	0.073	0.064	0.081	0.083	0.072	0.072	0.080	0.067	0.076	0.087	0.058	0.075	0.091	0.086	0.087
10:00:15	25.3	0.076	0.091	0.096	0.096	0.068	0.080	0.092	0.092	0.101	0.048	0.080	0.079	0.095	0.091	0.075	0.097	0.095	0.045	0.062	0.106	0.096	0.098	0.082	0.087	0.100	0.045	0.078	0.082	0.084	0.099	0.103	0.109	0.093	0.089	0.044	0.105	0.106	0.101	0.080	0.092	0.085	0.098	0.118	0.133	0.106	0.113	0.113	0.106	0.096	0.098	0.097	0.106	0.108	0.107	0.100	0.107	0.077	0.097	0.105	0.098	0.097	0.092	0.097	0.101	0.094	0.101	0.108	0.092	0.050	0.095	0.104	0.116	0.121	0.097	0.107	0.094	0.088	0.102	0.056	0.117	0.090	0.098	0.084	0.113	0.117	0.095	0.098	0.111	0.090	0.106	0.121	0.068	0.104	0.124	0.119	0.120
11:00:16	25.4	0.084	0.116	0.123	0.120	0.090	0.108	0.122	0.122	0.136	0.049	0.111	0.110	0.126	0.115	0.098	0.121	0.121	0.046	0.067	0.140	0.131	0.130	0.109	0.119	0.138	0.046	0.102	0.105	0.110	0.124	0.136	0.144	0.127	0.125	0.044	0.141	0.146	0.132	0.106	0.120	0.114	0.129	0.154	0.168	0.141	0.149	0.148	0.146	0.129	0.127	0.125	0.135	0.141	0.137	0.122	0.139	0.106	0.133	0.142	0.133	0.130	0.121	0.132	0.134	0.127	0.133	0.145	0.124	0.052	0.124	0.138	0.152	0.153	0.120	0.138	0.121	0.118	0.130	0.065	0.148	0.119	0.128	0.121	0.148	0.141	0.126	0.131	0.142	0.122	0.137	0.156	0.083	0.136	0.157	0.147	0.143
12:00:17	25.5	0.099	0.140	0.150	0.142	0.118	0.138	0.150	0.156	0.174	0.048	0.147	0.142	0.157	0.144	0.126	0.147	0.153	0.045	0.074	0.179	0.168	0.164	0.142	0.155	0.172	0.045	0.129	0.129	0.137	0.152	0.170	0.178	0.166	0.163	0.044	0.172	0.180	0.170	0.136	0.151	0.150	0.168	0.192	0.197	0.180	0.186	0.182	0.178	0.163	0.160	0.158	0.166	0.179	0.169	0.143	0.174	0.141	0.170	0.177	0.166	0.164	0.150	0.165	0.171	0.163	0.169	0.181	0.164	0.053	0.143	0.168	0.180	0.177	0.147	0.171	0.149	0.149	0.162	0.084	0.179	0.148	0.158	0.158	0.178	0.160	0.157	0.159	0.169	0.157	0.162	0.182	0.107	0.165	0.184	0.168	0.153
13:00:18	25.3	0.122	0.169	0.183	0.173	0.141	0.167	0.184	0.193	0.211	0.049	0.180	0.171	0.185	0.178	0.162	0.181	0.191	0.045	0.084	0.226	0.206	0.205	0.180	0.191	0.200	0.046	0.164	0.159	0.173	0.184	0.211	0.219	0.214	0.208	0.044	0.208	0.209	0.209	0.170	0.188	0.194	0.212	0.237	0.235	0.228	0.230	0.223	0.209	0.195	0.195	0.192	0.203	0.218	0.209	0.170	0.208	0.177	0.211	0.216	0.203	0.200	0.184	0.200	0.212	0.203	0.210	0.225	0.215	0.055	0.166	0.202	0.205	0.196	0.177	0.210	0.183	0.188	0.202	0.117	0.224	0.191	0.193	0.192	0.214	0.181	0.187	0.189	0.199	0.198	0.193	0.199	0.127	0.197	0.213	0.193	0.172
14:00:19	25.3	0.150	0.202	0.222	0.211	0.176	0.204	0.225	0.230	0.251	0.049	0.209	0.197	0.211	0.219	0.204	0.219	0.238	0.045	0.099	0.272	0.250	0.244	0.226	0.221	0.223	0.046	0.205	0.197	0.214	0.224	0.261	0.267	0.260	0.259	0.044	0.247	0.236	0.246	0.212	0.230	0.238	0.254	0.285	0.276	0.276	0.278	0.258	0.231	0.230	0.236	0.232	0.243	0.262	0.255	0.202	0.250	0.220	0.260	0.260	0.236	0.238	0.223	0.237	0.254	0.248	0.254	0.273	0.272	0.056	0.180	0.234	0.228	0.212	0.219	0.255	0.224	0.229	0.246	0.149	0.277	0.241	0.231	0.222	0.247	0.199	0.219	0.219	0.235	0.244	0.222	0.235	0.145	0.230	0.240	0.216	0.192
15:00:20	25.3	0.181	0.233	0.256	0.248	0.211	0.242	0.268	0.273	0.287	0.049	0.240	0.214	0.229	0.257	0.243	0.251	0.273	0.045	0.113	0.309	0.291	0.284	0.270	0.252	0.236	0.046	0.247	0.237	0.253	0.264	0.297	0.301	0.301	0.313	0.044	0.284	0.251	0.278	0.256	0.267	0.283	0.287	0.314	0.306	0.315	0.316	0.296	0.250	0.255	0.274	0.269	0.280	0.301	0.302	0.237	0.289	0.258	0.302	0.298	0.263	0.272	0.263	0.275	0.293	0.293	0.296	0.314	0.322	0.058	0.197	0.263	0.251	0.223	0.271	0.297	0.260	0.279	0.286	0.177	0.317	0.288	0.264	0.249	0.275	0.215	0.251	0.247	0.266	0.292	0.249	0.266	0.161	0.261	0.265	0.237	0.205
16:00:21	25.3	0.204	0.260	0.289	0.281	0.256	0.276	0.303	0.309	0.320	0.049	0.258	0.227	0.248	0.297	0.285	0.280	0.310	0.046	0.125	0.335	0.323	0.318	0.305	0.278	0.249	0.046	0.285	0.277	0.287	0.300	0.328	0.334	0.333	0.349	0.044	0.324	0.267	0.313	0.299	0.304	0.326	0.319	0.347	0.329	0.345	0.345	0.321	0.257	0.282	0.305	0.302	0.316	0.338	0.309	0.271	0.329	0.287	0.335	0.324	0.281	0.311	0.299	0.306	0.334	0.332	0.332	0.348	0.361	0.060	0.204	0.285	0.261	0.227	0.317	0.340	0.296	0.316	0.318	0.197	0.352	0.328	0.288	0.264	0.274	0.227	0.280	0.265	0.291	0.328	0.270	0.299	0.170	0.287	0.283	0.250	0.209
17:00:20	25.3	0.220	0.285	0.311	0.306	0.287	0.300	0.333	0.332	0.340	0.049	0.285	0.245	0.263	0.326	0.323	0.297	0.296	0.045	0.139	0.350	0.347	0.352	0.340	0.309	0.266	0.046	0.314	0.307	0.314	0.326	0.350	0.349	0.360	0.384	0.044	0.368	0.277	0.332	0.327	0.332	0.361	0.346	0.342	0.352	0.378	0.376	0.357	0.267	0.306	0.335	0.326	0.342	0.362	0.342	0.298	0.358	0.328	0.369	0.355	0.302	0.343	0.325	0.332	0.365	0.363	0.361	0.369	0.396	0.062	0.213	0.318	0.283	0.233	0.355	0.366	0.326	0.349	0.342	0.222	0.380	0.360	0.323	0.282	0.287	0.235	0.305	0.289	0.310	0.364	0.298	0.329	0.177	0.317	0.306	0.274	0.230
18:00:21	25.2	0.228	0.297	0.320	0.323	0.301	0.328	0.339	0.331	0.354	0.049	0.317	0.250	0.268	0.343	0.337	0.312	0.241	0.045	0.160	0.359	0.367	0.377	0.369	0.313	0.271	0.047	0.328	0.328	0.334	0.344	0.358	0.359	0.375	0.406	0.044	0.368	0.286	0.346	0.352	0.350	0.377	0.355	0.327	0.361	0.395	0.381	0.379	0.276	0.319	0.355	0.339	0.357	0.381	0.333	0.277	0.369	0.329	0.386	0.370	0.321	0.373	0.338	0.351	0.383	0.387	0.375	0.395	0.419	0.066	0.219	0.338	0.278	0.241	0.383	0.377	0.354	0.380	0.356	0.256	0.392	0.352	0.335	0.294	0.287	0.241	0.328	0.308	0.341	0.384	0.317	0.355	0.181	0.337	0.329	0.286	0.250
19:00:22	25.1	0.233	0.296	0.331	0.317	0.316	0.327	0.334	0.284	0.358	0.049	0.331	0.260	0.264	0.349	0.346	0.310	0.227	0.046	0.189	0.317	0.379	0.366	0.378	0.302	0.271	0.047	0.338	0.334	0.337	0.347	0.327	0.370	0.388	0.418	0.045	0.363	0.283	0.350	0.370	0.362	0.376	0.366	0.300	0.368	0.395	0.349	0.395	0.271	0.319	0.352	0.330	0.351	0.386	0.314	0.287	0.366	0.336	0.390	0.360	0.324	0.351	0.339	0.354	0.393	0.398	0.336	0.371	0.370	0.069	0.222	0.321	0.260	0.235	0.404	0.379	0.343	0.384	0.363	0.277	0.415	0.368	0.341	0.296	0.277	0.243	0.340	0.337	0.346	0.395	0.329	0.337	0.185	0.340	0.327	0.292	0.268
20:00:24	25.1	0.235	0.316	0.344	0.297	0.300	0.341	0.315	0.323	0.379	0.049	0.332	0.276	0.259	0.343	0.334	0.306	0.270	0.045	0.224	0.252	0.377	0.372	0.388	0.353	0.286	0.047	0.310	0.331	0.322	0.268	0.365	0.373	0.364	0.419	0.045	0.386	0.287	0.324	0.367	0.364	0.386	0.371	0.299	0.340	0.386	0.364	0.386	0.267	0.329	0.355	0.323	0.332	0.382	0.313	0.270	0.358	0.322	0.370	0.366	0.345	0.342	0.346	0.367	0.404	0.409	0.314	0.395	0.374	0.072	0.223	0.319	0.263	0.235	0.413	0.379	0.366	0.368	0.355	0.303	0.409	0.379	0.379	0.291	0.270	0.230	0.347	0.346	0.364	0.387	0.302	0.359	0.194	0.365	0.328	0.297	0.327
21:00:25	25.2	0.229	0.323	0.347	0.274	0.298	0.319	0.268	0.375	0.393	0.049	0.327	0.256	0.250	0.332	0.278	0.292	0.339	0.046	0.265	0.284	0.372	0.352	0.393	0.385	0.289	0.048	0.288	0.297	0.329	0.263	0.351	0.305	0.350	0.428	0.044	0.414	0.296	0.263	0.330	0.330	0.354	0.323	0.345	0.320	0.402	0.373	0.325	0.254	0.332	0.360	0.268	0.317	0.313	0.372	0.252	0.324	0.306	0.359	0.366	0.339	0.393	0.328	0.352	0.347	0.411	0.337	0.337	0.402	0.075	0.217	0.325	0.295	0.231	0.421	0.349	0.299	0.303	0.336	0.323	0.392	0.420	0.385	0.287	0.263	0.282	0.376	0.321	0.335	0.380	0.313	0.404	0.201	0.355	0.347	0.303	0.380
22:00:26	25.5	0.224	0.266	0.317	0.293	0.269	0.295	0.315	0.415	0.359	0.049	0.336	0.295	0.242	0.296	0.280	0.253	0.375	0.045	0.306	0.363	0.385	0.314	0.396	0.410	0.315	0.048	0.253	0.238	0.270	0.324	0.269	0.289	0.334	0.450	0.044	0.455	0.265	0.320	0.266	0.357	0.365	0.275	0.395	0.340	0.395	0.330	0.326	0.227	0.309	0.365	0.308	0.281	0.325	0.432	0.281	0.307	0.283	0.357	0.362	0.394	0.431	0.294	0.366	0.331	0.423	0.378	0.303	0.335	0.079	0.213	0.319	0.339	0.237	0.422	0.351	0.276	0.344	0.352	0.341	0.413	0.463	0.338	0.284	0.262	0.344	0.337	0.295	0.349	0.351	0.381	0.445	0.205	0.368	0.322	0.324	0.420
23:00:27	25.9	0.217	0.286	0.284	0.325	0.303	0.346	0.362	0.465	0.317	0.049	0.371	0.339	0.237	0.280	0.338	0.261	0.441	0.046	0.340	0.440	0.351	0.329	0.398	0.436	0.265	0.048	0.311	0.223	0.263	0.400	0.302	0.353	0.305	0.424	0.045	0.484	0.240	0.382	0.316	0.311	0.307	0.321	0.460	0.416	0.341	0.283	0.412	0.209	0.299	0.361	0.386	0.340	0.411	0.470	0.360	0.377	0.345	0.397	0.357	0.429	0.458	0.366	0.385	0.344	0.433	0.433	0.383	0.352	0.082	0.208	0.312	0.372	0.272	0.410	0.401	0.339	0.399	0.447	0.352	0.473	0.511	0.347	0.278	0.246	0.403	0.348	0.285	0.403	0.393	0.434	0.478	0.215	0.423	0.375	0.391	0.462
24:00:28	26.2	0.208	0.282	0.299	0.365	0.341	0.370	0.385	0.510	0.354	0.049	0.405	0.345	0.226	0.330	0.394	0.304	0.462	0.045	0.368	0.489	0.312	0.429	0.389	0.477	0.285	0.048	0.374	0.308	0.293	0.444	0.409	0.417	0.365	0.372	0.044	0.499	0.273	0.416	0.367	0.281	0.297	0.399	0.509	0.425	0.344	0.387	0.436	0.255	0.316	0.308	0.424	0.399	0.467	0.509	0.392	0.434	0.396	0.453	0.367	0.456	0.500	0.405	0.369	0.422	0.427	0.481	0.434	0.455	0.085	0.221	0.357	0.400	0.323	0.367	0.467	0.386	0.452	0.488	0.356	0.533	0.532	0.408	0.270	0.242	0.442	0.400	0.263	0.443	0.438	0.479	0.537	0.231	0.473	0.432	0.438	0.496
25:00:29	26.4	0.219	0.325	0.360	0.390	0.360	0.386	0.435	0.523	0.371	0.049	0.433	0.385	0.220	0.385	0.430	0.353	0.510	0.045	0.390	0.515	0.337	0.495	0.384	0.516	0.326	0.048	0.434	0.391	0.371	0.505	0.467	0.460	0.422	0.328	0.045	0.531	0.322	0.463	0.422	0.354	0.385	0.478	0.553	0.475	0.429	0.448	0.464	0.291	0.356	0.345	0.454	0.465	0.532	0.538	0.454	0.502	0.464	0.486	0.367	0.477	0.542	0.439	0.280	0.481	0.415	0.514	0.482	0.509	0.089	0.244	0.401	0.444	0.376	0.363	0.526	0.449	0.515	0.543	0.365	0.579	0.584	0.469	0.272	0.252	0.460	0.466	0.234	0.486	0.498	0.539	0.594	0.231	0.527	0.498	0.488	0.537
26:00:29	26.5	0.207	0.324	0.371	0.418	0.384	0.425	0.452	0.563	0.397	0.049	0.458	0.417	0.218	0.445	0.461	0.422	0.541	0.046	0.406	0.578	0.376	0.554	0.368	0.530	0.336	0.048	0.477	0.463	0.440	0.538	0.498	0.510	0.473	0.310	0.045	0.543	0.346	0.515	0.480	0.417	0.416	0.509	0.587	0.518	0.504	0.489	0.514	0.321	0.379	0.404	0.494	0.531	0.560	0.584	0.492	0.541	0.498	0.520	0.330	0.498	0.582	0.481	0.256	0.527	0.363	0.558	0.535	0.566	0.093	0.280	0.465	0.478	0.420	0.416	0.586	0.495	0.567	0.577	0.367	0.605	0.621	0.538	0.256	0.311	0.481	0.528	0.232	0.552	0.541	0.602	0.677	0.233	0.575	0.525	0.537	0.585
27:00:29	26.4	0.219	0.339	0.373	0.437	0.420	0.436	0.516	0.567	0.438	0.049	0.490	0.434	0.212	0.496	0.496	0.453	0.545	0.046	0.419	0.621	0.405	0.594	0.359	0.585	0.369	0.049	0.530	0.487	0.525	0.568	0.547	0.558	0.527	0.417	0.045	0.589	0.403	0.568	0.534	0.462	0.468	0.562	0.629	0.551	0.522	0.538	0.534	0.349	0.423	0.452	0.556	0.549	0.599	0.598	0.541	0.572	0.544	0.584	0.317	0.522	0.601	0.519	0.281	0.581	0.384	0.599	0.580	0.617	0.099	0.318	0.491	0.505	0.476	0.457	0.622	0.560	0.595	0.608	0.366	0.667	0.638	0.578	0.251	0.366	0.502	0.572	0.222	0.605	0.600	0.639	0.710	0.234	0.641	0.578	0.574	0.625
28:00:31	26.3	0.242	0.365	0.400	0.459	0.460	0.452	0.537	0.598	0.456	0.049	0.541	0.465	0.210	0.515	0.540	0.510	0.596	0.046	0.433	0.658	0.441	0.619	0.357	0.613	0.401	0.049	0.598	0.549	0.568	0.589	0.581	0.609	0.558	0.508	0.045	0.624	0.433	0.604	0.565	0.517	0.530	0.604	0.654	0.604	0.573	0.582	0.564	0.392	0.458	0.505	0.586	0.595	0.639	0.630	0.591	0.613	0.577	0.623	0.334	0.568	0.658	0.560	0.334	0.623	0.440	0.632	0.628	0.670	0.106	0.353	0.535	0.537	0.509	0.515	0.660	0.604	0.663	0.656	0.369	0.684	0.688	0.617	0.261	0.416	0.531	0.611	0.265	0.651	0.657	0.679	0.756	0.236	0.704	0.621	0.607	0.672
29:00:32	26.1	0.287	0.380	0.415	0.492	0.503	0.493	0.571	0.597	0.493	0.049	0.565	0.499	0.206	0.583	0.564	0.550	0.614	0.046	0.441	0.645	0.474	0.642	0.343	0.662	0.432	0.049	0.586	0.564	0.605	0.598	0.606	0.630	0.616	0.544	0.044	0.647	0.479	0.624	0.615	0.564	0.568	0.611	0.648	0.640	0.604	0.627	0.587	0.433	0.479	0.563	0.635	0.628	0.652	0.655	0.628	0.636	0.604	0.635	0.392	0.595	0.685	0.607	0.383	0.670	0.506	0.659	0.662	0.710	0.111	0.400	0.563	0.576	0.554	0.558	0.675	0.646	0.694	0.685	0.368	0.715	0.704	0.648	0.248	0.451	0.548	0.636	0.259	0.674	0.695	0.715	0.772	0.242	0.715	0.640	0.655	0.673
30:00:32	25.7	0.302	0.404	0.440	0.480	0.513	0.495	0.580	0.578	0.497	0.049	0.609	0.533	0.201	0.608	0.587	0.572	0.637	0.045	0.443	0.663	0.499	0.675	0.328	0.636	0.440	0.049	0.638	0.620	0.614	0.607	0.610	0.648	0.658	0.597	0.045	0.657	0.540	0.675	0.640	0.577	0.603	0.646	0.691	0.704	0.647	0.656	0.597	0.464	0.517	0.605	0.656	0.646	0.680	0.655	0.650	0.666	0.631	0.663	0.451	0.613	0.681	0.633	0.434	0.683	0.538	0.688	0.687	0.731	0.115	0.440	0.591	0.593	0.570	0.600	0.700	0.656	0.742	0.693	0.361	0.734	0.716	0.667	0.220	0.485	0.495	0.654	0.323	0.695	0.731	0.732	0.777	0.246	0.726	0.674	0.680	0.681
31:00:33	25.4	0.270	0.465	0.416	0.536	0.556	0.511	0.569	0.586	0.502	0.049	0.606	0.582	0.182	0.659	0.602	0.590	0.628	0.045	0.450	0.711	0.566	0.697	0.324	0.724	0.507	0.049	0.637	0.619	0.639	0.623	0.668	0.675	0.688	0.649	0.045	0.665	0.511	0.696	0.670	0.614	0.628	0.672	0.714	0.696	0.682	0.675	0.629	0.534	0.556	0.643	0.676	0.668	0.694	0.705	0.665	0.690	0.652	0.704	0.502	0.653	0.666	0.677	0.514	0.722	0.601	0.733	0.700	0.749	0.123	0.492	0.616	0.635	0.606	0.666	0.731	0.692	0.775	0.752	0.361	0.757	0.710	0.688	0.222	0.544	0.534	0.695	0.351	0.737	0.790	0.780	0.840	0.252	0.728	0.688	0.692	0.680
32:00:35	25.5	0.310	0.499	0.440	0.573	0.601	0.529	0.582	0.591	0.517	0.049	0.622	0.614	0.169	0.688	0.650	0.617	0.653	0.046	0.451	0.751	0.591	0.729	0.318	0.728	0.530	0.049	0.654	0.640	0.652	0.642	0.681	0.718	0.708	0.684	0.045	0.698	0.573	0.684	0.712	0.618	0.684	0.699	0.746	0.708	0.728	0.708	0.646	0.585	0.577	0.687	0.689	0.703	0.749	0.716	0.681	0.730	0.661	0.695	0.533	0.665	0.690	0.716	0.569	0.763	0.624	0.765	0.731	0.786	0.136	0.561	0.670	0.654	0.624	0.706	0.770	0.740	0.788	0.740	0.357	0.756	0.732	0.693	0.270	0.592	0.490	0.700	0.316	0.777	0.802	0.781	0.860	0.260	0.743	0.710	0.706	0.643
33:00:36	25.4	0.337	0.494	0.449	0.539	0.574	0.553	0.590	0.582	0.549	0.049	0.634	0.617	0.174	0.701	0.663	0.639	0.702	0.045	0.447	0.754	0.592	0.715	0.312	0.708	0.542	0.049	0.684	0.634	0.677	0.681	0.716	0.723	0.737	0.705	0.045	0.711	0.550	0.724	0.759	0.655	0.714	0.738	0.746	0.658	0.720	0.726	0.658	0.596	0.605	0.725	0.722	0.690	0.764	0.758	0.696	0.726	0.682	0.699	0.559	0.673	0.709	0.709	0.602	0.745	0.673	0.764	0.762	0.794	0.149	0.596	0.683	0.679	0.618	0.753	0.755	0.764	0.807	0.777	0.344	0.789	0.749	0.713	0.320	0.628	0.488	0.708	0.298	0.772	0.810	0.791	0.831	0.268	0.761	0.719	0.736	0.569
34:00:37	25.4	0.354	0.500	0.456	0.537	0.570	0.546	0.584	0.595	0.548	0.049	0.637	0.610	0.196	0.717	0.692	0.683	0.682	0.046	0.442	0.750	0.633	0.711	0.302	0.689	0.563	0.050	0.688	0.682	0.718	0.690	0.755	0.727	0.740	0.723	0.045	0.708	0.573	0.756	0.764	0.684	0.724	0.745	0.767	0.648	0.733	0.705	0.661	0.609	0.617	0.739	0.739	0.741	0.776	0.774	0.716	0.738	0.662	0.726	0.597	0.681	0.689	0.741	0.638	0.777	0.707	0.781	0.770	0.803	0.162	0.649	0.697	0.674	0.610	0.769	0.764	0.766	0.835	0.782	0.334	0.797	0.772	0.725	0.376	0.682	0.487	0.725	0.321	0.771	0.811	0.795	0.845	0.271	0.768	0.741	0.745	0.529
35:00:38	25.2	0.368	0.572	0.491	0.590	0.578	0.567	0.589	0.609	0.600	0.049	0.643	0.602	0.222	0.735	0.718	0.695	0.736	0.046	0.442	0.708	0.653	0.701	0.297	0.707	0.591	0.050	0.700	0.718	0.733	0.721	0.771	0.753	0.754	0.721	0.045	0.707	0.604	0.748	0.767	0.694	0.754	0.765	0.768	0.680	0.753	0.708	0.682	0.597	0.660	0.739	0.752	0.773	0.817	0.786	0.717	0.747	0.677	0.713	0.638	0.683	0.677	0.773	0.689	0.780	0.756	0.787	0.746	0.835	0.174	0.666	0.707	0.660	0.595	0.794	0.803	0.811	0.831	0.785	0.320	0.770	0.760	0.732	0.431	0.705	0.495	0.727	0.290	0.772	0.836	0.780	0.855	0.291	0.776	0.751	0.761	0.509
36:00:38	25.2	0.388	0.549	0.492	0.606	0.553	0.583	0.608	0.628	0.633	0.050	0.635	0.617	0.255	0.747	0.728	0.727	0.722	0.046	0.436	0.697	0.666	0.695	0.289	0.720	0.592	0.051	0.723	0.732	0.745	0.731	0.751	0.718	0.752	0.742	0.045	0.710	0.607	0.798	0.793	0.724	0.748	0.784	0.784	0.653	0.776	0.706	0.700	0.581	0.687	0.786	0.785	0.762	0.816	0.817	0.694	0.744	0.678	0.697	0.669	0.658	0.684	0.781	0.697	0.806	0.769	0.836	0.802	0.844	0.183	0.655	0.745	0.654	0.578	0.848	0.774	0.797	0.839	0.808	0.304	0.745	0.761	0.735	0.510	0.732	0.520	0.672	0.385	0.779	0.845	0.812	0.851	0.287	0.803	0.760	0.764	0.501
37:00:39	25.1	0.401	0.604	0.495	0.607	0.558	0.613	0.620	0.678	0.651	0.050	0.660	0.647	0.283	0.747	0.705	0.721	0.745	0.046	0.432	0.647	0.641	0.669	0.282	0.616	0.626	0.050	0.716	0.756	0.759	0.750	0.771	0.721	0.738	0.760	0.045	0.683	0.610	0.797	0.785	0.733	0.736	0.766	0.754	0.669	0.777	0.700	0.689	0.574	0.677	0.764	0.787	0.771	0.827	0.801	0.752	0.734	0.675	0.705	0.693	0.649	0.672	0.804	0.732	0.796	0.801	0.820	0.742	0.790	0.190	0.657	0.762	0.635	0.570	0.866	0.746	0.805	0.820	0.803	0.290	0.753	0.772	0.767	0.618	0.717	0.560	0.688	0.351	0.791	0.827	0.832	0.829	0.296	0.806	0.761	0.746	0.496
38:00:39	24.9	0.425	0.614	0.486	0.571	0.554	0.661	0.604	0.668	0.668	0.050	0.617	0.603	0.339	0.743	0.726	0.725	0.742	0.045	0.421	0.614	0.636	0.681	0.276	0.637	0.615	0.050	0.732	0.736	0.765	0.761	0.794	0.689	0.748	0.750	0.045	0.657	0.624	0.792	0.787	0.752	0.739	0.777	0.761	0.721	0.755	0.697	0.666	0.594	0.656	0.788	0.767	0.789	0.820	0.774	0.742	0.736	0.699	0.717	0.698	0.634	0.659	0.761	0.732	0.815	0.816	0.838	0.746	0.775	0.193	0.664	0.747	0.653	0.576	0.878	0.767	0.769	0.794	0.811	0.279	0.747	0.775	0.774	0.699	0.703	0.557	0.683	0.433	0.755	0.819	0.791	0.787	0.293	0.829	0.728	0.716	0.481
39:00:40	24.8	0.453	0.614	0.478	0.663	0.561	0.656	0.673	0.680	0.684	0.050	0.604	0.587	0.388	0.717	0.692	0.699	0.709	0.046	0.415	0.607	0.634	0.673	0.271	0.576	0.611	0.051	0.732	0.733	0.752	0.749	0.750	0.671	0.692	0.764	0.045	0.634	0.606	0.765	0.755	0.740	0.745	0.766	0.752	0.679	0.754	0.673	0.693	0.609	0.654	0.769	0.784	0.783	0.822	0.781	0.728	0.732	0.693	0.694	0.714	0.626	0.636	0.771	0.743	0.785	0.809	0.803	0.775	0.761	0.195	0.656	0.717	0.663	0.575	0.875	0.789	0.750	0.808	0.773	0.267	0.743	0.779	0.775	0.748	0.678	0.572	0.642	0.381	0.795	0.818	0.791	0.743	0.308	0.832	0.711	0.707	0.471
40:00:42	24.8	0.434	0.619	0.472	0.625	0.611	0.692	0.675	0.700	0.642	0.049	0.567	0.597	0.424	0.710	0.671	0.691	0.573	0.045	0.402	0.599	0.653	0.653	0.266	0.602	0.615	0.050	0.670	0.707	0.735	0.731	0.669	0.659	0.694	0.764	0.045	0.615	0.635	0.756	0.755	0.730	0.749	0.765	0.733	0.747	0.736	0.702	0.686	0.627	0.646	0.765	0.755	0.794	0.790	0.745	0.721	0.733	0.690	0.724	0.735	0.630	0.622	0.750	0.751	0.800	0.808	0.815	0.720	0.752	0.195	0.662	0.778	0.683	0.580	0.879	0.811	0.761	0.789	0.783	0.255	0.750	0.764	0.794	0.783	0.659	0.584	0.632	0.364	0.771	0.799	0.741	0.710	0.310	0.827	0.681	0.665	0.484
41:00:43	24.8	0.494	0.612	0.475	0.630	0.623	0.696	0.643	0.676	0.653	0.050	0.542	0.615	0.411	0.675	0.684	0.648	0.551	0.046	0.389	0.585	0.616	0.648	0.264	0.605	0.611	0.051	0.714	0.691	0.743	0.664	0.649	0.594	0.719	0.753	0.045	0.649	0.610	0.749	0.711	0.726	0.752	0.774	0.707	0.789	0.733	0.684	0.662	0.642	0.645	0.754	0.740	0.746	0.777	0.709	0.699	0.737	0.679	0.714	0.715	0.638	0.672	0.749	0.738	0.749	0.794	0.760	0.747	0.757	0.196	0.666	0.737	0.676	0.590	0.886	0.777	0.761	0.825	0.770	0.248	0.780	0.757	0.783	0.777	0.661	0.559	0.623	0.368	0.753	0.815	0.770	0.673	0.307	0.800	0.651	0.641	0.533
42:00:43	25.0	0.489	0.619	0.468	0.687	0.646	0.693	0.676	0.679	0.670	0.051	0.577	0.679	0.419	0.658	0.692	0.612	0.536	0.046	0.372	0.584	0.582	0.652	0.253	0.589	0.604	0.051	0.695	0.619	0.736	0.696	0.669	0.655	0.720	0.761	0.045	0.648	0.617	0.672	0.718	0.712	0.733	0.703	0.632	0.796	0.722	0.680	0.661	0.662	0.639	0.734	0.734	0.759	0.774	0.721	0.773	0.747	0.676	0.690	0.703	0.643	0.730	0.738	0.759	0.779	0.784	0.780	0.691	0.802	0.191	0.645	0.703	0.659	0.583	0.852	0.788	0.739	0.827	0.797	0.234	0.774	0.758	0.771	0.740	0.665	0.538	0.622	0.381	0.754	0.810	0.768	0.691	0.320	0.796	0.648	0.628	0.493
43:00:45	25.0	0.453	0.526	0.415	0.662	0.681	0.711	0.644	0.636	0.662	0.052	0.553	0.652	0.458	0.646	0.649	0.592	0.469	0.046	0.360	0.570	0.616	0.651	0.251	0.581	0.619	0.051	0.673	0.650	0.711	0.617	0.691	0.640	0.671	0.729	0.045	0.642	0.628	0.658	0.694	0.695	0.748	0.705	0.665	0.823	0.689	0.644	0.691	0.680	0.683	0.733	0.712	0.731	0.785	0.716	0.627	0.714	0.746	0.677	0.728	0.632	0.720	0.724	0.764	0.781	0.792	0.754	0.704	0.738	0.191	0.635	0.708	0.654	0.589	0.831	0.711	0.709	0.822	0.777	0.225	0.758	0.763	0.750	0.713	0.671	0.523	0.629	0.393	0.764	0.803	0.805	0.711	0.309	0.715	0.633	0.610	0.489
44:00:46	25.1	0.392	0.520	0.460	0.642	0.601	0.710	0.637	0.690	0.675	0.054	0.564	0.604	0.464	0.646	0.662	0.572	0.529	0.046	0.344	0.562	0.589	0.647	0.244	0.600	0.606	0.051	0.666	0.679	0.711	0.582	0.639	0.665	0.728	0.708	0.045	0.632	0.700	0.748	0.691	0.652	0.735	0.693	0.625	0.812	0.688	0.670	0.701	0.692	0.691	0.686	0.734	0.710	0.776	0.688	0.736	0.726	0.652	0.697	0.731	0.632	0.727	0.686	0.732	0.735	0.779	0.765	0.718	0.798	0.191	0.631	0.708	0.627	0.600	0.828	0.767	0.739	0.836	0.790	0.219	0.751	0.782	0.761	0.698	0.691	0.501	0.683	0.387	0.725	0.783	0.775	0.632	0.314	0.704	0.617	0.604	0.474
45:00:46	25.1	0.406	0.493	0.429	0.625	0.589	0.681	0.623	0.682	0.659	0.058	0.551	0.634	0.460	0.666	0.651	0.610	0.485	0.045	0.331	0.579	0.579	0.679	0.241	0.591	0.574	0.051	0.628	0.664	0.695	0.609	0.699	0.690	0.667	0.714	0.045	0.636	0.761	0.631	0.680	0.705	0.722	0.656	0.605	0.809	0.696	0.674	0.685	0.694	0.709	0.732	0.723	0.735	0.766	0.717	0.723	0.702	0.703	0.709	0.711	0.630	0.822	0.706	0.753	0.749	0.793	0.733	0.756	0.778	0.190	0.616	0.702	0.615	0.598	0.826	0.773	0.719	0.800	0.804	0.214	0.759	0.722	0.726	0.676	0.707	0.462	0.732	0.405	0.780	0.796	0.864	0.771	0.316	0.687	0.604	0.585	0.467
46:00:47	25.1	0.384	0.498	0.429	0.596	0.552	0.669	0.599	0.713	0.660	0.063	0.576	0.606	0.453	0.677	0.630	0.566	0.537	0.045	0.320	0.589	0.598	0.669	0.237	0.626	0.602	0.051	0.612	0.660	0.656	0.632	0.648	0.673	0.659	0.725	0.045	0.649	0.793	0.716	0.690	0.650	0.697	0.680	0.684	0.846	0.737	0.681	0.704	0.681	0.726	0.701	0.671	0.714	0.741	0.744	0.751	0.689	0.728	0.702	0.711	0.616	0.729	0.663	0.744	0.792	0.778	0.803	0.791	0.782	0.187	0.611	0.753	0.586	0.642	0.812	0.748	0.713	0.803	0.796	0.210	0.755	0.795	0.715	0.672	0.729	0.438	0.774	0.429	0.797	0.775	0.729	0.847	0.312	0.706	0.659	0.559	0.458
47:00:47	25.0	0.351	0.453	0.414	0.556	0.538	0.665	0.618	0.747	0.631	0.072	0.551	0.556	0.457	0.682	0.617	0.565	0.569	0.046	0.308	0.591	0.583	0.704	0.231	0.605	0.597	0.052	0.648	0.660	0.668	0.622	0.717	0.685	0.649	0.744	0.045	0.671	0.847	0.740	0.715	0.657	0.734	0.651	0.684	0.810	0.671	0.692	0.680	0.704	0.737	0.712	0.698	0.696	0.775	0.698	0.699	0.726	0.693	0.677	0.734	0.615	0.771	0.727	0.716	0.759	0.791	0.741	0.766	0.795	0.183	0.582	0.723	0.579	0.616	0.794	0.758	0.748	0.805	0.791	0.204	0.769	0.711	0.715	0.669	0.757	0.397	0.714	0.444	0.858	0.773	0.739	0.749	0.309	0.685	0.617	0.656	0.445
48:00:49	25.0	0.354	0.522	0.398	0.536	0.594	0.683	0.589	0.614	0.613	0.084	0.553	0.566	0.444	0.676	0.599	0.553	0.534	0.046	0.300	0.588	0.611	0.709	0.228	0.623	0.618	0.052	0.588	0.650	0.699	0.603	0.704	0.728	0.670	0.743	0.045	0.683	0.679	0.690	0.703	0.670	0.707	0.667	0.706	0.859	0.696	0.703	0.646	0.701	0.703	0.724	0.669	0.711	0.761	0.731	0.745	0.718	0.754	0.680	0.710	0.581	0.807	0.725	0.750	0.779	0.788	0.744	0.786	0.803	0.180	0.592	0.748	0.593	0.591	0.772	0.795	0.716	0.853	0.805	0.200	0.804	0.793	0.702	0.643	0.793	0.405	0.773	0.456	0.893	0.812	0.858	0.786	0.304	0.666	0.622	0.765	0.462
49:00:49	24.9	0.348	0.527	0.424	0.527	0.585	0.725	0.574	0.475	0.629	0.100	0.602	0.539	0.459	0.642	0.622	0.608	0.472	0.046	0.290	0.553	0.635	0.772	0.223	0.590	0.614	0.052	0.650	0.665	0.636	0.593	0.768	0.703	0.655	0.780	0.045	0.641	0.653	0.737	0.730	0.695	0.721	0.675	0.671	0.870	0.684	0.689	0.725	0.682	0.678	0.749	0.712	0.692	0.753	0.703	0.776	0.745	0.782	0.687	0.716	0.590	0.661	0.711	0.762	0.834	0.821	0.769	0.788	0.769	0.175	0.579	0.748	0.605	0.601	0.775	0.817	0.731	0.856	0.812	0.196	0.809	0.813	0.696	0.658	0.818	0.443	0.751	0.450	0.844	0.698	0.803	0.641	0.307	0.707	0.613	0.578	0.451
50:00:51	24.8	0.297	0.508	0.462	0.515	0.535	0.608	0.528	0.529	0.598	0.121	0.553	0.542	0.458	0.663	0.606	0.610	0.489	0.046	0.280	0.560	0.642	0.615	0.221	0.570	0.577	0.052	0.612	0.686	0.631	0.633	0.728	0.749	0.662	0.788	0.045	0.657	0.637	0.712	0.737	0.661	0.705	0.688	0.728	0.886	0.716	0.707	0.658	0.686	0.651	0.710	0.762	0.719	0.752	0.691	0.766	0.668	0.848	0.776	0.692	0.571	0.728	0.665	0.798	0.831	0.792	0.744	0.765	0.851	0.174	0.582	0.804	0.604	0.585	0.771	0.782	0.775	0.861	0.798	0.193	0.821	0.730	0.692	0.647	0.793	0.468	0.792	0.467	0.884	0.748	0.825	0.648	0.301	0.693	0.614	0.555	0.445
51:00:52	24.8	0.290	0.521	0.434	0.524	0.543	0.542	0.530	0.527	0.567	0.142	0.597	0.521	0.468	0.682	0.610	0.612	0.481	0.047	0.270	0.558	0.608	0.581	0.219	0.589	0.570	0.052	0.596	0.597	0.624	0.623	0.698	0.678	0.739	0.806	0.045	0.673	0.583	0.755	0.726	0.669	0.719	0.690	0.669	0.861	0.710	0.702	0.689	0.676	0.642	0.757	0.674	0.694	0.743	0.688	0.750	0.764	0.888	0.725	0.728	0.633	0.695	0.766	0.834	0.768	0.801	0.767	0.806	0.756	0.174	0.575	0.741	0.641	0.563	0.788	0.844	0.822	0.873	0.777	0.191	0.881	0.815	0.711	0.643	0.591	0.464	0.836	0.486	0.870	0.811	0.730	0.680	0.303	0.737	0.620	0.602	0.441
52:00:53	24.7	0.306	0.509	0.432	0.539	0.512	0.502	0.507	0.503	0.556	0.156	0.583	0.530	0.455	0.676	0.632	0.581	0.529	0.047	0.261	0.526	0.606	0.598	0.219	0.586	0.576	0.053	0.577	0.625	0.620	0.604	0.763	0.746	0.710	0.759	0.045	0.698	0.561	0.729	0.780	0.647	0.709	0.702	0.722	0.804	0.746	0.733	0.650	0.677	0.645	0.723	0.716	0.717	0.788	0.720	0.825	0.746	0.819	0.813	0.735	0.655	0.709	0.797	0.784	0.801	0.791	0.795	0.817	0.854	0.171	0.571	0.751	0.657	0.561	0.841	0.862	0.834	0.900	0.793	0.190	0.813	0.765	0.771	0.653	0.595	0.412	0.728	0.473	0.847	0.670	0.798	0.762	0.300	0.865	0.652	0.732	0.427
53:00:54	24.7	0.330	0.501	0.416	0.540	0.498	0.482	0.518	0.474	0.620	0.171	0.600	0.512	0.446	0.689	0.659	0.636	0.505	0.048	0.255	0.512	0.619	0.631	0.215	0.648	0.506	0.053	0.667	0.681	0.646	0.598	0.772	0.757	0.772	0.753	0.045	0.666	0.559	0.750	0.806	0.724	0.727	0.697	0.684	0.898	0.731	0.733	0.762	0.685	0.567	0.703	0.757	0.771	0.755	0.691	0.750	0.788	0.840	0.803	0.722	0.594	0.735	0.781	0.818	0.862	0.800	0.812	0.836	0.880	0.169	0.581	0.746	0.644	0.548	0.773	0.821	0.861	0.939	0.810	0.186	0.855	0.803	0.780	0.641	0.618	0.480	0.797	0.478	0.790	0.755	0.766	0.620	0.299	0.778	0.754	0.664	0.412
54:00:55	24.8	0.359	0.509	0.406	0.548	0.509	0.506	0.525	0.538	0.635	0.177	0.573	0.546	0.461	0.664	0.682	0.628	0.549	0.050	0.247	0.560	0.610	0.603	0.216	0.574	0.563	0.053	0.634	0.638	0.645	0.605	0.777	0.780	0.719	0.784	0.045	0.781	0.559	0.763	0.736	0.663	0.722	0.736	0.727	0.813	0.746	0.795	0.796	0.667	0.551	0.709	0.779	0.778	0.780	0.704	0.809	0.803	0.813	0.806	0.727	0.602	0.600	0.721	0.825	0.842	0.846	0.793	0.838	0.862	0.169	0.576	0.829	0.645	0.540	0.836	0.858	0.776	0.887	0.777	0.185	0.868	0.810	0.777	0.648	0.592	0.399	0.727	0.475	0.742	0.722	0.856	0.673	0.284	0.878	0.603	0.551	0.390
55:00:55	24.9	0.417	0.482	0.415	0.552	0.525	0.503	0.507	0.638	0.662	0.184	0.647	0.558	0.489	0.664	0.674	0.634	0.477	0.053	0.244	0.545	0.628	0.626	0.214	0.582	0.653	0.053	0.634	0.653	0.655	0.600	0.743	0.733	0.781	0.815	0.045	0.715	0.568	0.789	0.795	0.717	0.688	0.734	0.727	0.900	0.766	0.812	0.732	0.698	0.572	0.762	0.705	0.740	0.779	0.737	0.777	0.764	0.768	0.727	0.751	0.562	0.579	0.741	0.849	0.874	0.790	0.820	0.861	0.868	0.165	0.564	0.801	0.653	0.538	0.821	0.880	0.831	0.934	0.834	0.180	0.872	0.789	0.804	0.642	0.578	0.383	0.647	0.481	0.876	0.773	0.743	0.583	0.279	0.744	0.713	0.567	0.428
56:00:56	24.9	0.461	0.493	0.430	0.565	0.497	0.525	0.525	0.567	0.677	0.194	0.631	0.537	0.431	0.693	0.655	0.597	0.487	0.056	0.239	0.636	0.629	0.614	0.212	0.566	0.489	0.053	0.661	0.683	0.621	0.621	0.773	0.819	0.700	0.762	0.045	0.668	0.537	0.782	0.776	0.725	0.719	0.742	0.722	0.874	0.744	0.753	0.737	0.705	0.518	0.807	0.799	0.773	0.801	0.757	0.771	0.714	0.849	0.793	0.723	0.605	0.568	0.773	0.770	0.872	0.838	0.825	0.886	0.864	0.163	0.579	0.835	0.616	0.497	0.817	0.870	0.837	0.939	0.840	0.180	0.906	0.882	0.739	0.636	0.567	0.374	0.597	0.480	0.791	0.807	0.671	0.585	0.274	0.858	0.588	0.550	0.397
57:00:57	24.9	0.428	0.508	0.425	0.522	0.541	0.504	0.530	0.620	0.691	0.197	0.624	0.521	0.449	0.665	0.647	0.608	0.481	0.060	0.239	0.653	0.608	0.650	0.209	0.546	0.496	0.053	0.661	0.650	0.663	0.583	0.860	0.783	0.814	0.795	0.045	0.724	0.582	0.790	0.830	0.704	0.776	0.782	0.784	0.875	0.801	0.765	0.765	0.690	0.541	0.707	0.788	0.806	0.768	0.796	0.775	0.782	0.853	0.840	0.761	0.570	0.533	0.853	0.827	0.843	0.851	0.885	0.886	0.863	0.162	0.578	0.760	0.609	0.507	0.821	0.880	0.872	0.907	0.906	0.179	0.893	0.794	0.762	0.629	0.581	0.367	0.629	0.503	0.787	0.772	0.673	0.609	0.271	0.733	0.602	0.607	0.384
58:00:58	25.0	0.434	0.510	0.459	0.540	0.507	0.508	0.546	0.625	0.677	0.199	0.625	0.540	0.414	0.611	0.634	0.623	0.481	0.066	0.213	0.577	0.653	0.632	0.207	0.561	0.510	0.053	0.712	0.683	0.622	0.648	0.793	0.855	0.795	0.798	0.045	0.664	0.546	0.775	0.847	0.767	0.704	0.711	0.763	0.859	0.734	0.734	0.803	0.672	0.499	0.799	0.833	0.820	0.785	0.790	0.835	0.788	0.813	0.878	0.749	0.556	0.528	0.759	0.868	0.871	0.814	0.791	0.863	0.887	0.160	0.587	0.760	0.597	0.464	0.801	0.906	0.898	0.901	0.865	0.176	0.864	0.863	0.776	0.644	0.595	0.368	0.617	0.493	0.742	0.709	0.737	0.533	0.266	0.747	0.621	0.526	0.390
59:00:59	24.9	0.420	0.482	0.485	0.494	0.539	0.547	0.533	0.675	0.674	0.195	0.572	0.477	0.412	0.644	0.640	0.599	0.470	0.073	0.204	0.570	0.638	0.661	0.205	0.539	0.463	0.054	0.667	0.726	0.659	0.643	0.842	0.776	0.854	0.827	0.045	0.668	0.501	0.814	0.832	0.711	0.741	0.736	0.728	0.939	0.797	0.776	0.790	0.645	0.500	0.830	0.774	0.804	0.832	0.787	0.827	0.748	0.772	0.784	0.732	0.545	0.547	0.797	0.811	0.833	0.846	0.824	0.872	0.885	0.159	0.581	0.759	0.589	0.501	0.838	0.832	0.890	0.933	0.837	0.176	0.906	0.832	0.790	0.630	0.556	0.365	0.591	0.478	0.736	0.777	0.679	0.490	0.265	0.712	0.605	0.538	0.418
60:01:00	24.8	0.386	0.453	0.502	0.539	0.501	0.549	0.572	0.619	0.674	0.190	0.557	0.473	0.375	0.627	0.632	0.628	0.523	0.080	0.226	0.601	0.645	0.714	0.202	0.542	0.473	0.053	0.686	0.709	0.686	0.638	0.870	0.768	0.807	0.821	0.045	0.680	0.436	0.817	0.838	0.777	0.714	0.734	0.811	0.894	0.813	0.761	0.729	0.615	0.475	0.849	0.813	0.750	0.772	0.770	0.820	0.790	0.828	0.864	0.733	0.563	0.545	0.811	0.810	0.836	0.854	0.814	0.919	0.907	0.158	0.620	0.784	0.575	0.469	0.811	0.847	0.859	0.946	0.866	0.174	0.884	0.765	0.825	0.642	0.570	0.363	0.597	0.466	0.695	0.750	0.653	0.526	0.259	0.683	0.568	0.543	0.376
61:01:00	24.7	0.376	0.451	0.468	0.520	0.498	0.586	0.587	0.638	0.661	0.185	0.563	0.478	0.365	0.640	0.590	0.600	0.516	0.091	0.241	0.566	0.598	0.741	0.203	0.530	0.462	0.053	0.696	0.701	0.649	0.617	0.862	0.858	0.831	0.729	0.045	0.655	0.454	0.796	0.888	0.785	0.731	0.748	0.809	0.889	0.789	0.778	0.840	0.619	0.469	0.760	0.812	0.790	0.822	0.774	0.794	0.843	0.836	0.773	0.745	0.557	0.514	0.869	0.858	0.875	0.855	0.873	0.934	0.902	0.156	0.613	0.792	0.553	0.462	0.796	0.896	0.909	0.875	0.884	0.173	0.879	0.873	0.806	0.653	0.527	0.374	0.578	0.452	0.659	0.656	0.630	0.490	0.261	0.723	0.558	0.519	0.396
62:01:02	24.5	0.433	0.465	0.483	0.547	0.507	0.553	0.577	0.663	0.678	0.182	0.604	0.488	0.388	0.658	0.638	0.624	0.522	0.110	0.263	0.595	0.609	0.710	0.199	0.528	0.431	0.053	0.663	0.732	0.657	0.616	0.822	0.798	0.768	0.817	0.045	0.662	0.442	0.846	0.871	0.801	0.752	0.740	0.772	0.886	0.788	0.761	0.694	0.588	0.478	0.835	0.780	0.769	0.803	0.775	0.819	0.891	0.845	0.804	0.852	0.534	0.520	0.818	0.883	0.843	0.833	0.866	0.912	0.827	0.156	0.694	0.715	0.543	0.466	0.827	0.860	0.903	0.940	0.855	0.172	0.890	0.795	0.704	0.642	0.557	0.386	0.574	0.472	0.696	0.641	0.637	0.501	0.257	0.666	0.559	0.536	0.410
63:01:03	24.5	0.395	0.449	0.439	0.511	0.535	0.589	0.582	0.616	0.662	0.176	0.577	0.487	0.375	0.660	0.605	0.645	0.509	0.129	0.286	0.590	0.653	0.722	0.197	0.511	0.456	0.054	0.636	0.745	0.681	0.658	0.836	0.809	0.781	0.888	0.045	0.636	0.441	0.828	0.901	0.740	0.798	0.750	0.763	0.857	0.855	0.734	0.773	0.582	0.474	0.827	0.850	0.848	0.840	0.778	0.842	0.832	0.774	0.838	0.711	0.518	0.509	0.777	0.899	0.838	0.864	0.900	0.864	0.852	0.155	0.609	0.713	0.550	0.468	0.851	0.890	0.856	0.943	0.894	0.171	0.872	0.848	0.805	0.663	0.521	0.381	0.580	0.473	0.664	0.668	0.585	0.498	0.254	0.690	0.543	0.521	0.400
64:01:04	24.6	0.360	0.463	0.406	0.529	0.524	0.531	0.570	0.610	0.643	0.173	0.574	0.456	0.389	0.652	0.615	0.624	0.552	0.145	0.308	0.569	0.666	0.687	0.194	0.565	0.412	0.054	0.661	0.734	0.643	0.672	0.827	0.767	0.833	0.814	0.045	0.627	0.446	0.828	0.841	0.738	0.799	0.793	0.801	0.847	0.852	0.863	0.798	0.548	0.452	0.784	0.803	0.813	0.821	0.797	0.847	0.871	0.828	0.758	0.754	0.523	0.509	0.794	0.884	0.877	0.855	0.873	0.904	0.890	0.154	0.592	0.741	0.523	0.461	0.804	0.856	0.883	0.952	0.883	0.169	0.922	0.824	0.778	0.653	0.517	0.374	0.553	0.427	0.658	0.635	0.624	0.522	0.254	0.686	0.532	0.504	0.416
65:01:04	24.6	0.332	0.434	0.425	0.512	0.516	0.558	0.526	0.602	0.669	0.172	0.548	0.439	0.389	0.669	0.657	0.645	0.525	0.159	0.342	0.594	0.642	0.711	0.191	0.514	0.420	0.053	0.674	0.730	0.651	0.664	0.841	0.782	0.902	0.832	0.045	0.612	0.436	0.823	0.928	0.812	0.803	0.785	0.782	0.904	0.821	0.777	0.825	0.567	0.442	0.797	0.847	0.810	0.851	0.823	0.869	0.802	0.784	0.770	0.735	0.527	0.479	0.773	0.827	0.908	0.820	0.842	0.889	0.840	0.152	0.589	0.805	0.537	0.455	0.803	0.829	0.863	0.998	0.861	0.168	0.930	0.803	0.861	0.645	0.499	0.366	0.567	0.444	0.671	0.616	0.564	0.498	0.257	0.658	0.535	0.515	0.419
66:01:05	24.7	0.361	0.489	0.452	0.552	0.503	0.565	0.564	0.640	0.655	0.171	0.578	0.452	0.451	0.690	0.678	0.628	0.523	0.172	0.373	0.574	0.664	0.709	0.190	0.500	0.403	0.051	0.685	0.704	0.682	0.651	0.908	0.832	0.745	0.854	0.045	0.616	0.407	0.805	0.908	0.785	0.755	0.798	0.766	0.904	0.818	0.828	0.735	0.556	0.440	0.805	0.808	0.810	0.858	0.827	0.793	0.880	0.826	0.767	0.797	0.529	0.480	0.816	0.848	0.931	0.911	0.885	0.885	0.938	0.152	0.613	0.789	0.533	0.439	0.796	0.853	0.898	0.946	0.892	0.168	0.846	0.858	0.733	0.664	0.483	0.385	0.540	0.452	0.649	0.740	0.546	0.498	0.255	0.641	0.529	0.499	0.420
67:01:06	25.1	0.368	0.484	0.443	0.522	0.489	0.586	0.654	0.669	0.694	0.170	0.553	0.518	0.419	0.668	0.592	0.643	0.550	0.183	0.400	0.612	0.631	0.755	0.189	0.511	0.398	0.050	0.674	0.732	0.693	0.670	0.824	0.793	0.796	0.817	0.044	0.633	0.416	0.847	0.877	0.763	0.767	0.805	0.816	0.923	0.832	0.808	0.778	0.530	0.459	0.819	0.818	0.815	0.833	0.845	0.786	0.885	0.782	0.749	0.696	0.500	0.487	0.831	0.870	0.904	0.855	0.898	0.905	0.848	0.150	0.617	0.742	0.528	0.445	0.797	0.836	0.888	0.947	0.889	0.166	0.872	0.865	0.697	0.659	0.476	0.395	0.525	0.428	0.652	0.620	0.535	0.500	0.259	0.622	0.524	0.489	0.412
68:01:07	25.3	0.350	0.566	0.449	0.562	0.551	0.649	0.642	0.668	0.672	0.162	0.566	0.517	0.450	0.638	0.694	0.616	0.541	0.194	0.432	0.634	0.613	0.750	0.187	0.497	0.460	0.050	0.695	0.746	0.679	0.706	0.844	0.861	0.674	0.822	0.045	0.599	0.408	0.817	0.883	0.768	0.708	0.766	0.828	0.880	0.857	0.817	0.680	0.507	0.443	0.857	0.833	0.815	0.832	0.822	0.890	0.864	0.845	0.809	0.760	0.515	0.492	0.836	0.782	0.876	0.865	0.870	0.876	0.906	0.150	0.621	0.701	0.489	0.427	0.835	0.791	0.853	0.888	0.852	0.164	0.860	0.836	0.824	0.641	0.477	0.388	0.495	0.381	0.634	0.599	0.506	0.497	0.255	0.611	0.535	0.512	0.413
69:01:08	25.5	0.351	0.465	0.429	0.575	0.549	0.572	0.646	0.625	0.685	0.167	0.542	0.542	0.380	0.678	0.673	0.611	0.505	0.205	0.457	0.637	0.670	0.750	0.185	0.512	0.475	0.049	0.690	0.713	0.706	0.707	0.887	0.896	0.713	0.817	0.045	0.598	0.409	0.818	0.885	0.805	0.789	0.836	0.750	0.925	0.816	0.779	0.794	0.497	0.438	0.833	0.843	0.844	0.868	0.805	0.884	0.870	0.907	0.801	0.814	0.499	0.495	0.801	0.835	0.901	0.898	0.893	0.939	0.849	0.148	0.629	0.732	0.488	0.402	0.875	0.881	0.900	0.934	0.812	0.163	0.847	0.837	0.734	0.653	0.455	0.386	0.537	0.406	0.625	0.599	0.520	0.485	0.260	0.587	0.541	0.512	0.425
70:01:09	25.6	0.308	0.497	0.447	0.587	0.542	0.604	0.612	0.625	0.665	0.158	0.532	0.482	0.379	0.692	0.643	0.676	0.576	0.208	0.465	0.595	0.632	0.771	0.183	0.492	0.449	0.048	0.697	0.743	0.692	0.683	0.890	0.851	0.799	0.832	0.045	0.594	0.388	0.824	0.920	0.869	0.849	0.840	0.789	0.886	0.837	0.789	0.815	0.513	0.431	0.795	0.884	0.797	0.854	0.802	0.816	0.897	0.840	0.787	0.781	0.480	0.468	0.832	0.847	0.876	0.925	0.881	0.924	0.928	0.147	0.624	0.728	0.487	0.398	0.794	0.827	0.851	0.964	0.929	0.162	0.865	0.885	0.732	0.643	0.442	0.380	0.513	0.376	0.631	0.566	0.532	0.467	0.260	0.582	0.522	0.468	0.429
71:01:10	25.5	0.327	0.542	0.448	0.569	0.597	0.622	0.651	0.598	0.659	0.155	0.545	0.580	0.401	0.639	0.654	0.620	0.594	0.210	0.495	0.616	0.702	0.925	0.181	0.480	0.469	0.048	0.733	0.781	0.686	0.630	0.891	0.832	0.762	0.792	0.045	0.572	0.399	0.851	0.885	0.771	0.765	0.804	0.843	0.869	0.818	0.813	0.733	0.490	0.403	0.835	0.818	0.891	0.865	0.800	0.921	0.882	0.766	0.743	0.795	0.488	0.468	0.777	0.778	0.938	0.879	0.910	0.911	0.846	0.147	0.621	0.700	0.470	0.397	0.850	0.850	0.848	0.933	0.877	0.161	0.907	0.814	0.694	0.649	0.439	0.393	0.505	0.378	0.621	0.530	0.507	0.477	0.259	0.578	0.519	0.483	0.429
72:01:11	25.4	0.327	0.503	0.442	0.572	0.545	0.603	0.612	0.611	0.624	0.159	0.553	0.565	0.375	0.658	0.647	0.646	0.511	0.204	0.499	0.619	0.699	0.852	0.180	0.513	0.450	0.047	0.708	0.819	0.702	0.694	0.868	0.840	0.763	0.816	0.045	0.565	0.379	0.822	0.875	0.778	0.790	0.807	0.850	0.927	0.883	0.848	0.753	0.485	0.389	0.845	0.836	0.811	0.882	0.886	0.915	0.925	0.842	0.839	0.796	0.471	0.460	0.793	0.833	0.887	0.873	0.919	0.904	0.816	0.147	0.623	0.689	0.455	0.395	0.812	0.829	0.843	0.961	0.896	0.161	0.860	0.863	0.715	0.633	0.436	0.401	0.498	0.382	0.592	0.566	0.485	0.473	0.255	0.610	0.516	0.483	0.432

