Time	T° 600	A1	A2	A3	A4	A5	A6	A7	A8	A9	A10	A11	A12	B1	B2	B3	B4	B5	B6	B7	B8	B9	B10	B11	B12	C1	C2	C3	C4	C5	C6	C7	C8	C9	C10	C11	C12	D1	D2	D3	D4	D5	D6	D7	D8	D9	D10	D11	D12	E1	E2	E3	E4	E5	E6	E7	E8	E9	E10	E11	E12	F1	F2	F3	F4	F5	F6	F7	F8	F9	F10	F11	F12	G1	G2	G3	G4	G5	G6	G7	G8	G9	G10	G11	G12	H1	H2	H3	H4	H5	H6	H7	H8	H9	H10	H11	H12
0:00:06	26.0	0.042	0.043	0.047	0.047	0.044	0.045	0.042	0.042	0.044	0.044	0.047	0.043	0.041	0.041	0.042	0.054	0.045	0.042	0.042	0.042	0.043	0.046	0.045	0.046	0.042	0.041	0.044	0.041	0.043	0.043	0.046	0.046	0.043	0.050	0.043	0.045	0.041	0.042	0.042	0.042	0.041	0.047	0.045	0.045	0.042	0.044	0.043	0.044	0.042	0.043	0.044	0.043	0.043	0.045	0.043	0.041	0.043	0.042	0.041	0.042	0.042	0.043	0.047	0.042	0.042	0.042	0.042	0.042	0.041	0.041	0.042	0.042	0.045	0.043	0.048	0.043	0.043	0.043	0.042	0.045	0.046	0.041	0.041	0.042	0.042	0.045	0.041	0.044	0.041	0.042	0.045	0.046	0.045	0.046	0.043	0.043
1:00:07	26.3	0.043	0.043	0.047	0.047	0.044	0.045	0.042	0.042	0.044	0.044	0.047	0.043	0.042	0.042	0.043	0.053	0.045	0.042	0.042	0.043	0.043	0.047	0.045	0.046	0.042	0.042	0.044	0.042	0.043	0.043	0.045	0.045	0.044	0.050	0.043	0.045	0.041	0.042	0.042	0.042	0.041	0.050	0.045	0.045	0.042	0.045	0.044	0.045	0.042	0.043	0.044	0.043	0.044	0.045	0.044	0.042	0.044	0.042	0.042	0.042	0.042	0.043	0.048	0.043	0.043	0.042	0.043	0.042	0.042	0.042	0.042	0.042	0.046	0.043	0.047	0.043	0.043	0.043	0.043	0.045	0.046	0.042	0.042	0.042	0.042	0.045	0.042	0.043	0.042	0.042	0.046	0.046	0.045	0.046	0.043	0.044
2:00:08	26.5	0.043	0.043	0.047	0.047	0.045	0.046	0.042	0.042	0.044	0.044	0.047	0.044	0.042	0.042	0.043	0.053	0.045	0.043	0.043	0.043	0.044	0.047	0.045	0.047	0.042	0.042	0.044	0.042	0.043	0.043	0.044	0.044	0.044	0.050	0.044	0.046	0.042	0.042	0.042	0.042	0.042	0.049	0.045	0.046	0.043	0.045	0.044	0.045	0.042	0.043	0.044	0.043	0.044	0.046	0.045	0.042	0.044	0.043	0.042	0.043	0.043	0.043	0.049	0.043	0.043	0.043	0.043	0.042	0.043	0.043	0.043	0.043	0.046	0.043	0.047	0.044	0.044	0.043	0.043	0.045	0.047	0.042	0.043	0.043	0.043	0.046	0.042	0.043	0.042	0.043	0.046	0.047	0.046	0.047	0.043	0.044
3:00:10	26.6	0.043	0.044	0.048	0.048	0.045	0.046	0.043	0.043	0.045	0.045	0.047	0.044	0.042	0.043	0.043	0.053	0.045	0.043	0.043	0.044	0.044	0.047	0.046	0.047	0.043	0.042	0.044	0.043	0.044	0.044	0.044	0.044	0.045	0.051	0.044	0.046	0.042	0.043	0.043	0.043	0.042	0.049	0.046	0.047	0.043	0.045	0.044	0.046	0.043	0.044	0.045	0.044	0.044	0.046	0.045	0.042	0.045	0.043	0.043	0.043	0.043	0.044	0.049	0.043	0.043	0.043	0.044	0.043	0.043	0.043	0.044	0.043	0.047	0.043	0.048	0.044	0.044	0.043	0.043	0.046	0.047	0.042	0.043	0.043	0.043	0.046	0.043	0.043	0.043	0.043	0.046	0.047	0.046	0.047	0.044	0.045
4:00:11	26.6	0.043	0.044	0.048	0.047	0.045	0.047	0.043	0.043	0.045	0.045	0.048	0.045	0.042	0.043	0.044	0.053	0.044	0.043	0.043	0.044	0.044	0.048	0.046	0.047	0.043	0.043	0.044	0.043	0.044	0.044	0.044	0.044	0.045	0.050	0.044	0.046	0.043	0.043	0.043	0.042	0.042	0.049	0.046	0.046	0.043	0.046	0.045	0.046	0.043	0.044	0.045	0.044	0.045	0.046	0.044	0.043	0.045	0.043	0.043	0.044	0.043	0.043	0.049	0.044	0.043	0.043	0.044	0.043	0.043	0.043	0.043	0.043	0.047	0.044	0.047	0.044	0.044	0.043	0.043	0.046	0.047	0.042	0.043	0.043	0.043	0.046	0.043	0.043	0.043	0.043	0.047	0.047	0.047	0.047	0.044	0.045
5:00:11	26.5	0.045	0.045	0.050	0.049	0.047	0.048	0.044	0.045	0.047	0.046	0.049	0.046	0.043	0.044	0.045	0.054	0.044	0.045	0.045	0.045	0.046	0.049	0.047	0.048	0.044	0.044	0.045	0.044	0.046	0.046	0.046	0.045	0.047	0.052	0.046	0.048	0.044	0.044	0.044	0.043	0.044	0.050	0.047	0.048	0.045	0.048	0.046	0.047	0.044	0.045	0.046	0.045	0.046	0.046	0.045	0.043	0.046	0.044	0.044	0.045	0.044	0.044	0.050	0.045	0.045	0.045	0.045	0.045	0.045	0.045	0.045	0.044	0.048	0.045	0.049	0.046	0.045	0.045	0.043	0.048	0.049	0.043	0.045	0.044	0.045	0.048	0.044	0.045	0.045	0.045	0.048	0.048	0.048	0.049	0.046	0.046
6:00:13	26.1	0.046	0.046	0.051	0.050	0.048	0.050	0.047	0.046	0.049	0.048	0.050	0.047	0.044	0.046	0.046	0.055	0.045	0.046	0.048	0.047	0.048	0.051	0.049	0.049	0.046	0.045	0.044	0.046	0.047	0.047	0.047	0.046	0.048	0.053	0.048	0.048	0.046	0.047	0.045	0.042	0.046	0.052	0.050	0.049	0.047	0.049	0.048	0.048	0.045	0.047	0.048	0.047	0.047	0.046	0.045	0.044	0.048	0.045	0.045	0.046	0.046	0.044	0.050	0.046	0.046	0.046	0.047	0.046	0.047	0.047	0.046	0.045	0.049	0.046	0.050	0.047	0.047	0.046	0.043	0.050	0.050	0.043	0.047	0.046	0.046	0.049	0.046	0.047	0.047	0.047	0.050	0.050	0.050	0.051	0.047	0.047
7:00:12	25.8	0.049	0.048	0.054	0.053	0.052	0.053	0.050	0.049	0.052	0.050	0.053	0.049	0.047	0.049	0.050	0.057	0.045	0.050	0.052	0.050	0.051	0.053	0.051	0.051	0.049	0.047	0.045	0.048	0.050	0.051	0.051	0.049	0.052	0.056	0.051	0.050	0.049	0.051	0.048	0.043	0.050	0.057	0.053	0.053	0.051	0.053	0.051	0.050	0.047	0.049	0.050	0.050	0.050	0.046	0.047	0.047	0.051	0.048	0.048	0.048	0.049	0.044	0.050	0.049	0.048	0.049	0.051	0.050	0.051	0.051	0.048	0.048	0.051	0.048	0.051	0.049	0.048	0.049	0.043	0.053	0.053	0.043	0.050	0.048	0.048	0.051	0.048	0.049	0.050	0.050	0.054	0.052	0.054	0.054	0.051	0.050
8:00:13	25.6	0.053	0.050	0.059	0.056	0.058	0.059	0.057	0.054	0.057	0.053	0.058	0.052	0.051	0.054	0.054	0.058	0.045	0.055	0.059	0.056	0.058	0.057	0.056	0.053	0.054	0.050	0.045	0.051	0.054	0.058	0.056	0.054	0.058	0.059	0.056	0.052	0.054	0.056	0.050	0.043	0.057	0.064	0.059	0.059	0.057	0.061	0.057	0.052	0.049	0.052	0.053	0.054	0.055	0.046	0.049	0.050	0.055	0.051	0.051	0.049	0.054	0.044	0.051	0.051	0.052	0.055	0.057	0.055	0.059	0.057	0.051	0.050	0.052	0.049	0.052	0.052	0.050	0.052	0.043	0.059	0.059	0.043	0.055	0.050	0.050	0.053	0.051	0.053	0.056	0.056	0.061	0.057	0.061	0.060	0.055	0.052
9:00:14	25.4	0.061	0.053	0.068	0.061	0.069	0.071	0.069	0.062	0.068	0.059	0.067	0.058	0.057	0.064	0.062	0.060	0.045	0.067	0.071	0.066	0.069	0.065	0.064	0.058	0.065	0.053	0.045	0.056	0.061	0.070	0.066	0.062	0.072	0.066	0.066	0.055	0.064	0.068	0.056	0.043	0.070	0.081	0.070	0.069	0.070	0.076	0.067	0.055	0.051	0.057	0.059	0.061	0.064	0.047	0.052	0.055	0.063	0.057	0.058	0.053	0.063	0.044	0.053	0.056	0.057	0.065	0.067	0.066	0.074	0.070	0.056	0.054	0.055	0.052	0.055	0.058	0.053	0.058	0.043	0.070	0.069	0.043	0.068	0.054	0.054	0.057	0.058	0.060	0.065	0.068	0.076	0.066	0.075	0.073	0.066	0.058
10:00:16	25.3	0.076	0.059	0.082	0.072	0.092	0.094	0.093	0.079	0.089	0.071	0.085	0.070	0.072	0.082	0.079	0.065	0.046	0.093	0.092	0.085	0.088	0.080	0.081	0.068	0.087	0.061	0.046	0.064	0.073	0.094	0.086	0.077	0.100	0.080	0.086	0.061	0.083	0.090	0.065	0.044	0.094	0.108	0.091	0.090	0.094	0.106	0.089	0.063	0.057	0.067	0.069	0.074	0.082	0.047	0.059	0.064	0.079	0.069	0.071	0.061	0.082	0.044	0.050	0.065	0.068	0.086	0.086	0.087	0.103	0.096	0.066	0.064	0.060	0.058	0.060	0.069	0.059	0.072	0.043	0.092	0.093	0.044	0.093	0.063	0.062	0.065	0.072	0.078	0.087	0.093	0.108	0.086	0.105	0.101	0.087	0.073
11:00:16	25.4	0.102	0.072	0.102	0.091	0.122	0.123	0.126	0.104	0.117	0.094	0.115	0.098	0.100	0.109	0.105	0.071	0.045	0.123	0.121	0.114	0.116	0.108	0.109	0.092	0.121	0.074	0.046	0.079	0.094	0.121	0.116	0.103	0.136	0.102	0.117	0.075	0.111	0.112	0.084	0.043	0.119	0.135	0.113	0.118	0.123	0.141	0.122	0.081	0.069	0.087	0.089	0.097	0.110	0.047	0.072	0.082	0.102	0.092	0.095	0.081	0.114	0.044	0.051	0.082	0.090	0.118	0.111	0.120	0.135	0.129	0.085	0.087	0.070	0.069	0.068	0.090	0.072	0.100	0.043	0.119	0.126	0.044	0.125	0.086	0.080	0.085	0.103	0.111	0.119	0.128	0.138	0.123	0.137	0.135	0.120	0.104
12:00:18	25.5	0.133	0.095	0.122	0.114	0.153	0.152	0.160	0.134	0.153	0.130	0.152	0.138	0.135	0.135	0.133	0.086	0.046	0.150	0.158	0.150	0.153	0.144	0.150	0.130	0.153	0.095	0.047	0.101	0.117	0.153	0.152	0.135	0.170	0.136	0.156	0.101	0.141	0.132	0.111	0.044	0.147	0.166	0.140	0.148	0.155	0.178	0.158	0.116	0.096	0.115	0.114	0.125	0.143	0.047	0.098	0.110	0.129	0.122	0.126	0.117	0.148	0.044	0.051	0.109	0.121	0.153	0.138	0.153	0.167	0.162	0.116	0.125	0.094	0.092	0.088	0.123	0.099	0.139	0.043	0.148	0.161	0.044	0.158	0.121	0.112	0.119	0.142	0.148	0.153	0.163	0.165	0.156	0.168	0.164	0.151	0.133
13:00:19	25.4	0.160	0.125	0.146	0.137	0.185	0.183	0.195	0.170	0.194	0.177	0.199	0.180	0.161	0.164	0.164	0.107	0.046	0.171	0.199	0.200	0.198	0.183	0.198	0.174	0.180	0.117	0.048	0.124	0.141	0.185	0.198	0.182	0.204	0.186	0.203	0.133	0.178	0.159	0.140	0.044	0.179	0.201	0.170	0.178	0.190	0.212	0.194	0.157	0.133	0.140	0.138	0.159	0.179	0.047	0.129	0.137	0.162	0.151	0.157	0.155	0.187	0.044	0.052	0.140	0.153	0.192	0.170	0.189	0.201	0.195	0.144	0.161	0.128	0.122	0.122	0.158	0.134	0.185	0.043	0.185	0.196	0.044	0.186	0.150	0.143	0.157	0.175	0.184	0.189	0.195	0.187	0.184	0.195	0.191	0.174	0.151
14:00:20	25.3	0.185	0.156	0.176	0.169	0.208	0.212	0.230	0.206	0.235	0.225	0.243	0.221	0.191	0.198	0.199	0.137	0.046	0.194	0.241	0.246	0.238	0.225	0.245	0.215	0.217	0.145	0.049	0.155	0.170	0.222	0.248	0.235	0.241	0.242	0.238	0.167	0.220	0.189	0.176	0.045	0.217	0.237	0.204	0.218	0.231	0.255	0.240	0.199	0.175	0.172	0.170	0.200	0.219	0.047	0.159	0.171	0.201	0.188	0.193	0.188	0.230	0.044	0.053	0.178	0.193	0.237	0.204	0.228	0.243	0.237	0.172	0.197	0.161	0.157	0.160	0.200	0.169	0.238	0.043	0.232	0.240	0.044	0.224	0.175	0.170	0.199	0.206	0.209	0.233	0.232	0.216	0.214	0.231	0.222	0.200	0.168
15:00:21	25.3	0.207	0.190	0.209	0.200	0.230	0.244	0.268	0.244	0.274	0.272	0.291	0.259	0.223	0.237	0.243	0.172	0.046	0.216	0.274	0.288	0.273	0.272	0.286	0.256	0.256	0.176	0.051	0.188	0.206	0.255	0.297	0.287	0.273	0.292	0.294	0.202	0.264	0.225	0.216	0.045	0.250	0.274	0.235	0.259	0.266	0.297	0.288	0.238	0.214	0.209	0.203	0.241	0.263	0.047	0.190	0.209	0.241	0.230	0.238	0.215	0.267	0.044	0.054	0.216	0.234	0.287	0.239	0.265	0.279	0.282	0.198	0.230	0.193	0.196	0.199	0.242	0.203	0.293	0.043	0.276	0.286	0.044	0.268	0.201	0.191	0.245	0.239	0.234	0.278	0.263	0.245	0.238	0.266	0.249	0.231	0.188
16:00:22	25.3	0.223	0.222	0.238	0.233	0.256	0.275	0.303	0.281	0.310	0.310	0.327	0.278	0.255	0.277	0.284	0.217	0.047	0.227	0.301	0.325	0.303	0.310	0.307	0.282	0.282	0.210	0.056	0.222	0.239	0.286	0.339	0.333	0.291	0.337	0.337	0.237	0.304	0.255	0.256	0.045	0.280	0.312	0.265	0.293	0.298	0.327	0.322	0.272	0.255	0.252	0.241	0.281	0.301	0.047	0.227	0.250	0.278	0.275	0.282	0.239	0.299	0.044	0.055	0.256	0.276	0.332	0.272	0.287	0.308	0.323	0.226	0.252	0.223	0.236	0.234	0.286	0.240	0.337	0.043	0.312	0.318	0.044	0.307	0.220	0.205	0.283	0.268	0.246	0.317	0.279	0.263	0.251	0.284	0.268	0.238	0.196
17:00:21	25.3	0.236	0.243	0.263	0.259	0.265	0.293	0.327	0.318	0.327	0.341	0.362	0.299	0.279	0.303	0.316	0.274	0.047	0.233	0.320	0.356	0.332	0.343	0.328	0.307	0.309	0.239	0.068	0.250	0.264	0.314	0.374	0.374	0.305	0.374	0.372	0.267	0.333	0.284	0.286	0.045	0.299	0.333	0.292	0.325	0.329	0.353	0.355	0.303	0.291	0.291	0.277	0.318	0.329	0.047	0.270	0.291	0.311	0.313	0.323	0.259	0.332	0.044	0.057	0.293	0.309	0.366	0.305	0.310	0.338	0.360	0.262	0.283	0.250	0.276	0.271	0.324	0.281	0.371	0.043	0.346	0.343	0.044	0.338	0.233	0.223	0.315	0.284	0.253	0.350	0.292	0.282	0.259	0.308	0.286	0.257	0.203
18:00:22	25.2	0.252	0.266	0.280	0.283	0.278	0.303	0.343	0.329	0.351	0.369	0.382	0.307	0.295	0.322	0.338	0.321	0.047	0.242	0.346	0.377	0.354	0.376	0.337	0.322	0.322	0.267	0.091	0.277	0.285	0.329	0.403	0.409	0.326	0.406	0.396	0.295	0.359	0.304	0.304	0.047	0.274	0.337	0.308	0.350	0.350	0.380	0.389	0.343	0.323	0.321	0.303	0.343	0.353	0.047	0.305	0.322	0.338	0.349	0.361	0.285	0.352	0.045	0.059	0.320	0.338	0.402	0.332	0.339	0.366	0.392	0.299	0.317	0.268	0.309	0.311	0.352	0.318	0.400	0.043	0.377	0.372	0.044	0.353	0.253	0.244	0.340	0.299	0.265	0.370	0.309	0.305	0.274	0.326	0.323	0.282	0.222
19:00:23	25.1	0.263	0.302	0.292	0.301	0.309	0.320	0.358	0.353	0.340	0.376	0.377	0.316	0.317	0.346	0.354	0.362	0.048	0.252	0.344	0.397	0.358	0.392	0.312	0.329	0.353	0.288	0.127	0.296	0.299	0.343	0.424	0.426	0.335	0.433	0.388	0.283	0.362	0.309	0.323	0.047	0.248	0.349	0.313	0.363	0.341	0.382	0.403	0.356	0.340	0.342	0.321	0.365	0.369	0.048	0.334	0.339	0.355	0.376	0.385	0.294	0.357	0.045	0.064	0.345	0.359	0.418	0.353	0.343	0.353	0.407	0.317	0.326	0.282	0.334	0.341	0.374	0.341	0.402	0.043	0.394	0.387	0.045	0.366	0.259	0.259	0.381	0.307	0.264	0.372	0.307	0.338	0.274	0.326	0.352	0.275	0.228
20:00:25	25.1	0.265	0.301	0.285	0.300	0.317	0.308	0.351	0.355	0.342	0.384	0.394	0.307	0.307	0.352	0.357	0.385	0.048	0.251	0.314	0.396	0.362	0.401	0.289	0.327	0.328	0.293	0.164	0.299	0.305	0.345	0.440	0.435	0.301	0.453	0.383	0.297	0.360	0.271	0.323	0.048	0.314	0.344	0.323	0.360	0.343	0.378	0.413	0.352	0.359	0.358	0.334	0.379	0.373	0.048	0.358	0.348	0.352	0.377	0.402	0.292	0.360	0.044	0.070	0.366	0.367	0.430	0.363	0.341	0.378	0.416	0.333	0.338	0.284	0.357	0.331	0.393	0.357	0.393	0.043	0.410	0.394	0.044	0.393	0.256	0.250	0.380	0.302	0.257	0.386	0.300	0.328	0.271	0.328	0.330	0.261	0.216
21:00:26	25.3	0.266	0.299	0.261	0.254	0.266	0.351	0.346	0.362	0.386	0.374	0.365	0.300	0.309	0.350	0.352	0.418	0.048	0.249	0.305	0.383	0.372	0.390	0.283	0.313	0.253	0.294	0.198	0.265	0.294	0.309	0.454	0.450	0.294	0.463	0.373	0.271	0.332	0.235	0.343	0.049	0.351	0.324	0.315	0.350	0.348	0.349	0.414	0.334	0.380	0.361	0.337	0.392	0.339	0.048	0.380	0.347	0.357	0.386	0.411	0.284	0.325	0.044	0.082	0.381	0.364	0.404	0.364	0.343	0.345	0.422	0.334	0.324	0.286	0.370	0.273	0.388	0.380	0.384	0.043	0.413	0.397	0.044	0.377	0.251	0.241	0.343	0.297	0.260	0.374	0.305	0.328	0.257	0.328	0.332	0.268	0.226
22:00:27	25.6	0.257	0.274	0.268	0.244	0.275	0.304	0.329	0.344	0.398	0.358	0.369	0.276	0.300	0.353	0.351	0.417	0.049	0.239	0.273	0.396	0.372	0.387	0.247	0.321	0.210	0.264	0.233	0.289	0.318	0.263	0.457	0.453	0.260	0.467	0.410	0.251	0.305	0.240	0.288	0.050	0.396	0.260	0.282	0.334	0.295	0.439	0.414	0.380	0.396	0.379	0.337	0.399	0.284	0.047	0.390	0.327	0.354	0.378	0.416	0.284	0.309	0.044	0.092	0.391	0.363	0.359	0.355	0.353	0.421	0.417	0.294	0.348	0.281	0.377	0.374	0.360	0.387	0.377	0.043	0.416	0.380	0.044	0.433	0.239	0.263	0.422	0.281	0.261	0.366	0.313	0.360	0.249	0.330	0.378	0.296	0.248
23:00:28	25.9	0.254	0.251	0.270	0.266	0.321	0.306	0.313	0.339	0.405	0.371	0.368	0.250	0.239	0.277	0.349	0.407	0.049	0.238	0.309	0.430	0.332	0.408	0.258	0.318	0.246	0.228	0.272	0.316	0.294	0.286	0.465	0.443	0.283	0.469	0.456	0.286	0.361	0.330	0.272	0.052	0.459	0.320	0.295	0.308	0.341	0.493	0.387	0.441	0.345	0.360	0.341	0.410	0.283	0.048	0.401	0.304	0.380	0.354	0.418	0.292	0.363	0.044	0.104	0.401	0.371	0.357	0.293	0.344	0.503	0.420	0.351	0.406	0.267	0.398	0.389	0.337	0.349	0.366	0.043	0.420	0.416	0.044	0.497	0.236	0.306	0.452	0.273	0.265	0.431	0.314	0.406	0.246	0.324	0.411	0.345	0.287
24:00:29	26.2	0.303	0.275	0.268	0.298	0.316	0.344	0.293	0.378	0.479	0.344	0.406	0.271	0.207	0.243	0.372	0.431	0.050	0.231	0.352	0.430	0.366	0.393	0.305	0.322	0.254	0.255	0.309	0.339	0.269	0.395	0.471	0.436	0.317	0.442	0.519	0.351	0.413	0.377	0.345	0.054	0.506	0.411	0.355	0.360	0.424	0.537	0.400	0.460	0.310	0.290	0.358	0.417	0.366	0.048	0.405	0.392	0.348	0.438	0.426	0.305	0.427	0.044	0.117	0.409	0.399	0.445	0.301	0.365	0.530	0.431	0.434	0.462	0.256	0.417	0.439	0.387	0.328	0.357	0.043	0.428	0.455	0.044	0.539	0.251	0.384	0.499	0.271	0.257	0.492	0.360	0.453	0.262	0.341	0.461	0.400	0.371
25:00:30	26.4	0.348	0.329	0.242	0.314	0.350	0.378	0.291	0.421	0.502	0.327	0.438	0.288	0.250	0.247	0.324	0.376	0.050	0.239	0.405	0.394	0.437	0.379	0.316	0.313	0.299	0.320	0.328	0.382	0.311	0.449	0.464	0.408	0.328	0.367	0.555	0.390	0.441	0.422	0.379	0.058	0.532	0.466	0.408	0.398	0.489	0.569	0.393	0.472	0.295	0.340	0.319	0.421	0.416	0.047	0.402	0.445	0.385	0.465	0.419	0.323	0.450	0.044	0.137	0.412	0.371	0.503	0.394	0.370	0.564	0.421	0.469	0.476	0.244	0.421	0.482	0.433	0.344	0.343	0.043	0.413	0.489	0.044	0.578	0.247	0.413	0.533	0.266	0.259	0.516	0.409	0.488	0.285	0.375	0.501	0.425	0.403
26:00:30	26.5	0.374	0.337	0.245	0.353	0.376	0.397	0.276	0.422	0.534	0.377	0.440	0.325	0.254	0.271	0.281	0.365	0.051	0.246	0.437	0.410	0.488	0.401	0.352	0.364	0.339	0.369	0.348	0.441	0.353	0.476	0.467	0.400	0.359	0.379	0.590	0.429	0.488	0.463	0.406	0.084	0.548	0.491	0.474	0.449	0.525	0.614	0.389	0.498	0.370	0.424	0.267	0.426	0.456	0.048	0.412	0.490	0.462	0.486	0.418	0.363	0.500	0.044	0.172	0.420	0.329	0.537	0.453	0.426	0.590	0.409	0.512	0.499	0.232	0.411	0.535	0.480	0.419	0.323	0.043	0.416	0.532	0.044	0.622	0.300	0.452	0.563	0.262	0.245	0.562	0.453	0.526	0.334	0.422	0.539	0.470	0.440
27:00:30	26.4	0.431	0.396	0.272	0.406	0.402	0.421	0.264	0.470	0.566	0.366	0.467	0.381	0.309	0.306	0.298	0.394	0.051	0.267	0.473	0.438	0.531	0.447	0.388	0.391	0.377	0.453	0.362	0.507	0.419	0.526	0.466	0.372	0.382	0.437	0.627	0.453	0.525	0.537	0.461	0.071	0.590	0.545	0.495	0.483	0.552	0.640	0.358	0.526	0.418	0.470	0.342	0.428	0.508	0.048	0.414	0.523	0.512	0.542	0.412	0.394	0.536	0.045	0.221	0.426	0.307	0.583	0.501	0.472	0.614	0.411	0.555	0.523	0.227	0.333	0.576	0.529	0.466	0.312	0.043	0.412	0.576	0.045	0.655	0.359	0.476	0.594	0.261	0.291	0.622	0.495	0.574	0.388	0.469	0.577	0.500	0.467
28:00:32	26.3	0.477	0.439	0.286	0.440	0.429	0.458	0.255	0.503	0.576	0.394	0.485	0.417	0.367	0.335	0.324	0.457	0.052	0.292	0.525	0.481	0.585	0.486	0.430	0.420	0.397	0.536	0.373	0.533	0.460	0.564	0.457	0.407	0.428	0.484	0.658	0.487	0.580	0.562	0.504	0.081	0.614	0.577	0.550	0.540	0.623	0.708	0.347	0.565	0.451	0.541	0.392	0.433	0.549	0.047	0.418	0.575	0.540	0.590	0.409	0.419	0.594	0.044	0.261	0.431	0.341	0.630	0.565	0.527	0.663	0.397	0.591	0.548	0.219	0.343	0.630	0.584	0.504	0.298	0.043	0.406	0.621	0.045	0.666	0.406	0.500	0.634	0.247	0.354	0.650	0.548	0.602	0.448	0.504	0.609	0.543	0.509
29:00:33	26.1	0.527	0.462	0.326	0.481	0.463	0.489	0.250	0.523	0.569	0.435	0.523	0.457	0.408	0.383	0.356	0.485	0.052	0.317	0.551	0.508	0.620	0.522	0.464	0.441	0.435	0.567	0.381	0.587	0.507	0.583	0.453	0.358	0.475	0.523	0.680	0.505	0.584	0.591	0.549	0.153	0.623	0.596	0.578	0.568	0.636	0.727	0.347	0.602	0.480	0.580	0.423	0.436	0.587	0.047	0.416	0.591	0.573	0.634	0.402	0.451	0.559	0.044	0.290	0.437	0.391	0.667	0.619	0.556	0.675	0.392	0.620	0.576	0.211	0.429	0.658	0.623	0.553	0.285	0.043	0.402	0.643	0.044	0.688	0.444	0.504	0.635	0.264	0.421	0.692	0.611	0.639	0.486	0.551	0.631	0.576	0.543
30:00:33	25.7	0.578	0.508	0.353	0.520	0.502	0.518	0.234	0.553	0.587	0.461	0.537	0.494	0.457	0.438	0.379	0.524	0.054	0.360	0.599	0.555	0.626	0.569	0.491	0.480	0.459	0.595	0.388	0.600	0.530	0.615	0.442	0.421	0.510	0.616	0.696	0.534	0.610	0.636	0.575	0.187	0.675	0.628	0.590	0.594	0.677	0.732	0.295	0.604	0.508	0.595	0.473	0.435	0.607	0.048	0.413	0.636	0.599	0.658	0.388	0.474	0.598	0.044	0.311	0.446	0.413	0.715	0.647	0.594	0.689	0.393	0.651	0.592	0.210	0.465	0.676	0.638	0.581	0.252	0.043	0.407	0.670	0.045	0.689	0.476	0.513	0.645	0.328	0.455	0.706	0.634	0.669	0.538	0.582	0.672	0.615	0.572
31:00:34	25.4	0.597	0.551	0.436	0.538	0.478	0.570	0.238	0.612	0.605	0.536	0.621	0.555	0.501	0.484	0.451	0.596	0.055	0.365	0.650	0.613	0.713	0.618	0.586	0.518	0.587	0.641	0.395	0.610	0.566	0.636	0.442	0.484	0.581	0.671	0.735	0.556	0.641	0.684	0.625	0.126	0.693	0.645	0.643	0.640	0.707	0.757	0.326	0.616	0.543	0.644	0.560	0.439	0.653	0.048	0.424	0.668	0.650	0.676	0.368	0.548	0.666	0.045	0.330	0.454	0.436	0.712	0.679	0.624	0.704	0.368	0.703	0.650	0.207	0.523	0.706	0.680	0.622	0.243	0.043	0.418	0.688	0.045	0.697	0.528	0.558	0.711	0.428	0.516	0.751	0.640	0.670	0.579	0.604	0.678	0.653	0.615
32:00:36	25.5	0.600	0.573	0.480	0.566	0.512	0.569	0.218	0.612	0.590	0.555	0.642	0.582	0.520	0.511	0.501	0.626	0.057	0.410	0.661	0.631	0.719	0.626	0.610	0.542	0.583	0.653	0.397	0.620	0.586	0.687	0.429	0.511	0.593	0.678	0.715	0.586	0.661	0.700	0.659	0.147	0.687	0.654	0.651	0.630	0.707	0.746	0.293	0.639	0.598	0.652	0.601	0.431	0.650	0.048	0.418	0.686	0.682	0.691	0.354	0.585	0.659	0.044	0.334	0.454	0.493	0.749	0.718	0.653	0.714	0.353	0.719	0.662	0.266	0.569	0.762	0.719	0.645	0.236	0.043	0.392	0.700	0.045	0.714	0.558	0.586	0.727	0.485	0.558	0.763	0.680	0.689	0.612	0.628	0.693	0.664	0.617
33:00:37	25.4	0.727	0.610	0.478	0.570	0.579	0.595	0.253	0.568	0.594	0.613	0.617	0.568	0.557	0.547	0.510	0.637	0.058	0.474	0.648	0.648	0.723	0.622	0.585	0.563	0.561	0.677	0.403	0.640	0.621	0.683	0.412	0.510	0.623	0.715	0.688	0.614	0.643	0.713	0.677	0.152	0.674	0.662	0.649	0.645	0.714	0.785	0.330	0.660	0.597	0.685	0.590	0.424	0.646	0.048	0.402	0.701	0.721	0.708	0.326	0.599	0.617	0.044	0.332	0.454	0.524	0.765	0.747	0.666	0.731	0.302	0.717	0.664	0.316	0.578	0.793	0.693	0.668	0.293	0.043	0.333	0.717	0.045	0.743	0.604	0.548	0.652	0.483	0.599	0.737	0.722	0.707	0.643	0.659	0.721	0.687	0.611
34:00:38	25.4	0.625	0.635	0.568	0.605	0.561	0.598	0.291	0.602	0.615	0.616	0.644	0.631	0.573	0.576	0.553	0.698	0.060	0.493	0.654	0.658	0.761	0.649	0.622	0.577	0.632	0.677	0.382	0.676	0.608	0.712	0.410	0.543	0.636	0.789	0.700	0.634	0.687	0.750	0.713	0.155	0.713	0.676	0.695	0.631	0.733	0.752	0.251	0.689	0.628	0.692	0.648	0.422	0.658	0.048	0.406	0.710	0.729	0.705	0.278	0.646	0.644	0.044	0.326	0.458	0.558	0.794	0.775	0.697	0.719	0.292	0.743	0.723	0.329	0.644	0.760	0.762	0.688	0.354	0.043	0.389	0.724	0.045	0.748	0.647	0.553	0.676	0.586	0.666	0.769	0.710	0.708	0.684	0.693	0.739	0.676	0.588
35:00:39	25.3	0.607	0.635	0.579	0.601	0.621	0.634	0.329	0.591	0.644	0.625	0.679	0.674	0.631	0.635	0.597	0.714	0.064	0.522	0.682	0.699	0.753	0.671	0.650	0.634	0.644	0.712	0.377	0.701	0.641	0.738	0.366	0.552	0.644	0.801	0.707	0.669	0.672	0.760	0.711	0.170	0.718	0.673	0.711	0.622	0.731	0.771	0.378	0.727	0.651	0.740	0.670	0.411	0.673	0.048	0.402	0.716	0.730	0.712	0.280	0.682	0.717	0.044	0.317	0.455	0.566	0.782	0.780	0.732	0.713	0.346	0.764	0.726	0.404	0.697	0.793	0.750	0.696	0.408	0.043	0.431	0.749	0.045	0.756	0.654	0.557	0.712	0.642	0.706	0.766	0.699	0.715	0.700	0.708	0.726	0.665	0.579
36:00:39	25.2	0.624	0.665	0.560	0.603	0.655	0.637	0.379	0.615	0.660	0.638	0.673	0.661	0.648	0.642	0.629	0.724	0.069	0.549	0.638	0.704	0.745	0.685	0.670	0.658	0.624	0.720	0.363	0.724	0.634	0.737	0.312	0.568	0.667	0.812	0.696	0.672	0.661	0.764	0.714	0.179	0.701	0.659	0.723	0.656	0.724	0.733	0.284	0.712	0.649	0.773	0.707	0.398	0.667	0.048	0.397	0.714	0.742	0.698	0.259	0.689	0.725	0.045	0.308	0.449	0.613	0.773	0.799	0.742	0.693	0.418	0.792	0.738	0.452	0.717	0.835	0.746	0.683	0.455	0.043	0.468	0.739	0.045	0.761	0.689	0.559	0.762	0.707	0.710	0.770	0.714	0.699	0.702	0.718	0.727	0.640	0.576
37:00:40	25.1	0.629	0.667	0.588	0.623	0.684	0.650	0.415	0.650	0.671	0.635	0.675	0.700	0.685	0.640	0.637	0.759	0.075	0.558	0.653	0.702	0.752	0.680	0.677	0.638	0.646	0.706	0.361	0.675	0.637	0.759	0.323	0.587	0.652	0.851	0.686	0.711	0.666	0.789	0.688	0.198	0.714	0.639	0.721	0.557	0.724	0.739	0.266	0.721	0.693	0.793	0.732	0.387	0.671	0.048	0.381	0.697	0.737	0.704	0.288	0.738	0.694	0.045	0.305	0.445	0.642	0.770	0.801	0.761	0.709	0.469	0.805	0.744	0.511	0.757	0.746	0.748	0.704	0.508	0.043	0.505	0.746	0.045	0.752	0.705	0.577	0.743	0.723	0.685	0.800	0.704	0.703	0.701	0.729	0.709	0.640	0.584
38:00:40	25.0	0.626	0.678	0.642	0.642	0.662	0.677	0.469	0.673	0.668	0.646	0.688	0.650	0.677	0.635	0.662	0.792	0.083	0.579	0.618	0.700	0.716	0.679	0.669	0.615	0.610	0.670	0.342	0.735	0.618	0.730	0.292	0.619	0.660	0.864	0.710	0.657	0.663	0.743	0.700	0.214	0.718	0.634	0.708	0.573	0.717	0.722	0.420	0.703	0.636	0.802	0.769	0.367	0.673	0.048	0.327	0.705	0.736	0.718	0.332	0.736	0.634	0.044	0.301	0.436	0.668	0.787	0.802	0.789	0.723	0.503	0.819	0.697	0.538	0.737	0.770	0.752	0.717	0.575	0.043	0.539	0.747	0.045	0.779	0.655	0.599	0.735	0.764	0.643	0.793	0.661	0.673	0.666	0.735	0.700	0.654	0.581
39:00:41	24.8	0.629	0.690	0.623	0.621	0.653	0.671	0.513	0.652	0.675	0.636	0.662	0.637	0.687	0.623	0.641	0.777	0.095	0.595	0.631	0.689	0.739	0.674	0.668	0.588	0.646	0.707	0.349	0.682	0.657	0.725	0.310	0.645	0.673	0.864	0.695	0.685	0.697	0.689	0.722	0.239	0.717	0.657	0.716	0.608	0.726	0.723	0.310	0.683	0.664	0.808	0.782	0.350	0.661	0.048	0.332	0.718	0.714	0.711	0.372	0.728	0.629	0.045	0.296	0.432	0.665	0.759	0.779	0.764	0.724	0.535	0.846	0.734	0.585	0.770	0.781	0.769	0.734	0.625	0.043	0.593	0.773	0.046	0.783	0.655	0.567	0.694	0.766	0.654	0.764	0.651	0.650	0.671	0.768	0.713	0.655	0.605
40:00:43	24.8	0.603	0.643	0.651	0.654	0.653	0.660	0.568	0.688	0.673	0.637	0.664	0.633	0.655	0.601	0.652	0.805	0.110	0.621	0.618	0.679	0.689	0.677	0.671	0.600	0.645	0.614	0.378	0.656	0.656	0.710	0.340	0.667	0.664	0.835	0.687	0.626	0.714	0.707	0.715	0.333	0.723	0.602	0.743	0.587	0.697	0.707	0.335	0.689	0.676	0.791	0.791	0.340	0.643	0.048	0.350	0.705	0.743	0.718	0.403	0.710	0.663	0.044	0.294	0.422	0.682	0.736	0.781	0.780	0.731	0.571	0.819	0.717	0.619	0.756	0.695	0.782	0.746	0.683	0.043	0.650	0.766	0.046	0.803	0.620	0.575	0.669	0.778	0.652	0.804	0.626	0.637	0.704	0.739	0.583	0.656	0.571
41:00:44	24.8	0.633	0.604	0.604	0.655	0.637	0.592	0.597	0.649	0.628	0.625	0.645	0.639	0.653	0.584	0.597	0.789	0.122	0.627	0.558	0.657	0.673	0.657	0.695	0.601	0.648	0.637	0.419	0.627	0.612	0.713	0.376	0.683	0.680	0.835	0.636	0.687	0.697	0.693	0.702	0.313	0.726	0.580	0.719	0.573	0.655	0.698	0.260	0.710	0.668	0.787	0.766	0.323	0.666	0.048	0.370	0.670	0.726	0.711	0.443	0.701	0.695	0.044	0.286	0.407	0.685	0.750	0.756	0.763	0.719	0.618	0.797	0.742	0.636	0.748	0.691	0.767	0.736	0.719	0.043	0.696	0.771	0.045	0.798	0.616	0.639	0.646	0.767	0.652	0.800	0.610	0.636	0.740	0.735	0.653	0.679	0.565
42:00:44	25.0	0.603	0.575	0.597	0.650	0.674	0.586	0.615	0.621	0.630	0.624	0.658	0.693	0.610	0.706	0.615	0.726	0.136	0.633	0.603	0.667	0.668	0.653	0.724	0.596	0.608	0.620	0.507	0.615	0.603	0.676	0.418	0.711	0.667	0.848	0.655	0.641	0.711	0.622	0.743	0.243	0.687	0.675	0.684	0.677	0.673	0.706	0.309	0.717	0.654	0.770	0.768	0.312	0.695	0.048	0.408	0.667	0.701	0.698	0.486	0.684	0.741	0.044	0.278	0.390	0.670	0.774	0.753	0.762	0.733	0.641	0.792	0.746	0.634	0.749	0.767	0.745	0.710	0.752	0.043	0.717	0.744	0.045	0.832	0.608	0.564	0.634	0.755	0.681	0.746	0.614	0.607	0.800	0.691	0.627	0.636	0.538
43:00:46	25.1	0.610	0.575	0.629	0.599	0.625	0.558	0.621	0.604	0.652	0.616	0.625	0.697	0.601	0.611	0.627	0.679	0.154	0.650	0.584	0.656	0.638	0.680	0.769	0.581	0.635	0.596	0.543	0.671	0.622	0.679	0.481	0.728	0.644	0.790	0.648	0.636	0.704	0.689	0.656	0.269	0.685	0.708	0.674	0.568	0.663	0.697	0.324	0.744	0.669	0.727	0.752	0.299	0.714	0.048	0.472	0.665	0.704	0.662	0.531	0.737	0.839	0.044	0.273	0.368	0.678	0.744	0.728	0.779	0.749	0.666	0.762	0.711	0.644	0.768	0.799	0.746	0.741	0.774	0.043	0.727	0.775	0.046	0.807	0.622	0.451	0.626	0.720	0.742	0.759	0.644	0.573	0.595	0.694	0.685	0.587	0.551
44:00:47	25.1	0.627	0.528	0.699	0.583	0.602	0.558	0.618	0.585	0.626	0.584	0.630	0.679	0.592	0.630	0.606	0.665	0.170	0.682	0.624	0.655	0.671	0.649	0.812	0.543	0.621	0.631	0.592	0.658	0.641	0.683	0.572	0.727	0.654	0.767	0.671	0.653	0.714	0.643	0.678	0.229	0.646	0.685	0.696	0.659	0.692	0.694	0.405	0.680	0.690	0.764	0.776	0.287	0.763	0.048	0.538	0.649	0.665	0.694	0.561	0.698	0.890	0.044	0.267	0.344	0.674	0.752	0.732	0.738	0.748	0.679	0.786	0.732	0.629	0.769	0.797	0.742	0.740	0.767	0.043	0.741	0.738	0.046	0.830	0.607	0.440	0.681	0.721	0.691	0.776	0.611	0.591	0.675	0.694	0.640	0.601	0.522
45:00:47	25.1	0.607	0.570	0.665	0.587	0.574	0.558	0.616	0.586	0.562	0.604	0.651	0.635	0.569	0.671	0.635	0.645	0.179	0.723	0.618	0.646	0.637	0.650	0.664	0.573	0.626	0.611	0.613	0.628	0.628	0.660	0.655	0.733	0.659	0.728	0.615	0.727	0.722	0.675	0.706	0.209	0.705	0.631	0.704	0.621	0.669	0.683	0.437	0.658	0.722	0.776	0.779	0.271	0.771	0.049	0.575	0.662	0.674	0.714	0.604	0.680	0.688	0.044	0.258	0.325	0.662	0.787	0.690	0.816	0.758	0.680	0.759	0.685	0.633	0.776	0.831	0.704	0.750	0.759	0.043	0.749	0.700	0.046	0.825	0.685	0.428	0.755	0.712	0.649	0.786	0.708	0.598	0.647	0.716	0.693	0.592	0.510
46:00:48	25.0	0.632	0.548	0.636	0.542	0.588	0.574	0.590	0.600	0.589	0.543	0.619	0.630	0.576	0.630	0.616	0.648	0.189	0.677	0.623	0.660	0.630	0.641	0.621	0.569	0.666	0.604	0.611	0.592	0.661	0.689	0.741	0.726	0.664	0.752	0.631	0.691	0.723	0.713	0.729	0.221	0.615	0.699	0.627	0.656	0.657	0.701	0.347	0.640	0.763	0.766	0.749	0.260	0.772	0.049	0.618	0.665	0.696	0.692	0.633	0.686	0.618	0.044	0.250	0.305	0.679	0.778	0.714	0.694	0.737	0.699	0.807	0.632	0.643	0.770	0.810	0.780	0.795	0.771	0.043	0.751	0.744	0.046	0.861	0.664	0.419	0.811	0.713	0.649	0.811	0.721	0.597	0.578	0.755	0.736	0.582	0.506
47:00:48	25.0	0.576	0.521	0.593	0.542	0.614	0.533	0.611	0.559	0.572	0.579	0.590	0.599	0.628	0.597	0.659	0.645	0.199	0.717	0.586	0.687	0.576	0.643	0.641	0.519	0.680	0.592	0.632	0.570	0.574	0.653	0.766	0.747	0.639	0.732	0.657	0.662	0.805	0.691	0.713	0.230	0.723	0.715	0.641	0.720	0.641	0.677	0.464	0.689	0.747	0.754	0.762	0.255	0.839	0.050	0.641	0.716	0.680	0.760	0.653	0.664	0.704	0.044	0.244	0.294	0.710	0.780	0.721	0.783	0.730	0.712	0.785	0.619	0.597	0.719	0.894	0.824	0.791	0.757	0.043	0.750	0.725	0.046	0.878	0.574	0.378	0.771	0.732	0.630	0.862	0.646	0.624	0.582	0.656	0.567	0.596	0.486
48:00:50	25.0	0.559	0.515	0.655	0.497	0.660	0.557	0.566	0.602	0.564	0.563	0.643	0.602	0.576	0.623	0.584	0.656	0.206	0.730	0.518	0.664	0.590	0.640	0.598	0.553	0.651	0.572	0.657	0.591	0.661	0.693	0.786	0.722	0.696	0.705	0.642	0.631	0.834	0.699	0.776	0.225	0.750	0.686	0.658	0.722	0.661	0.698	0.339	0.699	0.816	0.695	0.694	0.242	0.867	0.051	0.666	0.738	0.662	0.735	0.673	0.662	0.635	0.044	0.238	0.280	0.738	0.801	0.711	0.666	0.712	0.716	0.794	0.647	0.603	0.746	0.951	0.823	0.737	0.736	0.043	0.776	0.716	0.046	0.930	0.571	0.391	0.762	0.805	0.631	0.851	0.607	0.606	0.572	0.647	0.673	0.582	0.494
49:00:50	24.9	0.586	0.583	0.622	0.504	0.650	0.535	0.584	0.555	0.581	0.555	0.625	0.628	0.556	0.695	0.672	0.662	0.207	0.814	0.642	0.749	0.612	0.646	0.616	0.604	0.590	0.553	0.648	0.645	0.706	0.645	0.753	0.764	0.683	0.692	0.652	0.655	0.728	0.735	0.713	0.232	0.702	0.772	0.652	0.733	0.691	0.679	0.370	0.748	0.895	0.751	0.711	0.236	0.838	0.055	0.666	0.625	0.618	0.715	0.689	0.649	0.686	0.044	0.229	0.263	0.775	0.829	0.694	0.683	0.749	0.729	0.762	0.632	0.646	0.830	0.867	0.840	0.843	0.741	0.043	0.785	0.755	0.046	0.819	0.578	0.409	0.758	0.820	0.644	0.851	0.579	0.641	0.615	0.636	0.560	0.585	0.477
50:00:52	24.9	0.557	0.619	0.572	0.506	0.613	0.582	0.561	0.592	0.592	0.586	0.627	0.615	0.571	0.592	0.592	0.647	0.204	0.840	0.612	0.660	0.581	0.629	0.632	0.568	0.582	0.560	0.619	0.561	0.680	0.661	0.728	0.770	0.661	0.669	0.651	0.681	0.716	0.687	0.811	0.247	0.710	0.748	0.633	0.770	0.668	0.670	0.390	0.654	0.781	0.715	0.740	0.229	0.838	0.060	0.673	0.739	0.644	0.812	0.696	0.632	0.666	0.045	0.227	0.260	0.817	0.913	0.719	0.651	0.709	0.747	0.780	0.652	0.665	0.741	0.928	0.851	0.801	0.746	0.043	0.764	0.746	0.046	0.815	0.537	0.414	0.741	0.809	0.657	0.830	0.559	0.556	0.604	0.645	0.617	0.586	0.479
51:00:53	24.8	0.496	0.577	0.633	0.529	0.606	0.585	0.573	0.578	0.561	0.606	0.647	0.593	0.563	0.643	0.594	0.633	0.199	0.683	0.536	0.624	0.547	0.600	0.579	0.546	0.560	0.537	0.623	0.609	0.650	0.701	0.677	0.791	0.683	0.636	0.624	0.720	0.723	0.735	0.737	0.255	0.744	0.739	0.669	0.744	0.693	0.701	0.354	0.682	0.678	0.782	0.741	0.223	0.872	0.068	0.667	0.667	0.658	0.714	0.686	0.661	0.682	0.044	0.223	0.250	0.832	0.811	0.704	0.687	0.746	0.762	0.809	0.639	0.717	0.778	0.857	0.854	0.833	0.769	0.043	0.752	0.749	0.046	0.854	0.562	0.441	0.718	0.825	0.651	0.777	0.592	0.571	0.613	0.691	0.588	0.603	0.457
52:00:53	24.7	0.495	0.529	0.579	0.489	0.610	0.539	0.543	0.548	0.528	0.629	0.648	0.589	0.555	0.671	0.646	0.627	0.197	1.027	0.569	0.692	0.547	0.590	0.604	0.556	0.519	0.562	0.635	0.513	0.721	0.703	0.663	0.835	0.674	0.634	0.769	0.734	0.676	0.729	0.724	0.256	0.783	0.796	0.657	0.751	0.634	0.662	0.419	0.647	0.668	0.772	0.741	0.221	0.893	0.077	0.670	0.705	0.674	0.741	0.700	0.617	0.571	0.044	0.219	0.242	1.047	0.888	0.769	0.765	0.751	0.772	0.813	0.643	0.714	0.806	0.926	0.892	0.840	0.798	0.043	0.738	0.810	0.046	0.820	0.552	0.397	0.633	0.790	0.613	0.776	0.604	0.528	0.586	0.703	0.591	0.610	0.468
53:00:55	24.7	0.518	0.615	0.554	0.488	0.697	0.567	0.547	0.604	0.586	0.570	0.662	0.581	0.549	0.698	0.657	0.617	0.193	1.071	0.539	0.694	0.552	0.587	0.589	0.578	0.652	0.557	0.605	0.570	0.828	0.683	0.649	0.858	0.652	0.616	0.717	0.654	0.700	0.743	0.782	0.250	0.854	0.752	0.641	0.798	0.689	0.667	0.479	0.666	0.726	0.771	0.771	0.219	0.864	0.090	0.665	0.657	0.642	0.735	0.683	0.629	0.605	0.044	0.218	0.238	0.839	0.908	0.735	0.714	0.685	0.775	0.862	0.630	0.753	0.839	0.925	0.894	0.848	0.841	0.043	0.754	0.766	0.047	0.769	0.559	0.398	0.735	0.717	0.621	0.763	0.536	0.537	0.606	0.604	0.558	0.632	0.462
54:00:56	24.8	0.429	0.581	0.526	0.493	0.874	0.693	0.475	0.531	0.559	0.571	0.675	0.558	0.549	0.631	0.630	0.642	0.189	0.601	0.531	0.666	0.544	0.589	0.618	0.538	0.511	0.570	0.603	0.502	0.713	0.701	0.638	0.910	0.694	0.646	0.717	0.725	0.681	0.757	0.745	0.250	0.752	0.760	0.644	0.763	0.795	0.721	0.382	0.714	0.603	0.784	0.786	0.216	0.797	0.108	0.696	0.698	0.653	0.770	0.669	0.567	0.634	0.044	0.217	0.233	0.792	0.884	0.726	0.676	0.787	0.792	0.824	0.621	0.586	0.816	0.916	0.896	0.851	0.855	0.043	0.730	0.834	0.046	0.786	0.585	0.378	0.779	0.740	0.614	0.883	0.574	0.532	0.580	0.751	0.544	0.603	0.412
55:00:56	24.9	0.533	0.683	0.566	0.475	0.735	0.665	0.496	0.603	0.596	0.539	0.712	0.573	0.560	0.716	0.767	0.622	0.184	1.078	0.662	0.619	0.593	0.582	0.647	0.610	0.566	0.586	0.576	0.593	0.798	0.688	0.641	0.730	0.695	0.659	0.674	0.623	0.613	0.769	0.808	0.254	0.799	0.805	0.648	0.822	0.746	0.720	0.391	0.632	0.646	0.802	0.748	0.205	0.809	0.130	0.664	0.711	0.643	0.778	0.710	0.594	0.584	0.044	0.207	0.224	0.841	0.907	0.779	0.762	0.704	0.822	0.846	0.625	0.665	0.929	0.972	0.888	0.868	0.912	0.043	0.730	0.794	0.046	0.872	0.528	0.385	0.679	0.650	0.594	0.766	0.531	0.509	0.616	0.648	0.539	0.581	0.403
56:00:57	25.0	0.519	0.655	0.534	0.524	0.760	0.626	0.485	0.600	0.660	0.549	0.704	0.546	0.594	0.715	0.634	0.645	0.183	0.819	0.578	0.624	0.575	0.560	0.705	0.620	0.579	0.522	0.626	0.606	0.740	0.746	0.637	0.748	0.747	0.676	0.674	0.610	0.622	0.852	0.781	0.244	0.853	0.784	0.648	0.801	0.764	0.706	0.403	0.624	0.726	0.804	0.779	0.201	0.949	0.143	0.613	0.790	0.642	0.835	0.716	0.595	0.554	0.044	0.205	0.216	0.925	0.891	0.795	0.694	0.677	0.809	0.875	0.632	0.665	0.891	1.001	0.864	0.850	0.769	0.043	0.699	0.755	0.047	0.759	0.523	0.390	0.604	0.658	0.573	0.656	0.500	0.514	0.622	0.642	0.695	0.563	0.390
57:00:58	25.0	0.529	0.719	0.553	0.510	0.774	0.602	0.544	0.615	0.678	0.557	0.743	0.528	0.540	0.670	0.728	0.615	0.180	0.992	0.646	0.653	0.592	0.574	0.662	0.636	0.591	0.547	0.567	0.582	0.754	0.790	0.639	0.793	0.690	0.646	0.674	0.639	0.547	0.786	0.765	0.238	0.916	0.773	0.707	0.831	0.727	0.784	0.410	0.662	0.603	0.830	0.793	0.198	0.934	0.163	0.672	0.744	0.679	0.777	0.679	0.605	0.537	0.044	0.201	0.210	0.804	0.910	0.770	0.689	0.790	0.818	0.789	0.610	0.641	0.875	0.964	0.878	0.904	0.837	0.042	0.704	0.775	0.046	0.746	0.518	0.389	0.539	0.735	0.565	0.682	0.504	0.526	0.582	0.617	0.564	0.559	0.382
58:00:59	25.0	0.531	0.688	0.544	0.523	0.677	0.625	0.502	0.598	0.623	0.529	0.646	0.557	0.590	0.697	0.734	0.643	0.178	0.526	0.686	0.682	0.563	0.552	0.659	0.607	0.584	0.568	0.603	0.534	0.840	0.736	0.658	0.788	0.755	0.723	0.711	0.660	0.502	0.772	0.784	0.246	0.889	0.842	0.708	0.886	0.791	0.724	0.418	0.626	0.620	0.830	0.799	0.198	0.896	0.184	0.664	0.795	0.698	0.781	0.689	0.578	0.619	0.044	0.201	0.210	0.858	0.956	0.750	0.693	0.765	0.808	0.776	0.572	0.615	0.863	0.914	0.931	0.887	0.781	0.043	0.696	0.797	0.046	0.750	0.516	0.381	0.614	0.732	0.565	0.606	0.491	0.554	0.586	0.617	0.551	0.572	0.396
59:01:00	24.9	0.546	0.650	0.582	0.467	0.704	0.658	0.558	0.590	0.625	0.569	0.631	0.580	0.561	0.668	0.645	0.612	0.179	0.804	0.621	0.605	0.601	0.652	0.748	0.559	0.621	0.564	0.586	0.536	0.773	0.699	0.667	0.780	0.729	0.726	0.704	0.671	0.516	0.771	0.779	0.236	0.929	0.813	0.676	0.771	0.795	0.737	0.458	0.629	0.507	0.874	0.827	0.199	0.791	0.200	0.661	0.732	0.750	0.858	0.678	0.577	0.594	0.044	0.200	0.207	0.723	0.918	0.799	0.705	0.828	0.778	0.719	0.569	0.544	0.855	0.967	0.915	0.903	0.780	0.043	0.698	0.882	0.046	0.788	0.515	0.396	0.596	0.575	0.546	0.631	0.486	0.523	0.573	0.612	0.531	0.544	0.394
60:01:01	24.8	0.428	0.610	0.558	0.513	0.722	0.648	0.544	0.601	0.625	0.583	0.632	0.539	0.617	0.751	0.648	0.666	0.178	0.585	0.577	0.584	0.574	0.651	0.650	0.622	0.585	0.573	0.590	0.560	0.850	0.700	0.655	0.689	0.812	0.721	0.714	0.642	0.523	0.751	0.724	0.239	0.928	0.748	0.755	0.798	0.778	0.811	0.506	0.620	0.599	0.809	0.794	0.194	0.966	0.212	0.672	0.797	0.661	0.956	0.696	0.569	0.628	0.044	0.195	0.203	0.989	0.840	0.793	0.653	0.844	0.786	0.807	0.563	0.527	0.879	0.899	0.926	0.870	0.765	0.043	0.762	0.818	0.046	0.753	0.506	0.406	0.522	0.606	0.559	0.603	0.458	0.521	0.562	0.612	0.544	0.534	0.384
61:01:02	24.7	0.482	0.596	0.583	0.520	0.662	0.597	0.607	0.638	0.574	0.534	0.666	0.501	0.606	0.722	0.686	0.675	0.177	0.618	0.629	0.666	0.542	0.618	0.685	0.596	0.594	0.601	0.579	0.563	0.812	0.703	0.648	0.774	0.784	0.732	0.771	0.637	0.500	0.794	0.822	0.234	0.858	0.846	0.707	0.746	0.861	0.749	0.465	0.602	0.546	0.873	0.816	0.191	0.778	0.221	0.687	0.819	0.768	0.743	0.672	0.563	0.469	0.044	0.195	0.199	0.807	0.940	0.830	0.637	0.890	0.789	0.743	0.556	0.560	0.847	0.880	0.899	0.942	0.835	0.043	0.708	0.826	0.046	0.732	0.506	0.411	0.513	0.565	0.544	0.607	0.455	0.514	0.574	0.549	0.543	0.541	0.392
62:01:03	24.5	0.448	0.644	0.591	0.614	0.701	0.605	0.569	0.646	0.617	0.575	0.659	0.534	0.537	0.761	0.767	0.651	0.175	0.676	0.691	0.625	0.585	0.639	0.659	0.579	0.600	0.559	0.538	0.596	0.796	0.817	0.671	0.832	0.852	0.673	0.732	0.657	0.467	0.791	0.799	0.230	0.911	0.830	0.729	0.852	0.855	0.767	0.453	0.591	0.465	0.914	0.847	0.190	0.906	0.227	0.717	0.755	0.750	0.804	0.686	0.544	0.502	0.044	0.189	0.197	0.954	0.921	0.806	0.650	0.857	0.775	0.781	0.565	0.524	0.868	0.906	0.901	0.851	0.819	0.043	0.709	0.852	0.047	0.722	0.481	0.426	0.503	0.552	0.542	0.578	0.485	0.506	0.557	0.570	0.517	0.523	0.371
63:01:04	24.5	0.433	0.608	0.564	0.628	0.746	0.605	0.537	0.610	0.620	0.555	0.630	0.509	0.552	0.707	0.692	0.670	0.171	0.748	0.574	0.669	0.585	0.621	0.631	0.620	0.589	0.566	0.578	0.686	0.859	0.838	0.726	0.805	0.723	0.779	0.736	0.643	0.526	0.780	0.823	0.236	0.926	0.881	0.794	0.807	0.856	0.726	0.433	0.588	0.436	0.859	0.829	0.184	0.816	0.228	0.697	0.715	0.739	0.793	0.686	0.545	0.494	0.044	0.189	0.193	0.942	0.869	0.823	0.679	0.793	0.784	0.774	0.560	0.444	0.904	0.746	0.885	0.949	0.767	0.043	0.739	0.867	0.046	0.712	0.485	0.433	0.501	0.530	0.532	0.564	0.479	0.503	0.556	0.570	0.518	0.503	0.380
64:01:05	24.6	0.426	0.618	0.585	0.619	0.707	0.635	0.531	0.618	0.576	0.544	0.649	0.531	0.564	0.711	0.736	0.609	0.169	0.722	0.590	0.627	0.607	0.655	0.661	0.604	0.570	0.554	0.546	0.775	0.762	0.685	0.695	0.724	0.797	0.773	0.758	0.666	0.525	0.757	0.801	0.230	0.866	0.822	0.797	0.886	0.744	0.765	0.454	0.609	0.436	0.875	0.807	0.187	0.987	0.223	0.708	0.789	0.702	0.902	0.708	0.532	0.521	0.044	0.185	0.192	1.091	0.843	0.877	0.710	0.743	0.843	0.678	0.556	0.424	0.867	0.823	0.847	0.895	0.746	0.043	0.763	0.769	0.047	0.760	0.482	0.436	0.484	0.531	0.530	0.545	0.475	0.490	0.552	0.553	0.521	0.506	0.390
65:01:06	24.6	0.417	0.623	0.575	0.591	0.653	0.576	0.528	0.584	0.574	0.574	0.627	0.520	0.520	0.695	0.683	0.612	0.167	0.659	0.628	0.623	0.625	0.639	0.630	0.586	0.582	0.534	0.625	0.622	0.931	0.815	0.705	0.795	0.771	0.810	0.699	0.629	0.500	0.762	0.847	0.227	0.948	0.865	0.735	0.831	0.821	0.749	0.473	0.581	0.421	0.879	0.819	0.185	0.921	0.218	0.662	0.733	0.751	0.911	0.681	0.503	0.505	0.044	0.183	0.189	0.986	0.810	0.832	0.674	0.874	0.785	0.753	0.554	0.427	0.903	0.760	0.882	0.897	0.804	0.043	0.743	0.870	0.046	0.834	0.466	0.438	0.470	0.518	0.527	0.534	0.486	0.494	0.552	0.544	0.524	0.497	0.399
66:01:06	24.7	0.440	0.620	0.602	0.602	0.665	0.628	0.519	0.643	0.593	0.554	0.618	0.514	0.565	0.740	0.705	0.636	0.168	0.709	0.676	0.627	0.610	0.612	0.694	0.564	0.566	0.626	0.596	0.665	0.839	0.791	0.712	0.731	0.797	0.795	0.730	0.616	0.485	0.787	0.764	0.231	0.809	0.875	0.692	0.802	0.846	0.792	0.484	0.597	0.401	0.891	0.848	0.186	0.973	0.214	0.738	0.771	0.725	0.866	0.675	0.492	0.457	0.044	0.184	0.188	0.900	0.805	0.854	0.665	0.802	0.841	0.728	0.540	0.412	0.851	0.815	0.771	0.846	0.715	0.043	0.817	0.863	0.046	0.744	0.480	0.433	0.465	0.500	0.518	0.527	0.473	0.492	0.530	0.552	0.503	0.488	0.412
67:01:07	25.1	0.389	0.612	0.583	0.584	0.684	0.598	0.493	0.620	0.599	0.549	0.610	0.528	0.527	0.761	0.717	0.647	0.164	0.967	0.642	0.600	0.590	0.633	0.667	0.564	0.544	0.628	0.566	0.606	0.819	0.831	0.685	0.814	0.707	0.866	0.706	0.609	0.529	0.754	0.874	0.225	0.967	0.799	0.765	0.860	0.766	0.767	0.480	0.604	0.421	0.862	0.831	0.182	0.776	0.203	0.729	0.767	0.714	0.796	0.651	0.499	0.507	0.044	0.180	0.185	0.898	0.829	0.823	0.716	0.841	0.841	0.765	0.567	0.412	0.803	0.895	0.781	0.889	0.710	0.043	0.730	0.783	0.046	0.675	0.438	0.424	0.459	0.482	0.498	0.529	0.483	0.488	0.543	0.556	0.495	0.478	0.408
68:01:08	25.3	0.349	0.605	0.577	0.633	0.682	0.616	0.501	0.574	0.614	0.601	0.614	0.512	0.577	0.720	0.692	0.579	0.162	0.682	0.636	0.660	0.617	0.662	0.692	0.584	0.548	0.673	0.598	0.678	0.792	0.799	0.650	0.822	0.703	0.805	0.766	0.617	0.481	0.772	0.821	0.223	0.862	0.836	0.757	0.841	0.822	0.791	0.555	0.592	0.438	0.911	0.874	0.178	0.882	0.199	0.711	0.780	0.816	0.839	0.664	0.491	0.507	0.044	0.176	0.183	0.773	0.844	0.864	0.695	0.834	0.836	0.752	0.510	0.387	0.851	0.850	0.824	0.940	0.702	0.042	0.731	0.755	0.045	0.713	0.420	0.443	0.445	0.461	0.494	0.510	0.464	0.486	0.535	0.544	0.499	0.475	0.409
69:01:09	25.5	0.387	0.538	0.593	0.628	0.677	0.600	0.505	0.584	0.592	0.580	0.609	0.532	0.559	0.670	0.660	0.602	0.163	0.837	0.628	0.672	0.570	0.670	0.664	0.577	0.578	0.626	0.566	0.657	0.836	0.851	0.686	0.807	0.741	0.830	0.737	0.611	0.479	0.767	0.806	0.224	0.880	0.828	0.781	0.809	0.846	0.820	0.504	0.577	0.433	0.908	0.852	0.176	0.712	0.193	0.701	0.796	0.770	0.824	0.746	0.466	0.553	0.044	0.174	0.182	0.775	0.777	0.910	0.690	0.816	0.865	0.678	0.505	0.392	0.842	0.744	0.925	0.848	0.707	0.043	0.741	0.724	0.046	0.669	0.426	0.446	0.419	0.447	0.484	0.506	0.465	0.482	0.532	0.526	0.510	0.467	0.420
70:01:12	25.6	0.364	0.588	0.566	0.622	0.655	0.595	0.498	0.620	0.617	0.585	0.607	0.576	0.546	0.682	0.712	0.562	0.163	0.748	0.671	0.642	0.621	0.627	0.697	0.589	0.550	0.654	0.580	0.667	0.680	0.825	0.683	0.808	0.771	0.766	0.766	0.593	0.463	0.809	0.836	0.230	0.889	0.967	0.745	0.716	0.763	0.795	0.479	0.565	0.434	0.904	0.873	0.174	0.824	0.186	0.698	0.808	0.828	0.848	0.731	0.469	0.523	0.044	0.172	0.178	0.881	0.909	0.850	0.720	0.841	0.851	0.708	0.507	0.405	0.800	0.694	0.800	0.852	0.698	0.043	0.760	0.712	0.046	0.765	0.421	0.440	0.414	0.466	0.487	0.514	0.467	0.479	0.534	0.527	0.498	0.466	0.435
71:01:11	25.5	0.372	0.569	0.621	0.641	0.639	0.609	0.475	0.582	0.580	0.538	0.599	0.562	0.524	0.711	0.725	0.608	0.162	0.743	0.596	0.620	0.632	0.643	0.668	0.540	0.540	0.617	0.682	0.712	0.800	0.840	0.702	0.812	0.745	0.802	0.705	0.568	0.476	0.834	0.898	0.222	0.954	0.885	0.803	0.831	0.837	0.849	0.489	0.551	0.439	0.841	0.870	0.175	0.911	0.183	0.724	0.788	0.878	0.827	0.709	0.480	0.503	0.044	0.171	0.178	0.738	0.791	0.846	0.684	0.830	0.837	0.745	0.470	0.356	0.921	0.563	0.793	0.864	0.689	0.042	0.700	0.776	0.045	0.622	0.431	0.440	0.418	0.449	0.485	0.487	0.451	0.470	0.501	0.505	0.513	0.468	0.435
72:01:12	25.4	0.411	0.562	0.604	0.612	0.689	0.572	0.483	0.617	0.591	0.534	0.590	0.563	0.504	0.606	0.709	0.606	0.163	0.634	0.629	0.663	0.586	0.655	0.651	0.535	0.551	0.653	0.559	0.746	0.774	0.777	0.675	0.778	0.687	0.849	0.816	0.608	0.446	0.895	0.853	0.226	0.945	0.980	0.793	0.851	0.792	0.779	0.470	0.542	0.442	0.933	0.881	0.173	0.787	0.181	0.768	0.716	0.847	0.893	0.665	0.470	0.541	0.045	0.169	0.176	0.805	0.896	0.840	0.731	0.925	0.846	0.684	0.477	0.360	0.876	0.720	0.786	0.887	0.687	0.043	0.748	0.750	0.046	0.629	0.397	0.436	0.398	0.445	0.499	0.486	0.454	0.476	0.486	0.500	0.496	0.455	0.427

