Time	T° 600	A1	A2	A3	A4	A5	A6	A7	A8	A9	A10	A11	A12	B1	B2	B3	B4	B5	B6	B7	B8	B9	B10	B11	B12	C1	C2	C3	C4	C5	C6	C7	C8	C9	C10	C11	C12	D1	D2	D3	D4	D5	D6	D7	D8	D9	D10	D11	D12	E1	E2	E3	E4	E5	E6	E7	E8	E9	E10	E11	E12	F1	F2	F3	F4	F5	F6	F7	F8	F9	F10	F11	F12	G1	G2	G3	G4	G5	G6	G7	G8	G9	G10	G11	G12	H1	H2	H3	H4	H5	H6	H7	H8	H9	H10	H11	H12
0:00:06	26.0	0.043	0.043	0.046	0.046	0.043	0.045	0.042	0.043	0.044	0.044	0.047	0.044	0.043	0.042	0.043	0.046	0.044	0.044	0.042	0.043	0.044	0.046	0.045	0.045	0.042	0.042	0.042	0.042	0.043	0.043	0.042	0.042	0.043	0.046	0.043	0.045	0.042	0.043	0.042	0.042	0.042	0.048	0.045	0.045	0.042	0.044	0.043	0.044	0.043	0.042	0.043	0.042	0.046	0.045	0.044	0.041	0.044	0.043	0.042	0.052	0.043	0.043	0.046	0.043	0.043	0.042	0.043	0.043	0.042	0.042	0.043	0.042	0.046	0.043	0.046	0.043	0.043	0.042	0.042	0.045	0.045	0.042	0.043	0.042	0.043	0.045	0.043	0.043	0.043	0.042	0.045	0.046	0.045	0.045	0.043	0.045
1:00:07	26.3	0.043	0.044	0.047	0.046	0.044	0.045	0.042	0.042	0.044	0.044	0.047	0.044	0.043	0.042	0.043	0.046	0.044	0.043	0.042	0.043	0.044	0.047	0.045	0.046	0.043	0.042	0.042	0.043	0.043	0.044	0.042	0.043	0.043	0.046	0.044	0.045	0.043	0.042	0.042	0.043	0.042	0.048	0.045	0.045	0.042	0.045	0.044	0.045	0.043	0.043	0.044	0.043	0.046	0.045	0.045	0.042	0.044	0.043	0.042	0.052	0.043	0.043	0.046	0.043	0.043	0.043	0.043	0.044	0.042	0.042	0.043	0.042	0.047	0.043	0.047	0.044	0.044	0.042	0.043	0.046	0.046	0.042	0.044	0.043	0.043	0.045	0.043	0.043	0.043	0.042	0.046	0.046	0.046	0.046	0.043	0.047
2:00:08	26.5	0.044	0.044	0.047	0.047	0.044	0.046	0.043	0.043	0.045	0.045	0.047	0.045	0.043	0.043	0.043	0.047	0.044	0.043	0.043	0.044	0.044	0.047	0.046	0.046	0.043	0.043	0.043	0.043	0.043	0.044	0.043	0.043	0.044	0.047	0.044	0.046	0.043	0.043	0.043	0.043	0.042	0.048	0.046	0.046	0.043	0.045	0.044	0.045	0.044	0.043	0.045	0.044	0.046	0.046	0.045	0.043	0.044	0.043	0.043	0.053	0.044	0.044	0.046	0.044	0.043	0.043	0.044	0.044	0.043	0.043	0.044	0.043	0.047	0.043	0.047	0.044	0.044	0.043	0.043	0.046	0.047	0.043	0.045	0.043	0.044	0.046	0.043	0.043	0.043	0.043	0.046	0.047	0.046	0.047	0.044	0.048
3:00:10	26.6	0.044	0.044	0.047	0.047	0.044	0.046	0.043	0.043	0.044	0.044	0.047	0.044	0.043	0.043	0.043	0.046	0.044	0.043	0.043	0.044	0.044	0.047	0.045	0.046	0.043	0.043	0.043	0.043	0.043	0.044	0.043	0.043	0.044	0.047	0.044	0.046	0.043	0.043	0.043	0.043	0.042	0.048	0.045	0.046	0.043	0.045	0.044	0.045	0.044	0.043	0.044	0.044	0.046	0.046	0.045	0.043	0.044	0.043	0.043	0.053	0.044	0.043	0.046	0.044	0.043	0.043	0.044	0.044	0.043	0.043	0.043	0.043	0.047	0.043	0.047	0.044	0.044	0.043	0.043	0.045	0.046	0.043	0.045	0.043	0.044	0.045	0.044	0.043	0.043	0.043	0.046	0.047	0.046	0.047	0.044	0.048
4:00:11	26.6	0.045	0.044	0.048	0.048	0.045	0.047	0.044	0.044	0.045	0.045	0.048	0.045	0.045	0.043	0.044	0.048	0.045	0.044	0.044	0.045	0.045	0.048	0.046	0.047	0.045	0.043	0.044	0.044	0.044	0.045	0.044	0.044	0.045	0.048	0.045	0.047	0.044	0.043	0.044	0.044	0.043	0.049	0.045	0.046	0.044	0.046	0.045	0.046	0.045	0.044	0.045	0.045	0.046	0.047	0.046	0.043	0.044	0.044	0.044	0.054	0.045	0.044	0.048	0.045	0.044	0.043	0.045	0.045	0.044	0.044	0.044	0.044	0.048	0.044	0.048	0.045	0.045	0.044	0.044	0.046	0.047	0.043	0.045	0.044	0.045	0.046	0.045	0.043	0.044	0.044	0.047	0.048	0.047	0.048	0.045	0.048
5:00:11	26.5	0.046	0.044	0.049	0.049	0.046	0.048	0.045	0.044	0.044	0.046	0.049	0.045	0.046	0.044	0.045	0.049	0.047	0.045	0.045	0.045	0.046	0.049	0.047	0.048	0.046	0.044	0.045	0.045	0.046	0.046	0.045	0.045	0.046	0.049	0.046	0.048	0.046	0.044	0.044	0.045	0.044	0.050	0.045	0.047	0.045	0.049	0.046	0.047	0.046	0.044	0.047	0.046	0.046	0.048	0.047	0.045	0.045	0.045	0.045	0.055	0.046	0.045	0.049	0.046	0.045	0.043	0.046	0.046	0.045	0.045	0.045	0.045	0.049	0.044	0.049	0.046	0.046	0.045	0.045	0.046	0.048	0.044	0.046	0.044	0.047	0.047	0.046	0.043	0.044	0.045	0.048	0.049	0.048	0.049	0.046	0.049
6:00:13	26.1	0.049	0.045	0.051	0.051	0.048	0.050	0.046	0.046	0.044	0.048	0.051	0.044	0.048	0.045	0.046	0.051	0.048	0.047	0.046	0.047	0.048	0.050	0.049	0.050	0.048	0.044	0.046	0.047	0.047	0.048	0.046	0.047	0.048	0.051	0.048	0.049	0.048	0.045	0.046	0.047	0.045	0.051	0.045	0.049	0.046	0.051	0.048	0.048	0.049	0.045	0.048	0.048	0.046	0.050	0.049	0.046	0.046	0.046	0.047	0.056	0.048	0.046	0.051	0.047	0.047	0.044	0.048	0.048	0.046	0.047	0.047	0.047	0.049	0.045	0.050	0.047	0.048	0.047	0.047	0.046	0.049	0.045	0.048	0.044	0.049	0.048	0.047	0.043	0.045	0.047	0.050	0.050	0.050	0.050	0.048	0.050
7:00:12	25.8	0.053	0.047	0.054	0.054	0.051	0.054	0.049	0.047	0.045	0.051	0.053	0.044	0.053	0.047	0.049	0.053	0.052	0.051	0.050	0.050	0.050	0.053	0.053	0.053	0.052	0.045	0.049	0.050	0.050	0.052	0.049	0.050	0.051	0.053	0.050	0.052	0.051	0.046	0.048	0.049	0.047	0.054	0.046	0.052	0.049	0.054	0.050	0.050	0.052	0.047	0.051	0.051	0.047	0.054	0.051	0.050	0.048	0.049	0.050	0.057	0.051	0.048	0.053	0.049	0.050	0.045	0.051	0.051	0.049	0.049	0.050	0.049	0.051	0.046	0.052	0.049	0.051	0.050	0.049	0.046	0.051	0.046	0.050	0.046	0.053	0.049	0.051	0.043	0.047	0.050	0.052	0.052	0.053	0.053	0.050	0.052
8:00:14	25.5	0.062	0.050	0.060	0.059	0.056	0.061	0.053	0.049	0.044	0.056	0.058	0.045	0.062	0.050	0.051	0.058	0.059	0.061	0.055	0.054	0.054	0.057	0.059	0.059	0.060	0.045	0.053	0.054	0.054	0.058	0.054	0.055	0.056	0.058	0.053	0.055	0.058	0.048	0.052	0.053	0.051	0.060	0.046	0.057	0.053	0.058	0.053	0.052	0.058	0.050	0.056	0.055	0.047	0.059	0.055	0.057	0.051	0.053	0.055	0.059	0.057	0.051	0.059	0.051	0.055	0.045	0.056	0.057	0.053	0.053	0.053	0.053	0.052	0.047	0.055	0.052	0.055	0.055	0.053	0.046	0.053	0.048	0.054	0.048	0.061	0.051	0.057	0.043	0.051	0.055	0.058	0.056	0.057	0.056	0.054	0.056
9:00:14	25.4	0.079	0.054	0.072	0.070	0.068	0.077	0.061	0.053	0.045	0.066	0.066	0.045	0.081	0.056	0.056	0.067	0.073	0.081	0.066	0.062	0.061	0.065	0.071	0.071	0.075	0.047	0.060	0.062	0.063	0.070	0.064	0.065	0.065	0.066	0.060	0.062	0.071	0.052	0.059	0.061	0.059	0.071	0.047	0.068	0.061	0.065	0.060	0.057	0.072	0.056	0.065	0.065	0.048	0.069	0.063	0.070	0.056	0.059	0.065	0.061	0.069	0.057	0.069	0.056	0.064	0.047	0.067	0.069	0.061	0.061	0.061	0.061	0.054	0.049	0.061	0.058	0.064	0.065	0.062	0.046	0.057	0.051	0.061	0.051	0.077	0.053	0.070	0.044	0.052	0.066	0.068	0.062	0.065	0.065	0.062	0.064
10:00:16	25.3	0.103	0.062	0.095	0.090	0.092	0.107	0.077	0.060	0.045	0.088	0.088	0.045	0.109	0.069	0.066	0.084	0.100	0.115	0.085	0.077	0.075	0.083	0.096	0.099	0.102	0.048	0.074	0.078	0.078	0.094	0.082	0.085	0.083	0.082	0.075	0.077	0.100	0.059	0.072	0.077	0.075	0.092	0.047	0.091	0.078	0.079	0.073	0.065	0.100	0.069	0.084	0.084	0.049	0.088	0.076	0.097	0.065	0.071	0.090	0.066	0.092	0.069	0.088	0.064	0.085	0.049	0.088	0.092	0.077	0.076	0.077	0.078	0.058	0.053	0.071	0.069	0.082	0.085	0.079	0.047	0.066	0.056	0.075	0.057	0.104	0.059	0.096	0.044	0.053	0.088	0.091	0.075	0.080	0.084	0.079	0.081
11:00:16	25.4	0.119	0.079	0.126	0.119	0.122	0.135	0.109	0.076	0.044	0.120	0.127	0.045	0.129	0.093	0.088	0.110	0.132	0.145	0.112	0.105	0.102	0.117	0.134	0.137	0.124	0.051	0.096	0.103	0.097	0.121	0.109	0.115	0.114	0.111	0.105	0.108	0.131	0.073	0.099	0.102	0.105	0.123	0.047	0.122	0.107	0.107	0.099	0.083	0.127	0.093	0.114	0.111	0.051	0.114	0.099	0.129	0.086	0.094	0.126	0.075	0.115	0.094	0.118	0.082	0.117	0.052	0.119	0.123	0.106	0.101	0.105	0.109	0.063	0.060	0.093	0.092	0.110	0.115	0.109	0.046	0.081	0.066	0.104	0.069	0.126	0.073	0.129	0.043	0.054	0.121	0.127	0.100	0.108	0.113	0.108	0.112
12:00:18	25.5	0.131	0.109	0.154	0.146	0.150	0.160	0.142	0.105	0.045	0.155	0.166	0.045	0.141	0.125	0.117	0.136	0.162	0.171	0.143	0.142	0.142	0.158	0.172	0.170	0.140	0.055	0.121	0.128	0.117	0.146	0.141	0.146	0.146	0.143	0.138	0.145	0.154	0.100	0.136	0.136	0.143	0.160	0.047	0.145	0.142	0.145	0.130	0.112	0.149	0.122	0.147	0.142	0.053	0.142	0.124	0.159	0.121	0.124	0.157	0.097	0.131	0.124	0.153	0.113	0.152	0.058	0.152	0.155	0.140	0.129	0.131	0.142	0.074	0.074	0.121	0.123	0.140	0.144	0.141	0.046	0.108	0.084	0.136	0.094	0.140	0.100	0.154	0.043	0.056	0.149	0.160	0.129	0.137	0.140	0.134	0.140
13:00:19	25.4	0.140	0.139	0.180	0.175	0.175	0.184	0.172	0.143	0.045	0.191	0.197	0.046	0.151	0.152	0.150	0.167	0.194	0.191	0.184	0.192	0.191	0.200	0.211	0.202	0.156	0.065	0.150	0.159	0.142	0.172	0.179	0.183	0.182	0.185	0.173	0.184	0.171	0.131	0.171	0.172	0.182	0.202	0.049	0.164	0.182	0.183	0.171	0.146	0.166	0.146	0.177	0.179	0.059	0.178	0.154	0.188	0.161	0.153	0.182	0.132	0.145	0.147	0.188	0.149	0.184	0.067	0.189	0.191	0.176	0.156	0.162	0.175	0.095	0.101	0.149	0.153	0.172	0.176	0.175	0.046	0.141	0.113	0.169	0.127	0.154	0.129	0.177	0.043	0.058	0.179	0.185	0.155	0.162	0.164	0.158	0.164
14:00:20	25.3	0.155	0.165	0.206	0.204	0.196	0.205	0.201	0.188	0.045	0.226	0.225	0.046	0.163	0.178	0.188	0.201	0.230	0.214	0.224	0.239	0.238	0.237	0.247	0.230	0.171	0.080	0.183	0.193	0.175	0.201	0.219	0.222	0.223	0.227	0.210	0.220	0.184	0.160	0.205	0.214	0.220	0.254	0.049	0.182	0.227	0.222	0.213	0.181	0.183	0.162	0.205	0.220	0.074	0.216	0.190	0.219	0.198	0.194	0.210	0.177	0.160	0.167	0.231	0.185	0.218	0.080	0.234	0.234	0.217	0.188	0.197	0.207	0.118	0.130	0.176	0.183	0.210	0.208	0.211	0.047	0.169	0.140	0.208	0.153	0.168	0.147	0.198	0.043	0.061	0.211	0.214	0.180	0.189	0.189	0.183	0.181
15:00:21	25.3	0.169	0.187	0.231	0.231	0.212	0.226	0.225	0.228	0.045	0.261	0.244	0.046	0.171	0.203	0.226	0.238	0.267	0.236	0.263	0.287	0.289	0.265	0.276	0.247	0.184	0.103	0.224	0.234	0.215	0.236	0.262	0.264	0.272	0.273	0.246	0.254	0.196	0.189	0.243	0.261	0.262	0.305	0.050	0.197	0.272	0.261	0.258	0.212	0.198	0.179	0.240	0.260	0.103	0.257	0.235	0.253	0.234	0.236	0.230	0.225	0.172	0.191	0.277	0.227	0.255	0.099	0.280	0.283	0.263	0.231	0.237	0.242	0.138	0.150	0.209	0.213	0.253	0.250	0.252	0.047	0.197	0.165	0.251	0.170	0.180	0.162	0.219	0.044	0.066	0.242	0.239	0.206	0.217	0.214	0.209	0.196
16:00:22	25.3	0.176	0.214	0.250	0.257	0.244	0.245	0.261	0.266	0.045	0.296	0.259	0.046	0.181	0.224	0.259	0.271	0.305	0.256	0.300	0.328	0.333	0.289	0.308	0.262	0.200	0.141	0.262	0.271	0.259	0.271	0.299	0.300	0.315	0.314	0.285	0.284	0.209	0.219	0.275	0.301	0.302	0.347	0.051	0.208	0.311	0.294	0.305	0.243	0.214	0.194	0.269	0.297	0.144	0.295	0.281	0.283	0.274	0.273	0.254	0.278	0.182	0.205	0.317	0.272	0.284	0.120	0.320	0.327	0.304	0.273	0.275	0.268	0.155	0.170	0.241	0.248	0.292	0.291	0.284	0.047	0.238	0.194	0.293	0.189	0.193	0.174	0.239	0.044	0.073	0.263	0.262	0.232	0.238	0.232	0.223	0.211
17:00:21	25.3	0.186	0.237	0.264	0.280	0.259	0.255	0.285	0.297	0.045	0.323	0.273	0.046	0.194	0.253	0.287	0.299	0.338	0.265	0.327	0.345	0.357	0.300	0.327	0.268	0.205	0.161	0.296	0.301	0.295	0.301	0.332	0.328	0.351	0.343	0.324	0.298	0.222	0.250	0.302	0.336	0.334	0.384	0.053	0.215	0.334	0.314	0.337	0.259	0.232	0.205	0.294	0.327	0.180	0.328	0.319	0.307	0.298	0.288	0.269	0.318	0.193	0.229	0.349	0.308	0.311	0.139	0.352	0.364	0.338	0.303	0.301	0.284	0.175	0.189	0.265	0.277	0.322	0.319	0.309	0.047	0.277	0.228	0.342	0.207	0.212	0.183	0.275	0.044	0.082	0.281	0.285	0.250	0.254	0.246	0.227	0.218
18:00:22	25.2	0.192	0.256	0.273	0.295	0.270	0.271	0.286	0.312	0.044	0.336	0.277	0.046	0.200	0.263	0.313	0.317	0.342	0.277	0.348	0.374	0.381	0.316	0.350	0.275	0.214	0.185	0.322	0.320	0.320	0.316	0.357	0.339	0.382	0.373	0.337	0.310	0.231	0.266	0.324	0.365	0.356	0.410	0.054	0.226	0.360	0.339	0.365	0.271	0.238	0.215	0.311	0.340	0.210	0.343	0.350	0.323	0.313	0.299	0.290	0.340	0.206	0.280	0.375	0.337	0.325	0.158	0.377	0.387	0.367	0.333	0.335	0.308	0.194	0.204	0.287	0.306	0.344	0.343	0.326	0.047	0.311	0.262	0.357	0.216	0.211	0.197	0.303	0.044	0.096	0.288	0.302	0.270	0.268	0.249	0.235	0.215
19:00:23	25.1	0.193	0.289	0.283	0.303	0.251	0.276	0.289	0.330	0.044	0.334	0.272	0.046	0.203	0.268	0.329	0.332	0.350	0.279	0.355	0.383	0.366	0.318	0.350	0.282	0.205	0.220	0.339	0.333	0.339	0.329	0.372	0.348	0.386	0.383	0.362	0.311	0.235	0.304	0.337	0.386	0.375	0.430	0.055	0.235	0.386	0.363	0.387	0.281	0.255	0.226	0.322	0.356	0.235	0.351	0.361	0.330	0.324	0.301	0.282	0.354	0.209	0.316	0.355	0.362	0.334	0.170	0.382	0.399	0.372	0.354	0.343	0.311	0.215	0.215	0.301	0.331	0.360	0.355	0.334	0.047	0.340	0.294	0.376	0.226	0.219	0.208	0.319	0.043	0.111	0.288	0.328	0.290	0.277	0.252	0.238	0.213
20:00:25	25.1	0.193	0.275	0.296	0.309	0.241	0.268	0.276	0.334	0.044	0.359	0.269	0.046	0.205	0.269	0.331	0.324	0.306	0.276	0.343	0.372	0.347	0.327	0.365	0.268	0.223	0.251	0.347	0.302	0.346	0.328	0.378	0.344	0.370	0.391	0.358	0.305	0.235	0.319	0.336	0.402	0.385	0.442	0.057	0.241	0.404	0.356	0.361	0.280	0.278	0.217	0.324	0.340	0.266	0.360	0.333	0.327	0.328	0.300	0.273	0.357	0.204	0.312	0.348	0.376	0.340	0.177	0.384	0.412	0.365	0.354	0.354	0.322	0.249	0.235	0.309	0.350	0.368	0.367	0.334	0.047	0.356	0.322	0.392	0.237	0.228	0.192	0.271	0.043	0.123	0.282	0.312	0.301	0.280	0.247	0.247	0.207
21:00:26	25.3	0.194	0.271	0.301	0.302	0.272	0.263	0.294	0.322	0.045	0.327	0.262	0.047	0.205	0.277	0.342	0.320	0.267	0.271	0.343	0.349	0.317	0.317	0.330	0.284	0.239	0.332	0.352	0.299	0.357	0.329	0.360	0.359	0.383	0.379	0.331	0.305	0.230	0.300	0.336	0.412	0.390	0.454	0.058	0.243	0.386	0.363	0.375	0.285	0.322	0.216	0.343	0.340	0.311	0.348	0.294	0.325	0.332	0.302	0.243	0.356	0.189	0.358	0.334	0.391	0.345	0.190	0.378	0.387	0.321	0.347	0.364	0.327	0.271	0.259	0.319	0.375	0.377	0.373	0.333	0.047	0.375	0.350	0.414	0.242	0.223	0.191	0.319	0.044	0.141	0.276	0.297	0.334	0.277	0.240	0.235	0.222
22:00:27	25.6	0.191	0.284	0.261	0.313	0.291	0.290	0.325	0.322	0.044	0.403	0.260	0.046	0.206	0.276	0.328	0.323	0.301	0.268	0.341	0.376	0.336	0.299	0.288	0.271	0.257	0.273	0.357	0.268	0.336	0.294	0.340	0.300	0.356	0.343	0.337	0.310	0.221	0.311	0.332	0.359	0.389	0.462	0.060	0.241	0.353	0.340	0.393	0.259	0.314	0.211	0.356	0.309	0.346	0.310	0.334	0.317	0.330	0.300	0.231	0.338	0.169	0.396	0.382	0.401	0.322	0.198	0.377	0.350	0.372	0.356	0.355	0.280	0.284	0.265	0.329	0.368	0.377	0.379	0.330	0.047	0.356	0.361	0.453	0.238	0.240	0.198	0.394	0.043	0.162	0.267	0.346	0.308	0.279	0.306	0.227	0.259
23:00:28	25.9	0.186	0.328	0.279	0.312	0.309	0.303	0.333	0.313	0.044	0.406	0.250	0.046	0.200	0.242	0.267	0.303	0.354	0.261	0.336	0.364	0.372	0.295	0.299	0.270	0.289	0.286	0.353	0.304	0.344	0.273	0.327	0.301	0.307	0.361	0.379	0.307	0.208	0.276	0.333	0.314	0.395	0.463	0.062	0.238	0.323	0.294	0.338	0.233	0.320	0.216	0.315	0.297	0.370	0.314	0.399	0.308	0.326	0.285	0.281	0.319	0.165	0.414	0.419	0.421	0.352	0.207	0.356	0.428	0.435	0.350	0.331	0.335	0.341	0.277	0.331	0.304	0.375	0.362	0.325	0.047	0.353	0.342	0.483	0.236	0.278	0.220	0.452	0.043	0.195	0.257	0.412	0.343	0.284	0.376	0.230	0.305
24:00:29	26.2	0.184	0.362	0.307	0.316	0.344	0.320	0.339	0.297	0.044	0.404	0.223	0.046	0.179	0.268	0.266	0.261	0.383	0.255	0.332	0.352	0.388	0.291	0.355	0.282	0.313	0.270	0.352	0.335	0.326	0.336	0.313	0.346	0.376	0.381	0.423	0.270	0.199	0.265	0.321	0.297	0.376	0.459	0.064	0.234	0.336	0.296	0.396	0.248	0.348	0.223	0.235	0.381	0.390	0.392	0.445	0.303	0.321	0.279	0.304	0.310	0.155	0.446	0.469	0.387	0.324	0.217	0.343	0.466	0.481	0.355	0.349	0.372	0.372	0.250	0.306	0.338	0.372	0.382	0.316	0.047	0.349	0.342	0.527	0.245	0.351	0.280	0.500	0.043	0.220	0.248	0.475	0.411	0.276	0.426	0.211	0.363
25:00:30	26.4	0.180	0.388	0.309	0.339	0.376	0.352	0.383	0.255	0.044	0.425	0.210	0.047	0.168	0.311	0.295	0.312	0.420	0.250	0.356	0.362	0.454	0.249	0.411	0.313	0.363	0.241	0.354	0.405	0.296	0.372	0.247	0.382	0.439	0.359	0.466	0.322	0.232	0.297	0.328	0.371	0.380	0.449	0.066	0.223	0.397	0.358	0.452	0.236	0.407	0.257	0.264	0.430	0.407	0.454	0.500	0.294	0.316	0.257	0.338	0.306	0.174	0.489	0.503	0.354	0.283	0.233	0.443	0.512	0.520	0.416	0.412	0.424	0.444	0.259	0.278	0.429	0.354	0.355	0.306	0.047	0.360	0.404	0.579	0.250	0.423	0.322	0.543	0.043	0.239	0.241	0.534	0.463	0.246	0.477	0.211	0.415
26:00:30	26.5	0.179	0.403	0.335	0.354	0.421	0.394	0.413	0.239	0.044	0.449	0.241	0.047	0.172	0.370	0.325	0.346	0.459	0.246	0.421	0.415	0.484	0.274	0.436	0.326	0.403	0.266	0.347	0.423	0.276	0.402	0.306	0.433	0.493	0.363	0.515	0.342	0.269	0.325	0.284	0.388	0.371	0.439	0.068	0.209	0.435	0.398	0.483	0.237	0.438	0.295	0.296	0.487	0.418	0.495	0.520	0.285	0.302	0.238	0.368	0.306	0.185	0.514	0.546	0.344	0.260	0.239	0.483	0.551	0.556	0.462	0.470	0.460	0.504	0.303	0.271	0.468	0.342	0.297	0.292	0.047	0.344	0.444	0.611	0.290	0.497	0.354	0.586	0.043	0.246	0.231	0.600	0.520	0.231	0.516	0.211	0.449
27:00:30	26.4	0.178	0.445	0.361	0.380	0.477	0.453	0.449	0.287	0.044	0.468	0.268	0.046	0.196	0.439	0.358	0.397	0.487	0.238	0.473	0.425	0.527	0.287	0.452	0.356	0.439	0.289	0.335	0.463	0.327	0.428	0.350	0.483	0.555	0.429	0.530	0.388	0.304	0.384	0.228	0.446	0.364	0.436	0.071	0.239	0.467	0.456	0.545	0.292	0.494	0.339	0.345	0.512	0.427	0.535	0.552	0.277	0.293	0.269	0.402	0.274	0.250	0.540	0.580	0.376	0.312	0.250	0.522	0.592	0.597	0.513	0.519	0.487	0.567	0.349	0.319	0.514	0.333	0.365	0.280	0.047	0.355	0.485	0.635	0.342	0.546	0.393	0.620	0.043	0.247	0.228	0.643	0.579	0.264	0.559	0.207	0.483
28:00:32	26.3	0.176	0.471	0.384	0.420	0.480	0.486	0.497	0.303	0.044	0.476	0.295	0.047	0.229	0.480	0.396	0.423	0.531	0.222	0.513	0.461	0.558	0.338	0.486	0.394	0.495	0.337	0.322	0.490	0.389	0.487	0.402	0.527	0.594	0.470	0.580	0.430	0.344	0.442	0.312	0.505	0.397	0.431	0.074	0.242	0.532	0.505	0.592	0.320	0.569	0.371	0.424	0.559	0.443	0.560	0.600	0.274	0.284	0.331	0.455	0.256	0.214	0.563	0.625	0.434	0.378	0.271	0.601	0.627	0.636	0.549	0.563	0.530	0.635	0.404	0.403	0.560	0.318	0.441	0.270	0.047	0.458	0.529	0.673	0.396	0.588	0.428	0.660	0.043	0.247	0.222	0.676	0.637	0.327	0.612	0.204	0.532
29:00:33	26.1	0.177	0.492	0.423	0.444	0.558	0.533	0.529	0.345	0.044	0.530	0.337	0.047	0.259	0.522	0.438	0.471	0.560	0.236	0.553	0.513	0.591	0.378	0.500	0.458	0.522	0.392	0.331	0.524	0.435	0.529	0.443	0.571	0.628	0.529	0.581	0.465	0.409	0.486	0.365	0.569	0.295	0.429	0.077	0.250	0.570	0.548	0.635	0.382	0.615	0.411	0.460	0.607	0.448	0.597	0.615	0.269	0.276	0.382	0.510	0.249	0.226	0.587	0.651	0.490	0.415	0.271	0.635	0.661	0.671	0.624	0.608	0.561	0.688	0.445	0.463	0.626	0.334	0.508	0.268	0.047	0.503	0.577	0.699	0.446	0.628	0.425	0.673	0.044	0.246	0.227	0.728	0.669	0.402	0.660	0.244	0.557
30:00:33	25.7	0.177	0.518	0.417	0.446	0.546	0.579	0.562	0.405	0.044	0.561	0.370	0.047	0.297	0.565	0.470	0.494	0.589	0.214	0.598	0.552	0.608	0.410	0.530	0.493	0.544	0.428	0.300	0.570	0.473	0.556	0.489	0.586	0.646	0.585	0.605	0.493	0.510	0.522	0.377	0.583	0.280	0.408	0.080	0.286	0.597	0.581	0.674	0.410	0.645	0.458	0.482	0.619	0.452	0.625	0.635	0.264	0.271	0.418	0.556	0.294	0.245	0.626	0.683	0.515	0.463	0.273	0.652	0.684	0.673	0.650	0.639	0.588	0.721	0.455	0.496	0.663	0.275	0.567	0.261	0.047	0.560	0.610	0.707	0.477	0.643	0.457	0.647	0.044	0.242	0.214	0.735	0.701	0.463	0.694	0.308	0.570
31:00:34	25.4	0.178	0.536	0.577	0.547	0.563	0.584	0.558	0.428	0.044	0.575	0.445	0.047	0.345	0.573	0.515	0.545	0.620	0.223	0.635	0.609	0.651	0.459	0.595	0.515	0.605	0.497	0.257	0.605	0.537	0.608	0.533	0.636	0.678	0.612	0.610	0.549	0.486	0.580	0.441	0.632	0.230	0.400	0.085	0.318	0.636	0.608	0.696	0.461	0.635	0.475	0.555	0.640	0.422	0.650	0.663	0.263	0.269	0.483	0.622	0.339	0.301	0.680	0.728	0.596	0.543	0.266	0.681	0.729	0.687	0.677	0.668	0.650	0.713	0.534	0.553	0.717	0.271	0.652	0.260	0.047	0.595	0.651	0.718	0.515	0.599	0.466	0.693	0.043	0.240	0.215	0.788	0.705	0.492	0.709	0.340	0.575
32:00:36	25.5	0.179	0.558	0.601	0.580	0.515	0.573	0.588	0.462	0.044	0.582	0.468	0.047	0.390	0.583	0.552	0.546	0.673	0.244	0.669	0.615	0.630	0.490	0.616	0.536	0.624	0.554	0.224	0.639	0.579	0.627	0.559	0.646	0.697	0.652	0.636	0.598	0.501	0.621	0.491	0.669	0.250	0.354	0.090	0.328	0.658	0.619	0.697	0.490	0.620	0.521	0.602	0.656	0.387	0.678	0.675	0.255	0.280	0.530	0.653	0.388	0.334	0.694	0.739	0.640	0.596	0.262	0.707	0.734	0.713	0.698	0.677	0.673	0.700	0.560	0.585	0.740	0.238	0.675	0.253	0.047	0.640	0.670	0.707	0.550	0.587	0.473	0.692	0.043	0.235	0.252	0.774	0.724	0.517	0.718	0.361	0.599
33:00:37	25.4	0.176	0.579	0.625	0.569	0.562	0.596	0.596	0.510	0.044	0.617	0.497	0.047	0.447	0.586	0.581	0.586	0.615	0.281	0.696	0.645	0.633	0.532	0.626	0.574	0.663	0.580	0.244	0.659	0.611	0.641	0.613	0.673	0.676	0.683	0.631	0.625	0.567	0.632	0.542	0.691	0.274	0.326	0.098	0.376	0.680	0.630	0.705	0.545	0.641	0.558	0.604	0.689	0.358	0.697	0.699	0.247	0.261	0.559	0.671	0.440	0.352	0.573	0.736	0.673	0.660	0.258	0.743	0.731	0.735	0.717	0.687	0.694	0.708	0.562	0.636	0.764	0.241	0.705	0.247	0.047	0.665	0.694	0.711	0.599	0.573	0.481	0.720	0.043	0.231	0.341	0.805	0.739	0.553	0.746	0.407	0.602
34:00:38	25.4	0.179	0.588	0.601	0.596	0.601	0.637	0.609	0.541	0.045	0.654	0.524	0.047	0.496	0.581	0.617	0.605	0.622	0.305	0.707	0.670	0.634	0.562	0.637	0.586	0.663	0.633	0.283	0.677	0.655	0.668	0.631	0.665	0.672	0.698	0.635	0.642	0.596	0.655	0.567	0.740	0.322	0.299	0.107	0.429	0.689	0.644	0.714	0.586	0.661	0.571	0.657	0.710	0.322	0.713	0.711	0.241	0.255	0.593	0.698	0.496	0.408	0.527	0.783	0.715	0.703	0.253	0.760	0.755	0.725	0.708	0.711	0.713	0.716	0.612	0.669	0.781	0.289	0.740	0.241	0.047	0.718	0.710	0.726	0.625	0.585	0.491	0.773	0.043	0.228	0.416	0.799	0.743	0.571	0.755	0.421	0.577
35:00:39	25.3	0.179	0.599	0.644	0.615	0.616	0.671	0.615	0.596	0.044	0.663	0.565	0.047	0.534	0.590	0.681	0.604	0.623	0.349	0.721	0.660	0.623	0.610	0.661	0.599	0.675	0.644	0.295	0.675	0.680	0.686	0.630	0.670	0.684	0.704	0.664	0.686	0.640	0.646	0.644	0.744	0.376	0.278	0.114	0.470	0.661	0.639	0.721	0.629	0.675	0.592	0.672	0.720	0.297	0.720	0.733	0.236	0.261	0.627	0.711	0.561	0.430	0.582	0.797	0.742	0.741	0.259	0.774	0.704	0.743	0.713	0.701	0.717	0.712	0.652	0.700	0.770	0.351	0.761	0.235	0.047	0.738	0.693	0.732	0.655	0.518	0.487	0.773	0.044	0.224	0.493	0.792	0.744	0.607	0.777	0.486	0.573
36:00:39	25.2	0.176	0.581	0.623	0.587	0.638	0.691	0.643	0.632	0.044	0.686	0.587	0.048	0.569	0.614	0.578	0.600	0.632	0.401	0.702	0.664	0.612	0.608	0.654	0.598	0.710	0.625	0.339	0.659	0.698	0.671	0.682	0.671	0.648	0.697	0.683	0.679	0.644	0.668	0.655	0.721	0.443	0.283	0.120	0.525	0.649	0.671	0.719	0.647	0.682	0.592	0.677	0.705	0.316	0.745	0.747	0.230	0.233	0.662	0.709	0.628	0.445	0.642	0.788	0.775	0.760	0.261	0.789	0.738	0.743	0.727	0.740	0.711	0.699	0.634	0.694	0.776	0.433	0.779	0.230	0.047	0.752	0.711	0.776	0.643	0.510	0.502	0.700	0.044	0.223	0.534	0.812	0.778	0.637	0.761	0.545	0.565
37:00:40	25.1	0.172	0.596	0.625	0.622	0.676	0.688	0.664	0.616	0.044	0.674	0.620	0.048	0.598	0.617	0.659	0.652	0.674	0.458	0.701	0.660	0.623	0.618	0.660	0.623	0.714	0.648	0.393	0.662	0.638	0.697	0.668	0.735	0.655	0.714	0.692	0.671	0.681	0.736	0.670	0.737	0.513	0.264	0.129	0.568	0.664	0.685	0.721	0.648	0.740	0.603	0.717	0.725	0.357	0.750	0.741	0.227	0.232	0.694	0.727	0.719	0.485	0.685	0.775	0.782	0.792	0.341	0.792	0.676	0.718	0.745	0.750	0.690	0.724	0.663	0.709	0.769	0.496	0.796	0.225	0.047	0.761	0.725	0.793	0.643	0.529	0.501	0.626	0.044	0.226	0.602	0.780	0.772	0.672	0.746	0.586	0.568
38:00:40	24.9	0.169	0.555	0.616	0.617	0.683	0.670	0.645	0.622	0.044	0.665	0.595	0.048	0.619	0.645	0.633	0.624	0.658	0.502	0.700	0.678	0.663	0.616	0.660	0.627	0.739	0.689	0.452	0.655	0.692	0.705	0.678	0.642	0.666	0.722	0.703	0.648	0.678	0.689	0.663	0.744	0.554	0.304	0.141	0.581	0.667	0.680	0.722	0.651	0.721	0.604	0.732	0.750	0.406	0.741	0.769	0.222	0.267	0.717	0.719	0.785	0.492	0.729	0.788	0.783	0.793	0.263	0.795	0.690	0.756	0.735	0.732	0.662	0.712	0.646	0.702	0.773	0.555	0.822	0.220	0.047	0.759	0.723	0.792	0.609	0.542	0.525	0.604	0.044	0.216	0.637	0.756	0.809	0.689	0.803	0.567	0.570
39:00:41	24.8	0.165	0.553	0.567	0.628	0.661	0.649	0.608	0.617	0.044	0.665	0.598	0.047	0.610	0.663	0.625	0.644	0.647	0.561	0.706	0.597	0.663	0.631	0.651	0.638	0.790	0.608	0.520	0.619	0.675	0.691	0.704	0.676	0.671	0.701	0.684	0.611	0.644	0.668	0.677	0.746	0.620	0.345	0.156	0.602	0.683	0.703	0.729	0.615	0.711	0.610	0.688	0.778	0.449	0.761	0.783	0.218	0.307	0.751	0.716	0.812	0.518	0.717	0.743	0.819	0.834	0.265	0.788	0.667	0.717	0.739	0.747	0.665	0.666	0.647	0.702	0.814	0.599	0.875	0.217	0.047	0.767	0.740	0.786	0.595	0.555	0.524	0.659	0.044	0.215	0.686	0.719	0.811	0.716	0.802	0.560	0.567
40:00:43	24.8	0.163	0.575	0.594	0.599	0.662	0.625	0.587	0.613	0.044	0.651	0.601	0.047	0.637	0.717	0.638	0.636	0.615	0.584	0.687	0.649	0.642	0.645	0.659	0.659	0.754	0.654	0.557	0.608	0.709	0.719	0.670	0.667	0.665	0.705	0.716	0.620	0.639	0.669	0.661	0.764	0.667	0.378	0.168	0.601	0.694	0.696	0.724	0.624	0.749	0.606	0.660	0.732	0.531	0.752	0.735	0.213	0.361	0.763	0.709	0.795	0.535	0.691	0.774	0.821	0.833	0.291	0.765	0.692	0.724	0.754	0.777	0.664	0.628	0.652	0.741	0.772	0.645	0.872	0.214	0.047	0.807	0.748	0.769	0.583	0.566	0.517	0.713	0.044	0.212	0.742	0.699	0.822	0.732	0.612	0.585	0.559
41:00:44	24.8	0.160	0.503	0.581	0.596	0.621	0.585	0.575	0.648	0.044	0.624	0.603	0.047	0.669	0.728	0.666	0.655	0.621	0.605	0.632	0.662	0.640	0.639	0.662	0.711	0.778	0.681	0.582	0.557	0.623	0.687	0.691	0.593	0.659	0.690	0.711	0.601	0.627	0.655	0.675	0.758	0.693	0.432	0.179	0.595	0.686	0.735	0.687	0.620	0.747	0.576	0.649	0.712	0.605	0.722	0.735	0.209	0.424	0.791	0.713	0.827	0.540	0.772	0.712	0.806	0.818	0.258	0.762	0.706	0.694	0.739	0.737	0.678	0.592	0.678	0.777	0.764	0.670	0.878	0.209	0.047	0.800	0.709	0.746	0.601	0.588	0.560	0.757	0.043	0.202	0.750	0.712	0.788	0.720	0.639	0.552	0.569
42:00:44	25.0	0.157	0.531	0.519	0.533	0.613	0.568	0.551	0.659	0.044	0.627	0.626	0.047	0.700	0.760	0.622	0.623	0.651	0.618	0.628	0.642	0.645	0.679	0.712	0.643	1.039	0.649	0.597	0.604	0.658	0.673	0.664	0.625	0.689	0.660	0.670	0.603	0.619	0.712	0.670	0.773	0.712	0.502	0.188	0.597	0.671	0.685	0.682	0.589	0.772	0.605	0.668	0.701	0.676	0.728	0.704	0.204	0.486	0.803	0.684	0.787	0.558	0.825	0.771	0.780	0.828	0.272	0.762	0.710	0.754	0.706	0.758	0.673	0.621	0.689	0.750	0.770	0.701	0.877	0.207	0.047	0.813	0.752	0.735	0.594	0.590	0.562	0.877	0.044	0.196	0.751	0.721	0.768	0.753	0.620	0.542	0.561
43:00:46	25.0	0.155	0.564	0.499	0.519	0.593	0.577	0.562	0.666	0.044	0.572	0.633	0.047	0.682	0.684	0.606	0.590	0.642	0.654	0.588	0.642	0.631	0.709	0.740	0.538	0.844	0.734	0.601	0.559	0.662	0.678	0.681	0.681	0.672	0.674	0.689	0.615	0.676	0.806	0.688	0.744	0.730	0.574	0.192	0.582	0.652	0.708	0.672	0.581	0.720	0.627	0.690	0.729	0.662	0.725	0.722	0.200	0.592	0.812	0.653	0.766	0.556	0.908	0.751	0.776	0.811	0.285	0.772	0.743	0.699	0.719	0.721	0.651	0.581	0.697	0.695	0.798	0.716	0.861	0.202	0.047	0.809	0.750	0.718	0.594	0.611	0.544	0.663	0.043	0.196	0.757	0.862	0.739	0.739	0.552	0.537	0.548
44:00:47	25.1	0.153	0.526	0.580	0.533	0.561	0.541	0.515	0.675	0.044	0.524	0.625	0.047	0.622	0.663	0.633	0.573	0.621	0.669	0.606	0.598	0.628	0.739	0.739	0.567	0.732	0.752	0.603	0.564	0.688	0.698	0.616	0.645	0.683	0.658	0.694	0.597	0.636	0.739	0.677	0.725	0.753	0.639	0.193	0.604	0.706	0.720	0.679	0.643	0.706	0.640	0.690	0.735	0.729	0.761	0.695	0.199	0.696	0.784	0.658	0.685	0.538	0.920	0.680	0.786	0.823	0.278	0.783	0.716	0.743	0.733	0.717	0.643	0.568	0.707	0.718	0.769	0.738	0.896	0.202	0.048	0.812	0.772	0.689	0.585	0.578	0.554	0.754	0.043	0.195	0.767	0.627	0.735	0.755	0.566	0.525	0.544
45:00:47	25.1	0.152	0.525	0.595	0.519	0.578	0.512	0.534	0.703	0.044	0.514	0.626	0.047	0.612	0.647	0.636	0.606	0.618	0.702	0.594	0.618	0.601	0.624	0.769	0.485	0.716	0.707	0.635	0.580	0.689	0.663	0.642	0.693	0.702	0.673	0.661	0.612	0.492	0.719	0.672	0.708	0.762	0.685	0.192	0.609	0.718	0.725	0.682	0.589	0.732	0.661	0.706	0.720	0.727	0.755	0.681	0.198	0.748	0.763	0.650	0.640	0.514	0.926	0.687	0.782	0.802	0.285	0.798	0.748	0.728	0.764	0.696	0.655	0.615	0.737	0.735	0.771	0.748	0.890	0.199	0.048	0.816	0.743	0.666	0.570	0.588	0.536	0.571	0.043	0.192	0.780	0.637	0.754	0.749	0.563	0.539	0.547
46:00:48	25.0	0.148	0.561	0.563	0.580	0.573	0.533	0.526	0.705	0.044	0.512	0.668	0.047	0.553	0.692	0.663	0.602	0.607	0.701	0.568	0.619	0.585	0.603	0.773	0.601	0.515	0.750	0.642	0.605	0.667	0.677	0.689	0.630	0.695	0.659	0.670	0.608	0.490	0.755	0.688	0.687	0.748	0.710	0.188	0.612	0.731	0.752	0.675	0.581	0.713	0.664	0.704	0.695	0.712	0.793	0.780	0.195	0.768	0.805	0.649	0.639	0.508	0.864	0.715	0.813	0.783	0.286	0.759	0.731	0.723	0.770	0.724	0.626	0.559	0.841	0.761	0.751	0.762	0.910	0.194	0.049	0.802	0.723	0.674	0.547	0.478	0.516	0.643	0.043	0.189	0.749	0.729	0.764	0.727	0.572	0.542	0.557
47:00:48	25.0	0.148	0.580	0.558	0.535	0.567	0.502	0.501	0.740	0.044	0.521	0.613	0.048	0.628	0.732	0.652	0.619	0.584	0.711	0.599	0.615	0.572	0.598	0.631	0.579	0.585	0.683	0.575	0.640	0.627	0.691	0.639	0.731	0.712	0.674	0.670	0.658	0.426	0.790	0.668	0.706	0.717	0.718	0.187	0.636	0.697	0.757	0.713	0.585	0.740	0.677	0.732	0.724	0.736	0.792	0.745	0.193	0.730	0.819	0.627	0.619	0.492	0.792	0.771	0.776	0.801	0.282	0.791	0.754	0.740	0.722	0.710	0.612	0.571	0.777	0.750	0.793	0.779	0.900	0.193	0.051	0.779	0.679	0.635	0.573	0.446	0.506	0.769	0.043	0.186	0.669	0.664	0.830	0.706	0.566	0.524	0.553
48:00:50	25.0	0.145	0.553	0.512	0.543	0.535	0.515	0.469	0.765	0.044	0.534	0.645	0.048	0.563	0.678	0.622	0.580	0.557	0.716	0.538	0.637	0.553	0.598	0.565	0.571	0.619	0.735	0.648	0.617	0.648	0.721	0.694	0.732	0.722	0.654	0.631	0.619	0.449	0.760	0.743	0.783	0.748	0.746	0.183	0.603	0.743	0.819	0.656	0.615	0.758	0.695	0.818	0.717	0.761	0.769	0.666	0.191	0.697	0.868	0.653	0.631	0.511	0.849	0.787	0.772	0.796	0.297	0.784	0.747	0.733	0.756	0.690	0.621	0.578	0.758	0.779	0.814	0.745	0.917	0.193	0.054	0.751	0.682	0.637	0.589	0.410	0.514	0.625	0.043	0.181	0.627	0.616	0.776	0.689	0.583	0.513	0.555
49:00:50	24.9	0.143	0.554	0.526	0.558	0.564	0.501	0.493	0.701	0.044	0.543	0.629	0.047	0.540	0.765	0.608	0.627	0.586	0.718	0.607	0.612	0.556	0.629	0.608	0.647	0.510	0.769	0.678	0.611	0.654	0.646	0.678	0.748	0.735	0.663	0.680	0.606	0.407	0.791	0.711	0.732	0.743	0.738	0.180	0.602	0.752	0.751	0.684	0.593	0.777	0.685	0.762	0.719	0.753	0.768	0.770	0.190	0.691	0.915	0.643	0.617	0.546	0.910	0.756	0.824	0.818	0.303	0.807	0.770	0.811	0.831	0.695	0.611	0.537	0.795	0.789	0.852	0.787	0.907	0.190	0.060	0.744	0.637	0.702	0.535	0.393	0.489	0.760	0.043	0.179	0.628	0.610	0.771	0.638	0.574	0.536	0.544
50:00:52	24.8	0.141	0.541	0.513	0.553	0.511	0.494	0.506	0.617	0.044	0.569	0.617	0.047	0.511	0.715	0.592	0.579	0.599	0.719	0.542	0.619	0.551	0.673	0.550	0.576	0.610	0.756	0.596	0.600	0.658	0.722	0.711	0.663	0.730	0.640	0.656	0.636	0.416	0.847	0.763	0.768	0.757	0.736	0.178	0.595	0.801	0.695	0.661	0.585	0.687	0.703	0.746	0.729	0.750	0.745	0.837	0.186	0.678	0.954	0.616	0.625	0.515	0.886	0.795	0.844	0.879	0.305	0.797	0.783	0.782	0.791	0.702	0.617	0.524	0.740	0.780	0.854	0.738	0.918	0.188	0.066	0.784	0.682	0.672	0.527	0.380	0.468	0.662	0.043	0.177	0.743	0.710	0.745	0.592	0.580	0.498	0.541
51:00:53	24.8	0.139	0.548	0.564	0.557	0.481	0.462	0.556	0.592	0.044	0.557	0.637	0.047	0.507	0.700	0.580	0.619	0.552	0.755	0.582	0.566	0.551	0.611	0.623	0.576	0.634	0.758	0.611	0.629	0.731	0.768	0.717	0.675	0.746	0.645	0.682	0.613	0.398	0.756	0.736	0.738	0.786	0.751	0.177	0.586	0.795	0.716	0.655	0.606	0.788	0.769	0.844	0.725	0.750	0.731	0.771	0.185	0.666	0.948	0.636	0.615	0.489	0.834	0.761	0.844	0.824	0.315	0.832	0.808	0.781	0.849	0.666	0.627	0.522	0.849	0.793	0.870	0.748	0.926	0.185	0.076	0.692	0.686	0.612	0.544	0.391	0.454	0.541	0.043	0.176	0.857	0.665	0.820	0.611	0.578	0.497	0.515
52:00:53	24.7	0.138	0.511	0.569	0.507	0.527	0.536	0.568	0.585	0.044	0.589	0.670	0.047	0.489	0.663	0.603	0.582	0.577	0.778	0.539	0.634	0.560	0.752	0.617	0.561	0.549	0.798	0.632	0.581	0.658	0.737	0.696	0.729	0.758	0.644	0.653	0.652	0.445	0.896	0.742	0.781	0.756	0.741	0.175	0.573	0.811	0.734	0.684	0.648	0.738	0.618	0.833	0.725	0.782	0.762	0.741	0.183	0.653	0.956	0.627	0.607	0.499	0.805	0.814	0.831	0.808	0.320	0.837	0.848	0.827	0.786	0.728	0.592	0.508	0.766	0.823	0.871	0.791	0.939	0.184	0.091	0.712	0.695	0.646	0.507	0.415	0.423	0.552	0.043	0.179	0.903	0.560	0.902	0.625	0.538	0.497	0.509
53:00:55	24.7	0.137	0.516	0.568	0.532	0.585	0.508	0.520	0.595	0.044	0.542	0.615	0.047	0.524	0.685	0.614	0.600	0.562	0.783	0.579	0.610	0.546	0.652	0.614	0.594	0.562	0.775	0.628	0.638	0.659	0.795	0.734	0.745	0.811	0.658	0.660	0.621	0.390	0.821	0.770	0.823	0.771	0.738	0.173	0.581	0.838	0.782	0.678	0.624	0.651	0.595	0.826	0.747	0.720	0.776	0.820	0.181	0.634	0.905	0.644	0.603	0.433	0.835	0.799	0.878	0.831	0.318	0.833	0.799	0.854	0.826	0.750	0.617	0.508	0.818	0.807	0.899	0.761	0.938	0.184	0.113	0.745	0.720	0.677	0.492	0.409	0.423	0.573	0.043	0.171	0.802	0.570	0.737	0.678	0.559	0.480	0.492
54:00:56	24.8	0.138	0.689	0.514	0.526	0.520	0.526	0.548	0.577	0.044	0.560	0.672	0.047	0.489	0.721	0.647	0.639	0.601	0.695	0.553	0.615	0.546	0.688	0.668	0.599	0.624	0.662	0.571	0.619	0.640	0.735	0.735	0.769	0.775	0.687	0.695	0.576	0.393	0.850	0.810	0.813	0.766	0.745	0.172	0.571	0.845	0.676	0.706	0.573	0.541	0.561	0.789	0.854	0.756	0.772	0.889	0.179	0.673	0.810	0.613	0.617	0.427	0.793	0.795	0.862	0.860	0.321	0.821	0.837	0.802	0.862	0.734	0.613	0.499	0.721	0.842	0.893	0.817	0.975	0.181	0.130	0.785	0.672	0.643	0.481	0.406	0.421	0.542	0.043	0.170	0.760	0.556	0.804	0.685	0.524	0.477	0.491
55:00:56	24.9	0.135	0.670	0.519	0.570	0.501	0.570	0.533	0.595	0.044	0.595	0.675	0.047	0.433	0.654	0.605	0.618	0.588	0.729	0.553	0.624	0.556	0.661	0.697	0.582	0.627	0.813	0.679	0.655	0.687	0.770	0.762	0.823	0.790	0.644	0.704	0.593	0.388	0.848	0.798	0.878	0.802	0.754	0.169	0.541	0.762	0.754	0.710	0.621	0.545	0.592	0.851	0.850	0.736	0.788	0.832	0.178	0.648	0.909	0.606	0.606	0.420	0.804	0.828	0.907	0.846	0.317	0.884	0.829	0.795	0.834	0.766	0.592	0.507	0.697	0.817	0.895	0.796	0.977	0.180	0.145	0.839	0.709	0.668	0.488	0.399	0.405	0.608	0.043	0.167	0.711	0.489	0.705	0.705	0.532	0.504	0.475
56:00:57	24.9	0.134	0.576	0.544	0.552	0.501	0.538	0.522	0.569	0.044	0.570	0.713	0.047	0.484	0.638	0.594	0.611	0.581	0.808	0.530	0.590	0.563	0.689	0.636	0.577	0.609	0.842	0.607	0.647	0.670	0.707	0.726	0.749	0.795	0.714	0.686	0.599	0.378	0.899	0.741	0.889	0.763	0.767	0.167	0.542	0.841	0.670	0.691	0.574	0.586	0.691	0.814	0.841	0.793	0.801	0.780	0.176	0.635	0.856	0.590	0.581	0.456	0.792	0.806	0.903	0.905	0.314	0.828	0.840	0.858	0.857	0.741	0.600	0.439	0.747	0.855	0.863	0.782	0.818	0.178	0.166	0.808	0.654	0.862	0.543	0.395	0.428	0.589	0.043	0.168	0.694	0.516	0.681	0.671	0.523	0.502	0.464
57:00:58	24.9	0.134	0.624	0.534	0.558	0.467	0.545	0.537	0.595	0.044	0.593	0.663	0.047	0.412	0.664	0.633	0.635	0.568	0.773	0.548	0.579	0.574	0.691	0.673	0.594	0.605	0.774	0.694	0.650	0.681	0.822	0.770	0.772	0.843	0.773	0.720	0.593	0.394	0.820	0.812	0.884	0.807	0.775	0.167	0.537	0.842	0.706	0.699	0.570	0.625	0.598	0.834	0.849	0.752	0.800	0.870	0.175	0.668	0.919	0.608	0.574	0.456	0.798	0.790	0.900	0.881	0.314	0.888	0.846	0.859	0.849	0.800	0.584	0.445	0.607	0.815	0.875	0.777	0.908	0.178	0.184	0.894	0.706	0.686	0.506	0.394	0.407	0.674	0.043	0.163	0.675	0.542	0.786	0.720	0.521	0.515	0.461
58:00:59	25.0	0.132	0.583	0.561	0.507	0.486	0.518	0.554	0.595	0.044	0.593	0.629	0.047	0.414	0.675	0.577	0.586	0.592	0.743	0.526	0.684	0.562	0.714	0.679	0.585	0.595	0.780	0.650	0.645	0.628	0.807	0.782	0.850	0.816	0.683	0.773	0.583	0.405	0.830	0.789	0.889	0.796	0.772	0.165	0.528	0.888	0.825	0.705	0.560	0.517	0.559	0.812	0.869	0.730	0.862	0.890	0.173	0.670	0.884	0.620	0.550	0.444	0.719	0.838	0.940	0.813	0.318	0.878	0.918	0.855	0.865	0.670	0.579	0.430	0.783	0.832	0.930	0.824	0.940	0.176	0.198	0.875	0.731	0.662	0.508	0.388	0.376	0.647	0.043	0.161	0.693	0.613	0.694	0.620	0.504	0.506	0.457
59:01:00	24.9	0.133	0.580	0.596	0.552	0.500	0.539	0.593	0.587	0.044	0.605	0.693	0.047	0.530	0.656	0.607	0.572	0.632	0.739	0.621	0.630	0.581	0.676	0.665	0.625	0.611	0.773	0.719	0.629	0.721	0.861	0.819	0.731	0.781	0.688	0.684	0.618	0.444	0.766	0.771	0.881	0.814	0.786	0.165	0.542	0.757	0.807	0.812	0.572	0.659	0.699	0.840	0.816	0.821	0.763	0.870	0.174	0.672	0.861	0.604	0.571	0.438	0.726	0.822	0.879	0.899	0.306	0.910	0.887	0.842	0.895	0.688	0.569	0.489	0.657	0.811	0.970	0.898	0.910	0.176	0.209	0.850	0.711	0.622	0.519	0.373	0.384	0.524	0.043	0.159	0.590	0.724	0.660	0.582	0.489	0.487	0.444
60:01:01	24.8	0.128	0.515	0.505	0.581	0.528	0.578	0.552	0.560	0.044	0.580	0.653	0.047	0.593	0.682	0.684	0.604	0.593	0.783	0.600	0.686	0.564	0.722	0.654	0.581	0.566	0.817	0.719	0.674	0.759	0.807	0.791	0.835	0.813	0.712	0.701	0.574	0.429	0.851	0.739	0.883	0.782	0.784	0.164	0.556	0.773	0.764	0.771	0.559	0.545	0.511	0.855	0.851	0.751	0.827	0.833	0.171	0.663	0.855	0.603	0.529	0.465	0.695	0.826	0.912	0.849	0.301	0.866	0.880	0.877	0.823	0.681	0.569	0.461	0.752	0.917	0.893	0.861	0.966	0.174	0.219	0.825	0.709	0.630	0.495	0.380	0.366	0.558	0.044	0.168	0.513	0.512	0.631	0.564	0.509	0.505	0.439
61:01:01	24.7	0.128	0.530	0.560	0.638	0.535	0.559	0.563	0.617	0.044	0.612	0.632	0.047	0.478	0.674	0.687	0.598	0.605	0.729	0.573	0.688	0.625	0.753	0.682	0.587	0.551	0.696	0.653	0.728	0.725	0.837	0.823	0.833	0.792	0.654	0.718	0.565	0.414	0.764	0.749	0.847	0.788	0.786	0.163	0.557	0.857	0.792	0.809	0.538	0.561	0.683	0.847	0.854	0.773	0.807	0.847	0.170	0.680	0.835	0.607	0.534	0.495	0.666	0.796	0.913	0.923	0.298	0.899	0.861	0.822	0.865	0.742	0.559	0.439	0.795	0.828	0.891	0.855	1.023	0.173	0.224	0.864	0.683	0.650	0.482	0.365	0.352	0.492	0.044	0.156	0.566	0.505	0.631	0.577	0.480	0.481	0.432
62:01:03	24.5	0.124	0.552	0.529	0.583	0.520	0.531	0.620	0.602	0.044	0.609	0.628	0.047	0.489	0.741	0.609	0.650	0.559	0.731	0.647	0.676	0.629	0.717	0.661	0.562	0.514	0.731	0.654	0.722	0.717	0.789	0.765	0.868	0.797	0.636	0.707	0.546	0.418	0.832	0.713	0.910	0.789	0.818	0.160	0.543	0.899	0.791	0.717	0.530	0.498	0.632	0.816	0.881	0.797	0.845	0.858	0.169	0.684	0.820	0.614	0.531	0.478	0.644	0.790	0.900	0.940	0.288	0.877	0.878	0.828	0.847	0.753	0.546	0.431	0.635	0.800	0.877	0.821	0.975	0.170	0.222	0.882	0.719	0.664	0.487	0.372	0.354	0.493	0.043	0.152	0.601	0.534	0.646	0.596	0.465	0.480	0.424
63:01:04	24.5	0.122	0.530	0.530	0.615	0.576	0.563	0.563	0.613	0.044	0.595	0.606	0.047	0.462	0.700	0.678	0.630	0.606	0.667	0.572	0.564	0.636	0.758	0.732	0.559	0.551	0.772	0.662	0.726	0.732	0.780	0.782	0.860	0.713	0.663	0.670	0.554	0.415	0.799	0.811	0.884	0.785	0.779	0.158	0.561	0.825	0.813	0.717	0.526	0.475	0.502	0.811	0.868	0.788	0.875	0.853	0.168	0.676	0.995	0.636	0.516	0.460	0.627	0.831	0.890	0.887	0.289	0.893	0.979	0.898	0.811	0.692	0.538	0.467	0.595	0.794	0.821	0.941	0.961	0.170	0.217	0.840	0.713	0.646	0.481	0.370	0.368	0.474	0.044	0.156	0.548	0.494	0.706	0.623	0.480	0.496	0.436
64:01:05	24.6	0.121	0.495	0.483	0.565	0.551	0.551	0.530	0.592	0.044	0.563	0.604	0.047	0.500	0.650	0.596	0.575	0.658	0.786	0.601	0.681	0.602	0.778	0.623	0.549	0.486	0.708	0.686	0.679	0.770	0.797	0.758	0.807	0.721	0.743	0.690	0.558	0.393	0.690	0.823	0.855	0.826	0.770	0.157	0.551	0.830	0.784	0.765	0.521	0.525	0.571	0.865	0.864	0.779	0.851	0.846	0.166	0.683	0.808	0.620	0.524	0.525	0.649	0.816	0.938	0.896	0.290	0.876	0.874	0.887	0.884	0.730	0.523	0.452	0.579	0.739	0.902	0.924	0.971	0.169	0.213	0.848	0.747	0.682	0.466	0.394	0.354	0.496	0.044	0.151	0.614	0.545	0.597	0.589	0.469	0.476	0.422
65:01:06	24.6	0.120	0.489	0.483	0.525	0.494	0.518	0.551	0.590	0.044	0.566	0.602	0.046	0.434	0.635	0.586	0.601	0.679	0.746	0.613	0.740	0.639	0.737	0.648	0.580	0.483	0.631	0.707	0.667	0.705	0.926	0.816	0.799	0.792	0.738	0.747	0.520	0.406	0.889	0.782	0.889	0.841	0.765	0.156	0.572	0.859	0.841	0.774	0.524	0.504	0.561	0.853	0.885	0.808	0.874	0.871	0.165	0.687	0.831	0.593	0.516	0.461	0.610	0.815	0.902	0.894	0.280	0.847	0.904	0.839	0.895	0.747	0.522	0.425	0.622	0.832	0.856	0.936	0.928	0.168	0.208	0.879	0.792	0.623	0.434	0.380	0.368	0.494	0.044	0.147	0.530	0.495	0.578	0.580	0.470	0.473	0.437
66:01:06	24.7	0.117	0.508	0.436	0.520	0.559	0.509	0.540	0.607	0.044	0.585	0.627	0.046	0.425	0.691	0.631	0.625	0.575	0.713	0.577	0.748	0.630	0.732	0.662	0.545	0.468	0.697	0.688	0.725	0.893	0.859	0.837	0.840	0.695	0.702	0.670	0.505	0.404	0.862	0.752	0.884	0.775	0.760	0.154	0.599	0.846	0.795	0.734	0.532	0.491	0.470	0.848	0.848	0.819	0.878	0.897	0.164	0.690	0.807	0.600	0.489	0.502	0.652	0.823	0.942	0.936	0.281	0.912	0.925	0.897	0.884	0.759	0.520	0.400	0.558	0.704	0.932	0.903	0.872	0.167	0.206	0.859	0.710	0.654	0.448	0.390	0.382	0.457	0.045	0.147	0.502	0.507	0.615	0.550	0.464	0.458	0.408
67:01:07	25.1	0.115	0.484	0.497	0.581	0.544	0.585	0.559	0.623	0.044	0.569	0.606	0.046	0.420	0.655	0.630	0.608	0.590	0.694	0.605	0.691	0.671	0.705	0.643	0.557	0.431	0.716	0.671	0.712	0.714	0.897	0.748	0.839	0.717	0.715	0.803	0.505	0.394	0.851	0.817	0.909	0.823	0.855	0.152	0.607	0.790	0.881	0.782	0.474	0.468	0.522	0.866	0.867	0.805	0.891	0.919	0.162	0.680	0.859	0.579	0.487	0.449	0.516	0.864	0.882	0.856	0.279	0.923	0.896	0.905	0.797	0.669	0.507	0.426	0.583	0.690	0.899	0.923	0.929	0.166	0.197	0.936	0.792	0.609	0.436	0.396	0.382	0.514	0.046	0.143	0.504	0.505	0.571	0.584	0.468	0.454	0.423
68:01:08	25.3	0.117	0.435	0.436	0.490	0.507	0.496	0.523	0.595	0.044	0.589	0.595	0.046	0.390	0.709	0.626	0.641	0.592	0.720	0.633	0.706	0.637	0.767	0.687	0.539	0.438	0.712	0.684	0.729	0.725	0.897	0.820	0.825	0.772	0.755	0.762	0.476	0.387	0.753	0.798	0.903	0.845	0.800	0.151	0.636	0.888	0.819	0.787	0.465	0.453	0.516	0.843	0.919	0.785	0.905	0.844	0.161	0.691	0.849	0.588	0.477	0.438	0.583	0.857	0.893	0.942	0.280	0.855	0.955	0.886	0.870	0.664	0.501	0.389	0.555	0.720	0.887	0.903	0.973	0.163	0.194	0.893	0.695	0.683	0.440	0.413	0.374	0.469	0.047	0.141	0.511	0.516	0.583	0.542	0.457	0.456	0.412
69:01:09	25.5	0.115	0.466	0.456	0.559	0.503	0.509	0.546	0.611	0.044	0.547	0.594	0.046	0.389	0.666	0.606	0.663	0.638	0.737	0.614	0.688	0.599	0.722	0.691	0.552	0.431	0.671	0.658	0.724	0.795	0.862	0.799	0.846	0.733	0.748	0.814	0.473	0.404	0.782	0.793	0.911	0.891	0.779	0.150	0.766	0.798	0.855	0.747	0.477	0.459	0.435	0.853	0.867	0.830	0.885	0.898	0.161	0.673	0.821	0.619	0.459	0.430	0.505	0.839	0.906	0.868	0.276	0.909	0.926	0.876	0.817	0.689	0.485	0.401	0.567	0.667	0.831	0.901	0.928	0.164	0.192	0.894	0.688	0.621	0.434	0.396	0.382	0.475	0.049	0.138	0.486	0.500	0.556	0.523	0.459	0.446	0.410
70:01:10	25.6	0.114	0.490	0.506	0.584	0.518	0.536	0.567	0.599	0.044	0.588	0.588	0.046	0.370	0.703	0.585	0.701	0.566	0.639	0.626	0.655	0.720	0.743	0.665	0.538	0.448	0.757	0.644	0.796	0.706	0.833	0.732	0.832	0.739	0.724	0.686	0.501	0.404	0.745	0.765	0.843	0.885	0.838	0.150	0.688	0.846	0.805	0.785	0.463	0.466	0.432	0.850	0.930	0.789	0.879	0.862	0.160	0.695	0.839	0.593	0.469	0.446	0.509	0.841	0.922	0.888	0.272	0.841	0.895	0.877	0.877	0.662	0.486	0.398	0.541	0.674	0.869	0.892	0.897	0.161	0.188	0.808	0.745	0.599	0.435	0.420	0.391	0.472	0.051	0.137	0.495	0.480	0.565	0.528	0.457	0.441	0.409
71:01:11	25.5	0.114	0.486	0.474	0.505	0.535	0.533	0.537	0.605	0.044	0.555	0.547	0.047	0.383	0.669	0.589	0.648	0.676	0.674	0.628	0.634	0.696	0.732	0.660	0.521	0.442	0.681	0.656	0.779	0.777	0.869	0.869	0.892	0.706	0.689	0.754	0.461	0.386	0.791	0.815	0.916	0.879	0.829	0.149	0.707	0.852	0.768	0.762	0.465	0.450	0.461	0.849	0.935	0.860	0.854	0.820	0.158	0.693	0.806	0.589	0.449	0.448	0.481	0.805	0.940	0.898	0.277	0.855	0.911	0.918	0.766	0.693	0.471	0.376	0.544	0.640	0.871	0.924	0.956	0.160	0.187	0.855	0.760	0.595	0.423	0.397	0.369	0.487	0.053	0.138	0.486	0.499	0.571	0.505	0.459	0.432	0.424
72:01:12	25.4	0.108	0.500	0.487	0.548	0.548	0.546	0.527	0.584	0.043	0.547	0.570	0.046	0.390	0.729	0.530	0.664	0.650	0.696	0.655	0.575	0.678	0.791	0.661	0.525	0.463	0.632	0.699	0.768	0.712	0.931	0.816	0.902	0.687	0.772	0.752	0.499	0.393	0.638	0.710	0.877	0.833	0.807	0.147	0.711	0.955	0.821	0.778	0.464	0.467	0.471	0.855	0.891	0.792	0.864	0.831	0.158	0.692	0.959	0.567	0.431	0.456	0.552	0.910	0.893	0.861	0.262	0.861	0.936	0.853	0.931	0.656	0.468	0.399	0.550	0.670	0.793	0.878	0.903	0.159	0.184	0.836	0.790	0.595	0.414	0.423	0.381	0.476	0.056	0.133	0.463	0.496	0.573	0.476	0.457	0.419	0.436

