Time	T° 600	A1	A2	A3	A4	A5	A6	A7	A8	A9	A10	A11	A12	B1	B2	B3	B4	B5	B6	B7	B8	B9	B10	B11	B12	C1	C2	C3	C4	C5	C6	C7	C8	C9	C10	C11	C12	D1	D2	D3	D4	D5	D6	D7	D8	D9	D10	D11	D12	E1	E2	E3	E4	E5	E6	E7	E8	E9	E10	E11	E12	F1	F2	F3	F4	F5	F6	F7	F8	F9	F10	F11	F12	G1	G2	G3	G4	G5	G6	G7	G8	G9	G10	G11	G12	H1	H2	H3	H4	H5	H6	H7	H8	H9	H10	H11	H12
0:00:06	22.8	0.042	0.043	0.049	0.044	0.045	0.045	0.042	0.043	0.045	0.045	0.046	0.043	0.044	0.043	0.042	0.054	0.044	0.043	0.043	0.046	0.043	0.043	0.059	0.046	0.044	0.350	0.046	0.042	0.045	0.044	0.043	0.044	0.045	0.046	0.045	0.045	0.042	0.042	0.043	0.043	0.043	0.048	0.044	0.046	0.045	0.044	0.046	0.047	0.042	0.045	0.044	0.046	0.046	0.043	0.044	0.043	0.045	0.045	0.043	0.043	0.044	0.045	0.048	0.043	0.044	0.043	0.047	0.043	0.043	0.043	0.044	0.043	0.048	0.045	0.047	0.043	0.045	0.043	0.045	0.046	0.046	0.042	0.046	0.043	0.042	0.048	0.043	0.043	0.042	0.042	0.047	0.048	0.046	0.045	0.043	0.042
1:00:05	22.7	0.043	0.043	0.048	0.044	0.045	0.045	0.042	0.043	0.045	0.045	0.046	0.043	0.044	0.043	0.042	0.052	0.044	0.043	0.043	0.046	0.043	0.043	0.058	0.046	0.052	0.339	0.046	0.042	0.045	0.044	0.043	0.043	0.045	0.045	0.045	0.045	0.042	0.043	0.043	0.043	0.043	0.050	0.044	0.046	0.045	0.044	0.046	0.047	0.043	0.045	0.044	0.046	0.046	0.043	0.044	0.043	0.045	0.045	0.043	0.043	0.044	0.045	0.047	0.043	0.043	0.043	0.046	0.043	0.043	0.043	0.044	0.043	0.048	0.044	0.047	0.043	0.045	0.043	0.045	0.046	0.046	0.042	0.043	0.043	0.042	0.048	0.043	0.042	0.042	0.042	0.047	0.047	0.046	0.046	0.043	0.043
2:00:06	22.6	0.043	0.043	0.048	0.044	0.045	0.045	0.043	0.043	0.045	0.045	0.046	0.043	0.044	0.043	0.043	0.052	0.044	0.043	0.043	0.046	0.043	0.043	0.058	0.046	0.050	0.335	0.046	0.043	0.045	0.045	0.043	0.044	0.045	0.045	0.045	0.045	0.042	0.043	0.043	0.043	0.043	0.050	0.044	0.046	0.045	0.044	0.046	0.047	0.043	0.045	0.044	0.046	0.046	0.043	0.044	0.043	0.046	0.045	0.043	0.043	0.044	0.045	0.048	0.044	0.044	0.043	0.047	0.043	0.043	0.044	0.044	0.043	0.048	0.044	0.047	0.044	0.045	0.043	0.046	0.046	0.047	0.042	0.044	0.043	0.043	0.047	0.043	0.043	0.043	0.042	0.047	0.047	0.046	0.046	0.043	0.043
3:00:07	22.4	0.043	0.043	0.048	0.044	0.045	0.045	0.043	0.043	0.045	0.045	0.046	0.044	0.045	0.043	0.043	0.054	0.044	0.044	0.043	0.046	0.043	0.043	0.057	0.046	0.049	0.333	0.045	0.043	0.045	0.045	0.043	0.044	0.045	0.045	0.045	0.046	0.042	0.043	0.043	0.043	0.043	0.051	0.044	0.046	0.045	0.044	0.046	0.048	0.043	0.045	0.044	0.046	0.046	0.043	0.044	0.043	0.047	0.046	0.043	0.043	0.044	0.045	0.048	0.044	0.044	0.044	0.046	0.043	0.043	0.044	0.044	0.044	0.048	0.045	0.047	0.044	0.045	0.043	0.047	0.046	0.047	0.043	0.044	0.043	0.043	0.048	0.043	0.043	0.043	0.042	0.047	0.048	0.046	0.046	0.043	0.043
4:00:08	22.4	0.043	0.043	0.048	0.044	0.045	0.046	0.043	0.043	0.045	0.045	0.047	0.044	0.045	0.043	0.043	0.055	0.044	0.044	0.043	0.046	0.043	0.043	0.054	0.046	0.052	0.329	0.046	0.043	0.045	0.045	0.043	0.044	0.045	0.045	0.045	0.046	0.043	0.043	0.044	0.043	0.043	0.051	0.044	0.046	0.045	0.044	0.046	0.048	0.043	0.046	0.044	0.046	0.046	0.043	0.044	0.043	0.047	0.045	0.044	0.043	0.044	0.045	0.047	0.044	0.044	0.044	0.047	0.043	0.043	0.044	0.045	0.044	0.049	0.045	0.047	0.044	0.045	0.043	0.047	0.046	0.047	0.043	0.044	0.044	0.043	0.048	0.043	0.043	0.043	0.042	0.047	0.048	0.046	0.046	0.044	0.043
5:00:09	22.3	0.043	0.043	0.049	0.045	0.045	0.046	0.043	0.044	0.045	0.046	0.047	0.044	0.045	0.043	0.043	0.056	0.044	0.044	0.043	0.046	0.044	0.043	0.053	0.047	0.052	0.329	0.046	0.043	0.045	0.046	0.043	0.044	0.045	0.046	0.045	0.046	0.043	0.043	0.044	0.043	0.043	0.052	0.044	0.046	0.046	0.044	0.046	0.048	0.043	0.046	0.044	0.046	0.046	0.043	0.044	0.043	0.047	0.046	0.044	0.044	0.045	0.045	0.048	0.044	0.044	0.044	0.047	0.043	0.043	0.044	0.045	0.044	0.048	0.045	0.047	0.044	0.046	0.044	0.047	0.046	0.047	0.043	0.044	0.044	0.043	0.048	0.044	0.044	0.043	0.043	0.047	0.048	0.047	0.046	0.044	0.044
6:00:10	22.4	0.043	0.043	0.049	0.045	0.045	0.046	0.043	0.044	0.045	0.046	0.047	0.045	0.045	0.043	0.043	0.056	0.045	0.044	0.044	0.047	0.044	0.043	0.050	0.047	0.052	0.328	0.046	0.044	0.045	0.046	0.043	0.044	0.046	0.046	0.046	0.046	0.043	0.044	0.044	0.043	0.044	0.052	0.045	0.047	0.046	0.045	0.047	0.048	0.043	0.046	0.045	0.047	0.047	0.043	0.045	0.043	0.047	0.046	0.044	0.044	0.044	0.046	0.048	0.044	0.044	0.044	0.047	0.044	0.044	0.044	0.045	0.044	0.049	0.045	0.048	0.044	0.046	0.044	0.047	0.047	0.047	0.043	0.045	0.044	0.043	0.048	0.044	0.044	0.044	0.042	0.048	0.048	0.047	0.047	0.044	0.044
7:00:12	22.3	0.044	0.043	0.049	0.045	0.045	0.046	0.044	0.044	0.046	0.046	0.047	0.045	0.045	0.043	0.044	0.057	0.045	0.044	0.044	0.047	0.044	0.044	0.051	0.048	0.053	0.327	0.046	0.044	0.046	0.046	0.044	0.044	0.046	0.046	0.046	0.047	0.043	0.044	0.044	0.044	0.044	0.052	0.045	0.047	0.046	0.045	0.047	0.048	0.044	0.046	0.045	0.047	0.047	0.044	0.045	0.044	0.048	0.047	0.044	0.044	0.045	0.046	0.048	0.045	0.045	0.045	0.047	0.044	0.044	0.044	0.045	0.045	0.049	0.045	0.048	0.045	0.046	0.044	0.048	0.047	0.047	0.043	0.045	0.045	0.044	0.049	0.045	0.044	0.044	0.043	0.048	0.048	0.047	0.047	0.045	0.044
8:00:13	22.3	0.044	0.044	0.049	0.045	0.045	0.046	0.044	0.044	0.046	0.047	0.047	0.045	0.045	0.043	0.044	0.057	0.044	0.044	0.044	0.047	0.044	0.044	0.050	0.048	0.053	0.327	0.046	0.044	0.046	0.047	0.044	0.045	0.046	0.046	0.046	0.047	0.043	0.044	0.044	0.043	0.044	0.053	0.045	0.047	0.046	0.045	0.047	0.048	0.044	0.046	0.045	0.047	0.047	0.044	0.045	0.044	0.048	0.047	0.044	0.044	0.045	0.045	0.048	0.045	0.045	0.045	0.047	0.044	0.044	0.045	0.045	0.045	0.049	0.046	0.048	0.045	0.046	0.044	0.047	0.047	0.048	0.044	0.045	0.045	0.044	0.049	0.044	0.044	0.044	0.043	0.047	0.049	0.047	0.047	0.045	0.044
9:00:14	22.3	0.044	0.043	0.050	0.045	0.045	0.047	0.044	0.044	0.046	0.046	0.048	0.045	0.045	0.044	0.044	0.057	0.045	0.044	0.044	0.047	0.045	0.044	0.050	0.048	0.054	0.326	0.046	0.044	0.046	0.047	0.044	0.045	0.046	0.046	0.047	0.047	0.044	0.044	0.045	0.043	0.045	0.053	0.045	0.047	0.047	0.045	0.047	0.048	0.044	0.046	0.045	0.047	0.047	0.044	0.045	0.044	0.048	0.047	0.044	0.044	0.046	0.046	0.049	0.045	0.045	0.045	0.048	0.045	0.044	0.045	0.046	0.045	0.049	0.046	0.049	0.045	0.046	0.044	0.047	0.047	0.048	0.043	0.045	0.045	0.044	0.049	0.045	0.045	0.044	0.043	0.048	0.049	0.048	0.047	0.045	0.044
10:00:15	22.3	0.044	0.044	0.050	0.046	0.046	0.048	0.044	0.045	0.047	0.047	0.048	0.045	0.046	0.044	0.045	0.057	0.045	0.044	0.045	0.048	0.045	0.045	0.050	0.048	0.052	0.323	0.046	0.045	0.047	0.047	0.045	0.045	0.047	0.046	0.047	0.047	0.045	0.045	0.045	0.044	0.045	0.053	0.046	0.048	0.047	0.046	0.048	0.049	0.045	0.047	0.046	0.048	0.048	0.044	0.045	0.044	0.048	0.047	0.045	0.044	0.046	0.046	0.049	0.046	0.045	0.046	0.048	0.045	0.045	0.045	0.046	0.045	0.050	0.047	0.049	0.046	0.047	0.045	0.048	0.048	0.048	0.044	0.046	0.045	0.045	0.050	0.045	0.046	0.044	0.043	0.049	0.049	0.048	0.048	0.045	0.045
11:00:15	22.3	0.045	0.044	0.051	0.046	0.047	0.049	0.045	0.045	0.048	0.047	0.048	0.046	0.047	0.045	0.046	0.057	0.046	0.045	0.046	0.049	0.047	0.046	0.050	0.049	0.053	0.323	0.047	0.046	0.048	0.048	0.046	0.046	0.047	0.047	0.048	0.048	0.045	0.046	0.046	0.044	0.046	0.053	0.047	0.049	0.048	0.047	0.049	0.050	0.046	0.048	0.047	0.049	0.049	0.044	0.046	0.045	0.049	0.048	0.045	0.045	0.047	0.047	0.050	0.047	0.047	0.047	0.049	0.045	0.046	0.046	0.047	0.046	0.051	0.048	0.051	0.047	0.048	0.046	0.048	0.049	0.049	0.045	0.046	0.046	0.046	0.051	0.046	0.047	0.046	0.043	0.050	0.050	0.049	0.049	0.046	0.045
12:00:16	22.3	0.046	0.045	0.052	0.047	0.047	0.049	0.046	0.047	0.048	0.047	0.048	0.047	0.049	0.046	0.046	0.058	0.045	0.044	0.047	0.050	0.048	0.047	0.051	0.051	0.054	0.322	0.046	0.047	0.048	0.049	0.047	0.046	0.048	0.048	0.049	0.049	0.047	0.047	0.047	0.044	0.047	0.054	0.048	0.050	0.049	0.049	0.050	0.051	0.047	0.048	0.048	0.050	0.050	0.044	0.046	0.045	0.048	0.048	0.046	0.045	0.048	0.047	0.050	0.048	0.047	0.048	0.050	0.046	0.047	0.047	0.048	0.046	0.052	0.048	0.051	0.048	0.049	0.046	0.048	0.050	0.050	0.044	0.047	0.047	0.047	0.052	0.047	0.048	0.047	0.043	0.051	0.051	0.050	0.050	0.047	0.046
13:00:18	22.3	0.047	0.046	0.055	0.048	0.049	0.051	0.049	0.048	0.051	0.047	0.048	0.050	0.051	0.047	0.048	0.060	0.046	0.045	0.049	0.052	0.050	0.049	0.052	0.053	0.054	0.325	0.047	0.049	0.050	0.050	0.050	0.047	0.049	0.049	0.051	0.052	0.049	0.048	0.049	0.044	0.049	0.056	0.051	0.051	0.051	0.051	0.051	0.052	0.049	0.050	0.050	0.051	0.051	0.044	0.045	0.045	0.048	0.048	0.047	0.046	0.051	0.046	0.051	0.050	0.049	0.050	0.052	0.048	0.048	0.049	0.050	0.047	0.053	0.050	0.053	0.050	0.051	0.047	0.048	0.052	0.052	0.044	0.049	0.048	0.049	0.054	0.049	0.051	0.048	0.043	0.053	0.054	0.052	0.052	0.049	0.047
14:00:18	22.4	0.050	0.048	0.060	0.051	0.052	0.055	0.054	0.052	0.055	0.048	0.049	0.054	0.057	0.049	0.051	0.063	0.046	0.045	0.054	0.057	0.054	0.052	0.055	0.058	0.056	0.326	0.047	0.053	0.053	0.054	0.056	0.050	0.052	0.052	0.056	0.056	0.053	0.052	0.052	0.044	0.052	0.061	0.055	0.055	0.055	0.057	0.055	0.056	0.053	0.053	0.053	0.055	0.055	0.044	0.045	0.045	0.049	0.050	0.050	0.048	0.056	0.047	0.054	0.053	0.051	0.055	0.055	0.052	0.052	0.053	0.054	0.049	0.058	0.053	0.057	0.055	0.054	0.050	0.048	0.056	0.056	0.045	0.052	0.052	0.053	0.058	0.055	0.057	0.053	0.044	0.058	0.060	0.057	0.056	0.053	0.050
15:00:19	22.3	0.054	0.052	0.068	0.056	0.057	0.061	0.063	0.059	0.063	0.049	0.050	0.060	0.068	0.053	0.056	0.069	0.047	0.045	0.063	0.065	0.062	0.059	0.061	0.066	0.061	0.333	0.047	0.059	0.059	0.059	0.066	0.055	0.057	0.057	0.063	0.064	0.059	0.058	0.058	0.044	0.058	0.072	0.064	0.061	0.061	0.067	0.061	0.061	0.060	0.058	0.058	0.060	0.060	0.044	0.045	0.046	0.049	0.052	0.053	0.051	0.064	0.046	0.057	0.059	0.056	0.062	0.061	0.056	0.058	0.060	0.060	0.051	0.064	0.059	0.064	0.062	0.060	0.054	0.048	0.063	0.063	0.045	0.057	0.057	0.059	0.066	0.063	0.066	0.060	0.044	0.066	0.068	0.064	0.063	0.061	0.053
16:00:19	22.5	0.063	0.060	0.082	0.066	0.067	0.075	0.079	0.073	0.077	0.052	0.052	0.071	0.088	0.061	0.067	0.083	0.048	0.047	0.081	0.081	0.077	0.072	0.073	0.081	0.068	0.347	0.049	0.071	0.070	0.072	0.085	0.064	0.067	0.067	0.078	0.078	0.072	0.070	0.071	0.045	0.071	0.094	0.080	0.074	0.075	0.087	0.074	0.072	0.074	0.068	0.069	0.072	0.072	0.044	0.045	0.047	0.050	0.056	0.061	0.056	0.078	0.047	0.063	0.071	0.066	0.077	0.072	0.067	0.071	0.074	0.073	0.057	0.077	0.072	0.079	0.076	0.072	0.063	0.048	0.077	0.076	0.047	0.066	0.067	0.070	0.079	0.078	0.083	0.074	0.044	0.082	0.084	0.079	0.076	0.074	0.061
17:00:20	22.7	0.075	0.073	0.102	0.081	0.083	0.098	0.101	0.095	0.100	0.056	0.056	0.087	0.113	0.076	0.086	0.107	0.049	0.048	0.109	0.106	0.105	0.096	0.095	0.104	0.078	0.370	0.050	0.092	0.088	0.093	0.112	0.083	0.083	0.088	0.103	0.098	0.092	0.092	0.092	0.045	0.092	0.127	0.106	0.093	0.097	0.117	0.095	0.089	0.097	0.086	0.087	0.091	0.092	0.044	0.045	0.049	0.051	0.064	0.074	0.065	0.098	0.047	0.071	0.092	0.083	0.101	0.090	0.086	0.094	0.098	0.094	0.065	0.096	0.094	0.101	0.097	0.091	0.079	0.048	0.101	0.099	0.048	0.082	0.082	0.088	0.098	0.101	0.104	0.095	0.045	0.105	0.106	0.100	0.095	0.093	0.073
18:00:22	22.8	0.095	0.092	0.124	0.102	0.105	0.130	0.127	0.126	0.130	0.063	0.062	0.109	0.141	0.100	0.115	0.144	0.051	0.049	0.145	0.140	0.142	0.131	0.126	0.135	0.097	0.399	0.052	0.124	0.115	0.123	0.145	0.115	0.107	0.123	0.136	0.125	0.116	0.124	0.125	0.047	0.125	0.168	0.142	0.124	0.130	0.156	0.127	0.114	0.125	0.108	0.114	0.121	0.122	0.044	0.046	0.052	0.053	0.078	0.096	0.078	0.120	0.047	0.082	0.124	0.110	0.134	0.117	0.113	0.126	0.130	0.121	0.080	0.119	0.123	0.134	0.122	0.118	0.104	0.048	0.136	0.130	0.051	0.104	0.102	0.110	0.121	0.130	0.130	0.120	0.046	0.132	0.135	0.128	0.122	0.118	0.092
19:00:23	22.9	0.118	0.119	0.143	0.125	0.130	0.165	0.158	0.157	0.160	0.075	0.072	0.133	0.162	0.132	0.150	0.181	0.055	0.051	0.184	0.178	0.183	0.169	0.164	0.169	0.124	0.430	0.056	0.159	0.148	0.157	0.176	0.159	0.139	0.172	0.174	0.154	0.143	0.161	0.164	0.048	0.163	0.207	0.181	0.160	0.167	0.195	0.164	0.142	0.152	0.135	0.146	0.158	0.159	0.045	0.046	0.059	0.057	0.101	0.126	0.096	0.144	0.046	0.095	0.162	0.147	0.171	0.150	0.148	0.164	0.169	0.153	0.102	0.143	0.154	0.171	0.150	0.153	0.137	0.048	0.175	0.166	0.054	0.135	0.130	0.133	0.146	0.161	0.157	0.147	0.047	0.161	0.165	0.162	0.153	0.148	0.116
20:00:24	22.9	0.141	0.144	0.150	0.137	0.148	0.190	0.176	0.176	0.179	0.092	0.088	0.143	0.175	0.162	0.183	0.216	0.060	0.054	0.221	0.212	0.224	0.207	0.200	0.193	0.146	0.453	0.061	0.185	0.177	0.188	0.204	0.205	0.166	0.222	0.211	0.164	0.157	0.190	0.200	0.050	0.195	0.244	0.217	0.191	0.203	0.234	0.200	0.166	0.163	0.158	0.176	0.190	0.194	0.044	0.046	0.069	0.064	0.131	0.163	0.118	0.154	0.046	0.112	0.194	0.184	0.202	0.183	0.181	0.202	0.206	0.180	0.128	0.153	0.173	0.200	0.166	0.184	0.172	0.048	0.213	0.199	0.060	0.169	0.154	0.136	0.156	0.173	0.166	0.162	0.048	0.178	0.177	0.184	0.168	0.163	0.144
21:00:25	23.0	0.150	0.157	0.159	0.144	0.158	0.209	0.189	0.187	0.189	0.114	0.109	0.147	0.188	0.182	0.205	0.248	0.069	0.058	0.252	0.244	0.259	0.238	0.228	0.206	0.157	0.472	0.071	0.210	0.198	0.210	0.228	0.239	0.184	0.266	0.242	0.171	0.164	0.217	0.230	0.054	0.223	0.273	0.247	0.220	0.236	0.273	0.232	0.183	0.165	0.172	0.197	0.216	0.220	0.044	0.045	0.087	0.076	0.165	0.192	0.141	0.159	0.046	0.139	0.218	0.217	0.227	0.213	0.209	0.235	0.239	0.199	0.157	0.156	0.188	0.221	0.174	0.210	0.200	0.048	0.247	0.229	0.069	0.190	0.164	0.139	0.161	0.180	0.172	0.169	0.050	0.186	0.184	0.201	0.178	0.173	0.151
22:00:26	23.1	0.157	0.167	0.167	0.151	0.168	0.223	0.201	0.198	0.197	0.139	0.132	0.154	0.198	0.197	0.218	0.281	0.080	0.065	0.282	0.276	0.292	0.274	0.255	0.215	0.167	0.494	0.082	0.236	0.220	0.237	0.253	0.268	0.194	0.306	0.273	0.179	0.170	0.242	0.259	0.059	0.253	0.304	0.279	0.251	0.271	0.312	0.264	0.193	0.170	0.182	0.217	0.243	0.245	0.044	0.046	0.111	0.096	0.202	0.215	0.149	0.164	0.046	0.167	0.240	0.247	0.248	0.241	0.233	0.270	0.270	0.212	0.173	0.162	0.203	0.242	0.183	0.237	0.219	0.048	0.286	0.255	0.082	0.206	0.173	0.146	0.167	0.188	0.180	0.177	0.052	0.195	0.193	0.214	0.190	0.184	0.155
23:00:26	23.2	0.164	0.175	0.176	0.157	0.179	0.242	0.216	0.215	0.209	0.155	0.152	0.163	0.207	0.214	0.234	0.322	0.094	0.072	0.318	0.315	0.330	0.314	0.285	0.227	0.177	0.523	0.097	0.271	0.243	0.265	0.280	0.301	0.200	0.342	0.313	0.191	0.180	0.275	0.291	0.067	0.286	0.334	0.311	0.280	0.307	0.350	0.299	0.206	0.178	0.197	0.236	0.275	0.271	0.044	0.046	0.142	0.125	0.228	0.236	0.153	0.173	0.046	0.188	0.265	0.281	0.276	0.271	0.259	0.312	0.303	0.226	0.184	0.171	0.221	0.262	0.196	0.263	0.235	0.048	0.326	0.288	0.099	0.223	0.185	0.157	0.179	0.199	0.191	0.187	0.055	0.207	0.202	0.228	0.203	0.196	0.159
24:00:28	23.0	0.168	0.185	0.182	0.168	0.194	0.262	0.227	0.230	0.223	0.162	0.161	0.170	0.214	0.235	0.255	0.362	0.111	0.081	0.353	0.353	0.364	0.353	0.318	0.239	0.186	0.552	0.115	0.303	0.272	0.300	0.312	0.334	0.211	0.383	0.355	0.201	0.188	0.310	0.324	0.077	0.318	0.371	0.347	0.309	0.344	0.386	0.340	0.219	0.186	0.216	0.260	0.308	0.302	0.044	0.046	0.175	0.160	0.249	0.265	0.162	0.183	0.046	0.203	0.295	0.320	0.311	0.305	0.297	0.353	0.339	0.250	0.195	0.180	0.238	0.285	0.212	0.291	0.259	0.048	0.369	0.329	0.126	0.244	0.196	0.166	0.190	0.215	0.203	0.202	0.058	0.221	0.214	0.246	0.221	0.212	0.170
25:00:29	22.8	0.174	0.192	0.188	0.180	0.208	0.283	0.238	0.244	0.232	0.171	0.165	0.178	0.222	0.259	0.278	0.400	0.129	0.094	0.387	0.393	0.399	0.391	0.356	0.254	0.193	0.578	0.133	0.336	0.300	0.335	0.346	0.362	0.224	0.416	0.396	0.211	0.192	0.341	0.363	0.096	0.348	0.406	0.381	0.336	0.377	0.420	0.376	0.231	0.193	0.232	0.285	0.347	0.338	0.045	0.046	0.202	0.193	0.279	0.296	0.171	0.194	0.047	0.222	0.327	0.355	0.346	0.339	0.334	0.389	0.377	0.271	0.207	0.188	0.257	0.307	0.224	0.322	0.286	0.048	0.407	0.369	0.157	0.261	0.205	0.170	0.199	0.225	0.211	0.219	0.063	0.236	0.225	0.266	0.236	0.224	0.178
26:00:28	22.7	0.178	0.198	0.195	0.185	0.218	0.295	0.243	0.257	0.240	0.180	0.170	0.185	0.226	0.274	0.296	0.428	0.139	0.108	0.414	0.422	0.426	0.418	0.382	0.265	0.202	0.598	0.143	0.360	0.325	0.363	0.374	0.386	0.232	0.448	0.426	0.217	0.198	0.365	0.391	0.113	0.373	0.434	0.410	0.359	0.400	0.447	0.408	0.241	0.195	0.246	0.305	0.376	0.366	0.044	0.046	0.229	0.218	0.321	0.321	0.181	0.202	0.046	0.243	0.352	0.387	0.372	0.373	0.365	0.422	0.411	0.293	0.221	0.195	0.270	0.328	0.235	0.347	0.313	0.048	0.439	0.400	0.181	0.275	0.213	0.173	0.205	0.234	0.220	0.233	0.066	0.248	0.233	0.282	0.246	0.230	0.183
27:00:29	22.6	0.185	0.204	0.199	0.190	0.231	0.308	0.257	0.267	0.249	0.189	0.175	0.189	0.231	0.294	0.316	0.452	0.146	0.124	0.433	0.444	0.448	0.444	0.404	0.274	0.205	0.611	0.151	0.380	0.345	0.387	0.399	0.397	0.243	0.480	0.450	0.225	0.205	0.386	0.423	0.127	0.395	0.457	0.432	0.382	0.429	0.469	0.435	0.252	0.201	0.260	0.326	0.402	0.393	0.044	0.047	0.262	0.244	0.358	0.348	0.189	0.211	0.046	0.261	0.377	0.418	0.396	0.401	0.394	0.449	0.440	0.308	0.229	0.203	0.281	0.345	0.250	0.370	0.332	0.048	0.461	0.426	0.202	0.290	0.220	0.176	0.214	0.240	0.230	0.245	0.071	0.259	0.239	0.294	0.254	0.239	0.188
28:00:31	22.7	0.194	0.208	0.203	0.196	0.230	0.304	0.264	0.268	0.252	0.195	0.183	0.194	0.232	0.299	0.324	0.463	0.149	0.139	0.440	0.456	0.460	0.454	0.411	0.280	0.210	0.608	0.157	0.388	0.352	0.398	0.407	0.399	0.249	0.505	0.465	0.230	0.208	0.393	0.431	0.139	0.406	0.468	0.447	0.401	0.451	0.491	0.458	0.260	0.206	0.271	0.333	0.413	0.408	0.044	0.048	0.298	0.275	0.383	0.359	0.196	0.215	0.046	0.275	0.382	0.436	0.403	0.418	0.413	0.469	0.461	0.321	0.238	0.205	0.282	0.345	0.251	0.379	0.346	0.048	0.477	0.441	0.222	0.296	0.228	0.179	0.217	0.245	0.237	0.248	0.077	0.262	0.244	0.292	0.259	0.240	0.192
29:00:32	22.7	0.198	0.213	0.200	0.201	0.225	0.304	0.268	0.265	0.251	0.203	0.190	0.199	0.226	0.299	0.323	0.468	0.154	0.152	0.447	0.459	0.469	0.472	0.409	0.274	0.210	0.604	0.164	0.388	0.352	0.408	0.419	0.394	0.253	0.522	0.473	0.232	0.205	0.392	0.438	0.148	0.412	0.482	0.457	0.413	0.462	0.503	0.464	0.262	0.203	0.273	0.332	0.421	0.415	0.044	0.049	0.333	0.315	0.405	0.366	0.201	0.213	0.046	0.288	0.388	0.448	0.401	0.432	0.424	0.480	0.469	0.324	0.247	0.203	0.275	0.341	0.248	0.379	0.348	0.048	0.484	0.446	0.235	0.296	0.234	0.185	0.215	0.240	0.240	0.242	0.085	0.260	0.246	0.288	0.256	0.235	0.198
30:00:33	22.7	0.200	0.211	0.197	0.200	0.220	0.299	0.266	0.262	0.248	0.210	0.196	0.199	0.220	0.295	0.318	0.469	0.159	0.162	0.450	0.458	0.472	0.475	0.407	0.269	0.207	0.596	0.173	0.386	0.351	0.408	0.417	0.385	0.249	0.528	0.475	0.229	0.201	0.391	0.443	0.152	0.408	0.480	0.460	0.421	0.470	0.512	0.473	0.256	0.199	0.273	0.329	0.422	0.421	0.045	0.052	0.363	0.349	0.418	0.364	0.209	0.208	0.046	0.301	0.387	0.454	0.400	0.436	0.428	0.487	0.471	0.324	0.251	0.199	0.268	0.336	0.245	0.374	0.342	0.048	0.491	0.443	0.246	0.295	0.231	0.187	0.213	0.231	0.235	0.235	0.094	0.255	0.243	0.279	0.250	0.229	0.202
31:00:33	22.7	0.195	0.208	0.196	0.194	0.217	0.300	0.262	0.258	0.244	0.218	0.204	0.196	0.216	0.291	0.316	0.476	0.167	0.171	0.460	0.464	0.476	0.480	0.405	0.264	0.202	0.594	0.185	0.391	0.352	0.411	0.422	0.388	0.249	0.542	0.483	0.226	0.200	0.393	0.448	0.154	0.420	0.486	0.464	0.426	0.476	0.519	0.479	0.252	0.198	0.271	0.326	0.423	0.427	0.044	0.055	0.390	0.385	0.433	0.363	0.209	0.204	0.046	0.316	0.388	0.460	0.402	0.443	0.435	0.494	0.477	0.322	0.251	0.197	0.262	0.332	0.243	0.370	0.336	0.048	0.494	0.444	0.258	0.292	0.227	0.184	0.209	0.225	0.230	0.232	0.106	0.249	0.240	0.273	0.244	0.223	0.201
32:00:34	22.7	0.185	0.203	0.193	0.190	0.212	0.284	0.252	0.253	0.237	0.217	0.210	0.192	0.210	0.283	0.309	0.472	0.174	0.176	0.460	0.460	0.473	0.484	0.397	0.258	0.201	0.584	0.193	0.390	0.348	0.405	0.421	0.381	0.244	0.549	0.484	0.221	0.196	0.387	0.443	0.157	0.410	0.486	0.464	0.431	0.478	0.520	0.478	0.245	0.194	0.265	0.317	0.422	0.425	0.044	0.062	0.405	0.410	0.432	0.358	0.206	0.201	0.047	0.323	0.386	0.464	0.395	0.446	0.439	0.495	0.479	0.316	0.245	0.194	0.255	0.321	0.236	0.359	0.324	0.049	0.496	0.440	0.269	0.286	0.221	0.181	0.207	0.219	0.223	0.228	0.118	0.244	0.236	0.265	0.239	0.217	0.197
33:00:36	22.6	0.180	0.198	0.193	0.185	0.212	0.284	0.246	0.246	0.232	0.217	0.212	0.190	0.205	0.277	0.301	0.468	0.180	0.179	0.461	0.457	0.477	0.492	0.387	0.251	0.197	0.576	0.201	0.383	0.344	0.401	0.423	0.377	0.242	0.553	0.483	0.217	0.195	0.382	0.439	0.159	0.409	0.487	0.467	0.435	0.486	0.531	0.480	0.240	0.191	0.258	0.313	0.416	0.422	0.045	0.070	0.420	0.424	0.429	0.354	0.202	0.199	0.047	0.323	0.382	0.466	0.380	0.442	0.439	0.499	0.470	0.311	0.239	0.193	0.247	0.314	0.235	0.344	0.312	0.049	0.491	0.431	0.279	0.280	0.217	0.177	0.203	0.215	0.220	0.222	0.123	0.242	0.231	0.256	0.234	0.213	0.192
34:00:36	22.6	0.177	0.192	0.192	0.178	0.211	0.276	0.240	0.241	0.226	0.213	0.211	0.188	0.200	0.267	0.292	0.469	0.186	0.184	0.460	0.460	0.479	0.495	0.380	0.246	0.199	0.569	0.207	0.387	0.342	0.400	0.427	0.372	0.238	0.552	0.480	0.212	0.193	0.382	0.441	0.161	0.407	0.483	0.469	0.437	0.488	0.525	0.481	0.236	0.189	0.254	0.310	0.413	0.425	0.044	0.081	0.427	0.430	0.435	0.350	0.199	0.195	0.046	0.322	0.377	0.474	0.373	0.444	0.444	0.501	0.475	0.305	0.236	0.190	0.242	0.305	0.231	0.336	0.305	0.048	0.495	0.429	0.294	0.275	0.214	0.171	0.201	0.211	0.218	0.217	0.124	0.236	0.226	0.249	0.230	0.209	0.188
35:00:37	22.5	0.170	0.187	0.192	0.171	0.212	0.270	0.231	0.236	0.221	0.211	0.209	0.184	0.198	0.263	0.290	0.464	0.191	0.189	0.465	0.455	0.477	0.498	0.373	0.241	0.197	0.562	0.214	0.387	0.340	0.398	0.427	0.370	0.235	0.551	0.483	0.209	0.192	0.376	0.445	0.165	0.407	0.483	0.475	0.441	0.495	0.536	0.478	0.231	0.189	0.249	0.303	0.416	0.423	0.045	0.096	0.432	0.434	0.430	0.344	0.196	0.194	0.046	0.319	0.374	0.467	0.363	0.444	0.441	0.500	0.474	0.300	0.233	0.189	0.237	0.296	0.227	0.324	0.296	0.048	0.496	0.421	0.299	0.270	0.210	0.168	0.198	0.209	0.214	0.211	0.124	0.232	0.225	0.244	0.227	0.206	0.185
36:00:37	22.4	0.168	0.184	0.193	0.169	0.211	0.262	0.224	0.234	0.219	0.209	0.209	0.181	0.195	0.256	0.283	0.461	0.198	0.196	0.468	0.451	0.480	0.500	0.367	0.237	0.198	0.557	0.222	0.385	0.334	0.395	0.433	0.363	0.233	0.563	0.481	0.205	0.191	0.374	0.444	0.170	0.407	0.490	0.482	0.444	0.495	0.534	0.472	0.227	0.189	0.245	0.297	0.419	0.427	0.044	0.115	0.436	0.438	0.432	0.343	0.194	0.192	0.046	0.317	0.371	0.471	0.356	0.438	0.440	0.505	0.470	0.293	0.229	0.187	0.230	0.288	0.224	0.317	0.291	0.048	0.496	0.412	0.300	0.265	0.207	0.162	0.196	0.207	0.211	0.208	0.127	0.228	0.222	0.238	0.223	0.202	0.183
37:00:38	22.3	0.162	0.176	0.191	0.165	0.208	0.254	0.215	0.227	0.215	0.207	0.207	0.177	0.192	0.249	0.278	0.454	0.203	0.201	0.460	0.442	0.476	0.506	0.354	0.231	0.196	0.547	0.226	0.381	0.332	0.390	0.432	0.355	0.228	0.567	0.471	0.203	0.189	0.368	0.438	0.174	0.408	0.487	0.479	0.450	0.501	0.541	0.465	0.223	0.188	0.239	0.292	0.412	0.425	0.044	0.135	0.441	0.438	0.433	0.335	0.192	0.189	0.046	0.308	0.367	0.471	0.345	0.430	0.437	0.502	0.460	0.285	0.224	0.184	0.224	0.278	0.222	0.305	0.281	0.048	0.492	0.404	0.298	0.261	0.204	0.160	0.194	0.203	0.207	0.206	0.131	0.223	0.219	0.233	0.220	0.201	0.180
38:00:39	22.1	0.161	0.173	0.191	0.163	0.211	0.240	0.205	0.218	0.210	0.205	0.203	0.172	0.193	0.243	0.274	0.451	0.206	0.209	0.462	0.435	0.473	0.505	0.347	0.224	0.193	0.542	0.233	0.381	0.325	0.385	0.433	0.348	0.226	0.568	0.472	0.201	0.188	0.361	0.433	0.179	0.406	0.487	0.478	0.455	0.507	0.554	0.464	0.221	0.187	0.235	0.288	0.412	0.421	0.045	0.147	0.444	0.441	0.424	0.326	0.189	0.189	0.046	0.306	0.359	0.474	0.339	0.427	0.434	0.507	0.460	0.280	0.223	0.183	0.219	0.272	0.218	0.295	0.279	0.049	0.492	0.394	0.292	0.254	0.201	0.155	0.191	0.202	0.205	0.204	0.134	0.219	0.219	0.230	0.216	0.198	0.177
39:00:40	22.1	0.157	0.167	0.188	0.160	0.207	0.235	0.202	0.211	0.208	0.203	0.202	0.170	0.189	0.241	0.269	0.431	0.204	0.213	0.458	0.422	0.461	0.495	0.333	0.220	0.194	0.529	0.226	0.376	0.316	0.376	0.426	0.339	0.223	0.566	0.459	0.198	0.186	0.352	0.427	0.182	0.401	0.477	0.478	0.457	0.513	0.560	0.449	0.217	0.184	0.231	0.282	0.405	0.414	0.044	0.155	0.448	0.433	0.414	0.324	0.188	0.186	0.046	0.299	0.350	0.474	0.331	0.416	0.422	0.504	0.449	0.274	0.221	0.180	0.215	0.265	0.217	0.286	0.271	0.048	0.484	0.384	0.288	0.252	0.199	0.155	0.188	0.199	0.202	0.202	0.135	0.215	0.215	0.225	0.212	0.197	0.174
40:00:42	22.1	0.158	0.167	0.188	0.157	0.207	0.224	0.191	0.207	0.206	0.201	0.197	0.166	0.189	0.234	0.264	0.429	0.203	0.219	0.448	0.414	0.453	0.496	0.326	0.218	0.197	0.528	0.228	0.370	0.313	0.364	0.425	0.328	0.223	0.568	0.446	0.196	0.187	0.343	0.421	0.186	0.395	0.474	0.479	0.464	0.516	0.555	0.436	0.216	0.185	0.229	0.274	0.400	0.410	0.044	0.167	0.452	0.416	0.409	0.323	0.187	0.186	0.046	0.296	0.341	0.469	0.326	0.412	0.415	0.504	0.439	0.267	0.217	0.180	0.213	0.262	0.215	0.277	0.268	0.048	0.474	0.373	0.283	0.249	0.197	0.150	0.187	0.197	0.201	0.199	0.136	0.214	0.212	0.222	0.209	0.197	0.172
41:00:42	22.4	0.155	0.164	0.186	0.156	0.203	0.220	0.187	0.205	0.201	0.199	0.195	0.163	0.189	0.233	0.260	0.413	0.201	0.222	0.448	0.396	0.443	0.485	0.320	0.216	0.197	0.521	0.222	0.368	0.309	0.357	0.419	0.320	0.223	0.570	0.439	0.196	0.188	0.337	0.413	0.189	0.391	0.462	0.477	0.473	0.518	0.563	0.425	0.215	0.185	0.227	0.270	0.388	0.409	0.045	0.183	0.455	0.405	0.399	0.314	0.186	0.184	0.046	0.293	0.328	0.465	0.317	0.399	0.402	0.501	0.432	0.263	0.214	0.179	0.209	0.256	0.213	0.268	0.265	0.048	0.463	0.368	0.275	0.242	0.194	0.147	0.184	0.196	0.200	0.195	0.137	0.211	0.209	0.218	0.206	0.193	0.169
42:00:44	22.6	0.151	0.161	0.185	0.154	0.198	0.218	0.182	0.204	0.200	0.199	0.194	0.160	0.188	0.230	0.259	0.402	0.197	0.224	0.435	0.385	0.437	0.478	0.311	0.214	0.197	0.514	0.216	0.356	0.303	0.346	0.407	0.313	0.221	0.563	0.427	0.196	0.187	0.327	0.407	0.193	0.385	0.454	0.481	0.478	0.524	0.574	0.414	0.212	0.184	0.224	0.263	0.378	0.400	0.044	0.201	0.458	0.401	0.380	0.310	0.184	0.184	0.046	0.289	0.323	0.460	0.312	0.393	0.393	0.495	0.423	0.258	0.211	0.179	0.207	0.253	0.211	0.264	0.261	0.048	0.454	0.354	0.268	0.237	0.191	0.144	0.182	0.193	0.199	0.194	0.137	0.209	0.208	0.216	0.203	0.190	0.166
43:00:45	22.8	0.149	0.160	0.184	0.153	0.196	0.213	0.176	0.202	0.197	0.195	0.190	0.158	0.186	0.227	0.254	0.391	0.193	0.227	0.427	0.374	0.425	0.470	0.303	0.210	0.195	0.508	0.215	0.346	0.295	0.335	0.397	0.306	0.219	0.557	0.417	0.193	0.186	0.317	0.396	0.196	0.370	0.443	0.470	0.482	0.524	0.571	0.399	0.210	0.183	0.221	0.257	0.365	0.387	0.044	0.213	0.465	0.380	0.370	0.303	0.183	0.183	0.046	0.283	0.315	0.445	0.305	0.381	0.376	0.487	0.416	0.255	0.207	0.178	0.205	0.249	0.209	0.261	0.258	0.048	0.442	0.345	0.265	0.233	0.188	0.142	0.179	0.192	0.198	0.191	0.140	0.208	0.205	0.214	0.201	0.187	0.164
44:00:46	22.8	0.149	0.157	0.183	0.151	0.196	0.210	0.172	0.201	0.195	0.193	0.187	0.155	0.185	0.226	0.252	0.386	0.192	0.229	0.416	0.367	0.415	0.460	0.297	0.205	0.196	0.506	0.213	0.337	0.290	0.327	0.397	0.303	0.218	0.553	0.411	0.192	0.184	0.309	0.389	0.199	0.368	0.431	0.464	0.482	0.528	0.584	0.384	0.208	0.183	0.219	0.253	0.355	0.380	0.044	0.229	0.462	0.373	0.365	0.300	0.182	0.179	0.046	0.280	0.305	0.436	0.299	0.370	0.372	0.487	0.408	0.251	0.205	0.176	0.205	0.247	0.208	0.255	0.253	0.048	0.435	0.340	0.262	0.232	0.186	0.140	0.177	0.191	0.199	0.188	0.143	0.207	0.205	0.213	0.201	0.186	0.162
45:00:46	22.6	0.152	0.152	0.182	0.148	0.195	0.208	0.168	0.201	0.193	0.191	0.183	0.154	0.182	0.221	0.248	0.376	0.190	0.227	0.404	0.357	0.405	0.446	0.291	0.203	0.190	0.497	0.208	0.327	0.281	0.316	0.389	0.298	0.216	0.542	0.400	0.190	0.181	0.296	0.377	0.201	0.357	0.418	0.460	0.487	0.526	0.580	0.377	0.205	0.181	0.214	0.249	0.337	0.366	0.044	0.239	0.466	0.367	0.356	0.295	0.182	0.178	0.046	0.275	0.298	0.425	0.295	0.361	0.358	0.480	0.400	0.249	0.203	0.176	0.202	0.242	0.206	0.250	0.249	0.048	0.414	0.329	0.260	0.228	0.185	0.138	0.173	0.189	0.196	0.185	0.146	0.205	0.202	0.213	0.200	0.183	0.159
46:00:47	22.6	0.151	0.149	0.182	0.146	0.194	0.205	0.165	0.201	0.193	0.191	0.181	0.152	0.179	0.219	0.246	0.369	0.191	0.229	0.392	0.346	0.394	0.436	0.286	0.202	0.189	0.497	0.206	0.316	0.275	0.307	0.381	0.293	0.216	0.538	0.382	0.189	0.179	0.289	0.366	0.202	0.345	0.404	0.444	0.495	0.529	0.589	0.360	0.204	0.179	0.213	0.243	0.327	0.357	0.044	0.246	0.465	0.359	0.346	0.291	0.180	0.177	0.046	0.271	0.291	0.413	0.291	0.350	0.342	0.471	0.388	0.246	0.201	0.174	0.199	0.239	0.204	0.249	0.244	0.048	0.402	0.318	0.255	0.225	0.183	0.136	0.171	0.187	0.195	0.182	0.149	0.204	0.199	0.210	0.198	0.182	0.156
47:00:48	22.7	0.153	0.147	0.182	0.144	0.191	0.201	0.162	0.198	0.189	0.188	0.180	0.150	0.179	0.216	0.244	0.353	0.188	0.227	0.376	0.335	0.382	0.419	0.280	0.199	0.185	0.493	0.203	0.307	0.267	0.296	0.377	0.287	0.212	0.523	0.376	0.186	0.178	0.282	0.351	0.203	0.337	0.396	0.441	0.497	0.526	0.590	0.354	0.202	0.178	0.210	0.238	0.317	0.347	0.044	0.244	0.464	0.348	0.335	0.281	0.177	0.175	0.046	0.265	0.282	0.399	0.287	0.343	0.338	0.459	0.377	0.244	0.198	0.173	0.197	0.233	0.202	0.245	0.241	0.048	0.396	0.311	0.250	0.219	0.180	0.134	0.168	0.186	0.191	0.178	0.153	0.200	0.197	0.207	0.194	0.180	0.154
48:00:48	22.7	0.144	0.145	0.182	0.141	0.189	0.198	0.159	0.197	0.187	0.188	0.178	0.148	0.179	0.212	0.240	0.342	0.188	0.225	0.363	0.322	0.371	0.411	0.274	0.195	0.189	0.487	0.200	0.294	0.258	0.286	0.361	0.283	0.212	0.518	0.365	0.185	0.177	0.276	0.340	0.203	0.320	0.381	0.424	0.504	0.526	0.591	0.348	0.200	0.177	0.209	0.235	0.303	0.339	0.044	0.240	0.457	0.341	0.330	0.278	0.174	0.175	0.046	0.260	0.270	0.386	0.284	0.336	0.335	0.444	0.369	0.242	0.194	0.172	0.194	0.229	0.200	0.240	0.238	0.048	0.381	0.301	0.247	0.215	0.177	0.134	0.166	0.184	0.189	0.175	0.153	0.197	0.194	0.206	0.191	0.177	0.150
49:00:50	22.7	0.141	0.143	0.183	0.141	0.185	0.192	0.158	0.194	0.183	0.188	0.177	0.147	0.174	0.211	0.239	0.338	0.186	0.226	0.353	0.317	0.360	0.395	0.271	0.192	0.187	0.487	0.199	0.288	0.253	0.283	0.352	0.281	0.211	0.504	0.355	0.184	0.177	0.269	0.329	0.204	0.309	0.367	0.419	0.508	0.525	0.588	0.336	0.199	0.176	0.209	0.232	0.294	0.331	0.045	0.239	0.459	0.337	0.320	0.273	0.172	0.174	0.046	0.257	0.267	0.381	0.282	0.327	0.321	0.438	0.354	0.238	0.192	0.172	0.193	0.228	0.199	0.240	0.236	0.049	0.371	0.294	0.245	0.212	0.176	0.134	0.165	0.183	0.188	0.174	0.154	0.194	0.193	0.204	0.189	0.176	0.148
50:00:51	22.6	0.140	0.139	0.183	0.139	0.182	0.187	0.155	0.192	0.183	0.187	0.174	0.146	0.174	0.210	0.238	0.327	0.184	0.224	0.339	0.308	0.347	0.381	0.265	0.188	0.182	0.483	0.196	0.280	0.247	0.278	0.342	0.277	0.209	0.486	0.348	0.182	0.175	0.261	0.317	0.204	0.297	0.358	0.403	0.509	0.519	0.593	0.329	0.196	0.175	0.208	0.231	0.282	0.320	0.045	0.235	0.454	0.328	0.313	0.269	0.171	0.172	0.046	0.253	0.264	0.368	0.281	0.322	0.312	0.425	0.346	0.236	0.190	0.172	0.191	0.225	0.197	0.236	0.231	0.048	0.361	0.286	0.240	0.209	0.174	0.133	0.162	0.181	0.186	0.171	0.152	0.191	0.192	0.202	0.186	0.174	0.145
51:00:52	22.5	0.134	0.136	0.183	0.138	0.176	0.184	0.153	0.192	0.180	0.184	0.172	0.144	0.172	0.210	0.233	0.322	0.184	0.220	0.332	0.301	0.339	0.372	0.258	0.185	0.183	0.482	0.195	0.267	0.242	0.272	0.332	0.273	0.209	0.467	0.334	0.180	0.174	0.255	0.307	0.203	0.287	0.345	0.390	0.515	0.515	0.588	0.319	0.194	0.174	0.205	0.225	0.272	0.314	0.044	0.234	0.448	0.321	0.307	0.263	0.169	0.172	0.046	0.247	0.255	0.358	0.277	0.312	0.304	0.410	0.337	0.232	0.187	0.169	0.189	0.221	0.195	0.231	0.227	0.048	0.352	0.281	0.238	0.206	0.172	0.132	0.159	0.177	0.180	0.169	0.154	0.188	0.188	0.200	0.182	0.172	0.142
52:00:52	22.4	0.136	0.134	0.182	0.136	0.173	0.179	0.149	0.188	0.177	0.181	0.170	0.142	0.168	0.208	0.228	0.314	0.184	0.218	0.323	0.292	0.326	0.363	0.252	0.182	0.179	0.478	0.193	0.260	0.237	0.266	0.324	0.269	0.207	0.450	0.325	0.179	0.173	0.251	0.296	0.204	0.277	0.337	0.376	0.521	0.510	0.587	0.313	0.192	0.175	0.204	0.223	0.266	0.304	0.045	0.230	0.443	0.313	0.301	0.254	0.168	0.170	0.046	0.243	0.249	0.344	0.269	0.304	0.292	0.401	0.331	0.229	0.185	0.168	0.188	0.219	0.194	0.226	0.222	0.049	0.342	0.274	0.236	0.203	0.170	0.130	0.157	0.175	0.180	0.166	0.153	0.186	0.185	0.197	0.180	0.171	0.140
53:00:54	22.3	0.132	0.132	0.180	0.134	0.171	0.177	0.148	0.188	0.175	0.179	0.168	0.142	0.167	0.205	0.226	0.309	0.184	0.218	0.318	0.286	0.318	0.352	0.248	0.180	0.182	0.475	0.194	0.255	0.233	0.260	0.321	0.268	0.206	0.431	0.319	0.178	0.171	0.249	0.289	0.203	0.271	0.331	0.368	0.525	0.505	0.588	0.308	0.190	0.173	0.202	0.220	0.260	0.301	0.045	0.229	0.431	0.308	0.298	0.252	0.166	0.170	0.046	0.239	0.246	0.334	0.267	0.301	0.287	0.393	0.324	0.227	0.184	0.165	0.188	0.217	0.194	0.222	0.219	0.048	0.333	0.272	0.235	0.203	0.169	0.128	0.156	0.172	0.177	0.165	0.152	0.183	0.182	0.195	0.177	0.170	0.139
54:00:55	22.4	0.133	0.130	0.180	0.131	0.168	0.175	0.145	0.186	0.173	0.177	0.167	0.140	0.167	0.203	0.223	0.301	0.183	0.216	0.309	0.277	0.306	0.336	0.245	0.178	0.179	0.473	0.192	0.247	0.229	0.253	0.308	0.262	0.204	0.409	0.309	0.178	0.170	0.246	0.281	0.203	0.260	0.321	0.358	0.526	0.504	0.572	0.298	0.187	0.173	0.201	0.218	0.252	0.296	0.045	0.227	0.421	0.301	0.290	0.244	0.164	0.170	0.046	0.237	0.241	0.322	0.262	0.293	0.279	0.380	0.313	0.224	0.181	0.164	0.188	0.215	0.193	0.218	0.216	0.048	0.325	0.265	0.230	0.201	0.167	0.127	0.155	0.169	0.175	0.163	0.150	0.180	0.180	0.193	0.176	0.168	0.138
55:00:54	22.6	0.128	0.129	0.178	0.129	0.165	0.172	0.141	0.184	0.169	0.173	0.163	0.137	0.164	0.202	0.219	0.290	0.181	0.211	0.298	0.268	0.298	0.325	0.240	0.174	0.179	0.468	0.189	0.241	0.225	0.250	0.298	0.258	0.204	0.393	0.301	0.176	0.169	0.240	0.276	0.202	0.254	0.311	0.340	0.535	0.483	0.561	0.292	0.185	0.172	0.198	0.216	0.252	0.291	0.045	0.226	0.402	0.294	0.284	0.238	0.162	0.166	0.046	0.232	0.238	0.308	0.258	0.288	0.272	0.367	0.303	0.222	0.178	0.160	0.187	0.212	0.190	0.213	0.213	0.048	0.315	0.259	0.228	0.197	0.164	0.125	0.154	0.166	0.173	0.161	0.148	0.177	0.175	0.191	0.172	0.165	0.135
56:00:56	22.6	0.125	0.130	0.179	0.128	0.161	0.170	0.139	0.181	0.167	0.172	0.161	0.137	0.165	0.201	0.218	0.293	0.181	0.211	0.294	0.261	0.295	0.318	0.235	0.174	0.176	0.467	0.189	0.240	0.226	0.248	0.293	0.255	0.202	0.383	0.293	0.176	0.168	0.238	0.273	0.200	0.250	0.306	0.334	0.532	0.477	0.546	0.289	0.183	0.172	0.198	0.215	0.249	0.286	0.044	0.225	0.396	0.287	0.282	0.236	0.161	0.165	0.046	0.230	0.235	0.300	0.254	0.283	0.270	0.352	0.300	0.220	0.177	0.159	0.186	0.211	0.189	0.210	0.210	0.049	0.308	0.257	0.224	0.195	0.163	0.124	0.152	0.164	0.172	0.158	0.147	0.176	0.172	0.189	0.171	0.163	0.134
57:00:56	22.6	0.119	0.128	0.175	0.127	0.159	0.167	0.138	0.179	0.165	0.167	0.158	0.136	0.157	0.198	0.217	0.291	0.181	0.210	0.294	0.257	0.286	0.304	0.230	0.172	0.177	0.466	0.187	0.236	0.225	0.244	0.289	0.252	0.200	0.366	0.290	0.176	0.168	0.237	0.271	0.201	0.246	0.298	0.321	0.527	0.465	0.534	0.286	0.182	0.171	0.195	0.214	0.248	0.282	0.044	0.221	0.387	0.283	0.274	0.231	0.160	0.161	0.046	0.227	0.232	0.291	0.252	0.280	0.266	0.342	0.294	0.217	0.175	0.159	0.186	0.210	0.189	0.207	0.209	0.048	0.299	0.251	0.221	0.193	0.162	0.124	0.148	0.162	0.169	0.157	0.148	0.174	0.171	0.186	0.170	0.162	0.132
58:00:58	22.6	0.120	0.128	0.178	0.127	0.160	0.167	0.137	0.177	0.165	0.168	0.156	0.135	0.162	0.197	0.213	0.283	0.179	0.207	0.280	0.250	0.277	0.299	0.228	0.171	0.173	0.461	0.188	0.232	0.220	0.238	0.282	0.249	0.199	0.359	0.282	0.173	0.167	0.233	0.262	0.199	0.236	0.290	0.306	0.522	0.447	0.515	0.281	0.181	0.169	0.193	0.211	0.242	0.273	0.045	0.218	0.373	0.275	0.268	0.227	0.158	0.160	0.046	0.222	0.225	0.282	0.245	0.270	0.258	0.328	0.289	0.216	0.174	0.157	0.184	0.207	0.186	0.203	0.206	0.048	0.294	0.246	0.220	0.190	0.160	0.122	0.147	0.159	0.167	0.155	0.147	0.171	0.169	0.185	0.167	0.160	0.130
59:00:59	22.6	0.118	0.128	0.176	0.127	0.160	0.166	0.135	0.170	0.164	0.165	0.155	0.135	0.168	0.197	0.210	0.279	0.179	0.207	0.277	0.244	0.270	0.287	0.225	0.169	0.170	0.458	0.183	0.227	0.218	0.234	0.275	0.248	0.197	0.346	0.273	0.172	0.166	0.228	0.257	0.197	0.232	0.281	0.298	0.525	0.429	0.500	0.278	0.180	0.168	0.192	0.208	0.237	0.271	0.044	0.216	0.352	0.273	0.267	0.223	0.157	0.158	0.046	0.219	0.221	0.279	0.238	0.264	0.254	0.317	0.285	0.214	0.172	0.156	0.183	0.206	0.183	0.201	0.204	0.048	0.289	0.240	0.217	0.186	0.159	0.119	0.147	0.156	0.165	0.153	0.147	0.169	0.166	0.182	0.164	0.159	0.130
60:01:00	22.5	0.116	0.126	0.175	0.125	0.158	0.163	0.133	0.167	0.163	0.162	0.152	0.132	0.167	0.195	0.210	0.270	0.178	0.207	0.277	0.238	0.261	0.277	0.221	0.166	0.176	0.454	0.181	0.224	0.212	0.226	0.268	0.246	0.196	0.334	0.265	0.171	0.164	0.225	0.251	0.197	0.224	0.273	0.293	0.516	0.413	0.478	0.272	0.179	0.167	0.188	0.204	0.230	0.260	0.044	0.211	0.335	0.271	0.262	0.218	0.156	0.157	0.046	0.214	0.215	0.270	0.231	0.260	0.248	0.303	0.279	0.212	0.169	0.156	0.181	0.204	0.182	0.198	0.201	0.048	0.280	0.231	0.216	0.183	0.156	0.116	0.149	0.154	0.164	0.150	0.144	0.168	0.164	0.180	0.161	0.157	0.129
61:01:01	22.4	0.115	0.125	0.175	0.126	0.156	0.163	0.133	0.163	0.162	0.161	0.152	0.132	0.167	0.196	0.209	0.265	0.177	0.206	0.274	0.233	0.254	0.272	0.220	0.164	0.163	0.451	0.179	0.221	0.210	0.224	0.261	0.244	0.196	0.331	0.259	0.172	0.163	0.222	0.247	0.196	0.221	0.269	0.287	0.514	0.397	0.464	0.264	0.178	0.165	0.187	0.202	0.228	0.252	0.045	0.208	0.321	0.269	0.259	0.217	0.156	0.157	0.046	0.213	0.213	0.268	0.228	0.255	0.244	0.295	0.270	0.210	0.168	0.156	0.180	0.203	0.180	0.197	0.201	0.049	0.275	0.228	0.215	0.183	0.156	0.117	0.150	0.153	0.161	0.149	0.141	0.166	0.162	0.177	0.160	0.155	0.126
62:01:02	22.4	0.113	0.123	0.173	0.126	0.156	0.161	0.133	0.162	0.160	0.159	0.150	0.128	0.165	0.195	0.207	0.261	0.175	0.205	0.266	0.226	0.246	0.263	0.216	0.164	0.163	0.448	0.179	0.217	0.206	0.218	0.255	0.241	0.193	0.323	0.251	0.171	0.161	0.217	0.242	0.197	0.216	0.262	0.278	0.509	0.383	0.447	0.257	0.177	0.164	0.185	0.200	0.224	0.246	0.044	0.204	0.312	0.266	0.253	0.213	0.155	0.155	0.046	0.211	0.209	0.260	0.223	0.250	0.238	0.285	0.265	0.208	0.166	0.154	0.179	0.201	0.179	0.194	0.199	0.048	0.269	0.222	0.212	0.180	0.154	0.114	0.149	0.152	0.158	0.149	0.140	0.164	0.159	0.174	0.159	0.154	0.127
63:01:03	22.3	0.112	0.122	0.170	0.124	0.156	0.158	0.131	0.160	0.159	0.157	0.148	0.126	0.160	0.194	0.207	0.256	0.175	0.203	0.259	0.222	0.240	0.258	0.216	0.160	0.161	0.445	0.178	0.213	0.204	0.214	0.253	0.239	0.192	0.317	0.247	0.169	0.160	0.214	0.240	0.197	0.214	0.258	0.271	0.503	0.368	0.430	0.254	0.175	0.163	0.184	0.199	0.221	0.240	0.045	0.201	0.299	0.262	0.250	0.209	0.154	0.154	0.046	0.210	0.206	0.255	0.219	0.244	0.232	0.280	0.258	0.207	0.165	0.153	0.177	0.200	0.179	0.194	0.198	0.048	0.263	0.218	0.210	0.178	0.153	0.112	0.149	0.152	0.159	0.150	0.140	0.162	0.158	0.173	0.158	0.154	0.124
64:01:04	22.3	0.112	0.121	0.168	0.124	0.155	0.154	0.129	0.161	0.157	0.155	0.146	0.124	0.162	0.192	0.204	0.249	0.175	0.202	0.260	0.219	0.235	0.251	0.214	0.158	0.159	0.443	0.177	0.213	0.203	0.213	0.250	0.237	0.192	0.312	0.243	0.167	0.158	0.212	0.238	0.196	0.212	0.255	0.265	0.486	0.356	0.412	0.247	0.173	0.161	0.183	0.199	0.218	0.239	0.045	0.200	0.287	0.258	0.247	0.207	0.153	0.153	0.046	0.210	0.204	0.254	0.217	0.241	0.229	0.274	0.253	0.206	0.163	0.151	0.178	0.200	0.178	0.193	0.198	0.048	0.259	0.215	0.209	0.177	0.152	0.112	0.149	0.150	0.158	0.150	0.140	0.159	0.157	0.171	0.157	0.152	0.123
65:01:03	22.5	0.116	0.119	0.168	0.123	0.153	0.155	0.129	0.156	0.156	0.154	0.145	0.123	0.159	0.192	0.205	0.250	0.173	0.201	0.251	0.216	0.229	0.247	0.210	0.158	0.168	0.443	0.177	0.210	0.200	0.209	0.244	0.234	0.190	0.304	0.238	0.165	0.157	0.208	0.233	0.197	0.209	0.251	0.260	0.467	0.340	0.386	0.243	0.172	0.161	0.183	0.200	0.217	0.234	0.045	0.197	0.279	0.253	0.241	0.204	0.152	0.152	0.046	0.209	0.202	0.252	0.216	0.235	0.226	0.266	0.246	0.204	0.161	0.150	0.178	0.198	0.177	0.190	0.196	0.048	0.247	0.211	0.206	0.175	0.151	0.111	0.148	0.149	0.154	0.149	0.140	0.156	0.157	0.169	0.156	0.151	0.120
66:01:05	22.6	0.111	0.118	0.166	0.121	0.151	0.151	0.127	0.156	0.153	0.153	0.144	0.121	0.153	0.190	0.203	0.243	0.174	0.198	0.250	0.216	0.226	0.241	0.208	0.155	0.166	0.439	0.175	0.206	0.197	0.209	0.238	0.231	0.188	0.301	0.233	0.163	0.156	0.208	0.229	0.197	0.206	0.247	0.256	0.464	0.332	0.373	0.237	0.170	0.159	0.180	0.198	0.212	0.231	0.045	0.195	0.270	0.248	0.238	0.204	0.151	0.151	0.046	0.209	0.201	0.245	0.213	0.231	0.223	0.260	0.239	0.201	0.159	0.148	0.177	0.197	0.175	0.191	0.194	0.048	0.238	0.207	0.204	0.174	0.150	0.109	0.148	0.149	0.152	0.148	0.140	0.155	0.153	0.167	0.154	0.149	0.118
67:01:06	22.7	0.111	0.118	0.165	0.123	0.150	0.153	0.128	0.153	0.154	0.154	0.142	0.120	0.148	0.191	0.205	0.240	0.174	0.197	0.242	0.216	0.225	0.235	0.209	0.153	0.154	0.438	0.173	0.205	0.198	0.207	0.236	0.231	0.189	0.299	0.230	0.162	0.155	0.208	0.230	0.197	0.206	0.245	0.250	0.455	0.322	0.365	0.234	0.170	0.159	0.180	0.199	0.211	0.229	0.044	0.196	0.264	0.245	0.236	0.203	0.150	0.151	0.046	0.207	0.201	0.240	0.214	0.230	0.221	0.257	0.237	0.200	0.158	0.147	0.177	0.196	0.174	0.190	0.194	0.048	0.233	0.206	0.202	0.173	0.148	0.107	0.147	0.151	0.149	0.148	0.142	0.155	0.151	0.167	0.151	0.149	0.118
68:01:06	22.8	0.109	0.117	0.162	0.122	0.146	0.153	0.129	0.151	0.154	0.153	0.141	0.118	0.148	0.191	0.205	0.237	0.173	0.196	0.238	0.215	0.222	0.228	0.207	0.151	0.154	0.436	0.172	0.204	0.198	0.206	0.231	0.230	0.188	0.294	0.228	0.161	0.154	0.207	0.228	0.197	0.204	0.240	0.245	0.438	0.316	0.360	0.230	0.169	0.158	0.179	0.200	0.210	0.228	0.044	0.195	0.259	0.240	0.236	0.201	0.149	0.152	0.046	0.207	0.200	0.237	0.211	0.226	0.218	0.253	0.233	0.199	0.157	0.147	0.176	0.195	0.173	0.188	0.192	0.048	0.230	0.203	0.199	0.172	0.147	0.106	0.143	0.148	0.145	0.147	0.145	0.153	0.149	0.165	0.149	0.148	0.118
69:01:08	22.8	0.108	0.117	0.161	0.121	0.145	0.152	0.128	0.150	0.153	0.153	0.141	0.117	0.146	0.191	0.204	0.237	0.174	0.195	0.235	0.214	0.219	0.224	0.206	0.151	0.159	0.437	0.172	0.203	0.197	0.205	0.228	0.228	0.188	0.291	0.227	0.159	0.153	0.206	0.226	0.197	0.202	0.237	0.242	0.428	0.311	0.353	0.229	0.168	0.157	0.177	0.200	0.210	0.228	0.045	0.192	0.253	0.238	0.233	0.200	0.148	0.153	0.046	0.206	0.199	0.235	0.211	0.222	0.218	0.249	0.232	0.198	0.156	0.146	0.175	0.194	0.172	0.187	0.191	0.048	0.227	0.201	0.198	0.171	0.145	0.106	0.142	0.144	0.143	0.145	0.147	0.152	0.147	0.164	0.147	0.147	0.116
70:01:09	22.6	0.109	0.111	0.158	0.117	0.148	0.147	0.125	0.152	0.150	0.149	0.139	0.117	0.142	0.188	0.201	0.237	0.174	0.193	0.233	0.208	0.214	0.219	0.202	0.149	0.161	0.433	0.171	0.202	0.196	0.201	0.222	0.227	0.185	0.284	0.222	0.158	0.150	0.204	0.222	0.199	0.199	0.234	0.237	0.417	0.300	0.340	0.226	0.166	0.155	0.175	0.198	0.207	0.225	0.044	0.191	0.251	0.233	0.227	0.197	0.146	0.147	0.046	0.203	0.196	0.228	0.207	0.217	0.213	0.243	0.226	0.197	0.155	0.145	0.174	0.191	0.171	0.185	0.189	0.048	0.221	0.198	0.196	0.171	0.144	0.105	0.140	0.141	0.140	0.144	0.147	0.150	0.145	0.164	0.145	0.145	0.114
71:01:09	22.5	0.107	0.112	0.158	0.117	0.148	0.153	0.126	0.147	0.151	0.150	0.140	0.115	0.143	0.188	0.200	0.234	0.176	0.192	0.230	0.209	0.215	0.215	0.202	0.148	0.149	0.433	0.169	0.201	0.194	0.200	0.220	0.226	0.184	0.282	0.220	0.156	0.149	0.203	0.222	0.198	0.199	0.232	0.234	0.403	0.294	0.334	0.224	0.166	0.153	0.174	0.197	0.206	0.224	0.045	0.190	0.244	0.230	0.226	0.197	0.144	0.150	0.046	0.202	0.196	0.224	0.207	0.215	0.212	0.240	0.225	0.196	0.155	0.145	0.175	0.191	0.170	0.185	0.190	0.049	0.217	0.199	0.194	0.170	0.142	0.104	0.140	0.140	0.139	0.143	0.147	0.147	0.143	0.163	0.143	0.143	0.113
72:01:11	22.3	0.105	0.110	0.156	0.117	0.143	0.152	0.122	0.146	0.150	0.148	0.138	0.113	0.140	0.186	0.199	0.231	0.175	0.191	0.229	0.208	0.214	0.211	0.201	0.146	0.148	0.430	0.168	0.199	0.193	0.200	0.218	0.223	0.182	0.278	0.219	0.155	0.148	0.201	0.219	0.199	0.197	0.228	0.229	0.389	0.288	0.326	0.221	0.165	0.152	0.172	0.197	0.203	0.222	0.045	0.188	0.240	0.227	0.221	0.196	0.142	0.149	0.046	0.200	0.194	0.218	0.206	0.212	0.210	0.236	0.221	0.194	0.152	0.145	0.173	0.188	0.168	0.183	0.188	0.049	0.214	0.198	0.192	0.169	0.140	0.102	0.142	0.138	0.136	0.139	0.145	0.144	0.141	0.160	0.141	0.141	0.113

