Time	T° 600	A1	A2	A3	A4	A5	A6	A7	A8	A9	A10	A11	A12	B1	B2	B3	B4	B5	B6	B7	B8	B9	B10	B11	B12	C1	C2	C3	C4	C5	C6	C7	C8	C9	C10	C11	C12	D1	D2	D3	D4	D5	D6	D7	D8	D9	D10	D11	D12	E1	E2	E3	E4	E5	E6	E7	E8	E9	E10	E11	E12	F1	F2	F3	F4	F5	F6	F7	F8	F9	F10	F11	F12	G1	G2	G3	G4	G5	G6	G7	G8	G9	G10	G11	G12	H1	H2	H3	H4	H5	H6	H7	H8	H9	H10	H11	H12
0:00:06	22.9	0.044	0.043	0.050	0.048	0.044	0.048	0.044	0.044	0.046	0.046	0.047	0.043	0.045	0.043	0.044	0.048	0.044	0.044	0.045	0.045	0.044	0.043	0.046	0.046	0.041	0.042	0.043	0.042	0.045	0.044	0.043	0.044	0.050	0.044	0.046	0.044	0.044	0.044	0.044	0.043	0.048	0.045	0.044	0.045	0.046	0.043	0.045	0.046	0.042	0.044	0.045	0.046	0.047	0.048	0.046	0.044	0.043	0.046	0.044	0.044	0.044	0.045	0.048	0.044	0.043	0.043	0.046	0.050	0.043	0.046	0.047	0.044	0.047	0.047	0.047	0.043	0.048	0.307	0.043	0.044	0.047	0.043	0.043	0.046	0.043	0.046	0.046	0.043	0.043	0.042	0.046	0.046	0.047	0.052	0.044	0.047
1:00:05	22.8	0.045	0.043	0.050	0.047	0.044	0.048	0.044	0.044	0.046	0.046	0.047	0.044	0.044	0.043	0.044	0.048	0.044	0.044	0.045	0.046	0.044	0.043	0.046	0.046	0.042	0.042	0.044	0.043	0.045	0.044	0.043	0.044	0.050	0.044	0.046	0.045	0.044	0.044	0.044	0.043	0.048	0.045	0.044	0.046	0.046	0.044	0.045	0.046	0.042	0.044	0.045	0.046	0.047	0.048	0.046	0.043	0.044	0.046	0.044	0.044	0.044	0.045	0.048	0.044	0.044	0.044	0.046	0.051	0.043	0.045	0.047	0.044	0.047	0.047	0.048	0.044	0.048	0.304	0.043	0.044	0.047	0.043	0.043	0.047	0.043	0.046	0.046	0.044	0.042	0.042	0.046	0.046	0.047	0.052	0.044	0.044
2:00:06	22.6	0.045	0.043	0.050	0.048	0.044	0.048	0.044	0.044	0.046	0.046	0.047	0.044	0.044	0.043	0.044	0.048	0.044	0.044	0.045	0.046	0.044	0.043	0.046	0.047	0.042	0.042	0.044	0.042	0.045	0.044	0.043	0.044	0.050	0.044	0.046	0.045	0.044	0.044	0.043	0.043	0.048	0.045	0.044	0.046	0.046	0.044	0.045	0.046	0.042	0.043	0.045	0.046	0.047	0.048	0.046	0.043	0.044	0.047	0.044	0.044	0.044	0.045	0.047	0.044	0.044	0.044	0.046	0.051	0.043	0.045	0.047	0.044	0.047	0.046	0.047	0.043	0.048	0.303	0.044	0.044	0.047	0.043	0.043	0.047	0.043	0.046	0.046	0.044	0.043	0.042	0.046	0.046	0.046	0.052	0.045	0.044
3:00:07	22.5	0.046	0.043	0.050	0.048	0.044	0.049	0.044	0.044	0.046	0.046	0.047	0.044	0.045	0.044	0.044	0.048	0.044	0.045	0.045	0.047	0.045	0.043	0.047	0.047	0.042	0.043	0.044	0.043	0.045	0.045	0.044	0.045	0.050	0.044	0.047	0.045	0.044	0.045	0.044	0.044	0.049	0.045	0.044	0.046	0.046	0.044	0.046	0.047	0.043	0.044	0.045	0.047	0.048	0.048	0.046	0.044	0.044	0.047	0.044	0.044	0.044	0.045	0.047	0.045	0.044	0.044	0.047	0.052	0.044	0.046	0.047	0.044	0.047	0.047	0.048	0.044	0.049	0.301	0.044	0.045	0.047	0.044	0.044	0.048	0.043	0.047	0.046	0.044	0.043	0.043	0.046	0.046	0.047	0.051	0.045	0.044
4:00:08	22.4	0.046	0.043	0.050	0.048	0.045	0.049	0.044	0.044	0.046	0.047	0.047	0.044	0.045	0.044	0.044	0.048	0.045	0.045	0.045	0.047	0.045	0.044	0.047	0.047	0.042	0.043	0.044	0.043	0.045	0.045	0.047	0.045	0.050	0.044	0.047	0.046	0.044	0.045	0.044	0.044	0.049	0.046	0.044	0.046	0.046	0.044	0.046	0.047	0.043	0.044	0.045	0.047	0.048	0.048	0.046	0.044	0.044	0.047	0.044	0.045	0.044	0.045	0.047	0.045	0.045	0.045	0.047	0.052	0.044	0.045	0.047	0.045	0.047	0.047	0.048	0.044	0.050	0.300	0.044	0.044	0.047	0.043	0.044	0.049	0.043	0.047	0.046	0.044	0.043	0.043	0.046	0.046	0.047	0.051	0.045	0.044
5:00:09	22.4	0.046	0.044	0.050	0.048	0.045	0.049	0.045	0.044	0.046	0.047	0.047	0.044	0.045	0.044	0.044	0.048	0.044	0.045	0.045	0.047	0.045	0.044	0.047	0.047	0.043	0.043	0.044	0.043	0.045	0.045	0.045	0.045	0.051	0.044	0.047	0.046	0.045	0.045	0.045	0.043	0.049	0.046	0.045	0.046	0.046	0.044	0.046	0.047	0.042	0.044	0.045	0.047	0.048	0.048	0.046	0.044	0.045	0.047	0.044	0.045	0.044	0.045	0.047	0.045	0.044	0.045	0.046	0.051	0.044	0.045	0.048	0.045	0.047	0.047	0.048	0.044	0.050	0.300	0.044	0.044	0.047	0.044	0.044	0.050	0.043	0.047	0.046	0.044	0.043	0.043	0.046	0.046	0.047	0.051	0.045	0.045
6:00:10	22.4	0.046	0.044	0.051	0.048	0.045	0.049	0.045	0.044	0.047	0.047	0.047	0.044	0.045	0.044	0.045	0.049	0.045	0.045	0.046	0.047	0.045	0.044	0.048	0.048	0.043	0.043	0.045	0.043	0.046	0.045	0.044	0.045	0.051	0.045	0.047	0.046	0.045	0.045	0.044	0.044	0.049	0.046	0.045	0.047	0.047	0.044	0.046	0.047	0.043	0.045	0.046	0.047	0.048	0.048	0.046	0.044	0.045	0.047	0.045	0.045	0.045	0.046	0.048	0.045	0.045	0.045	0.047	0.051	0.045	0.046	0.048	0.045	0.047	0.047	0.048	0.045	0.052	0.299	0.044	0.045	0.047	0.044	0.044	0.051	0.044	0.047	0.047	0.044	0.044	0.043	0.047	0.047	0.047	0.052	0.045	0.045
7:00:12	22.3	0.046	0.043	0.051	0.048	0.045	0.049	0.045	0.044	0.046	0.047	0.047	0.045	0.045	0.044	0.045	0.048	0.045	0.045	0.045	0.047	0.045	0.044	0.047	0.047	0.043	0.043	0.045	0.043	0.045	0.045	0.044	0.045	0.051	0.044	0.047	0.046	0.045	0.045	0.044	0.044	0.049	0.046	0.045	0.046	0.047	0.044	0.046	0.047	0.043	0.044	0.046	0.047	0.048	0.048	0.046	0.044	0.045	0.047	0.045	0.045	0.044	0.046	0.048	0.045	0.045	0.045	0.047	0.051	0.044	0.046	0.048	0.045	0.047	0.047	0.048	0.045	0.051	0.298	0.044	0.045	0.048	0.044	0.044	0.051	0.044	0.047	0.047	0.044	0.044	0.043	0.047	0.046	0.047	0.051	0.045	0.045
8:00:13	22.3	0.047	0.044	0.051	0.049	0.045	0.049	0.045	0.045	0.047	0.047	0.048	0.045	0.045	0.045	0.045	0.049	0.045	0.045	0.046	0.048	0.046	0.044	0.048	0.048	0.043	0.043	0.045	0.044	0.046	0.046	0.045	0.046	0.051	0.045	0.048	0.047	0.045	0.046	0.045	0.045	0.050	0.047	0.045	0.047	0.048	0.045	0.046	0.048	0.043	0.045	0.046	0.048	0.048	0.049	0.047	0.045	0.045	0.048	0.045	0.046	0.045	0.046	0.048	0.046	0.045	0.046	0.047	0.051	0.045	0.046	0.048	0.046	0.048	0.048	0.049	0.045	0.052	0.298	0.045	0.045	0.048	0.045	0.044	0.052	0.044	0.048	0.047	0.045	0.044	0.044	0.048	0.047	0.048	0.051	0.046	0.045
9:00:14	22.3	0.047	0.044	0.052	0.049	0.045	0.049	0.045	0.045	0.047	0.047	0.048	0.045	0.046	0.045	0.046	0.049	0.045	0.045	0.046	0.048	0.046	0.044	0.048	0.048	0.043	0.043	0.047	0.044	0.046	0.046	0.046	0.046	0.052	0.045	0.047	0.047	0.045	0.046	0.045	0.045	0.050	0.046	0.045	0.047	0.048	0.045	0.047	0.048	0.043	0.045	0.047	0.048	0.048	0.049	0.047	0.045	0.046	0.048	0.045	0.046	0.045	0.047	0.048	0.046	0.045	0.046	0.048	0.051	0.045	0.046	0.048	0.046	0.048	0.048	0.049	0.045	0.054	0.298	0.044	0.045	0.048	0.044	0.045	0.053	0.044	0.048	0.047	0.045	0.044	0.044	0.047	0.047	0.048	0.051	0.046	0.045
10:00:14	22.3	0.047	0.044	0.052	0.050	0.046	0.050	0.046	0.046	0.048	0.047	0.048	0.045	0.046	0.045	0.046	0.049	0.046	0.045	0.047	0.048	0.046	0.045	0.048	0.048	0.044	0.044	0.048	0.045	0.047	0.046	0.048	0.047	0.052	0.046	0.048	0.047	0.046	0.046	0.046	0.045	0.051	0.047	0.046	0.048	0.048	0.045	0.047	0.048	0.043	0.045	0.047	0.048	0.049	0.049	0.048	0.045	0.046	0.049	0.046	0.046	0.045	0.047	0.049	0.047	0.046	0.047	0.049	0.051	0.045	0.047	0.049	0.046	0.048	0.048	0.050	0.046	0.056	0.298	0.044	0.045	0.049	0.045	0.045	0.053	0.045	0.048	0.048	0.045	0.045	0.044	0.048	0.046	0.048	0.051	0.046	0.046
11:00:15	22.3	0.048	0.045	0.053	0.051	0.046	0.051	0.047	0.047	0.049	0.048	0.048	0.045	0.047	0.046	0.047	0.050	0.047	0.046	0.047	0.049	0.047	0.047	0.050	0.049	0.044	0.044	0.049	0.046	0.048	0.047	0.049	0.048	0.053	0.046	0.048	0.049	0.047	0.048	0.047	0.046	0.052	0.048	0.047	0.049	0.050	0.046	0.048	0.049	0.044	0.047	0.048	0.049	0.050	0.050	0.049	0.046	0.047	0.050	0.047	0.047	0.046	0.048	0.050	0.047	0.048	0.048	0.049	0.052	0.046	0.047	0.050	0.047	0.049	0.049	0.051	0.047	0.058	0.299	0.045	0.046	0.050	0.046	0.047	0.054	0.045	0.050	0.049	0.046	0.047	0.045	0.049	0.047	0.049	0.052	0.047	0.047
12:00:16	22.4	0.049	0.046	0.055	0.052	0.047	0.052	0.048	0.048	0.050	0.048	0.048	0.045	0.048	0.047	0.048	0.051	0.048	0.045	0.048	0.050	0.048	0.048	0.051	0.050	0.045	0.045	0.050	0.046	0.049	0.048	0.049	0.049	0.054	0.047	0.047	0.050	0.048	0.048	0.048	0.047	0.053	0.049	0.049	0.050	0.050	0.046	0.049	0.051	0.044	0.047	0.049	0.050	0.051	0.051	0.051	0.047	0.049	0.051	0.048	0.049	0.047	0.049	0.051	0.049	0.049	0.049	0.050	0.052	0.046	0.047	0.051	0.048	0.050	0.049	0.051	0.048	0.059	0.299	0.045	0.047	0.051	0.047	0.048	0.055	0.046	0.051	0.050	0.047	0.048	0.046	0.050	0.046	0.050	0.054	0.048	0.047
13:00:18	22.3	0.052	0.049	0.057	0.055	0.049	0.054	0.051	0.051	0.053	0.048	0.048	0.045	0.050	0.050	0.049	0.053	0.050	0.046	0.049	0.053	0.051	0.050	0.053	0.052	0.047	0.045	0.052	0.049	0.051	0.050	0.054	0.051	0.056	0.050	0.047	0.052	0.050	0.051	0.050	0.049	0.056	0.052	0.051	0.053	0.053	0.046	0.052	0.053	0.046	0.050	0.051	0.052	0.054	0.053	0.054	0.049	0.051	0.054	0.051	0.051	0.050	0.051	0.053	0.051	0.052	0.051	0.053	0.054	0.046	0.048	0.054	0.050	0.051	0.051	0.054	0.050	0.060	0.302	0.046	0.048	0.054	0.049	0.051	0.056	0.049	0.054	0.052	0.049	0.050	0.048	0.052	0.047	0.052	0.057	0.051	0.050
14:00:18	22.4	0.056	0.052	0.061	0.059	0.051	0.058	0.056	0.056	0.058	0.048	0.048	0.045	0.054	0.054	0.052	0.056	0.053	0.045	0.051	0.056	0.054	0.055	0.058	0.055	0.051	0.046	0.056	0.052	0.055	0.054	0.057	0.055	0.060	0.053	0.047	0.057	0.054	0.054	0.054	0.052	0.060	0.056	0.057	0.057	0.058	0.047	0.056	0.058	0.049	0.052	0.055	0.057	0.057	0.057	0.060	0.053	0.055	0.058	0.055	0.055	0.053	0.054	0.056	0.055	0.058	0.056	0.058	0.056	0.047	0.049	0.058	0.054	0.054	0.054	0.057	0.055	0.064	0.308	0.046	0.051	0.058	0.052	0.056	0.058	0.052	0.059	0.056	0.053	0.054	0.052	0.057	0.047	0.056	0.062	0.055	0.053
15:00:19	22.4	0.064	0.059	0.068	0.070	0.056	0.067	0.066	0.065	0.069	0.048	0.049	0.045	0.062	0.061	0.058	0.062	0.061	0.046	0.055	0.064	0.061	0.064	0.065	0.061	0.058	0.047	0.063	0.060	0.063	0.062	0.065	0.063	0.068	0.059	0.048	0.067	0.062	0.061	0.060	0.059	0.070	0.065	0.068	0.066	0.068	0.049	0.064	0.068	0.053	0.059	0.062	0.064	0.066	0.064	0.070	0.060	0.063	0.066	0.064	0.063	0.061	0.060	0.063	0.063	0.069	0.064	0.067	0.060	0.047	0.051	0.066	0.061	0.060	0.059	0.065	0.062	0.071	0.319	0.047	0.056	0.066	0.059	0.064	0.061	0.058	0.068	0.065	0.060	0.063	0.059	0.065	0.047	0.064	0.070	0.062	0.060
16:00:19	22.5	0.077	0.071	0.080	0.086	0.065	0.082	0.085	0.079	0.089	0.048	0.048	0.045	0.075	0.075	0.069	0.073	0.076	0.045	0.061	0.078	0.075	0.082	0.080	0.071	0.069	0.049	0.076	0.073	0.077	0.075	0.079	0.078	0.082	0.072	0.048	0.084	0.076	0.073	0.072	0.071	0.086	0.082	0.087	0.082	0.085	0.052	0.080	0.084	0.061	0.069	0.073	0.077	0.082	0.077	0.086	0.074	0.077	0.081	0.080	0.075	0.073	0.070	0.075	0.077	0.086	0.079	0.084	0.069	0.048	0.053	0.080	0.073	0.070	0.068	0.079	0.076	0.084	0.336	0.048	0.064	0.082	0.069	0.079	0.067	0.068	0.083	0.078	0.072	0.078	0.071	0.080	0.047	0.078	0.083	0.074	0.070
17:00:20	22.7	0.097	0.088	0.101	0.111	0.082	0.106	0.114	0.099	0.119	0.048	0.048	0.046	0.095	0.097	0.089	0.093	0.098	0.046	0.070	0.102	0.101	0.108	0.106	0.087	0.088	0.052	0.097	0.095	0.101	0.095	0.103	0.100	0.103	0.096	0.048	0.110	0.096	0.093	0.094	0.093	0.113	0.108	0.116	0.105	0.112	0.057	0.108	0.107	0.074	0.088	0.093	0.099	0.107	0.102	0.111	0.097	0.100	0.105	0.103	0.095	0.092	0.088	0.096	0.102	0.115	0.104	0.109	0.083	0.049	0.058	0.101	0.092	0.087	0.087	0.102	0.099	0.105	0.359	0.051	0.078	0.106	0.087	0.101	0.080	0.082	0.102	0.099	0.091	0.099	0.089	0.102	0.047	0.100	0.099	0.090	0.085
18:00:22	22.8	0.124	0.109	0.129	0.143	0.109	0.138	0.154	0.124	0.158	0.048	0.048	0.046	0.119	0.127	0.118	0.122	0.130	0.046	0.084	0.137	0.138	0.142	0.142	0.110	0.113	0.057	0.125	0.123	0.132	0.123	0.139	0.132	0.133	0.133	0.048	0.145	0.122	0.123	0.123	0.124	0.149	0.144	0.155	0.138	0.149	0.067	0.143	0.136	0.093	0.115	0.122	0.128	0.140	0.137	0.139	0.128	0.132	0.139	0.136	0.119	0.117	0.116	0.127	0.136	0.149	0.136	0.143	0.106	0.050	0.066	0.131	0.118	0.112	0.119	0.135	0.128	0.136	0.387	0.054	0.097	0.140	0.112	0.132	0.104	0.099	0.126	0.126	0.117	0.128	0.113	0.132	0.047	0.133	0.119	0.112	0.104
19:00:23	22.9	0.148	0.127	0.160	0.176	0.143	0.171	0.191	0.144	0.195	0.048	0.049	0.046	0.145	0.162	0.149	0.156	0.165	0.046	0.105	0.176	0.181	0.178	0.182	0.140	0.139	0.065	0.159	0.156	0.170	0.157	0.178	0.168	0.168	0.173	0.047	0.183	0.148	0.157	0.158	0.158	0.186	0.182	0.198	0.174	0.191	0.081	0.185	0.166	0.121	0.145	0.156	0.156	0.173	0.177	0.162	0.162	0.168	0.177	0.175	0.149	0.144	0.148	0.161	0.173	0.179	0.172	0.184	0.140	0.052	0.079	0.161	0.145	0.140	0.159	0.173	0.164	0.167	0.414	0.060	0.119	0.179	0.135	0.167	0.142	0.120	0.152	0.157	0.146	0.163	0.140	0.161	0.048	0.168	0.138	0.130	0.129
20:00:23	22.9	0.161	0.132	0.188	0.203	0.176	0.194	0.221	0.159	0.223	0.048	0.048	0.046	0.162	0.192	0.178	0.189	0.195	0.046	0.134	0.212	0.223	0.210	0.218	0.154	0.154	0.078	0.187	0.180	0.203	0.180	0.209	0.199	0.201	0.206	0.047	0.211	0.161	0.184	0.187	0.186	0.220	0.212	0.236	0.203	0.227	0.099	0.221	0.180	0.143	0.167	0.178	0.175	0.201	0.213	0.185	0.188	0.195	0.210	0.208	0.164	0.155	0.173	0.193	0.206	0.204	0.205	0.220	0.179	0.056	0.094	0.180	0.160	0.151	0.200	0.208	0.194	0.198	0.437	0.069	0.125	0.213	0.143	0.189	0.159	0.124	0.165	0.173	0.162	0.186	0.153	0.178	0.048	0.195	0.144	0.134	0.135
21:00:25	23.0	0.169	0.137	0.217	0.230	0.202	0.210	0.244	0.171	0.249	0.048	0.049	0.047	0.174	0.219	0.205	0.219	0.221	0.046	0.172	0.243	0.262	0.237	0.249	0.164	0.167	0.098	0.214	0.201	0.231	0.204	0.241	0.227	0.233	0.234	0.047	0.234	0.170	0.209	0.215	0.212	0.253	0.240	0.268	0.232	0.262	0.121	0.255	0.187	0.158	0.191	0.201	0.189	0.229	0.252	0.209	0.209	0.225	0.241	0.237	0.172	0.165	0.199	0.225	0.241	0.234	0.238	0.253	0.215	0.062	0.114	0.196	0.169	0.155	0.238	0.242	0.224	0.229	0.455	0.083	0.130	0.244	0.153	0.205	0.172	0.125	0.175	0.179	0.176	0.206	0.165	0.190	0.049	0.217	0.149	0.140	0.138
22:00:26	23.1	0.178	0.142	0.245	0.257	0.223	0.222	0.268	0.181	0.267	0.048	0.048	0.048	0.186	0.247	0.233	0.248	0.246	0.046	0.208	0.272	0.300	0.262	0.279	0.171	0.176	0.125	0.245	0.226	0.261	0.231	0.269	0.254	0.265	0.260	0.048	0.250	0.179	0.239	0.247	0.241	0.287	0.270	0.300	0.263	0.294	0.147	0.286	0.190	0.171	0.220	0.228	0.201	0.259	0.294	0.239	0.225	0.257	0.277	0.268	0.181	0.175	0.227	0.257	0.279	0.266	0.272	0.283	0.243	0.070	0.138	0.210	0.177	0.162	0.273	0.278	0.257	0.263	0.471	0.101	0.138	0.277	0.163	0.221	0.184	0.132	0.192	0.185	0.194	0.222	0.180	0.201	0.050	0.238	0.159	0.148	0.144
23:00:26	23.2	0.183	0.150	0.283	0.289	0.249	0.238	0.289	0.192	0.286	0.048	0.048	0.051	0.203	0.283	0.269	0.283	0.280	0.046	0.246	0.311	0.339	0.297	0.315	0.182	0.185	0.156	0.287	0.262	0.299	0.268	0.305	0.285	0.304	0.296	0.048	0.265	0.190	0.280	0.288	0.273	0.328	0.305	0.337	0.297	0.329	0.170	0.323	0.196	0.185	0.258	0.266	0.224	0.294	0.338	0.273	0.248	0.297	0.316	0.307	0.194	0.191	0.266	0.295	0.319	0.303	0.310	0.326	0.270	0.079	0.158	0.226	0.188	0.170	0.312	0.321	0.298	0.301	0.497	0.124	0.146	0.320	0.172	0.236	0.193	0.138	0.203	0.195	0.203	0.245	0.198	0.214	0.051	0.262	0.167	0.154	0.150
24:00:27	23.0	0.185	0.154	0.321	0.320	0.274	0.254	0.317	0.205	0.308	0.048	0.048	0.055	0.214	0.321	0.304	0.320	0.310	0.046	0.282	0.347	0.371	0.331	0.354	0.193	0.193	0.183	0.324	0.294	0.340	0.302	0.338	0.315	0.345	0.335	0.048	0.279	0.202	0.318	0.322	0.302	0.362	0.336	0.375	0.332	0.363	0.187	0.359	0.205	0.192	0.290	0.301	0.244	0.325	0.379	0.302	0.277	0.334	0.353	0.344	0.207	0.207	0.303	0.329	0.356	0.331	0.345	0.363	0.306	0.092	0.171	0.243	0.201	0.174	0.346	0.359	0.335	0.335	0.517	0.144	0.153	0.356	0.182	0.249	0.209	0.143	0.222	0.204	0.222	0.266	0.204	0.222	0.054	0.287	0.174	0.161	0.154
25:00:29	22.9	0.190	0.159	0.351	0.350	0.305	0.271	0.342	0.221	0.336	0.048	0.048	0.062	0.222	0.358	0.338	0.353	0.342	0.046	0.328	0.383	0.402	0.370	0.395	0.201	0.201	0.206	0.357	0.323	0.373	0.331	0.369	0.345	0.380	0.371	0.047	0.289	0.212	0.350	0.353	0.329	0.396	0.365	0.411	0.365	0.400	0.205	0.394	0.212	0.206	0.317	0.332	0.269	0.356	0.413	0.329	0.306	0.371	0.387	0.382	0.218	0.222	0.333	0.360	0.393	0.356	0.378	0.396	0.345	0.107	0.185	0.255	0.212	0.179	0.377	0.394	0.369	0.370	0.542	0.161	0.160	0.392	0.193	0.258	0.217	0.147	0.239	0.212	0.234	0.278	0.221	0.231	0.058	0.309	0.182	0.166	0.159
26:00:28	22.7	0.190	0.156	0.354	0.355	0.308	0.266	0.347	0.224	0.340	0.048	0.048	0.073	0.226	0.366	0.348	0.371	0.353	0.046	0.358	0.405	0.434	0.383	0.422	0.208	0.203	0.220	0.364	0.337	0.387	0.342	0.391	0.363	0.401	0.394	0.047	0.300	0.217	0.358	0.367	0.346	0.415	0.380	0.430	0.377	0.421	0.215	0.413	0.217	0.206	0.325	0.343	0.277	0.371	0.429	0.338	0.316	0.387	0.407	0.406	0.221	0.230	0.345	0.377	0.417	0.371	0.396	0.424	0.371	0.122	0.192	0.264	0.221	0.178	0.384	0.408	0.388	0.388	0.550	0.172	0.164	0.415	0.195	0.262	0.219	0.150	0.239	0.209	0.236	0.281	0.240	0.233	0.064	0.320	0.189	0.170	0.161
27:00:29	22.6	0.201	0.168	0.384	0.375	0.347	0.287	0.372	0.240	0.351	0.048	0.048	0.088	0.237	0.401	0.379	0.401	0.383	0.046	0.395	0.435	0.461	0.410	0.448	0.209	0.216	0.262	0.397	0.365	0.424	0.374	0.427	0.394	0.436	0.423	0.048	0.309	0.228	0.391	0.397	0.368	0.449	0.413	0.461	0.415	0.445	0.228	0.440	0.223	0.215	0.357	0.377	0.299	0.402	0.468	0.360	0.347	0.419	0.438	0.437	0.230	0.249	0.378	0.412	0.444	0.398	0.431	0.452	0.400	0.142	0.202	0.278	0.231	0.184	0.431	0.442	0.418	0.418	0.578	0.194	0.172	0.446	0.207	0.273	0.221	0.156	0.267	0.227	0.250	0.297	0.263	0.240	0.071	0.334	0.197	0.175	0.165
28:00:31	22.7	0.202	0.169	0.395	0.380	0.351	0.281	0.375	0.243	0.348	0.048	0.048	0.107	0.243	0.412	0.395	0.412	0.392	0.046	0.423	0.450	0.481	0.419	0.460	0.217	0.222	0.284	0.410	0.380	0.441	0.382	0.441	0.408	0.448	0.435	0.048	0.305	0.229	0.403	0.408	0.378	0.467	0.428	0.472	0.427	0.457	0.236	0.451	0.228	0.225	0.372	0.390	0.305	0.419	0.484	0.368	0.353	0.437	0.454	0.447	0.235	0.258	0.395	0.427	0.458	0.411	0.450	0.468	0.416	0.157	0.210	0.285	0.235	0.191	0.447	0.456	0.428	0.433	0.582	0.210	0.178	0.461	0.212	0.282	0.223	0.160	0.273	0.230	0.254	0.295	0.277	0.240	0.080	0.331	0.204	0.181	0.170
29:00:32	22.7	0.201	0.169	0.399	0.367	0.340	0.275	0.385	0.241	0.340	0.048	0.048	0.134	0.236	0.413	0.402	0.423	0.395	0.046	0.447	0.464	0.497	0.417	0.468	0.217	0.219	0.304	0.417	0.388	0.445	0.386	0.451	0.419	0.457	0.440	0.048	0.296	0.226	0.414	0.417	0.384	0.480	0.438	0.480	0.438	0.461	0.242	0.458	0.232	0.226	0.377	0.393	0.301	0.427	0.491	0.375	0.349	0.443	0.466	0.449	0.238	0.256	0.402	0.433	0.463	0.418	0.456	0.475	0.416	0.169	0.213	0.283	0.235	0.197	0.457	0.460	0.428	0.438	0.574	0.226	0.182	0.469	0.211	0.286	0.224	0.163	0.273	0.226	0.246	0.284	0.278	0.236	0.098	0.325	0.210	0.183	0.173
30:00:32	22.7	0.199	0.166	0.399	0.365	0.332	0.269	0.381	0.240	0.333	0.048	0.048	0.144	0.237	0.410	0.408	0.432	0.401	0.046	0.469	0.471	0.505	0.416	0.468	0.214	0.216	0.325	0.418	0.394	0.446	0.389	0.455	0.423	0.458	0.438	0.048	0.291	0.223	0.419	0.419	0.387	0.481	0.443	0.484	0.439	0.470	0.250	0.461	0.232	0.222	0.383	0.397	0.297	0.429	0.496	0.379	0.347	0.450	0.473	0.456	0.235	0.253	0.406	0.441	0.467	0.420	0.460	0.479	0.415	0.179	0.221	0.277	0.233	0.197	0.466	0.463	0.430	0.437	0.564	0.243	0.183	0.474	0.210	0.287	0.223	0.163	0.267	0.221	0.236	0.275	0.280	0.228	0.117	0.317	0.213	0.181	0.175
31:00:33	22.7	0.197	0.165	0.401	0.362	0.325	0.260	0.376	0.238	0.327	0.047	0.048	0.144	0.229	0.412	0.410	0.434	0.400	0.046	0.489	0.479	0.516	0.422	0.477	0.211	0.210	0.347	0.420	0.398	0.450	0.390	0.457	0.427	0.467	0.440	0.047	0.285	0.218	0.413	0.422	0.391	0.487	0.450	0.490	0.445	0.476	0.256	0.462	0.228	0.219	0.384	0.402	0.294	0.436	0.502	0.382	0.345	0.455	0.475	0.458	0.230	0.248	0.407	0.446	0.476	0.425	0.463	0.475	0.409	0.187	0.226	0.276	0.229	0.194	0.469	0.465	0.434	0.442	0.556	0.258	0.181	0.480	0.208	0.284	0.219	0.161	0.259	0.217	0.224	0.267	0.274	0.222	0.130	0.311	0.212	0.180	0.171
32:00:34	22.7	0.194	0.163	0.391	0.353	0.315	0.252	0.367	0.237	0.321	0.047	0.048	0.145	0.222	0.408	0.412	0.433	0.400	0.046	0.508	0.481	0.526	0.412	0.469	0.207	0.206	0.362	0.421	0.401	0.457	0.394	0.466	0.436	0.465	0.443	0.047	0.277	0.214	0.418	0.426	0.391	0.491	0.454	0.491	0.453	0.477	0.265	0.460	0.224	0.214	0.387	0.404	0.291	0.441	0.505	0.386	0.337	0.460	0.479	0.457	0.226	0.240	0.410	0.449	0.481	0.427	0.467	0.481	0.401	0.194	0.233	0.275	0.223	0.191	0.475	0.468	0.435	0.430	0.543	0.268	0.180	0.483	0.207	0.278	0.216	0.159	0.250	0.213	0.215	0.266	0.266	0.216	0.136	0.300	0.211	0.178	0.167
33:00:36	22.6	0.191	0.162	0.399	0.346	0.305	0.244	0.353	0.237	0.312	0.048	0.049	0.153	0.217	0.407	0.414	0.437	0.405	0.046	0.516	0.485	0.525	0.407	0.469	0.204	0.204	0.380	0.425	0.400	0.464	0.392	0.465	0.436	0.467	0.443	0.047	0.271	0.212	0.423	0.430	0.397	0.497	0.456	0.493	0.458	0.483	0.273	0.461	0.220	0.211	0.385	0.405	0.288	0.443	0.505	0.388	0.330	0.463	0.484	0.454	0.223	0.237	0.409	0.452	0.482	0.432	0.465	0.471	0.396	0.202	0.240	0.273	0.220	0.190	0.474	0.469	0.430	0.432	0.529	0.280	0.179	0.484	0.206	0.274	0.212	0.157	0.244	0.211	0.206	0.260	0.267	0.209	0.139	0.294	0.211	0.177	0.164
34:00:36	22.6	0.190	0.162	0.391	0.339	0.301	0.241	0.331	0.237	0.310	0.048	0.049	0.162	0.212	0.407	0.423	0.445	0.404	0.046	0.526	0.496	0.534	0.403	0.458	0.203	0.198	0.390	0.431	0.405	0.469	0.397	0.473	0.445	0.461	0.438	0.048	0.260	0.209	0.428	0.434	0.400	0.503	0.463	0.501	0.466	0.486	0.278	0.458	0.216	0.206	0.390	0.406	0.283	0.449	0.508	0.395	0.322	0.463	0.488	0.452	0.220	0.235	0.415	0.451	0.486	0.435	0.467	0.464	0.384	0.208	0.246	0.263	0.216	0.188	0.473	0.468	0.426	0.415	0.516	0.285	0.178	0.483	0.204	0.267	0.209	0.155	0.241	0.209	0.197	0.255	0.250	0.204	0.140	0.284	0.209	0.175	0.160
35:00:37	22.5	0.185	0.161	0.386	0.327	0.293	0.237	0.315	0.229	0.306	0.047	0.049	0.168	0.205	0.404	0.426	0.447	0.406	0.046	0.529	0.498	0.537	0.391	0.445	0.201	0.196	0.393	0.437	0.408	0.476	0.400	0.484	0.447	0.461	0.427	0.047	0.254	0.205	0.430	0.442	0.405	0.506	0.468	0.498	0.467	0.489	0.281	0.455	0.213	0.201	0.392	0.410	0.274	0.454	0.510	0.401	0.312	0.463	0.491	0.445	0.215	0.227	0.420	0.453	0.484	0.439	0.468	0.445	0.374	0.218	0.248	0.262	0.212	0.185	0.475	0.466	0.415	0.404	0.503	0.286	0.176	0.482	0.203	0.262	0.205	0.153	0.230	0.207	0.190	0.249	0.238	0.202	0.139	0.274	0.206	0.173	0.156
36:00:37	22.4	0.181	0.160	0.383	0.321	0.282	0.233	0.296	0.222	0.296	0.048	0.049	0.174	0.204	0.408	0.428	0.457	0.404	0.046	0.535	0.510	0.542	0.387	0.435	0.198	0.194	0.396	0.441	0.409	0.480	0.405	0.482	0.451	0.460	0.422	0.048	0.246	0.204	0.437	0.448	0.409	0.506	0.475	0.493	0.470	0.490	0.283	0.451	0.211	0.199	0.395	0.413	0.272	0.457	0.511	0.404	0.306	0.467	0.495	0.437	0.211	0.223	0.423	0.457	0.487	0.445	0.471	0.437	0.364	0.228	0.251	0.255	0.209	0.184	0.472	0.460	0.410	0.390	0.495	0.285	0.176	0.481	0.201	0.253	0.202	0.151	0.222	0.206	0.183	0.242	0.231	0.197	0.138	0.268	0.205	0.174	0.154
37:00:38	22.3	0.178	0.158	0.373	0.312	0.272	0.231	0.280	0.211	0.291	0.047	0.049	0.177	0.199	0.401	0.435	0.464	0.408	0.046	0.542	0.517	0.544	0.383	0.427	0.195	0.191	0.396	0.447	0.412	0.485	0.410	0.489	0.459	0.450	0.409	0.047	0.241	0.202	0.442	0.452	0.413	0.506	0.478	0.495	0.476	0.490	0.283	0.445	0.208	0.197	0.400	0.420	0.266	0.457	0.513	0.414	0.300	0.473	0.495	0.430	0.206	0.217	0.426	0.455	0.486	0.448	0.467	0.428	0.349	0.238	0.250	0.248	0.206	0.181	0.469	0.452	0.401	0.372	0.487	0.275	0.174	0.479	0.200	0.247	0.199	0.149	0.212	0.204	0.182	0.233	0.217	0.194	0.136	0.263	0.203	0.171	0.151
38:00:39	22.2	0.175	0.158	0.357	0.294	0.266	0.223	0.271	0.207	0.280	0.047	0.050	0.178	0.196	0.392	0.439	0.467	0.404	0.046	0.543	0.526	0.547	0.376	0.411	0.195	0.187	0.398	0.454	0.418	0.488	0.417	0.499	0.463	0.446	0.401	0.048	0.234	0.201	0.450	0.459	0.417	0.516	0.483	0.498	0.481	0.499	0.282	0.440	0.207	0.190	0.403	0.423	0.259	0.462	0.516	0.417	0.292	0.472	0.497	0.419	0.204	0.212	0.429	0.458	0.487	0.454	0.465	0.410	0.336	0.244	0.250	0.249	0.204	0.180	0.463	0.445	0.388	0.367	0.478	0.265	0.173	0.475	0.199	0.242	0.196	0.146	0.209	0.202	0.178	0.223	0.209	0.192	0.136	0.257	0.201	0.171	0.148
39:00:40	22.1	0.173	0.158	0.343	0.281	0.257	0.221	0.262	0.203	0.270	0.047	0.051	0.181	0.195	0.389	0.451	0.476	0.401	0.046	0.554	0.538	0.547	0.368	0.398	0.192	0.184	0.400	0.459	0.424	0.498	0.425	0.501	0.469	0.445	0.389	0.048	0.230	0.199	0.456	0.465	0.425	0.521	0.488	0.494	0.485	0.497	0.282	0.434	0.205	0.189	0.407	0.428	0.256	0.470	0.523	0.423	0.284	0.475	0.502	0.405	0.202	0.204	0.434	0.455	0.489	0.459	0.467	0.397	0.327	0.253	0.250	0.248	0.203	0.178	0.458	0.441	0.378	0.352	0.475	0.258	0.173	0.465	0.198	0.239	0.193	0.144	0.204	0.201	0.176	0.214	0.207	0.191	0.139	0.254	0.199	0.170	0.146
40:00:42	22.2	0.170	0.158	0.326	0.272	0.247	0.218	0.251	0.197	0.258	0.047	0.052	0.184	0.192	0.375	0.460	0.484	0.393	0.046	0.566	0.550	0.545	0.359	0.393	0.190	0.182	0.402	0.465	0.424	0.494	0.429	0.514	0.476	0.438	0.377	0.048	0.225	0.197	0.468	0.473	0.424	0.513	0.491	0.486	0.493	0.499	0.279	0.420	0.203	0.183	0.410	0.438	0.251	0.473	0.519	0.427	0.276	0.470	0.499	0.387	0.199	0.200	0.443	0.455	0.483	0.466	0.452	0.377	0.319	0.258	0.248	0.247	0.201	0.176	0.451	0.425	0.363	0.329	0.471	0.250	0.171	0.461	0.196	0.233	0.190	0.142	0.202	0.198	0.174	0.204	0.184	0.188	0.140	0.244	0.196	0.168	0.144
41:00:42	22.4	0.168	0.159	0.306	0.262	0.240	0.215	0.241	0.193	0.249	0.047	0.053	0.185	0.190	0.367	0.462	0.498	0.389	0.046	0.570	0.553	0.548	0.351	0.384	0.188	0.182	0.407	0.474	0.434	0.500	0.442	0.516	0.478	0.432	0.366	0.048	0.221	0.198	0.484	0.482	0.431	0.515	0.495	0.486	0.498	0.501	0.275	0.407	0.201	0.181	0.419	0.448	0.246	0.480	0.521	0.433	0.270	0.469	0.495	0.377	0.197	0.197	0.448	0.453	0.476	0.472	0.448	0.360	0.310	0.265	0.245	0.243	0.199	0.175	0.443	0.414	0.354	0.322	0.470	0.241	0.171	0.457	0.194	0.230	0.188	0.141	0.201	0.199	0.172	0.198	0.169	0.187	0.140	0.233	0.194	0.167	0.142
42:00:44	22.6	0.164	0.159	0.296	0.250	0.233	0.213	0.234	0.190	0.238	0.048	0.055	0.180	0.188	0.360	0.466	0.506	0.382	0.046	0.578	0.560	0.531	0.342	0.371	0.187	0.181	0.409	0.481	0.449	0.501	0.445	0.517	0.491	0.427	0.354	0.047	0.218	0.196	0.490	0.489	0.431	0.502	0.494	0.479	0.500	0.496	0.272	0.392	0.198	0.175	0.421	0.452	0.245	0.486	0.519	0.435	0.265	0.466	0.493	0.361	0.194	0.192	0.455	0.446	0.469	0.481	0.438	0.345	0.303	0.268	0.241	0.244	0.198	0.172	0.434	0.400	0.342	0.305	0.469	0.232	0.169	0.445	0.193	0.225	0.186	0.139	0.198	0.197	0.169	0.193	0.158	0.185	0.142	0.226	0.192	0.165	0.140
43:00:45	22.8	0.162	0.158	0.286	0.241	0.225	0.207	0.227	0.189	0.230	0.048	0.058	0.178	0.186	0.351	0.470	0.508	0.379	0.046	0.579	0.564	0.526	0.329	0.355	0.184	0.178	0.407	0.483	0.447	0.507	0.453	0.528	0.497	0.421	0.344	0.048	0.213	0.196	0.497	0.492	0.425	0.498	0.496	0.463	0.498	0.502	0.270	0.380	0.195	0.172	0.428	0.459	0.240	0.490	0.519	0.434	0.264	0.462	0.488	0.349	0.192	0.187	0.453	0.439	0.462	0.487	0.424	0.335	0.295	0.266	0.239	0.246	0.197	0.171	0.423	0.386	0.338	0.294	0.469	0.226	0.167	0.428	0.192	0.222	0.186	0.138	0.193	0.196	0.166	0.190	0.156	0.181	0.144	0.221	0.189	0.165	0.137
44:00:46	22.8	0.159	0.158	0.280	0.233	0.225	0.206	0.220	0.186	0.222	0.047	0.062	0.174	0.183	0.346	0.468	0.517	0.369	0.046	0.583	0.567	0.523	0.330	0.350	0.183	0.174	0.403	0.488	0.452	0.497	0.461	0.534	0.509	0.414	0.340	0.048	0.211	0.193	0.500	0.492	0.430	0.493	0.501	0.456	0.510	0.503	0.266	0.367	0.193	0.169	0.426	0.465	0.235	0.497	0.520	0.439	0.259	0.466	0.487	0.340	0.191	0.185	0.450	0.434	0.458	0.492	0.415	0.323	0.289	0.264	0.236	0.239	0.195	0.170	0.403	0.371	0.332	0.284	0.464	0.218	0.165	0.415	0.191	0.216	0.182	0.136	0.189	0.195	0.163	0.187	0.146	0.175	0.146	0.219	0.189	0.164	0.134
45:00:46	22.6	0.154	0.158	0.275	0.223	0.219	0.203	0.217	0.185	0.217	0.047	0.068	0.171	0.180	0.331	0.466	0.516	0.360	0.046	0.594	0.569	0.504	0.316	0.331	0.181	0.172	0.388	0.484	0.461	0.493	0.461	0.528	0.509	0.399	0.330	0.047	0.206	0.190	0.501	0.499	0.426	0.485	0.496	0.445	0.503	0.502	0.265	0.358	0.193	0.159	0.417	0.465	0.229	0.497	0.512	0.434	0.253	0.459	0.480	0.326	0.189	0.181	0.450	0.426	0.456	0.493	0.401	0.314	0.284	0.261	0.235	0.243	0.194	0.168	0.392	0.355	0.327	0.274	0.460	0.215	0.164	0.405	0.190	0.214	0.179	0.134	0.187	0.192	0.160	0.185	0.142	0.174	0.149	0.217	0.187	0.164	0.131
46:00:47	22.7	0.152	0.159	0.263	0.220	0.220	0.200	0.212	0.182	0.211	0.047	0.076	0.168	0.177	0.320	0.466	0.521	0.351	0.046	0.596	0.567	0.493	0.320	0.334	0.179	0.170	0.382	0.480	0.468	0.484	0.464	0.525	0.509	0.396	0.332	0.048	0.205	0.189	0.503	0.502	0.419	0.468	0.493	0.427	0.504	0.501	0.263	0.344	0.190	0.156	0.417	0.466	0.226	0.500	0.517	0.433	0.252	0.455	0.471	0.323	0.188	0.181	0.447	0.418	0.444	0.500	0.390	0.305	0.278	0.257	0.236	0.234	0.193	0.167	0.378	0.346	0.309	0.267	0.454	0.213	0.163	0.392	0.189	0.209	0.176	0.134	0.187	0.191	0.158	0.181	0.137	0.168	0.151	0.216	0.185	0.163	0.129
47:00:48	22.7	0.152	0.160	0.257	0.219	0.219	0.199	0.209	0.178	0.213	0.048	0.088	0.165	0.175	0.308	0.459	0.524	0.347	0.046	0.600	0.562	0.476	0.317	0.328	0.176	0.172	0.367	0.480	0.475	0.486	0.474	0.533	0.518	0.383	0.320	0.048	0.201	0.186	0.505	0.497	0.422	0.462	0.490	0.420	0.513	0.497	0.262	0.334	0.189	0.150	0.409	0.470	0.223	0.503	0.515	0.429	0.251	0.444	0.463	0.314	0.187	0.178	0.444	0.405	0.433	0.505	0.379	0.300	0.274	0.255	0.235	0.229	0.192	0.175	0.369	0.331	0.307	0.258	0.448	0.204	0.162	0.382	0.186	0.208	0.174	0.133	0.184	0.188	0.155	0.178	0.134	0.166	0.153	0.214	0.186	0.162	0.127
48:00:48	22.7	0.148	0.157	0.249	0.215	0.214	0.198	0.204	0.176	0.210	0.047	0.104	0.163	0.172	0.295	0.450	0.524	0.335	0.046	0.601	0.549	0.456	0.308	0.320	0.173	0.169	0.352	0.470	0.482	0.472	0.479	0.525	0.519	0.379	0.311	0.047	0.199	0.182	0.502	0.500	0.414	0.448	0.486	0.402	0.513	0.486	0.257	0.320	0.186	0.145	0.397	0.470	0.218	0.504	0.509	0.423	0.247	0.431	0.448	0.304	0.182	0.176	0.434	0.391	0.425	0.507	0.366	0.289	0.268	0.252	0.233	0.230	0.189	0.179	0.357	0.318	0.301	0.254	0.443	0.199	0.159	0.368	0.185	0.204	0.170	0.131	0.182	0.184	0.151	0.174	0.130	0.164	0.153	0.210	0.184	0.161	0.125
49:00:50	22.7	0.148	0.157	0.242	0.209	0.215	0.196	0.205	0.175	0.208	0.047	0.127	0.160	0.169	0.281	0.437	0.511	0.322	0.046	0.594	0.536	0.440	0.305	0.317	0.171	0.168	0.336	0.460	0.486	0.465	0.474	0.517	0.527	0.371	0.307	0.048	0.197	0.181	0.488	0.498	0.401	0.428	0.478	0.380	0.512	0.477	0.255	0.310	0.184	0.139	0.387	0.462	0.214	0.496	0.499	0.411	0.244	0.420	0.442	0.300	0.182	0.174	0.419	0.382	0.413	0.512	0.349	0.282	0.262	0.247	0.234	0.228	0.188	0.181	0.343	0.305	0.290	0.248	0.437	0.194	0.157	0.351	0.184	0.200	0.166	0.130	0.181	0.182	0.149	0.172	0.128	0.159	0.153	0.209	0.183	0.160	0.122
50:00:51	22.6	0.147	0.156	0.240	0.204	0.209	0.195	0.200	0.173	0.208	0.048	0.133	0.158	0.167	0.272	0.438	0.505	0.309	0.046	0.592	0.528	0.415	0.295	0.308	0.170	0.166	0.327	0.451	0.495	0.450	0.476	0.510	0.536	0.368	0.300	0.047	0.193	0.180	0.485	0.498	0.394	0.409	0.465	0.367	0.512	0.467	0.255	0.300	0.182	0.134	0.377	0.459	0.213	0.489	0.487	0.404	0.239	0.413	0.424	0.291	0.179	0.172	0.408	0.371	0.411	0.512	0.342	0.274	0.255	0.242	0.231	0.236	0.186	0.176	0.333	0.304	0.288	0.244	0.434	0.193	0.156	0.340	0.182	0.198	0.163	0.130	0.180	0.179	0.146	0.170	0.123	0.160	0.152	0.205	0.180	0.158	0.120
51:00:52	22.5	0.151	0.156	0.237	0.203	0.209	0.193	0.198	0.172	0.207	0.048	0.137	0.155	0.165	0.262	0.423	0.500	0.305	0.046	0.585	0.518	0.396	0.290	0.301	0.168	0.168	0.319	0.445	0.498	0.443	0.464	0.500	0.534	0.357	0.296	0.047	0.191	0.178	0.481	0.488	0.387	0.397	0.455	0.357	0.507	0.456	0.252	0.293	0.181	0.131	0.365	0.458	0.211	0.486	0.482	0.394	0.237	0.394	0.410	0.281	0.178	0.170	0.392	0.359	0.399	0.509	0.327	0.270	0.251	0.239	0.231	0.228	0.185	0.172	0.324	0.297	0.282	0.240	0.431	0.193	0.154	0.326	0.181	0.195	0.160	0.128	0.180	0.176	0.144	0.168	0.121	0.155	0.152	0.203	0.180	0.157	0.119
52:00:52	22.4	0.142	0.154	0.232	0.199	0.206	0.192	0.197	0.172	0.205	0.047	0.142	0.153	0.163	0.253	0.416	0.493	0.294	0.046	0.574	0.501	0.383	0.289	0.294	0.165	0.163	0.307	0.439	0.495	0.424	0.461	0.496	0.536	0.348	0.295	0.047	0.188	0.175	0.462	0.484	0.378	0.379	0.450	0.341	0.499	0.449	0.251	0.283	0.180	0.128	0.353	0.454	0.203	0.483	0.475	0.387	0.233	0.388	0.401	0.276	0.176	0.168	0.384	0.351	0.390	0.502	0.317	0.268	0.246	0.235	0.232	0.229	0.183	0.166	0.310	0.289	0.274	0.232	0.426	0.189	0.152	0.317	0.179	0.192	0.159	0.128	0.178	0.174	0.142	0.165	0.119	0.153	0.151	0.201	0.180	0.156	0.118
53:00:54	22.3	0.142	0.154	0.230	0.196	0.208	0.193	0.194	0.170	0.206	0.047	0.149	0.151	0.161	0.247	0.411	0.486	0.287	0.046	0.564	0.495	0.368	0.287	0.292	0.164	0.164	0.298	0.423	0.496	0.413	0.458	0.485	0.545	0.345	0.287	0.048	0.187	0.174	0.454	0.475	0.375	0.367	0.439	0.330	0.496	0.441	0.251	0.276	0.180	0.126	0.340	0.447	0.202	0.475	0.467	0.380	0.231	0.369	0.387	0.272	0.175	0.167	0.369	0.340	0.386	0.505	0.311	0.267	0.244	0.231	0.233	0.225	0.183	0.162	0.297	0.288	0.275	0.229	0.423	0.187	0.151	0.305	0.179	0.191	0.157	0.127	0.178	0.172	0.140	0.164	0.116	0.151	0.150	0.197	0.181	0.155	0.117
54:00:55	22.5	0.143	0.154	0.221	0.194	0.211	0.193	0.193	0.169	0.205	0.047	0.157	0.149	0.158	0.243	0.391	0.470	0.279	0.046	0.548	0.482	0.356	0.279	0.290	0.162	0.165	0.288	0.407	0.491	0.393	0.445	0.465	0.540	0.336	0.284	0.048	0.186	0.173	0.435	0.472	0.359	0.356	0.431	0.321	0.484	0.424	0.249	0.268	0.179	0.125	0.327	0.440	0.201	0.461	0.455	0.372	0.228	0.354	0.377	0.269	0.172	0.167	0.355	0.330	0.370	0.492	0.303	0.265	0.239	0.227	0.233	0.215	0.181	0.161	0.285	0.277	0.268	0.227	0.420	0.182	0.149	0.297	0.178	0.188	0.154	0.127	0.178	0.172	0.138	0.161	0.114	0.149	0.149	0.195	0.176	0.154	0.116
55:00:54	22.6	0.143	0.152	0.221	0.191	0.204	0.192	0.189	0.168	0.201	0.047	0.164	0.146	0.155	0.239	0.384	0.459	0.272	0.046	0.532	0.460	0.343	0.275	0.281	0.161	0.161	0.277	0.393	0.480	0.377	0.435	0.453	0.542	0.331	0.281	0.047	0.182	0.171	0.419	0.456	0.345	0.343	0.416	0.311	0.469	0.420	0.248	0.261	0.178	0.122	0.312	0.426	0.198	0.448	0.436	0.356	0.222	0.340	0.364	0.265	0.170	0.165	0.335	0.322	0.370	0.485	0.295	0.257	0.232	0.220	0.232	0.221	0.180	0.158	0.276	0.274	0.266	0.220	0.416	0.180	0.146	0.288	0.177	0.186	0.151	0.125	0.176	0.168	0.135	0.159	0.112	0.147	0.146	0.192	0.178	0.153	0.115
56:00:56	22.7	0.143	0.152	0.213	0.189	0.206	0.190	0.188	0.168	0.199	0.047	0.170	0.145	0.153	0.234	0.363	0.436	0.264	0.045	0.515	0.449	0.330	0.270	0.275	0.159	0.161	0.277	0.378	0.469	0.365	0.426	0.439	0.538	0.326	0.280	0.047	0.181	0.169	0.397	0.440	0.335	0.333	0.404	0.302	0.451	0.408	0.247	0.256	0.177	0.121	0.303	0.411	0.197	0.431	0.423	0.343	0.219	0.329	0.353	0.259	0.169	0.163	0.319	0.311	0.358	0.478	0.284	0.252	0.230	0.215	0.231	0.213	0.178	0.154	0.268	0.267	0.257	0.218	0.413	0.177	0.145	0.279	0.175	0.182	0.147	0.123	0.175	0.166	0.132	0.155	0.112	0.142	0.145	0.189	0.172	0.151	0.113
57:00:56	22.6	0.143	0.150	0.211	0.188	0.204	0.188	0.184	0.166	0.197	0.047	0.176	0.143	0.153	0.232	0.353	0.420	0.256	0.046	0.497	0.429	0.319	0.264	0.270	0.158	0.154	0.268	0.364	0.463	0.349	0.410	0.414	0.526	0.318	0.279	0.047	0.179	0.168	0.380	0.424	0.323	0.325	0.385	0.294	0.436	0.390	0.245	0.251	0.176	0.120	0.290	0.393	0.195	0.413	0.418	0.329	0.213	0.315	0.344	0.255	0.169	0.161	0.306	0.299	0.346	0.458	0.279	0.246	0.226	0.211	0.230	0.214	0.177	0.153	0.261	0.264	0.256	0.210	0.410	0.176	0.144	0.266	0.174	0.180	0.145	0.123	0.172	0.162	0.130	0.155	0.111	0.141	0.144	0.187	0.175	0.150	0.113
58:00:58	22.6	0.140	0.149	0.210	0.187	0.202	0.186	0.181	0.166	0.194	0.047	0.180	0.141	0.151	0.226	0.338	0.403	0.251	0.045	0.478	0.410	0.313	0.257	0.262	0.156	0.162	0.258	0.347	0.448	0.338	0.393	0.395	0.519	0.308	0.273	0.047	0.176	0.165	0.359	0.408	0.309	0.316	0.370	0.286	0.422	0.375	0.241	0.248	0.175	0.118	0.279	0.383	0.194	0.395	0.402	0.311	0.209	0.302	0.330	0.252	0.165	0.159	0.293	0.295	0.329	0.447	0.272	0.243	0.224	0.208	0.228	0.210	0.176	0.150	0.250	0.258	0.254	0.211	0.407	0.174	0.141	0.261	0.174	0.177	0.142	0.121	0.170	0.158	0.128	0.153	0.109	0.137	0.142	0.184	0.171	0.149	0.111
59:00:59	22.6	0.143	0.149	0.206	0.185	0.201	0.183	0.178	0.164	0.191	0.047	0.186	0.140	0.149	0.221	0.317	0.384	0.243	0.046	0.457	0.387	0.303	0.245	0.252	0.155	0.154	0.253	0.332	0.434	0.328	0.375	0.375	0.507	0.299	0.270	0.047	0.173	0.162	0.341	0.380	0.291	0.306	0.355	0.275	0.401	0.355	0.239	0.243	0.174	0.115	0.271	0.360	0.191	0.379	0.381	0.290	0.207	0.293	0.321	0.245	0.162	0.157	0.280	0.285	0.318	0.424	0.263	0.234	0.220	0.203	0.225	0.201	0.174	0.147	0.244	0.251	0.242	0.203	0.404	0.172	0.139	0.252	0.172	0.175	0.141	0.120	0.164	0.155	0.125	0.152	0.109	0.135	0.139	0.182	0.170	0.148	0.110
60:00:59	22.5	0.139	0.147	0.212	0.185	0.199	0.181	0.175	0.163	0.190	0.047	0.190	0.139	0.147	0.218	0.300	0.373	0.241	0.046	0.429	0.373	0.294	0.241	0.245	0.154	0.146	0.248	0.320	0.420	0.318	0.362	0.362	0.499	0.296	0.269	0.048	0.171	0.161	0.325	0.367	0.285	0.303	0.343	0.271	0.386	0.344	0.238	0.240	0.172	0.116	0.262	0.343	0.191	0.366	0.363	0.282	0.206	0.284	0.316	0.238	0.163	0.155	0.273	0.277	0.306	0.410	0.254	0.227	0.219	0.200	0.223	0.199	0.174	0.146	0.239	0.243	0.237	0.201	0.402	0.171	0.138	0.250	0.171	0.173	0.138	0.119	0.159	0.152	0.122	0.149	0.109	0.133	0.138	0.181	0.170	0.147	0.109
61:01:01	22.5	0.142	0.146	0.209	0.184	0.198	0.179	0.171	0.161	0.187	0.047	0.192	0.138	0.145	0.215	0.288	0.353	0.237	0.046	0.409	0.362	0.286	0.235	0.242	0.153	0.140	0.242	0.305	0.400	0.311	0.345	0.348	0.485	0.288	0.266	0.047	0.168	0.159	0.309	0.344	0.273	0.295	0.327	0.265	0.366	0.329	0.236	0.235	0.172	0.114	0.254	0.323	0.190	0.352	0.342	0.268	0.203	0.271	0.303	0.231	0.161	0.153	0.264	0.272	0.298	0.390	0.246	0.221	0.216	0.195	0.220	0.195	0.172	0.143	0.234	0.239	0.232	0.198	0.400	0.171	0.136	0.241	0.170	0.170	0.136	0.116	0.157	0.149	0.121	0.148	0.108	0.131	0.137	0.178	0.169	0.146	0.108
62:01:02	22.4	0.133	0.146	0.210	0.181	0.196	0.178	0.169	0.159	0.186	0.047	0.193	0.140	0.144	0.210	0.276	0.338	0.230	0.046	0.397	0.344	0.272	0.231	0.238	0.152	0.142	0.234	0.292	0.387	0.299	0.330	0.336	0.471	0.287	0.259	0.047	0.164	0.159	0.302	0.330	0.263	0.289	0.315	0.259	0.350	0.320	0.234	0.232	0.171	0.114	0.248	0.309	0.188	0.335	0.326	0.257	0.200	0.263	0.288	0.223	0.159	0.152	0.258	0.263	0.292	0.366	0.240	0.214	0.214	0.191	0.219	0.192	0.172	0.142	0.231	0.236	0.230	0.193	0.397	0.171	0.136	0.235	0.169	0.167	0.134	0.115	0.154	0.147	0.120	0.147	0.108	0.130	0.136	0.176	0.167	0.145	0.107
63:01:03	22.3	0.142	0.144	0.206	0.179	0.194	0.175	0.168	0.159	0.184	0.047	0.192	0.133	0.143	0.206	0.266	0.325	0.223	0.046	0.375	0.331	0.265	0.229	0.234	0.151	0.142	0.230	0.285	0.372	0.293	0.316	0.323	0.459	0.284	0.252	0.047	0.161	0.159	0.290	0.319	0.258	0.281	0.305	0.252	0.333	0.314	0.231	0.229	0.170	0.116	0.245	0.295	0.187	0.327	0.310	0.252	0.198	0.257	0.282	0.221	0.158	0.149	0.254	0.263	0.287	0.352	0.234	0.210	0.211	0.187	0.220	0.194	0.170	0.141	0.227	0.236	0.225	0.192	0.396	0.168	0.134	0.230	0.168	0.165	0.132	0.113	0.149	0.146	0.119	0.146	0.107	0.129	0.133	0.171	0.165	0.143	0.106
64:01:04	22.3	0.140	0.146	0.211	0.179	0.192	0.174	0.167	0.158	0.181	0.047	0.188	0.133	0.143	0.205	0.257	0.317	0.219	0.046	0.362	0.319	0.257	0.225	0.229	0.149	0.140	0.225	0.276	0.362	0.285	0.304	0.312	0.437	0.279	0.251	0.047	0.160	0.157	0.284	0.301	0.249	0.276	0.297	0.246	0.318	0.306	0.230	0.227	0.169	0.110	0.239	0.285	0.187	0.316	0.300	0.244	0.198	0.251	0.278	0.221	0.157	0.147	0.250	0.254	0.278	0.334	0.228	0.210	0.209	0.187	0.219	0.190	0.171	0.141	0.224	0.230	0.221	0.188	0.393	0.169	0.134	0.225	0.167	0.164	0.131	0.111	0.148	0.146	0.118	0.145	0.107	0.128	0.132	0.169	0.163	0.143	0.106
65:01:03	22.5	0.132	0.146	0.211	0.177	0.189	0.174	0.164	0.156	0.179	0.047	0.185	0.131	0.141	0.204	0.248	0.307	0.213	0.046	0.347	0.310	0.250	0.222	0.227	0.148	0.133	0.221	0.270	0.349	0.281	0.289	0.301	0.417	0.272	0.245	0.047	0.159	0.154	0.276	0.291	0.245	0.269	0.288	0.242	0.310	0.297	0.227	0.225	0.167	0.108	0.236	0.276	0.186	0.306	0.291	0.237	0.196	0.244	0.269	0.218	0.154	0.145	0.244	0.253	0.271	0.324	0.221	0.207	0.207	0.185	0.216	0.188	0.169	0.139	0.222	0.226	0.219	0.187	0.390	0.168	0.132	0.218	0.166	0.161	0.129	0.109	0.147	0.144	0.117	0.143	0.105	0.126	0.131	0.167	0.162	0.142	0.103
66:01:05	22.6	0.131	0.145	0.183	0.173	0.186	0.171	0.161	0.159	0.181	0.047	0.183	0.130	0.141	0.206	0.246	0.302	0.212	0.046	0.350	0.306	0.242	0.221	0.225	0.148	0.130	0.220	0.272	0.341	0.280	0.281	0.304	0.403	0.270	0.238	0.048	0.156	0.153	0.272	0.287	0.242	0.266	0.283	0.241	0.303	0.293	0.227	0.223	0.168	0.109	0.235	0.273	0.185	0.297	0.280	0.233	0.196	0.241	0.260	0.217	0.153	0.144	0.255	0.255	0.271	0.313	0.218	0.204	0.206	0.183	0.215	0.188	0.169	0.139	0.224	0.228	0.220	0.186	0.388	0.169	0.132	0.214	0.166	0.159	0.127	0.108	0.143	0.143	0.116	0.141	0.106	0.127	0.131	0.165	0.162	0.142	0.103
67:01:05	22.7	0.125	0.145	0.191	0.173	0.184	0.169	0.159	0.155	0.178	0.047	0.180	0.128	0.140	0.204	0.239	0.290	0.209	0.046	0.330	0.295	0.236	0.218	0.221	0.147	0.129	0.215	0.262	0.329	0.272	0.272	0.290	0.381	0.266	0.238	0.047	0.155	0.151	0.270	0.277	0.238	0.262	0.276	0.236	0.288	0.283	0.223	0.222	0.166	0.108	0.231	0.268	0.185	0.289	0.275	0.227	0.193	0.236	0.256	0.214	0.152	0.142	0.250	0.250	0.264	0.302	0.213	0.203	0.204	0.181	0.212	0.188	0.168	0.137	0.220	0.223	0.218	0.184	0.385	0.166	0.131	0.212	0.165	0.158	0.126	0.106	0.141	0.141	0.115	0.138	0.104	0.124	0.129	0.163	0.161	0.140	0.102
68:01:06	22.8	0.121	0.144	0.178	0.170	0.180	0.167	0.157	0.157	0.178	0.047	0.178	0.127	0.139	0.202	0.231	0.283	0.203	0.046	0.324	0.285	0.230	0.217	0.219	0.146	0.127	0.212	0.257	0.314	0.265	0.266	0.279	0.371	0.258	0.233	0.047	0.153	0.150	0.261	0.270	0.233	0.257	0.271	0.230	0.280	0.280	0.223	0.221	0.165	0.107	0.229	0.260	0.183	0.278	0.269	0.221	0.192	0.230	0.251	0.212	0.151	0.140	0.250	0.251	0.259	0.292	0.209	0.200	0.203	0.179	0.212	0.185	0.168	0.135	0.219	0.220	0.215	0.181	0.382	0.165	0.130	0.207	0.165	0.156	0.124	0.105	0.139	0.141	0.114	0.136	0.103	0.124	0.128	0.162	0.159	0.140	0.101
69:01:08	22.8	0.120	0.144	0.181	0.169	0.179	0.166	0.156	0.151	0.174	0.047	0.175	0.126	0.143	0.202	0.228	0.278	0.202	0.046	0.315	0.276	0.225	0.215	0.216	0.146	0.127	0.209	0.255	0.308	0.261	0.261	0.276	0.356	0.252	0.233	0.047	0.153	0.148	0.261	0.265	0.229	0.255	0.269	0.229	0.275	0.274	0.223	0.220	0.164	0.105	0.225	0.258	0.183	0.271	0.264	0.220	0.191	0.228	0.247	0.212	0.152	0.139	0.244	0.247	0.254	0.285	0.207	0.199	0.202	0.178	0.211	0.183	0.168	0.134	0.218	0.218	0.215	0.177	0.380	0.164	0.129	0.206	0.165	0.154	0.123	0.105	0.138	0.140	0.113	0.134	0.103	0.123	0.127	0.161	0.158	0.139	0.100
70:01:09	22.6	0.118	0.143	0.171	0.167	0.177	0.164	0.155	0.156	0.183	0.047	0.172	0.125	0.141	0.198	0.224	0.271	0.198	0.046	0.308	0.266	0.221	0.214	0.215	0.145	0.127	0.204	0.247	0.296	0.255	0.253	0.267	0.344	0.246	0.232	0.047	0.150	0.148	0.252	0.260	0.226	0.249	0.261	0.226	0.266	0.265	0.220	0.218	0.163	0.104	0.218	0.247	0.181	0.264	0.254	0.216	0.190	0.224	0.240	0.210	0.150	0.137	0.246	0.246	0.254	0.277	0.202	0.196	0.200	0.177	0.211	0.183	0.168	0.134	0.217	0.218	0.214	0.176	0.379	0.164	0.129	0.203	0.164	0.153	0.122	0.104	0.138	0.140	0.113	0.133	0.102	0.122	0.127	0.161	0.158	0.138	0.099
71:01:09	22.5	0.118	0.143	0.179	0.166	0.174	0.163	0.153	0.149	0.171	0.047	0.170	0.122	0.141	0.198	0.220	0.261	0.196	0.046	0.301	0.262	0.217	0.213	0.212	0.144	0.126	0.200	0.239	0.287	0.248	0.249	0.261	0.329	0.241	0.224	0.047	0.149	0.146	0.250	0.254	0.222	0.246	0.255	0.224	0.260	0.260	0.221	0.216	0.164	0.102	0.214	0.243	0.179	0.256	0.248	0.212	0.190	0.222	0.235	0.209	0.150	0.137	0.240	0.237	0.246	0.272	0.200	0.196	0.200	0.175	0.210	0.181	0.167	0.132	0.215	0.210	0.213	0.175	0.376	0.161	0.128	0.201	0.163	0.152	0.121	0.103	0.136	0.139	0.113	0.131	0.101	0.123	0.126	0.158	0.157	0.138	0.098
72:01:11	22.3	0.118	0.142	0.166	0.167	0.172	0.162	0.154	0.150	0.179	0.047	0.167	0.124	0.141	0.195	0.216	0.257	0.194	0.046	0.291	0.260	0.218	0.213	0.213	0.142	0.124	0.195	0.237	0.278	0.241	0.243	0.254	0.321	0.235	0.226	0.047	0.149	0.146	0.246	0.252	0.217	0.240	0.250	0.223	0.252	0.257	0.220	0.214	0.161	0.101	0.211	0.237	0.179	0.251	0.243	0.208	0.188	0.218	0.234	0.207	0.148	0.135	0.245	0.241	0.246	0.267	0.197	0.194	0.199	0.175	0.210	0.181	0.166	0.131	0.213	0.211	0.213	0.171	0.375	0.163	0.127	0.198	0.162	0.150	0.120	0.102	0.136	0.137	0.112	0.129	0.100	0.119	0.125	0.158	0.155	0.138	0.096

