Time	T° 600	A1	A2	A3	A4	A5	A6	A7	A8	A9	A10	A11	A12	B1	B2	B3	B4	B5	B6	B7	B8	B9	B10	B11	B12	C1	C2	C3	C4	C5	C6	C7	C8	C9	C10	C11	C12	D1	D2	D3	D4	D5	D6	D7	D8	D9	D10	D11	D12	E1	E2	E3	E4	E5	E6	E7	E8	E9	E10	E11	E12	F1	F2	F3	F4	F5	F6	F7	F8	F9	F10	F11	F12	G1	G2	G3	G4	G5	G6	G7	G8	G9	G10	G11	G12	H1	H2	H3	H4	H5	H6	H7	H8	H9	H10	H11	H12
0:00:06	22.9	0.042	0.042	0.050	0.045	0.045	0.047	0.042	0.043	0.043	0.046	0.050	0.044	0.043	0.043	0.044	0.051	0.043	0.044	0.043	0.046	0.044	0.043	0.047	0.046	0.044	0.043	0.044	0.044	0.045	0.046	0.043	0.043	0.045	0.043	0.045	0.046	0.049	0.042	0.043	0.043	0.044	0.049	0.044	0.047	0.045	0.043	0.046	0.046	0.043	0.043	0.046	0.338	0.047	0.046	0.044	0.043	0.042	0.043	0.043	0.047	0.044	0.046	0.048	0.046	0.046	0.044	0.046	0.050	0.042	0.043	0.044	0.043	0.048	0.044	0.045	0.045	0.048	0.044	0.044	0.045	0.048	0.043	0.046	0.043	0.045	0.050	0.043	0.046	0.044	0.045	0.047	0.046	0.047	0.048	0.044	0.043
1:00:05	22.7	0.043	0.042	0.049	0.045	0.045	0.047	0.042	0.043	0.044	0.045	0.050	0.044	0.044	0.043	0.044	0.051	0.043	0.044	0.043	0.046	0.044	0.043	0.047	0.047	0.044	0.043	0.044	0.044	0.045	0.046	0.043	0.043	0.045	0.043	0.045	0.048	0.046	0.042	0.043	0.043	0.044	0.049	0.043	0.047	0.046	0.043	0.046	0.046	0.043	0.043	0.045	0.330	0.047	0.046	0.044	0.043	0.042	0.043	0.043	0.046	0.044	0.045	0.048	0.046	0.046	0.044	0.046	0.054	0.043	0.043	0.044	0.043	0.047	0.044	0.046	0.044	0.048	0.044	0.044	0.045	0.048	0.043	0.047	0.043	0.045	0.049	0.043	0.046	0.044	0.045	0.047	0.047	0.047	0.048	0.044	0.044
2:00:06	22.6	0.042	0.042	0.049	0.045	0.046	0.046	0.043	0.043	0.044	0.045	0.050	0.044	0.044	0.044	0.044	0.051	0.043	0.044	0.044	0.046	0.044	0.043	0.047	0.047	0.044	0.044	0.044	0.045	0.045	0.046	0.043	0.043	0.045	0.043	0.046	0.048	0.044	0.042	0.043	0.043	0.044	0.050	0.044	0.047	0.046	0.043	0.046	0.046	0.044	0.043	0.045	0.324	0.047	0.047	0.043	0.043	0.042	0.043	0.043	0.046	0.044	0.046	0.048	0.046	0.047	0.044	0.046	0.055	0.043	0.043	0.044	0.044	0.048	0.044	0.045	0.045	0.048	0.045	0.044	0.045	0.047	0.043	0.048	0.044	0.046	0.049	0.044	0.046	0.044	0.044	0.047	0.047	0.047	0.048	0.044	0.044
3:00:07	22.5	0.043	0.042	0.049	0.045	0.046	0.047	0.043	0.043	0.044	0.046	0.050	0.044	0.044	0.044	0.044	0.051	0.044	0.044	0.044	0.046	0.045	0.044	0.048	0.047	0.045	0.044	0.045	0.045	0.046	0.046	0.043	0.043	0.046	0.044	0.046	0.047	0.044	0.043	0.043	0.043	0.044	0.051	0.044	0.047	0.046	0.044	0.046	0.046	0.044	0.043	0.046	0.321	0.047	0.047	0.044	0.043	0.043	0.043	0.043	0.046	0.044	0.046	0.048	0.046	0.047	0.044	0.046	0.055	0.043	0.044	0.044	0.044	0.048	0.045	0.046	0.045	0.049	0.046	0.044	0.045	0.047	0.043	0.048	0.044	0.046	0.049	0.044	0.046	0.044	0.045	0.047	0.047	0.047	0.048	0.045	0.044
4:00:08	22.4	0.043	0.042	0.049	0.045	0.046	0.047	0.043	0.044	0.044	0.046	0.050	0.044	0.044	0.044	0.045	0.051	0.044	0.045	0.044	0.047	0.045	0.044	0.048	0.047	0.045	0.044	0.045	0.045	0.046	0.046	0.043	0.043	0.045	0.044	0.046	0.048	0.043	0.043	0.044	0.043	0.045	0.052	0.044	0.048	0.046	0.044	0.047	0.047	0.044	0.044	0.046	0.319	0.047	0.047	0.044	0.043	0.043	0.044	0.044	0.047	0.045	0.046	0.048	0.047	0.047	0.045	0.046	0.055	0.043	0.044	0.045	0.044	0.048	0.045	0.046	0.045	0.049	0.046	0.044	0.046	0.048	0.043	0.049	0.044	0.046	0.050	0.044	0.046	0.045	0.045	0.047	0.047	0.047	0.048	0.045	0.045
5:00:09	22.4	0.043	0.042	0.049	0.045	0.046	0.047	0.043	0.044	0.044	0.046	0.050	0.044	0.044	0.044	0.045	0.051	0.044	0.044	0.044	0.046	0.045	0.044	0.050	0.047	0.045	0.044	0.045	0.045	0.046	0.046	0.043	0.043	0.045	0.043	0.046	0.048	0.043	0.043	0.044	0.044	0.045	0.052	0.044	0.047	0.046	0.044	0.047	0.047	0.044	0.043	0.046	0.317	0.048	0.047	0.044	0.043	0.043	0.043	0.044	0.046	0.044	0.046	0.048	0.046	0.047	0.045	0.046	0.054	0.043	0.044	0.045	0.044	0.049	0.045	0.046	0.045	0.048	0.046	0.044	0.045	0.047	0.043	0.049	0.044	0.046	0.049	0.044	0.046	0.044	0.045	0.047	0.047	0.047	0.048	0.045	0.044
6:00:10	22.4	0.043	0.042	0.049	0.045	0.046	0.047	0.043	0.044	0.044	0.046	0.050	0.044	0.044	0.044	0.045	0.051	0.044	0.045	0.044	0.046	0.045	0.044	0.052	0.047	0.045	0.044	0.045	0.045	0.046	0.046	0.043	0.044	0.046	0.043	0.046	0.048	0.043	0.043	0.044	0.043	0.045	0.052	0.044	0.047	0.046	0.044	0.047	0.047	0.044	0.044	0.046	0.315	0.048	0.047	0.044	0.044	0.043	0.044	0.044	0.046	0.045	0.046	0.048	0.047	0.047	0.044	0.046	0.053	0.043	0.044	0.045	0.044	0.048	0.045	0.046	0.045	0.048	0.046	0.045	0.045	0.047	0.043	0.049	0.044	0.047	0.049	0.044	0.046	0.045	0.045	0.047	0.047	0.047	0.048	0.046	0.045
7:00:12	22.3	0.043	0.043	0.050	0.046	0.046	0.047	0.043	0.044	0.044	0.046	0.051	0.045	0.045	0.044	0.045	0.051	0.044	0.045	0.044	0.047	0.045	0.044	0.053	0.048	0.046	0.045	0.045	0.045	0.047	0.047	0.044	0.044	0.046	0.044	0.046	0.049	0.043	0.043	0.045	0.044	0.045	0.052	0.045	0.048	0.047	0.044	0.047	0.047	0.045	0.044	0.047	0.315	0.048	0.048	0.044	0.044	0.044	0.044	0.044	0.047	0.045	0.047	0.049	0.047	0.048	0.045	0.047	0.054	0.044	0.045	0.045	0.045	0.049	0.045	0.047	0.046	0.049	0.046	0.045	0.046	0.048	0.044	0.050	0.045	0.047	0.050	0.044	0.047	0.045	0.045	0.048	0.048	0.050	0.049	0.047	0.045
8:00:13	22.3	0.043	0.043	0.050	0.046	0.046	0.047	0.044	0.044	0.044	0.047	0.051	0.044	0.045	0.045	0.046	0.051	0.044	0.046	0.045	0.047	0.045	0.045	0.053	0.048	0.046	0.045	0.046	0.046	0.047	0.047	0.044	0.044	0.046	0.044	0.047	0.048	0.043	0.043	0.045	0.044	0.045	0.052	0.045	0.048	0.047	0.045	0.048	0.047	0.045	0.044	0.047	0.315	0.048	0.048	0.045	0.044	0.044	0.044	0.044	0.047	0.045	0.047	0.049	0.048	0.048	0.045	0.047	0.054	0.044	0.045	0.046	0.045	0.049	0.046	0.047	0.046	0.049	0.046	0.045	0.046	0.048	0.043	0.050	0.045	0.047	0.050	0.044	0.047	0.045	0.045	0.048	0.048	0.050	0.049	0.047	0.045
9:00:14	22.3	0.043	0.043	0.050	0.046	0.046	0.048	0.044	0.044	0.044	0.047	0.051	0.045	0.045	0.045	0.046	0.051	0.045	0.047	0.045	0.047	0.045	0.045	0.053	0.049	0.046	0.045	0.046	0.046	0.047	0.047	0.044	0.045	0.046	0.045	0.047	0.048	0.044	0.044	0.045	0.045	0.046	0.052	0.045	0.048	0.047	0.045	0.048	0.048	0.046	0.045	0.047	0.313	0.048	0.049	0.045	0.044	0.044	0.044	0.044	0.047	0.046	0.047	0.050	0.048	0.049	0.045	0.047	0.055	0.044	0.046	0.046	0.045	0.049	0.046	0.047	0.047	0.049	0.047	0.046	0.047	0.048	0.043	0.050	0.045	0.047	0.050	0.045	0.047	0.046	0.045	0.048	0.048	0.050	0.049	0.047	0.046
10:00:14	22.3	0.044	0.043	0.050	0.046	0.047	0.048	0.044	0.044	0.044	0.047	0.052	0.045	0.046	0.045	0.046	0.051	0.045	0.046	0.045	0.047	0.046	0.045	0.051	0.049	0.047	0.046	0.047	0.046	0.048	0.048	0.045	0.045	0.047	0.045	0.048	0.049	0.045	0.044	0.046	0.045	0.046	0.052	0.046	0.048	0.047	0.045	0.048	0.048	0.046	0.045	0.048	0.312	0.048	0.049	0.045	0.045	0.044	0.044	0.045	0.047	0.046	0.048	0.050	0.049	0.049	0.045	0.048	0.055	0.045	0.046	0.046	0.046	0.050	0.047	0.048	0.047	0.050	0.047	0.046	0.047	0.048	0.043	0.050	0.045	0.047	0.051	0.045	0.047	0.046	0.045	0.048	0.049	0.051	0.049	0.047	0.046
11:00:15	22.3	0.044	0.043	0.050	0.046	0.047	0.049	0.045	0.044	0.044	0.048	0.052	0.045	0.047	0.046	0.047	0.052	0.046	0.048	0.046	0.048	0.047	0.046	0.053	0.050	0.048	0.047	0.048	0.048	0.049	0.049	0.045	0.046	0.047	0.046	0.048	0.051	0.045	0.045	0.047	0.046	0.047	0.053	0.046	0.048	0.048	0.046	0.049	0.049	0.047	0.046	0.048	0.311	0.049	0.050	0.046	0.046	0.046	0.045	0.046	0.047	0.047	0.049	0.051	0.049	0.050	0.045	0.049	0.054	0.046	0.047	0.047	0.047	0.051	0.047	0.048	0.048	0.050	0.048	0.047	0.047	0.048	0.043	0.051	0.046	0.048	0.051	0.045	0.047	0.047	0.046	0.049	0.050	0.051	0.050	0.048	0.047
12:00:16	22.4	0.045	0.043	0.051	0.047	0.047	0.050	0.046	0.045	0.044	0.049	0.054	0.045	0.048	0.047	0.048	0.052	0.047	0.049	0.047	0.048	0.047	0.048	0.053	0.051	0.049	0.048	0.049	0.049	0.051	0.050	0.047	0.047	0.048	0.047	0.049	0.051	0.046	0.047	0.049	0.047	0.048	0.054	0.046	0.049	0.049	0.047	0.049	0.050	0.049	0.048	0.050	0.312	0.049	0.051	0.047	0.047	0.047	0.045	0.047	0.048	0.049	0.050	0.052	0.051	0.051	0.046	0.050	0.056	0.047	0.048	0.048	0.048	0.052	0.049	0.049	0.049	0.051	0.050	0.048	0.047	0.048	0.043	0.051	0.046	0.049	0.053	0.047	0.047	0.048	0.048	0.050	0.051	0.052	0.051	0.050	0.048
13:00:18	22.3	0.046	0.043	0.051	0.048	0.047	0.052	0.047	0.046	0.044	0.050	0.056	0.045	0.050	0.048	0.049	0.052	0.048	0.052	0.049	0.049	0.049	0.050	0.055	0.053	0.051	0.050	0.051	0.051	0.053	0.052	0.049	0.050	0.051	0.049	0.051	0.053	0.049	0.049	0.052	0.049	0.051	0.056	0.046	0.049	0.051	0.049	0.051	0.051	0.050	0.050	0.052	0.314	0.049	0.054	0.048	0.050	0.050	0.047	0.048	0.050	0.050	0.052	0.054	0.053	0.053	0.046	0.052	0.058	0.049	0.049	0.049	0.052	0.054	0.051	0.052	0.052	0.054	0.052	0.051	0.047	0.048	0.043	0.052	0.048	0.051	0.055	0.049	0.047	0.050	0.049	0.052	0.053	0.054	0.052	0.052	0.050
14:00:18	22.4	0.048	0.044	0.052	0.050	0.048	0.056	0.050	0.047	0.044	0.053	0.060	0.045	0.055	0.050	0.050	0.052	0.051	0.057	0.052	0.050	0.052	0.055	0.058	0.057	0.055	0.053	0.056	0.055	0.058	0.056	0.052	0.054	0.056	0.053	0.055	0.057	0.052	0.053	0.058	0.053	0.055	0.059	0.046	0.050	0.056	0.052	0.053	0.055	0.054	0.054	0.056	0.319	0.049	0.058	0.051	0.054	0.055	0.048	0.051	0.053	0.054	0.056	0.058	0.056	0.057	0.046	0.056	0.065	0.052	0.052	0.052	0.057	0.058	0.055	0.056	0.056	0.058	0.056	0.055	0.047	0.048	0.044	0.053	0.049	0.056	0.059	0.052	0.047	0.053	0.053	0.057	0.058	0.057	0.055	0.057	0.055
15:00:19	22.3	0.053	0.045	0.055	0.054	0.049	0.062	0.055	0.050	0.044	0.058	0.068	0.045	0.063	0.054	0.054	0.053	0.057	0.066	0.059	0.051	0.057	0.064	0.068	0.064	0.063	0.061	0.064	0.062	0.066	0.064	0.059	0.062	0.063	0.061	0.062	0.064	0.059	0.060	0.068	0.060	0.064	0.066	0.047	0.051	0.063	0.059	0.058	0.060	0.063	0.063	0.064	0.329	0.050	0.067	0.056	0.062	0.064	0.052	0.057	0.058	0.061	0.064	0.064	0.064	0.065	0.047	0.063	0.077	0.060	0.058	0.058	0.067	0.066	0.062	0.063	0.064	0.067	0.064	0.064	0.047	0.048	0.044	0.055	0.053	0.062	0.067	0.058	0.047	0.059	0.061	0.065	0.066	0.062	0.060	0.066	0.063
16:00:19	22.5	0.061	0.047	0.059	0.063	0.051	0.075	0.064	0.054	0.044	0.068	0.081	0.045	0.078	0.062	0.061	0.053	0.068	0.083	0.070	0.053	0.068	0.083	0.086	0.078	0.076	0.074	0.081	0.075	0.081	0.080	0.072	0.077	0.077	0.077	0.075	0.077	0.070	0.074	0.087	0.073	0.080	0.081	0.048	0.053	0.077	0.073	0.066	0.070	0.076	0.077	0.079	0.347	0.051	0.084	0.065	0.077	0.079	0.061	0.066	0.069	0.074	0.077	0.077	0.078	0.080	0.047	0.078	0.099	0.072	0.067	0.069	0.082	0.080	0.076	0.074	0.078	0.080	0.078	0.081	0.047	0.048	0.044	0.059	0.060	0.074	0.080	0.068	0.047	0.065	0.075	0.080	0.080	0.070	0.069	0.083	0.077
17:00:20	22.7	0.075	0.051	0.069	0.079	0.055	0.095	0.080	0.063	0.044	0.085	0.103	0.045	0.097	0.075	0.072	0.055	0.085	0.105	0.089	0.056	0.086	0.107	0.117	0.100	0.092	0.092	0.103	0.096	0.100	0.101	0.090	0.098	0.098	0.101	0.097	0.099	0.085	0.094	0.113	0.096	0.106	0.106	0.049	0.057	0.099	0.097	0.080	0.086	0.095	0.097	0.100	0.369	0.053	0.107	0.080	0.099	0.096	0.077	0.083	0.088	0.093	0.096	0.095	0.099	0.103	0.048	0.101	0.127	0.092	0.082	0.087	0.103	0.098	0.090	0.090	0.100	0.099	0.097	0.104	0.047	0.048	0.044	0.065	0.070	0.091	0.099	0.082	0.047	0.073	0.096	0.103	0.100	0.085	0.083	0.105	0.097
18:00:22	22.8	0.096	0.059	0.086	0.106	0.063	0.130	0.107	0.080	0.044	0.111	0.138	0.045	0.124	0.100	0.095	0.057	0.116	0.144	0.121	0.064	0.113	0.142	0.158	0.131	0.114	0.120	0.145	0.131	0.131	0.138	0.121	0.133	0.127	0.139	0.130	0.130	0.107	0.125	0.154	0.130	0.143	0.147	0.051	0.063	0.131	0.134	0.107	0.111	0.124	0.124	0.135	0.406	0.056	0.144	0.108	0.135	0.122	0.108	0.109	0.125	0.122	0.125	0.122	0.135	0.141	0.050	0.137	0.164	0.121	0.103	0.114	0.129	0.126	0.116	0.117	0.132	0.128	0.128	0.139	0.047	0.048	0.044	0.079	0.088	0.115	0.132	0.106	0.046	0.085	0.130	0.138	0.129	0.103	0.101	0.137	0.122
19:00:23	22.9	0.118	0.072	0.109	0.137	0.078	0.164	0.139	0.107	0.044	0.145	0.175	0.045	0.151	0.129	0.128	0.061	0.151	0.180	0.159	0.076	0.144	0.175	0.199	0.167	0.136	0.143	0.183	0.166	0.158	0.171	0.158	0.167	0.159	0.178	0.168	0.164	0.127	0.153	0.187	0.165	0.180	0.189	0.053	0.072	0.168	0.173	0.141	0.139	0.154	0.148	0.171	0.439	0.060	0.183	0.142	0.172	0.150	0.154	0.143	0.171	0.152	0.153	0.149	0.172	0.181	0.052	0.177	0.203	0.157	0.129	0.148	0.160	0.152	0.140	0.144	0.164	0.159	0.160	0.170	0.048	0.048	0.045	0.102	0.108	0.135	0.164	0.131	0.046	0.100	0.165	0.172	0.161	0.132	0.127	0.170	0.150
20:00:24	22.9	0.139	0.089	0.132	0.160	0.100	0.190	0.171	0.139	0.044	0.179	0.200	0.045	0.165	0.158	0.162	0.070	0.187	0.208	0.200	0.092	0.162	0.201	0.237	0.200	0.145	0.154	0.208	0.196	0.175	0.195	0.190	0.196	0.183	0.213	0.203	0.194	0.133	0.171	0.216	0.196	0.214	0.227	0.058	0.084	0.197	0.211	0.181	0.170	0.169	0.164	0.200	0.467	0.066	0.216	0.176	0.206	0.170	0.195	0.170	0.212	0.172	0.167	0.165	0.202	0.213	0.057	0.212	0.234	0.187	0.157	0.179	0.182	0.163	0.150	0.159	0.192	0.179	0.191	0.198	0.047	0.048	0.046	0.131	0.135	0.140	0.185	0.140	0.046	0.124	0.187	0.193	0.182	0.150	0.143	0.197	0.163
21:00:25	23.0	0.148	0.108	0.148	0.167	0.126	0.209	0.189	0.165	0.044	0.201	0.214	0.046	0.176	0.178	0.192	0.085	0.214	0.229	0.233	0.110	0.174	0.217	0.268	0.219	0.149	0.160	0.225	0.227	0.185	0.211	0.215	0.216	0.194	0.247	0.234	0.214	0.139	0.182	0.247	0.230	0.249	0.259	0.065	0.097	0.214	0.247	0.218	0.188	0.175	0.172	0.227	0.490	0.075	0.248	0.204	0.234	0.177	0.228	0.188	0.243	0.180	0.176	0.171	0.231	0.241	0.066	0.245	0.257	0.209	0.174	0.201	0.191	0.169	0.155	0.170	0.214	0.190	0.217	0.222	0.047	0.048	0.048	0.165	0.160	0.143	0.199	0.144	0.046	0.149	0.199	0.208	0.196	0.160	0.149	0.211	0.166
22:00:26	23.1	0.156	0.125	0.157	0.175	0.156	0.229	0.206	0.184	0.044	0.214	0.228	0.046	0.188	0.194	0.215	0.108	0.235	0.250	0.266	0.131	0.187	0.231	0.302	0.235	0.157	0.170	0.242	0.259	0.198	0.224	0.243	0.239	0.208	0.283	0.265	0.228	0.149	0.195	0.282	0.266	0.284	0.289	0.074	0.115	0.227	0.280	0.251	0.201	0.185	0.182	0.257	0.514	0.087	0.283	0.231	0.268	0.186	0.257	0.199	0.266	0.189	0.189	0.180	0.262	0.273	0.078	0.281	0.281	0.227	0.187	0.220	0.201	0.178	0.165	0.184	0.238	0.205	0.246	0.247	0.048	0.048	0.051	0.195	0.174	0.150	0.213	0.153	0.046	0.161	0.216	0.226	0.208	0.169	0.156	0.225	0.174
23:00:26	23.1	0.165	0.132	0.165	0.187	0.176	0.249	0.225	0.194	0.044	0.231	0.246	0.045	0.201	0.214	0.237	0.139	0.258	0.276	0.302	0.152	0.204	0.254	0.341	0.250	0.167	0.183	0.267	0.300	0.216	0.242	0.280	0.275	0.222	0.323	0.301	0.247	0.159	0.214	0.319	0.301	0.324	0.328	0.087	0.132	0.247	0.317	0.286	0.212	0.198	0.191	0.298	0.544	0.100	0.321	0.260	0.307	0.196	0.282	0.212	0.301	0.200	0.205	0.192	0.299	0.307	0.096	0.318	0.314	0.252	0.198	0.237	0.211	0.187	0.176	0.199	0.272	0.226	0.279	0.285	0.047	0.048	0.056	0.214	0.180	0.155	0.231	0.160	0.046	0.172	0.234	0.245	0.227	0.181	0.163	0.243	0.179
24:00:27	23.0	0.174	0.135	0.177	0.200	0.188	0.270	0.247	0.204	0.044	0.249	0.262	0.046	0.208	0.237	0.260	0.168	0.284	0.309	0.336	0.169	0.221	0.279	0.381	0.269	0.173	0.191	0.288	0.336	0.234	0.268	0.318	0.312	0.240	0.360	0.341	0.274	0.163	0.227	0.351	0.332	0.360	0.370	0.103	0.148	0.268	0.351	0.330	0.229	0.207	0.198	0.333	0.572	0.114	0.359	0.295	0.344	0.211	0.301	0.220	0.336	0.208	0.217	0.202	0.331	0.339	0.125	0.353	0.351	0.277	0.213	0.257	0.221	0.191	0.186	0.214	0.304	0.246	0.309	0.315	0.047	0.048	0.065	0.229	0.190	0.159	0.241	0.166	0.046	0.186	0.248	0.257	0.246	0.190	0.171	0.256	0.182
25:00:29	22.8	0.180	0.143	0.191	0.214	0.202	0.290	0.266	0.216	0.044	0.270	0.278	0.046	0.216	0.262	0.289	0.192	0.315	0.334	0.372	0.184	0.232	0.299	0.412	0.287	0.177	0.199	0.316	0.368	0.249	0.296	0.348	0.348	0.257	0.397	0.379	0.297	0.169	0.241	0.379	0.362	0.395	0.402	0.122	0.161	0.293	0.384	0.370	0.249	0.213	0.207	0.366	0.598	0.123	0.395	0.329	0.379	0.226	0.319	0.229	0.369	0.214	0.228	0.211	0.363	0.367	0.155	0.385	0.386	0.303	0.229	0.275	0.233	0.195	0.198	0.228	0.331	0.263	0.338	0.345	0.048	0.049	0.077	0.248	0.203	0.162	0.247	0.171	0.046	0.202	0.261	0.270	0.261	0.199	0.178	0.268	0.190
26:00:28	22.7	0.184	0.151	0.202	0.228	0.220	0.301	0.282	0.231	0.044	0.284	0.293	0.046	0.227	0.286	0.312	0.207	0.343	0.352	0.400	0.198	0.243	0.316	0.439	0.306	0.182	0.207	0.337	0.393	0.263	0.316	0.377	0.378	0.272	0.426	0.411	0.316	0.176	0.257	0.402	0.387	0.424	0.429	0.141	0.172	0.315	0.416	0.406	0.264	0.219	0.216	0.392	0.622	0.127	0.425	0.362	0.406	0.238	0.332	0.237	0.392	0.221	0.238	0.220	0.389	0.391	0.180	0.414	0.410	0.329	0.250	0.289	0.246	0.202	0.208	0.239	0.359	0.279	0.366	0.371	0.047	0.049	0.093	0.268	0.216	0.164	0.251	0.177	0.046	0.219	0.271	0.284	0.275	0.203	0.184	0.280	0.198
27:00:30	22.6	0.191	0.154	0.206	0.233	0.240	0.303	0.293	0.240	0.044	0.297	0.301	0.046	0.234	0.303	0.335	0.226	0.363	0.363	0.423	0.208	0.252	0.326	0.454	0.310	0.189	0.212	0.349	0.408	0.269	0.335	0.397	0.395	0.282	0.451	0.435	0.323	0.180	0.264	0.415	0.403	0.447	0.452	0.156	0.181	0.327	0.441	0.437	0.275	0.221	0.226	0.409	0.630	0.131	0.447	0.385	0.429	0.248	0.340	0.242	0.403	0.224	0.247	0.225	0.406	0.409	0.197	0.437	0.427	0.349	0.267	0.305	0.257	0.207	0.215	0.251	0.379	0.288	0.386	0.388	0.047	0.050	0.110	0.285	0.227	0.169	0.251	0.183	0.046	0.230	0.279	0.293	0.282	0.212	0.190	0.284	0.204
28:00:31	22.7	0.199	0.161	0.220	0.242	0.259	0.300	0.306	0.252	0.044	0.306	0.306	0.047	0.238	0.318	0.354	0.254	0.378	0.370	0.440	0.213	0.261	0.330	0.468	0.324	0.194	0.215	0.356	0.423	0.274	0.349	0.409	0.409	0.288	0.470	0.453	0.332	0.188	0.267	0.425	0.418	0.463	0.470	0.169	0.190	0.337	0.462	0.463	0.288	0.226	0.229	0.411	0.637	0.135	0.466	0.405	0.449	0.258	0.340	0.248	0.407	0.231	0.250	0.227	0.420	0.424	0.210	0.453	0.435	0.364	0.279	0.315	0.268	0.211	0.216	0.260	0.389	0.292	0.395	0.404	0.047	0.051	0.115	0.304	0.239	0.174	0.249	0.191	0.046	0.238	0.275	0.291	0.279	0.217	0.196	0.286	0.212
29:00:32	22.7	0.202	0.166	0.221	0.244	0.273	0.289	0.305	0.255	0.044	0.310	0.303	0.047	0.233	0.319	0.363	0.276	0.381	0.368	0.443	0.219	0.263	0.329	0.462	0.319	0.192	0.211	0.356	0.428	0.270	0.346	0.415	0.413	0.289	0.479	0.456	0.328	0.190	0.261	0.427	0.424	0.478	0.477	0.178	0.197	0.336	0.476	0.473	0.287	0.223	0.226	0.409	0.632	0.141	0.475	0.420	0.455	0.262	0.332	0.248	0.396	0.228	0.246	0.225	0.427	0.426	0.216	0.461	0.432	0.359	0.281	0.315	0.269	0.208	0.212	0.264	0.387	0.284	0.391	0.401	0.047	0.054	0.120	0.317	0.245	0.179	0.243	0.195	0.046	0.244	0.267	0.282	0.273	0.227	0.200	0.277	0.216
30:00:33	22.7	0.202	0.172	0.219	0.235	0.278	0.280	0.299	0.254	0.044	0.309	0.298	0.047	0.231	0.317	0.359	0.305	0.380	0.369	0.445	0.224	0.262	0.328	0.471	0.313	0.191	0.208	0.353	0.431	0.269	0.347	0.422	0.412	0.287	0.486	0.463	0.320	0.188	0.256	0.430	0.427	0.487	0.479	0.189	0.203	0.336	0.484	0.479	0.284	0.219	0.222	0.407	0.630	0.149	0.485	0.427	0.460	0.258	0.326	0.248	0.384	0.225	0.243	0.221	0.431	0.430	0.217	0.463	0.430	0.358	0.282	0.314	0.265	0.205	0.209	0.263	0.384	0.278	0.390	0.402	0.047	0.057	0.125	0.323	0.249	0.175	0.236	0.194	0.045	0.248	0.256	0.274	0.268	0.228	0.199	0.269	0.217
31:00:33	22.7	0.197	0.175	0.217	0.232	0.281	0.270	0.290	0.252	0.044	0.309	0.294	0.047	0.223	0.311	0.356	0.320	0.378	0.364	0.452	0.230	0.260	0.322	0.463	0.314	0.188	0.203	0.354	0.433	0.261	0.340	0.425	0.410	0.281	0.489	0.464	0.315	0.188	0.251	0.432	0.431	0.491	0.483	0.201	0.210	0.335	0.493	0.482	0.280	0.217	0.216	0.398	0.622	0.157	0.490	0.432	0.468	0.257	0.318	0.246	0.370	0.220	0.235	0.218	0.436	0.434	0.218	0.469	0.419	0.353	0.277	0.310	0.263	0.204	0.205	0.259	0.381	0.273	0.384	0.404	0.048	0.064	0.134	0.321	0.247	0.172	0.230	0.193	0.046	0.251	0.244	0.264	0.261	0.223	0.197	0.260	0.216
32:00:34	22.7	0.195	0.174	0.211	0.231	0.279	0.262	0.283	0.242	0.044	0.297	0.285	0.047	0.220	0.310	0.358	0.335	0.382	0.366	0.454	0.238	0.256	0.317	0.456	0.300	0.186	0.201	0.355	0.439	0.259	0.336	0.429	0.409	0.278	0.494	0.466	0.304	0.187	0.247	0.434	0.434	0.494	0.487	0.212	0.219	0.328	0.498	0.482	0.274	0.212	0.213	0.391	0.616	0.167	0.495	0.433	0.476	0.253	0.311	0.240	0.353	0.216	0.232	0.216	0.438	0.436	0.220	0.469	0.410	0.344	0.274	0.303	0.256	0.202	0.202	0.255	0.377	0.268	0.372	0.398	0.047	0.072	0.142	0.314	0.240	0.167	0.224	0.190	0.046	0.247	0.238	0.258	0.254	0.220	0.195	0.252	0.214
33:00:36	22.6	0.191	0.173	0.212	0.228	0.280	0.251	0.273	0.239	0.044	0.298	0.281	0.047	0.213	0.308	0.359	0.341	0.377	0.365	0.458	0.243	0.254	0.313	0.454	0.299	0.185	0.199	0.350	0.441	0.254	0.332	0.428	0.411	0.273	0.498	0.463	0.295	0.185	0.240	0.433	0.437	0.497	0.489	0.224	0.226	0.325	0.500	0.487	0.266	0.209	0.208	0.392	0.605	0.175	0.496	0.436	0.479	0.252	0.305	0.238	0.337	0.214	0.225	0.212	0.437	0.435	0.222	0.470	0.407	0.337	0.271	0.297	0.250	0.201	0.200	0.252	0.365	0.263	0.361	0.394	0.047	0.083	0.149	0.306	0.235	0.163	0.221	0.185	0.045	0.241	0.232	0.247	0.250	0.214	0.193	0.241	0.212
34:00:36	22.6	0.191	0.173	0.208	0.223	0.278	0.244	0.262	0.234	0.044	0.291	0.271	0.047	0.211	0.299	0.359	0.339	0.377	0.367	0.461	0.251	0.250	0.308	0.444	0.290	0.183	0.196	0.348	0.447	0.248	0.329	0.433	0.406	0.269	0.501	0.463	0.287	0.182	0.236	0.434	0.441	0.508	0.485	0.236	0.232	0.318	0.505	0.494	0.258	0.207	0.205	0.384	0.599	0.180	0.502	0.434	0.480	0.249	0.298	0.233	0.322	0.208	0.224	0.210	0.444	0.438	0.226	0.474	0.395	0.324	0.268	0.291	0.246	0.197	0.199	0.248	0.355	0.257	0.349	0.383	0.047	0.098	0.155	0.299	0.232	0.161	0.217	0.181	0.045	0.236	0.227	0.240	0.244	0.209	0.191	0.236	0.210
35:00:37	22.5	0.188	0.175	0.207	0.229	0.277	0.237	0.258	0.237	0.044	0.289	0.269	0.048	0.207	0.301	0.355	0.337	0.375	0.362	0.458	0.257	0.246	0.305	0.434	0.284	0.184	0.195	0.348	0.455	0.247	0.323	0.437	0.407	0.266	0.509	0.456	0.279	0.182	0.231	0.431	0.447	0.511	0.485	0.247	0.236	0.315	0.509	0.491	0.253	0.206	0.201	0.376	0.588	0.188	0.508	0.443	0.482	0.247	0.292	0.231	0.309	0.208	0.220	0.211	0.446	0.438	0.230	0.467	0.385	0.317	0.263	0.285	0.239	0.197	0.197	0.244	0.345	0.253	0.339	0.375	0.047	0.116	0.161	0.294	0.229	0.158	0.217	0.178	0.046	0.233	0.222	0.235	0.241	0.205	0.190	0.230	0.208
36:00:37	22.4	0.186	0.173	0.205	0.224	0.270	0.231	0.251	0.232	0.044	0.284	0.266	0.048	0.201	0.292	0.354	0.333	0.369	0.360	0.462	0.260	0.244	0.299	0.418	0.276	0.181	0.194	0.342	0.461	0.245	0.321	0.443	0.401	0.262	0.510	0.453	0.270	0.178	0.228	0.432	0.456	0.523	0.481	0.259	0.238	0.311	0.515	0.480	0.245	0.203	0.197	0.367	0.578	0.194	0.514	0.444	0.478	0.243	0.286	0.228	0.299	0.204	0.217	0.208	0.448	0.437	0.236	0.462	0.374	0.314	0.259	0.280	0.235	0.193	0.195	0.241	0.334	0.250	0.327	0.360	0.047	0.142	0.168	0.290	0.225	0.155	0.214	0.176	0.046	0.229	0.217	0.232	0.234	0.203	0.188	0.224	0.205
37:00:39	22.3	0.183	0.174	0.204	0.226	0.265	0.223	0.246	0.229	0.044	0.278	0.258	0.048	0.198	0.287	0.350	0.328	0.363	0.355	0.460	0.260	0.240	0.294	0.413	0.268	0.180	0.191	0.336	0.467	0.241	0.307	0.445	0.398	0.259	0.514	0.446	0.263	0.177	0.221	0.427	0.459	0.528	0.476	0.264	0.238	0.306	0.516	0.472	0.237	0.201	0.193	0.354	0.564	0.198	0.518	0.448	0.478	0.244	0.280	0.224	0.288	0.200	0.212	0.205	0.448	0.436	0.240	0.458	0.357	0.303	0.255	0.273	0.230	0.191	0.190	0.235	0.321	0.245	0.315	0.344	0.047	0.155	0.174	0.285	0.222	0.151	0.210	0.171	0.045	0.225	0.212	0.227	0.229	0.200	0.187	0.219	0.199
38:00:39	22.1	0.182	0.173	0.202	0.225	0.261	0.218	0.244	0.226	0.044	0.271	0.253	0.048	0.195	0.285	0.347	0.327	0.361	0.352	0.458	0.260	0.235	0.292	0.400	0.262	0.179	0.189	0.333	0.473	0.241	0.304	0.446	0.391	0.253	0.513	0.443	0.257	0.176	0.219	0.430	0.465	0.530	0.471	0.275	0.239	0.303	0.519	0.465	0.232	0.199	0.190	0.351	0.557	0.200	0.523	0.459	0.473	0.240	0.277	0.222	0.279	0.199	0.209	0.205	0.451	0.439	0.246	0.460	0.348	0.296	0.252	0.271	0.227	0.188	0.190	0.229	0.313	0.242	0.301	0.333	0.047	0.161	0.178	0.280	0.219	0.149	0.208	0.167	0.045	0.223	0.209	0.223	0.223	0.197	0.185	0.217	0.195
39:00:40	22.1	0.182	0.172	0.202	0.222	0.257	0.214	0.240	0.221	0.044	0.262	0.248	0.048	0.194	0.273	0.333	0.314	0.349	0.343	0.452	0.257	0.232	0.287	0.389	0.254	0.177	0.188	0.326	0.474	0.236	0.294	0.446	0.384	0.248	0.516	0.429	0.248	0.174	0.215	0.418	0.471	0.541	0.460	0.280	0.237	0.301	0.521	0.454	0.227	0.198	0.187	0.338	0.546	0.197	0.522	0.464	0.472	0.235	0.269	0.220	0.270	0.196	0.205	0.203	0.452	0.436	0.250	0.453	0.332	0.286	0.248	0.266	0.222	0.186	0.187	0.224	0.296	0.238	0.288	0.314	0.047	0.166	0.178	0.275	0.216	0.147	0.204	0.165	0.046	0.221	0.208	0.222	0.219	0.192	0.183	0.214	0.192
40:00:42	22.2	0.182	0.171	0.200	0.221	0.252	0.212	0.239	0.217	0.044	0.252	0.236	0.049	0.192	0.272	0.327	0.312	0.346	0.340	0.443	0.256	0.228	0.285	0.371	0.249	0.177	0.188	0.319	0.476	0.235	0.286	0.451	0.378	0.246	0.518	0.420	0.243	0.173	0.213	0.412	0.473	0.549	0.452	0.279	0.236	0.295	0.518	0.439	0.224	0.196	0.186	0.328	0.536	0.197	0.524	0.469	0.463	0.233	0.266	0.219	0.263	0.196	0.204	0.201	0.450	0.436	0.254	0.445	0.324	0.282	0.247	0.262	0.220	0.185	0.185	0.219	0.290	0.237	0.277	0.300	0.047	0.175	0.177	0.271	0.212	0.147	0.202	0.161	0.045	0.220	0.206	0.215	0.216	0.189	0.180	0.213	0.188
41:00:42	22.4	0.176	0.172	0.201	0.221	0.248	0.207	0.239	0.214	0.044	0.245	0.233	0.049	0.191	0.267	0.320	0.305	0.334	0.334	0.433	0.253	0.225	0.276	0.364	0.242	0.176	0.188	0.312	0.477	0.234	0.281	0.452	0.373	0.244	0.516	0.406	0.236	0.173	0.213	0.406	0.476	0.559	0.440	0.282	0.235	0.288	0.520	0.424	0.221	0.194	0.185	0.324	0.530	0.196	0.526	0.477	0.454	0.228	0.261	0.216	0.256	0.194	0.202	0.199	0.452	0.431	0.256	0.434	0.314	0.277	0.246	0.258	0.217	0.183	0.184	0.214	0.280	0.237	0.271	0.289	0.047	0.184	0.177	0.268	0.210	0.146	0.200	0.158	0.045	0.216	0.203	0.212	0.213	0.187	0.178	0.208	0.185
42:00:44	22.6	0.172	0.171	0.200	0.218	0.244	0.204	0.237	0.210	0.045	0.239	0.228	0.049	0.188	0.263	0.314	0.298	0.325	0.326	0.422	0.252	0.222	0.276	0.350	0.241	0.177	0.188	0.303	0.477	0.232	0.273	0.447	0.372	0.240	0.507	0.393	0.230	0.172	0.212	0.394	0.476	0.562	0.426	0.279	0.232	0.285	0.515	0.409	0.218	0.192	0.183	0.321	0.520	0.194	0.525	0.482	0.445	0.225	0.256	0.214	0.250	0.194	0.202	0.198	0.447	0.425	0.256	0.422	0.306	0.272	0.244	0.255	0.214	0.182	0.183	0.209	0.274	0.235	0.263	0.277	0.048	0.191	0.176	0.262	0.207	0.144	0.198	0.155	0.046	0.215	0.199	0.207	0.210	0.183	0.176	0.203	0.183
43:00:45	22.8	0.169	0.171	0.198	0.213	0.238	0.201	0.234	0.205	0.045	0.233	0.223	0.049	0.186	0.255	0.303	0.293	0.315	0.312	0.412	0.248	0.218	0.270	0.338	0.236	0.176	0.186	0.291	0.479	0.232	0.269	0.442	0.361	0.237	0.495	0.383	0.224	0.172	0.209	0.380	0.472	0.573	0.411	0.275	0.229	0.281	0.510	0.398	0.215	0.189	0.181	0.312	0.513	0.193	0.527	0.489	0.425	0.224	0.252	0.214	0.245	0.193	0.199	0.196	0.442	0.413	0.256	0.405	0.295	0.266	0.241	0.251	0.210	0.179	0.180	0.205	0.267	0.231	0.257	0.266	0.047	0.200	0.175	0.257	0.205	0.142	0.197	0.152	0.045	0.213	0.197	0.203	0.208	0.182	0.174	0.201	0.181
44:00:46	22.8	0.170	0.169	0.197	0.212	0.234	0.197	0.231	0.203	0.044	0.227	0.220	0.049	0.184	0.254	0.296	0.287	0.308	0.305	0.406	0.249	0.216	0.267	0.326	0.231	0.175	0.184	0.286	0.472	0.231	0.265	0.443	0.352	0.235	0.497	0.370	0.218	0.170	0.206	0.373	0.471	0.577	0.401	0.271	0.227	0.275	0.508	0.388	0.211	0.186	0.180	0.308	0.507	0.194	0.525	0.497	0.412	0.221	0.249	0.212	0.239	0.190	0.197	0.194	0.434	0.404	0.256	0.394	0.291	0.261	0.236	0.249	0.208	0.177	0.179	0.203	0.263	0.229	0.254	0.261	0.047	0.210	0.176	0.253	0.202	0.140	0.196	0.149	0.046	0.211	0.195	0.202	0.207	0.174	0.173	0.198	0.179
45:00:46	22.6	0.156	0.169	0.200	0.204	0.230	0.197	0.229	0.197	0.044	0.223	0.215	0.049	0.180	0.248	0.291	0.281	0.302	0.297	0.394	0.243	0.210	0.271	0.319	0.232	0.173	0.181	0.276	0.464	0.231	0.261	0.437	0.345	0.228	0.488	0.360	0.214	0.169	0.202	0.362	0.468	0.588	0.389	0.264	0.226	0.268	0.504	0.376	0.208	0.183	0.176	0.301	0.498	0.191	0.518	0.502	0.405	0.217	0.247	0.210	0.235	0.187	0.195	0.192	0.422	0.393	0.255	0.375	0.287	0.255	0.235	0.247	0.205	0.173	0.178	0.199	0.259	0.225	0.247	0.254	0.047	0.218	0.177	0.248	0.201	0.138	0.192	0.146	0.045	0.209	0.190	0.198	0.205	0.173	0.172	0.197	0.176
46:00:47	22.7	0.154	0.168	0.200	0.202	0.226	0.194	0.224	0.196	0.044	0.222	0.215	0.050	0.180	0.246	0.280	0.276	0.292	0.290	0.384	0.242	0.209	0.267	0.310	0.228	0.172	0.181	0.268	0.459	0.230	0.259	0.429	0.342	0.228	0.485	0.348	0.212	0.167	0.200	0.350	0.461	0.589	0.376	0.259	0.225	0.266	0.496	0.364	0.206	0.180	0.175	0.292	0.493	0.189	0.507	0.500	0.392	0.214	0.245	0.208	0.230	0.185	0.194	0.190	0.418	0.385	0.255	0.365	0.281	0.254	0.232	0.243	0.204	0.171	0.178	0.197	0.256	0.224	0.248	0.248	0.047	0.227	0.177	0.243	0.199	0.138	0.189	0.142	0.045	0.206	0.187	0.196	0.203	0.168	0.170	0.194	0.173
47:00:48	22.7	0.149	0.167	0.196	0.200	0.223	0.194	0.225	0.193	0.044	0.219	0.211	0.050	0.178	0.247	0.278	0.274	0.286	0.285	0.367	0.241	0.204	0.274	0.305	0.229	0.172	0.181	0.265	0.458	0.230	0.257	0.428	0.334	0.224	0.473	0.338	0.208	0.166	0.199	0.341	0.461	0.595	0.366	0.251	0.225	0.262	0.487	0.357	0.203	0.179	0.173	0.287	0.491	0.187	0.504	0.506	0.375	0.211	0.240	0.208	0.228	0.185	0.193	0.189	0.404	0.372	0.253	0.353	0.277	0.252	0.231	0.242	0.203	0.171	0.177	0.194	0.254	0.223	0.245	0.243	0.047	0.231	0.176	0.240	0.197	0.135	0.187	0.139	0.045	0.204	0.183	0.192	0.201	0.166	0.168	0.192	0.171
48:00:48	22.7	0.146	0.166	0.190	0.197	0.215	0.194	0.219	0.188	0.044	0.213	0.207	0.050	0.173	0.239	0.271	0.269	0.280	0.279	0.349	0.238	0.201	0.264	0.295	0.224	0.172	0.180	0.259	0.447	0.228	0.251	0.427	0.324	0.220	0.456	0.332	0.206	0.165	0.198	0.330	0.448	0.597	0.355	0.245	0.224	0.258	0.466	0.346	0.200	0.176	0.171	0.280	0.484	0.184	0.494	0.506	0.359	0.208	0.237	0.203	0.224	0.182	0.191	0.187	0.399	0.358	0.252	0.339	0.271	0.247	0.228	0.239	0.202	0.170	0.175	0.190	0.247	0.221	0.240	0.238	0.047	0.229	0.174	0.235	0.196	0.134	0.185	0.137	0.046	0.203	0.179	0.189	0.199	0.162	0.167	0.191	0.169
49:00:50	22.7	0.143	0.164	0.188	0.196	0.212	0.194	0.218	0.188	0.044	0.213	0.205	0.050	0.173	0.237	0.269	0.269	0.276	0.275	0.337	0.236	0.199	0.266	0.289	0.221	0.172	0.180	0.255	0.450	0.226	0.248	0.419	0.315	0.217	0.441	0.321	0.203	0.162	0.196	0.323	0.444	0.598	0.350	0.240	0.223	0.253	0.450	0.335	0.197	0.174	0.171	0.275	0.484	0.182	0.484	0.511	0.350	0.204	0.236	0.203	0.222	0.181	0.190	0.186	0.388	0.348	0.249	0.326	0.268	0.242	0.223	0.236	0.200	0.170	0.175	0.187	0.243	0.219	0.234	0.235	0.047	0.224	0.174	0.232	0.195	0.132	0.185	0.135	0.045	0.202	0.178	0.187	0.196	0.161	0.166	0.189	0.166
50:00:51	22.6	0.142	0.163	0.184	0.193	0.209	0.191	0.212	0.187	0.044	0.211	0.203	0.050	0.172	0.233	0.265	0.265	0.273	0.270	0.322	0.236	0.196	0.258	0.288	0.219	0.169	0.179	0.251	0.440	0.222	0.246	0.407	0.309	0.213	0.426	0.315	0.201	0.160	0.194	0.309	0.434	0.598	0.341	0.237	0.222	0.248	0.441	0.326	0.192	0.173	0.169	0.267	0.479	0.180	0.480	0.510	0.337	0.202	0.232	0.200	0.217	0.180	0.187	0.184	0.376	0.336	0.247	0.317	0.264	0.236	0.219	0.235	0.197	0.169	0.174	0.185	0.240	0.219	0.228	0.233	0.047	0.221	0.172	0.229	0.192	0.130	0.183	0.133	0.045	0.201	0.176	0.184	0.192	0.158	0.164	0.186	0.165
51:00:51	22.5	0.140	0.161	0.182	0.193	0.207	0.189	0.212	0.186	0.044	0.209	0.201	0.051	0.169	0.230	0.260	0.263	0.271	0.265	0.313	0.235	0.194	0.254	0.284	0.218	0.168	0.178	0.246	0.435	0.219	0.242	0.402	0.303	0.210	0.413	0.305	0.198	0.158	0.193	0.301	0.426	0.604	0.331	0.233	0.222	0.244	0.426	0.318	0.191	0.172	0.169	0.262	0.477	0.180	0.474	0.505	0.327	0.200	0.230	0.198	0.214	0.178	0.186	0.183	0.359	0.324	0.245	0.309	0.259	0.232	0.216	0.233	0.196	0.167	0.173	0.184	0.240	0.217	0.224	0.230	0.047	0.218	0.171	0.228	0.191	0.129	0.180	0.131	0.045	0.198	0.172	0.180	0.190	0.157	0.163	0.184	0.163
52:00:52	22.4	0.139	0.159	0.180	0.193	0.204	0.187	0.206	0.184	0.044	0.206	0.199	0.051	0.166	0.227	0.257	0.260	0.264	0.260	0.303	0.239	0.191	0.250	0.280	0.217	0.166	0.177	0.239	0.415	0.215	0.238	0.396	0.294	0.208	0.398	0.297	0.196	0.155	0.190	0.291	0.414	0.602	0.322	0.227	0.222	0.240	0.407	0.310	0.190	0.172	0.168	0.258	0.476	0.179	0.453	0.502	0.312	0.197	0.227	0.197	0.210	0.177	0.186	0.182	0.349	0.312	0.244	0.297	0.253	0.228	0.215	0.231	0.194	0.165	0.173	0.182	0.238	0.216	0.219	0.226	0.047	0.214	0.170	0.226	0.190	0.128	0.177	0.128	0.045	0.196	0.169	0.177	0.188	0.154	0.161	0.182	0.160
53:00:54	22.3	0.138	0.159	0.180	0.191	0.204	0.185	0.205	0.185	0.044	0.204	0.197	0.051	0.168	0.221	0.251	0.260	0.262	0.255	0.294	0.235	0.189	0.244	0.278	0.213	0.163	0.176	0.237	0.407	0.212	0.236	0.385	0.289	0.206	0.386	0.291	0.194	0.153	0.190	0.285	0.405	0.600	0.317	0.223	0.222	0.237	0.394	0.306	0.190	0.170	0.168	0.254	0.474	0.179	0.438	0.496	0.304	0.197	0.225	0.198	0.208	0.177	0.185	0.181	0.337	0.304	0.243	0.288	0.248	0.225	0.211	0.229	0.194	0.163	0.172	0.180	0.238	0.215	0.212	0.224	0.047	0.212	0.169	0.225	0.190	0.128	0.174	0.126	0.045	0.192	0.167	0.175	0.187	0.155	0.160	0.181	0.158
54:00:55	22.5	0.136	0.157	0.177	0.189	0.200	0.182	0.203	0.183	0.044	0.202	0.194	0.051	0.165	0.219	0.249	0.255	0.258	0.250	0.283	0.233	0.187	0.242	0.273	0.211	0.162	0.176	0.233	0.388	0.210	0.234	0.367	0.281	0.204	0.368	0.283	0.190	0.152	0.189	0.279	0.390	0.592	0.309	0.218	0.220	0.233	0.381	0.298	0.186	0.168	0.167	0.250	0.468	0.178	0.421	0.490	0.294	0.194	0.222	0.194	0.204	0.177	0.184	0.179	0.329	0.290	0.241	0.279	0.242	0.220	0.208	0.226	0.189	0.160	0.170	0.176	0.234	0.213	0.207	0.218	0.047	0.208	0.167	0.220	0.188	0.126	0.171	0.123	0.045	0.188	0.165	0.174	0.183	0.156	0.157	0.176	0.155
55:00:54	22.6	0.135	0.157	0.177	0.189	0.201	0.180	0.198	0.181	0.044	0.198	0.189	0.052	0.162	0.217	0.247	0.257	0.257	0.245	0.279	0.233	0.187	0.241	0.273	0.207	0.161	0.177	0.232	0.374	0.210	0.236	0.354	0.275	0.201	0.354	0.282	0.188	0.150	0.188	0.272	0.376	0.591	0.302	0.216	0.221	0.230	0.361	0.294	0.184	0.167	0.167	0.246	0.467	0.177	0.403	0.486	0.282	0.192	0.218	0.192	0.201	0.176	0.183	0.179	0.315	0.284	0.240	0.271	0.235	0.217	0.206	0.223	0.189	0.158	0.169	0.174	0.231	0.212	0.204	0.210	0.047	0.207	0.166	0.219	0.186	0.125	0.168	0.122	0.045	0.186	0.163	0.171	0.181	0.154	0.156	0.174	0.153
56:00:56	22.6	0.134	0.156	0.177	0.188	0.199	0.179	0.198	0.181	0.044	0.197	0.189	0.052	0.161	0.213	0.245	0.256	0.254	0.241	0.270	0.231	0.186	0.238	0.265	0.204	0.160	0.176	0.230	0.366	0.205	0.232	0.340	0.273	0.201	0.344	0.275	0.185	0.148	0.187	0.266	0.360	0.582	0.294	0.218	0.220	0.227	0.349	0.287	0.182	0.166	0.167	0.243	0.462	0.177	0.385	0.466	0.276	0.190	0.217	0.190	0.198	0.175	0.183	0.178	0.301	0.275	0.237	0.263	0.229	0.213	0.202	0.221	0.186	0.157	0.168	0.171	0.226	0.210	0.202	0.205	0.047	0.202	0.166	0.217	0.185	0.124	0.165	0.120	0.045	0.183	0.161	0.170	0.179	0.152	0.155	0.172	0.150
57:00:56	22.6	0.132	0.153	0.176	0.187	0.197	0.177	0.199	0.180	0.044	0.193	0.187	0.052	0.164	0.204	0.233	0.258	0.253	0.237	0.271	0.237	0.182	0.229	0.264	0.200	0.158	0.177	0.228	0.360	0.204	0.229	0.330	0.266	0.196	0.333	0.270	0.183	0.146	0.185	0.262	0.348	0.579	0.289	0.217	0.221	0.221	0.335	0.286	0.181	0.163	0.165	0.236	0.457	0.177	0.373	0.463	0.274	0.188	0.219	0.189	0.196	0.174	0.182	0.177	0.293	0.269	0.234	0.258	0.227	0.210	0.199	0.218	0.184	0.154	0.167	0.168	0.218	0.208	0.201	0.200	0.047	0.199	0.165	0.215	0.184	0.122	0.161	0.119	0.044	0.180	0.157	0.167	0.176	0.150	0.154	0.169	0.148
58:00:58	22.6	0.139	0.153	0.174	0.187	0.196	0.175	0.193	0.179	0.044	0.188	0.182	0.052	0.152	0.205	0.233	0.251	0.247	0.231	0.258	0.232	0.183	0.233	0.260	0.200	0.157	0.175	0.225	0.341	0.202	0.228	0.316	0.262	0.194	0.323	0.267	0.181	0.145	0.185	0.255	0.331	0.573	0.281	0.212	0.217	0.219	0.325	0.282	0.180	0.163	0.165	0.235	0.453	0.175	0.362	0.450	0.266	0.188	0.214	0.188	0.193	0.176	0.181	0.176	0.281	0.262	0.233	0.254	0.222	0.207	0.196	0.216	0.183	0.154	0.166	0.168	0.211	0.206	0.199	0.196	0.047	0.198	0.164	0.214	0.183	0.122	0.160	0.118	0.045	0.178	0.155	0.165	0.174	0.151	0.153	0.168	0.147
59:00:59	22.6	0.140	0.152	0.174	0.187	0.196	0.173	0.184	0.177	0.044	0.183	0.178	0.053	0.147	0.202	0.226	0.250	0.242	0.226	0.254	0.232	0.180	0.226	0.261	0.196	0.157	0.175	0.221	0.330	0.201	0.220	0.304	0.259	0.190	0.313	0.260	0.180	0.144	0.184	0.251	0.321	0.570	0.278	0.208	0.214	0.215	0.314	0.275	0.179	0.161	0.162	0.230	0.451	0.174	0.347	0.435	0.261	0.185	0.210	0.186	0.189	0.175	0.179	0.175	0.273	0.256	0.231	0.247	0.219	0.203	0.193	0.212	0.182	0.152	0.166	0.165	0.208	0.205	0.196	0.193	0.047	0.195	0.163	0.211	0.182	0.121	0.158	0.117	0.045	0.174	0.154	0.162	0.171	0.148	0.152	0.165	0.145
60:01:00	22.5	0.137	0.152	0.174	0.185	0.194	0.171	0.180	0.174	0.044	0.178	0.176	0.053	0.146	0.199	0.220	0.245	0.240	0.224	0.248	0.233	0.178	0.221	0.258	0.194	0.155	0.175	0.217	0.318	0.199	0.214	0.297	0.254	0.188	0.303	0.252	0.178	0.143	0.183	0.246	0.309	0.554	0.274	0.205	0.212	0.209	0.306	0.271	0.177	0.159	0.161	0.227	0.447	0.172	0.336	0.419	0.255	0.183	0.208	0.185	0.187	0.173	0.178	0.175	0.269	0.247	0.230	0.241	0.217	0.198	0.191	0.210	0.180	0.151	0.165	0.162	0.205	0.202	0.195	0.190	0.047	0.193	0.162	0.209	0.180	0.120	0.155	0.116	0.045	0.171	0.152	0.160	0.168	0.145	0.150	0.164	0.142
61:01:01	22.5	0.130	0.150	0.172	0.183	0.192	0.170	0.177	0.173	0.044	0.177	0.174	0.053	0.145	0.200	0.220	0.243	0.234	0.218	0.240	0.234	0.176	0.222	0.255	0.192	0.154	0.174	0.211	0.300	0.196	0.209	0.284	0.246	0.184	0.295	0.242	0.176	0.142	0.181	0.240	0.296	0.536	0.269	0.203	0.211	0.205	0.294	0.261	0.176	0.158	0.160	0.225	0.443	0.171	0.322	0.400	0.250	0.181	0.207	0.182	0.184	0.171	0.177	0.174	0.263	0.245	0.228	0.236	0.214	0.194	0.190	0.208	0.178	0.149	0.165	0.160	0.202	0.201	0.195	0.188	0.047	0.192	0.161	0.207	0.179	0.118	0.153	0.114	0.045	0.169	0.151	0.158	0.166	0.142	0.148	0.162	0.140
62:01:02	22.4	0.125	0.150	0.170	0.181	0.190	0.167	0.190	0.171	0.044	0.177	0.173	0.054	0.144	0.198	0.217	0.238	0.227	0.214	0.233	0.231	0.174	0.220	0.249	0.190	0.153	0.173	0.206	0.292	0.195	0.207	0.274	0.241	0.181	0.284	0.234	0.174	0.142	0.180	0.236	0.284	0.535	0.264	0.199	0.210	0.200	0.286	0.253	0.173	0.157	0.159	0.222	0.439	0.169	0.311	0.380	0.241	0.179	0.204	0.181	0.182	0.170	0.175	0.173	0.253	0.236	0.227	0.230	0.211	0.190	0.186	0.205	0.175	0.146	0.164	0.157	0.200	0.199	0.193	0.186	0.047	0.189	0.159	0.204	0.176	0.116	0.154	0.114	0.045	0.168	0.150	0.155	0.164	0.139	0.147	0.160	0.138
63:01:03	22.3	0.125	0.150	0.171	0.178	0.189	0.167	0.187	0.168	0.044	0.173	0.171	0.054	0.142	0.197	0.215	0.234	0.227	0.213	0.229	0.232	0.172	0.219	0.246	0.187	0.153	0.174	0.207	0.289	0.195	0.207	0.269	0.235	0.181	0.274	0.229	0.173	0.141	0.180	0.232	0.278	0.530	0.258	0.197	0.209	0.197	0.280	0.250	0.172	0.154	0.159	0.221	0.438	0.169	0.301	0.354	0.239	0.177	0.203	0.180	0.180	0.168	0.175	0.172	0.249	0.233	0.228	0.227	0.210	0.188	0.185	0.204	0.174	0.145	0.164	0.156	0.200	0.198	0.191	0.183	0.047	0.187	0.159	0.202	0.175	0.115	0.154	0.114	0.045	0.168	0.149	0.154	0.163	0.138	0.147	0.158	0.137
64:01:04	22.3	0.124	0.151	0.169	0.173	0.187	0.166	0.175	0.166	0.044	0.173	0.171	0.054	0.141	0.196	0.215	0.229	0.225	0.211	0.224	0.231	0.171	0.217	0.242	0.186	0.151	0.175	0.208	0.281	0.197	0.208	0.264	0.233	0.178	0.268	0.226	0.172	0.141	0.181	0.230	0.275	0.524	0.256	0.195	0.209	0.196	0.272	0.247	0.171	0.152	0.160	0.223	0.437	0.170	0.296	0.336	0.237	0.177	0.202	0.179	0.178	0.168	0.175	0.172	0.245	0.230	0.228	0.224	0.209	0.186	0.184	0.203	0.173	0.144	0.163	0.156	0.199	0.197	0.190	0.183	0.047	0.185	0.159	0.201	0.173	0.114	0.154	0.113	0.045	0.170	0.148	0.153	0.161	0.136	0.145	0.157	0.134
65:01:03	22.5	0.123	0.152	0.169	0.172	0.188	0.165	0.187	0.164	0.044	0.169	0.169	0.055	0.140	0.196	0.213	0.228	0.226	0.212	0.222	0.228	0.170	0.214	0.245	0.186	0.151	0.174	0.211	0.284	0.198	0.208	0.262	0.232	0.177	0.264	0.225	0.171	0.142	0.183	0.229	0.274	0.527	0.254	0.195	0.208	0.193	0.267	0.246	0.170	0.151	0.161	0.224	0.438	0.170	0.293	0.322	0.236	0.176	0.200	0.178	0.177	0.166	0.174	0.172	0.241	0.230	0.227	0.222	0.208	0.185	0.183	0.201	0.172	0.143	0.163	0.156	0.199	0.197	0.189	0.183	0.047	0.185	0.158	0.200	0.172	0.112	0.152	0.112	0.045	0.169	0.146	0.152	0.158	0.135	0.144	0.156	0.133
66:01:05	22.6	0.122	0.152	0.168	0.169	0.184	0.163	0.170	0.161	0.044	0.170	0.167	0.055	0.138	0.195	0.212	0.223	0.224	0.210	0.216	0.224	0.168	0.212	0.241	0.181	0.149	0.174	0.211	0.278	0.197	0.206	0.254	0.227	0.175	0.253	0.220	0.169	0.142	0.181	0.226	0.268	0.521	0.249	0.191	0.207	0.190	0.262	0.241	0.169	0.148	0.161	0.223	0.436	0.170	0.285	0.306	0.232	0.173	0.201	0.177	0.173	0.164	0.173	0.170	0.234	0.225	0.224	0.214	0.205	0.181	0.181	0.199	0.170	0.141	0.162	0.154	0.197	0.194	0.187	0.182	0.047	0.182	0.158	0.198	0.169	0.111	0.149	0.111	0.045	0.167	0.144	0.151	0.156	0.133	0.142	0.155	0.130
67:01:06	22.7	0.122	0.146	0.168	0.168	0.184	0.163	0.173	0.159	0.044	0.166	0.165	0.055	0.138	0.195	0.211	0.222	0.221	0.209	0.214	0.223	0.168	0.210	0.239	0.180	0.149	0.173	0.211	0.273	0.196	0.206	0.249	0.223	0.174	0.246	0.218	0.169	0.140	0.181	0.222	0.261	0.510	0.246	0.187	0.206	0.189	0.256	0.239	0.168	0.148	0.161	0.221	0.433	0.169	0.278	0.294	0.229	0.172	0.202	0.176	0.172	0.163	0.174	0.170	0.232	0.224	0.224	0.213	0.206	0.180	0.180	0.197	0.169	0.142	0.163	0.153	0.195	0.194	0.186	0.181	0.047	0.182	0.158	0.197	0.169	0.109	0.148	0.111	0.045	0.165	0.143	0.150	0.156	0.132	0.141	0.154	0.128
68:01:06	22.8	0.120	0.148	0.166	0.167	0.182	0.161	0.171	0.157	0.044	0.164	0.163	0.055	0.137	0.193	0.211	0.218	0.220	0.208	0.213	0.221	0.166	0.208	0.239	0.179	0.148	0.174	0.211	0.272	0.196	0.205	0.247	0.221	0.172	0.241	0.215	0.167	0.139	0.180	0.219	0.260	0.517	0.242	0.185	0.204	0.187	0.253	0.236	0.166	0.147	0.160	0.218	0.432	0.168	0.270	0.286	0.225	0.170	0.201	0.175	0.169	0.161	0.173	0.169	0.225	0.220	0.222	0.210	0.204	0.177	0.179	0.195	0.168	0.140	0.162	0.152	0.193	0.193	0.185	0.179	0.047	0.179	0.156	0.195	0.167	0.107	0.145	0.109	0.045	0.162	0.141	0.149	0.156	0.129	0.140	0.153	0.129
69:01:08	22.8	0.118	0.144	0.165	0.165	0.182	0.161	0.170	0.156	0.044	0.163	0.162	0.056	0.136	0.194	0.213	0.216	0.217	0.207	0.211	0.220	0.164	0.208	0.240	0.179	0.147	0.173	0.209	0.272	0.195	0.205	0.243	0.217	0.171	0.239	0.212	0.167	0.139	0.180	0.218	0.257	0.518	0.243	0.184	0.204	0.186	0.249	0.234	0.166	0.147	0.161	0.218	0.430	0.168	0.271	0.280	0.222	0.170	0.201	0.175	0.167	0.160	0.173	0.169	0.225	0.218	0.222	0.209	0.202	0.177	0.179	0.193	0.167	0.140	0.163	0.150	0.193	0.192	0.184	0.180	0.047	0.179	0.157	0.195	0.166	0.107	0.144	0.110	0.045	0.158	0.140	0.148	0.155	0.128	0.140	0.151	0.127
70:01:09	22.6	0.121	0.145	0.164	0.162	0.178	0.158	0.160	0.154	0.044	0.165	0.161	0.056	0.136	0.193	0.209	0.213	0.215	0.204	0.208	0.221	0.164	0.205	0.234	0.173	0.147	0.172	0.207	0.263	0.194	0.203	0.236	0.215	0.168	0.233	0.209	0.166	0.138	0.178	0.214	0.249	0.499	0.238	0.180	0.203	0.182	0.242	0.234	0.165	0.145	0.160	0.215	0.428	0.166	0.263	0.271	0.219	0.168	0.199	0.173	0.164	0.160	0.172	0.168	0.219	0.213	0.221	0.205	0.202	0.175	0.178	0.197	0.165	0.138	0.161	0.148	0.192	0.188	0.181	0.178	0.047	0.176	0.155	0.194	0.165	0.105	0.142	0.109	0.045	0.156	0.139	0.147	0.154	0.126	0.139	0.150	0.126
71:01:09	22.5	0.117	0.142	0.162	0.164	0.184	0.159	0.185	0.155	0.044	0.160	0.158	0.056	0.134	0.192	0.210	0.212	0.213	0.203	0.209	0.218	0.163	0.205	0.236	0.179	0.146	0.170	0.205	0.268	0.194	0.203	0.233	0.210	0.169	0.230	0.208	0.164	0.137	0.176	0.214	0.247	0.498	0.236	0.179	0.203	0.183	0.240	0.229	0.162	0.145	0.160	0.211	0.426	0.166	0.265	0.264	0.216	0.167	0.201	0.172	0.162	0.157	0.172	0.168	0.217	0.211	0.220	0.205	0.199	0.174	0.177	0.191	0.165	0.138	0.160	0.145	0.190	0.189	0.180	0.178	0.047	0.174	0.155	0.193	0.164	0.103	0.140	0.108	0.045	0.151	0.137	0.146	0.152	0.124	0.137	0.147	0.125
72:01:11	22.3	0.116	0.142	0.162	0.162	0.180	0.158	0.174	0.153	0.044	0.158	0.158	0.056	0.134	0.192	0.208	0.212	0.213	0.203	0.208	0.216	0.162	0.204	0.233	0.179	0.146	0.169	0.203	0.262	0.194	0.204	0.229	0.210	0.166	0.226	0.207	0.164	0.136	0.176	0.214	0.241	0.483	0.235	0.178	0.202	0.181	0.236	0.228	0.163	0.144	0.159	0.209	0.425	0.165	0.263	0.259	0.213	0.167	0.198	0.171	0.158	0.155	0.172	0.168	0.216	0.209	0.220	0.204	0.199	0.174	0.177	0.189	0.164	0.137	0.159	0.143	0.189	0.186	0.179	0.177	0.047	0.172	0.155	0.192	0.164	0.102	0.139	0.107	0.044	0.148	0.135	0.145	0.151	0.124	0.137	0.145	0.124

