Time	T° 600	A1	A2	A3	A4	A5	A6	A7	A8	A9	A10	A11	A12	B1	B2	B3	B4	B5	B6	B7	B8	B9	B10	B11	B12	C1	C2	C3	C4	C5	C6	C7	C8	C9	C10	C11	C12	D1	D2	D3	D4	D5	D6	D7	D8	D9	D10	D11	D12	E1	E2	E3	E4	E5	E6	E7	E8	E9	E10	E11	E12	F1	F2	F3	F4	F5	F6	F7	F8	F9	F10	F11	F12	G1	G2	G3	G4	G5	G6	G7	G8	G9	G10	G11	G12	H1	H2	H3	H4	H5	H6	H7	H8	H9	H10	H11	H12
0:00:06	22.8	0.042	0.043	0.047	0.048	0.046	0.048	0.041	0.044	0.046	0.044	0.045	0.045	0.043	0.043	0.044	0.049	0.044	0.044	0.043	0.046	0.045	0.048	0.045	0.046	0.577	0.050	0.043	0.043	0.045	0.046	0.044	0.044	0.044	0.044	0.049	0.044	0.042	0.042	0.042	0.043	0.043	0.044	0.045	0.044	0.045	0.042	0.047	0.053	0.042	0.045	0.042	0.045	0.049	0.053	0.046	0.042	0.044	0.045	0.047	0.044	0.045	0.047	0.046	0.048	0.045	0.043	0.043	0.042	0.043	0.042	0.044	0.044	0.049	0.044	0.050	0.043	0.047	0.043	0.047	0.044	0.048	0.043	0.046	0.044	0.044	0.048	0.046	0.044	0.043	0.044	0.047	0.047	0.051	0.047	0.043	0.044
1:00:05	22.7	0.043	0.043	0.047	0.047	0.045	0.050	0.041	0.044	0.045	0.044	0.045	0.045	0.043	0.043	0.043	0.048	0.045	0.044	0.043	0.046	0.044	0.047	0.045	0.046	0.558	0.050	0.043	0.043	0.044	0.046	0.043	0.043	0.044	0.044	0.049	0.044	0.042	0.043	0.042	0.043	0.042	0.044	0.045	0.044	0.045	0.042	0.047	0.053	0.042	0.045	0.043	0.048	0.049	0.055	0.046	0.043	0.044	0.046	0.048	0.044	0.044	0.047	0.045	0.048	0.045	0.044	0.043	0.042	0.044	0.042	0.044	0.044	0.048	0.044	0.050	0.043	0.047	0.043	0.047	0.044	0.048	0.044	0.049	0.044	0.045	0.048	0.045	0.044	0.043	0.045	0.047	0.046	0.053	0.047	0.043	0.045
2:00:06	22.6	0.043	0.043	0.047	0.047	0.046	0.051	0.041	0.045	0.046	0.044	0.045	0.045	0.043	0.043	0.044	0.049	0.045	0.045	0.043	0.046	0.045	0.047	0.045	0.046	0.556	0.051	0.043	0.043	0.045	0.047	0.044	0.044	0.045	0.044	0.050	0.044	0.042	0.043	0.043	0.044	0.043	0.044	0.045	0.044	0.045	0.043	0.048	0.053	0.043	0.045	0.043	0.046	0.049	0.056	0.046	0.043	0.044	0.047	0.051	0.044	0.045	0.047	0.046	0.048	0.046	0.044	0.044	0.043	0.044	0.043	0.044	0.045	0.049	0.044	0.050	0.043	0.047	0.043	0.048	0.044	0.048	0.045	0.050	0.045	0.050	0.048	0.046	0.045	0.044	0.045	0.048	0.047	0.053	0.047	0.044	0.045
3:00:06	22.4	0.043	0.043	0.048	0.048	0.046	0.051	0.041	0.045	0.046	0.045	0.045	0.046	0.043	0.043	0.044	0.048	0.045	0.045	0.043	0.046	0.045	0.047	0.046	0.046	0.559	0.051	0.043	0.043	0.045	0.046	0.044	0.045	0.046	0.044	0.050	0.044	0.043	0.043	0.043	0.044	0.043	0.044	0.045	0.044	0.046	0.043	0.048	0.053	0.043	0.045	0.043	0.046	0.050	0.055	0.046	0.043	0.044	0.046	0.051	0.044	0.044	0.048	0.046	0.048	0.046	0.044	0.045	0.043	0.044	0.043	0.044	0.045	0.049	0.044	0.050	0.044	0.047	0.043	0.049	0.044	0.048	0.045	0.049	0.045	0.049	0.048	0.046	0.045	0.043	0.045	0.048	0.047	0.055	0.047	0.044	0.045
4:00:07	22.4	0.043	0.043	0.047	0.047	0.046	0.051	0.040	0.045	0.046	0.045	0.046	0.045	0.043	0.043	0.044	0.048	0.045	0.045	0.043	0.046	0.044	0.047	0.045	0.046	0.556	0.051	0.044	0.043	0.045	0.047	0.044	0.045	0.046	0.044	0.050	0.044	0.042	0.043	0.043	0.044	0.043	0.044	0.045	0.044	0.046	0.043	0.048	0.053	0.043	0.045	0.043	0.046	0.050	0.055	0.050	0.043	0.044	0.046	0.051	0.045	0.044	0.047	0.046	0.048	0.046	0.044	0.045	0.043	0.045	0.043	0.044	0.045	0.049	0.044	0.050	0.044	0.047	0.044	0.049	0.044	0.048	0.045	0.048	0.046	0.049	0.049	0.046	0.045	0.044	0.045	0.048	0.047	0.055	0.047	0.044	0.046
5:00:08	22.3	0.043	0.043	0.048	0.048	0.046	0.051	0.040	0.045	0.046	0.045	0.046	0.046	0.044	0.043	0.044	0.049	0.045	0.045	0.043	0.046	0.045	0.048	0.045	0.046	0.562	0.051	0.044	0.043	0.045	0.047	0.044	0.044	0.046	0.045	0.050	0.045	0.043	0.043	0.043	0.044	0.043	0.044	0.045	0.045	0.046	0.043	0.048	0.052	0.043	0.045	0.043	0.046	0.051	0.055	0.047	0.043	0.044	0.046	0.050	0.045	0.044	0.048	0.046	0.048	0.047	0.044	0.045	0.043	0.045	0.043	0.045	0.045	0.049	0.045	0.051	0.044	0.047	0.044	0.050	0.045	0.048	0.045	0.048	0.046	0.047	0.048	0.046	0.045	0.044	0.045	0.048	0.047	0.054	0.048	0.045	0.046
6:00:10	22.4	0.044	0.044	0.049	0.048	0.047	0.052	0.041	0.046	0.046	0.045	0.046	0.047	0.044	0.044	0.045	0.049	0.046	0.046	0.044	0.047	0.045	0.048	0.046	0.047	0.557	0.052	0.044	0.044	0.046	0.047	0.045	0.044	0.047	0.046	0.050	0.045	0.043	0.043	0.044	0.044	0.043	0.045	0.046	0.045	0.046	0.044	0.048	0.053	0.044	0.046	0.043	0.047	0.052	0.055	0.048	0.044	0.044	0.046	0.048	0.045	0.044	0.048	0.047	0.049	0.047	0.045	0.046	0.043	0.045	0.044	0.046	0.046	0.049	0.045	0.051	0.045	0.048	0.044	0.050	0.045	0.049	0.046	0.048	0.047	0.048	0.049	0.046	0.046	0.044	0.046	0.049	0.048	0.053	0.048	0.045	0.046
7:00:11	22.3	0.044	0.044	0.048	0.048	0.047	0.052	0.041	0.045	0.046	0.045	0.046	0.046	0.044	0.044	0.045	0.049	0.045	0.046	0.044	0.047	0.045	0.048	0.045	0.047	0.560	0.052	0.044	0.044	0.046	0.047	0.044	0.044	0.047	0.046	0.050	0.045	0.043	0.044	0.043	0.044	0.044	0.045	0.046	0.045	0.046	0.044	0.048	0.053	0.044	0.046	0.043	0.047	0.052	0.055	0.047	0.044	0.044	0.045	0.047	0.045	0.044	0.049	0.046	0.049	0.049	0.045	0.046	0.044	0.045	0.044	0.046	0.046	0.049	0.045	0.051	0.044	0.048	0.044	0.050	0.045	0.049	0.045	0.048	0.046	0.050	0.048	0.046	0.046	0.044	0.046	0.048	0.048	0.054	0.048	0.045	0.047
8:00:12	22.3	0.044	0.044	0.049	0.049	0.047	0.052	0.041	0.046	0.046	0.045	0.046	0.046	0.044	0.044	0.045	0.049	0.045	0.046	0.044	0.047	0.045	0.048	0.046	0.046	0.552	0.052	0.044	0.044	0.046	0.047	0.045	0.045	0.047	0.048	0.050	0.045	0.043	0.044	0.044	0.044	0.044	0.045	0.046	0.045	0.047	0.044	0.048	0.053	0.044	0.046	0.044	0.047	0.052	0.055	0.047	0.044	0.044	0.045	0.049	0.046	0.044	0.049	0.047	0.049	0.048	0.045	0.046	0.044	0.045	0.044	0.047	0.046	0.050	0.045	0.051	0.045	0.048	0.044	0.051	0.046	0.049	0.045	0.048	0.046	0.046	0.049	0.046	0.046	0.045	0.046	0.048	0.048	0.054	0.048	0.046	0.047
9:00:13	22.3	0.044	0.044	0.049	0.049	0.047	0.052	0.042	0.046	0.047	0.046	0.046	0.047	0.044	0.044	0.045	0.050	0.046	0.046	0.044	0.047	0.046	0.049	0.046	0.047	0.551	0.053	0.045	0.045	0.046	0.048	0.045	0.046	0.047	0.049	0.050	0.045	0.044	0.044	0.044	0.045	0.044	0.045	0.047	0.046	0.048	0.045	0.049	0.067	0.044	0.047	0.044	0.047	0.052	0.055	0.047	0.045	0.044	0.045	0.048	0.047	0.044	0.049	0.047	0.049	0.048	0.045	0.046	0.044	0.046	0.044	0.047	0.046	0.050	0.046	0.052	0.045	0.049	0.045	0.052	0.046	0.049	0.046	0.048	0.047	0.044	0.049	0.046	0.046	0.045	0.046	0.049	0.049	0.053	0.049	0.047	0.047
10:00:14	22.3	0.044	0.045	0.049	0.049	0.048	0.052	0.042	0.046	0.047	0.046	0.047	0.047	0.045	0.045	0.046	0.049	0.045	0.046	0.045	0.047	0.046	0.049	0.046	0.046	0.548	0.052	0.045	0.045	0.047	0.048	0.045	0.047	0.047	0.049	0.050	0.045	0.044	0.044	0.045	0.045	0.044	0.046	0.047	0.046	0.047	0.044	0.049	0.053	0.045	0.046	0.044	0.047	0.052	0.056	0.048	0.045	0.045	0.045	0.049	0.047	0.044	0.049	0.048	0.050	0.049	0.045	0.047	0.045	0.046	0.045	0.048	0.047	0.050	0.046	0.052	0.045	0.049	0.045	0.052	0.046	0.050	0.047	0.048	0.047	0.044	0.050	0.046	0.047	0.045	0.047	0.049	0.049	0.054	0.049	0.047	0.047
11:00:14	22.3	0.045	0.045	0.049	0.051	0.048	0.053	0.043	0.047	0.047	0.046	0.047	0.047	0.045	0.045	0.047	0.049	0.045	0.046	0.045	0.047	0.046	0.049	0.045	0.047	0.542	0.053	0.045	0.046	0.047	0.048	0.046	0.047	0.048	0.049	0.050	0.045	0.044	0.045	0.045	0.046	0.044	0.046	0.048	0.047	0.048	0.045	0.049	0.057	0.045	0.047	0.045	0.048	0.052	0.056	0.048	0.045	0.044	0.045	0.048	0.047	0.045	0.049	0.048	0.050	0.050	0.046	0.047	0.045	0.047	0.045	0.049	0.048	0.050	0.046	0.052	0.046	0.049	0.046	0.052	0.047	0.049	0.047	0.048	0.047	0.046	0.051	0.046	0.047	0.046	0.046	0.050	0.049	0.053	0.050	0.048	0.048
12:00:15	22.3	0.046	0.047	0.051	0.053	0.050	0.055	0.045	0.048	0.048	0.047	0.048	0.048	0.047	0.048	0.048	0.050	0.045	0.046	0.045	0.048	0.047	0.049	0.046	0.047	0.541	0.055	0.046	0.048	0.049	0.049	0.048	0.045	0.049	0.050	0.051	0.046	0.045	0.046	0.047	0.048	0.046	0.048	0.050	0.048	0.050	0.046	0.052	0.054	0.047	0.048	0.046	0.049	0.054	0.057	0.049	0.047	0.045	0.045	0.051	0.050	0.046	0.050	0.049	0.051	0.051	0.047	0.048	0.046	0.048	0.047	0.051	0.049	0.052	0.048	0.054	0.048	0.051	0.048	0.054	0.049	0.052	0.049	0.048	0.048	0.046	0.052	0.047	0.050	0.048	0.048	0.052	0.051	0.054	0.051	0.050	0.050
13:00:17	22.3	0.048	0.049	0.053	0.056	0.053	0.058	0.048	0.051	0.050	0.049	0.049	0.050	0.050	0.051	0.051	0.049	0.045	0.047	0.046	0.048	0.048	0.050	0.046	0.047	0.544	0.056	0.049	0.051	0.052	0.050	0.050	0.045	0.051	0.051	0.052	0.046	0.048	0.048	0.049	0.050	0.047	0.050	0.053	0.050	0.051	0.048	0.056	0.055	0.049	0.050	0.048	0.050	0.055	0.059	0.051	0.049	0.047	0.046	0.057	0.053	0.047	0.052	0.051	0.053	0.053	0.050	0.051	0.049	0.052	0.049	0.055	0.052	0.054	0.050	0.057	0.049	0.053	0.050	0.055	0.052	0.054	0.051	0.048	0.048	0.048	0.056	0.049	0.053	0.051	0.049	0.055	0.054	0.056	0.055	0.053	0.053
14:00:18	22.3	0.051	0.053	0.057	0.062	0.059	0.063	0.053	0.055	0.053	0.051	0.052	0.053	0.053	0.058	0.056	0.050	0.045	0.047	0.046	0.048	0.050	0.051	0.046	0.048	0.545	0.060	0.053	0.056	0.058	0.052	0.055	0.047	0.055	0.053	0.054	0.048	0.052	0.052	0.053	0.054	0.051	0.054	0.058	0.053	0.054	0.051	0.064	0.058	0.053	0.053	0.051	0.053	0.058	0.062	0.055	0.052	0.050	0.047	0.063	0.059	0.050	0.054	0.055	0.056	0.057	0.054	0.055	0.053	0.057	0.053	0.063	0.056	0.059	0.053	0.061	0.053	0.057	0.055	0.058	0.057	0.060	0.057	0.048	0.051	0.050	0.062	0.052	0.058	0.056	0.051	0.061	0.060	0.062	0.060	0.060	0.059
15:00:18	22.3	0.058	0.061	0.065	0.074	0.070	0.073	0.065	0.063	0.058	0.055	0.057	0.059	0.061	0.071	0.065	0.050	0.045	0.046	0.048	0.049	0.052	0.053	0.046	0.050	0.550	0.067	0.060	0.067	0.068	0.056	0.065	0.047	0.062	0.056	0.057	0.051	0.059	0.059	0.059	0.061	0.057	0.063	0.070	0.059	0.060	0.057	0.079	0.063	0.061	0.058	0.057	0.058	0.062	0.068	0.062	0.060	0.055	0.048	0.079	0.069	0.054	0.059	0.062	0.062	0.064	0.064	0.063	0.061	0.068	0.061	0.077	0.061	0.066	0.059	0.068	0.061	0.065	0.063	0.064	0.067	0.069	0.066	0.048	0.053	0.054	0.076	0.059	0.069	0.067	0.055	0.073	0.070	0.072	0.070	0.072	0.068
16:00:19	22.4	0.071	0.074	0.080	0.094	0.091	0.090	0.086	0.079	0.067	0.063	0.066	0.068	0.075	0.092	0.081	0.050	0.045	0.047	0.050	0.050	0.058	0.057	0.047	0.053	0.562	0.079	0.076	0.087	0.087	0.064	0.085	0.046	0.077	0.065	0.064	0.056	0.072	0.072	0.072	0.076	0.070	0.081	0.089	0.070	0.072	0.069	0.104	0.070	0.075	0.068	0.068	0.068	0.072	0.080	0.077	0.075	0.064	0.051	0.101	0.086	0.062	0.069	0.076	0.073	0.077	0.084	0.079	0.077	0.086	0.076	0.099	0.072	0.081	0.070	0.083	0.074	0.080	0.080	0.074	0.085	0.085	0.084	0.048	0.058	0.062	0.095	0.070	0.088	0.085	0.061	0.095	0.089	0.093	0.087	0.092	0.083
17:00:19	22.6	0.092	0.096	0.106	0.124	0.126	0.119	0.119	0.106	0.083	0.078	0.083	0.084	0.099	0.121	0.108	0.050	0.045	0.047	0.053	0.052	0.068	0.064	0.048	0.058	0.573	0.100	0.103	0.121	0.117	0.078	0.119	0.046	0.104	0.082	0.077	0.064	0.090	0.094	0.093	0.102	0.094	0.115	0.119	0.091	0.093	0.089	0.135	0.085	0.099	0.087	0.088	0.085	0.090	0.105	0.103	0.099	0.084	0.057	0.132	0.110	0.077	0.087	0.101	0.093	0.099	0.117	0.107	0.105	0.115	0.102	0.132	0.090	0.101	0.089	0.107	0.097	0.106	0.106	0.096	0.114	0.112	0.111	0.048	0.065	0.076	0.125	0.094	0.120	0.113	0.074	0.131	0.118	0.124	0.116	0.121	0.104
18:00:21	22.8	0.123	0.129	0.141	0.160	0.168	0.155	0.159	0.143	0.104	0.106	0.108	0.107	0.132	0.158	0.143	0.050	0.045	0.046	0.059	0.056	0.085	0.077	0.050	0.066	0.593	0.131	0.145	0.158	0.155	0.104	0.161	0.045	0.142	0.113	0.101	0.078	0.117	0.125	0.125	0.135	0.134	0.163	0.157	0.124	0.124	0.122	0.167	0.106	0.130	0.117	0.120	0.113	0.118	0.147	0.141	0.136	0.115	0.068	0.172	0.140	0.104	0.118	0.142	0.125	0.133	0.163	0.148	0.144	0.155	0.137	0.169	0.113	0.125	0.120	0.145	0.132	0.142	0.144	0.131	0.154	0.150	0.149	0.048	0.076	0.094	0.166	0.130	0.163	0.152	0.094	0.180	0.156	0.163	0.151	0.154	0.130
19:00:22	22.8	0.156	0.164	0.182	0.192	0.206	0.190	0.190	0.176	0.134	0.143	0.139	0.134	0.168	0.198	0.179	0.050	0.045	0.047	0.070	0.064	0.113	0.100	0.055	0.080	0.613	0.164	0.189	0.192	0.195	0.141	0.198	0.046	0.183	0.153	0.138	0.101	0.145	0.156	0.161	0.169	0.178	0.210	0.194	0.160	0.158	0.161	0.198	0.147	0.163	0.143	0.156	0.147	0.154	0.193	0.179	0.174	0.159	0.089	0.201	0.163	0.139	0.153	0.189	0.158	0.175	0.205	0.194	0.180	0.198	0.178	0.199	0.138	0.149	0.157	0.187	0.171	0.181	0.185	0.174	0.196	0.187	0.187	0.048	0.094	0.115	0.199	0.178	0.204	0.180	0.122	0.224	0.188	0.191	0.170	0.171	0.138
20:00:23	22.8	0.176	0.193	0.221	0.220	0.236	0.217	0.212	0.199	0.153	0.180	0.172	0.153	0.197	0.236	0.210	0.050	0.045	0.047	0.088	0.078	0.145	0.135	0.063	0.100	0.625	0.194	0.229	0.216	0.228	0.178	0.231	0.046	0.225	0.199	0.175	0.132	0.158	0.182	0.192	0.196	0.216	0.249	0.222	0.196	0.188	0.201	0.226	0.187	0.188	0.170	0.195	0.183	0.189	0.234	0.212	0.208	0.209	0.116	0.223	0.178	0.176	0.188	0.233	0.182	0.213	0.233	0.236	0.208	0.236	0.217	0.222	0.147	0.159	0.191	0.224	0.205	0.216	0.220	0.217	0.234	0.218	0.219	0.048	0.116	0.132	0.221	0.215	0.236	0.200	0.156	0.263	0.213	0.211	0.180	0.182	0.142
21:00:24	22.9	0.187	0.220	0.252	0.252	0.261	0.239	0.234	0.216	0.165	0.205	0.195	0.162	0.217	0.264	0.242	0.050	0.045	0.047	0.112	0.102	0.182	0.174	0.078	0.125	0.625	0.221	0.266	0.240	0.261	0.215	0.263	0.046	0.266	0.243	0.214	0.161	0.164	0.208	0.218	0.222	0.249	0.284	0.249	0.230	0.218	0.237	0.249	0.211	0.206	0.191	0.230	0.209	0.220	0.267	0.245	0.244	0.254	0.142	0.240	0.188	0.208	0.219	0.273	0.206	0.252	0.258	0.277	0.231	0.275	0.253	0.241	0.152	0.164	0.224	0.260	0.238	0.245	0.259	0.256	0.275	0.245	0.250	0.048	0.138	0.133	0.242	0.241	0.267	0.215	0.169	0.300	0.236	0.231	0.189	0.192	0.148
22:00:25	23.0	0.197	0.249	0.281	0.294	0.285	0.257	0.245	0.226	0.173	0.220	0.205	0.169	0.235	0.294	0.278	0.050	0.045	0.047	0.142	0.135	0.225	0.215	0.101	0.149	0.625	0.252	0.296	0.267	0.298	0.249	0.291	0.046	0.309	0.278	0.252	0.174	0.166	0.238	0.247	0.251	0.281	0.317	0.273	0.264	0.253	0.273	0.265	0.224	0.218	0.214	0.263	0.238	0.253	0.299	0.280	0.282	0.288	0.168	0.259	0.197	0.221	0.252	0.312	0.231	0.294	0.287	0.316	0.251	0.312	0.293	0.266	0.160	0.170	0.259	0.298	0.275	0.276	0.298	0.297	0.317	0.272	0.286	0.048	0.145	0.136	0.262	0.260	0.295	0.232	0.176	0.334	0.254	0.247	0.197	0.205	0.156
23:00:25	23.1	0.210	0.283	0.317	0.337	0.319	0.274	0.260	0.243	0.185	0.234	0.215	0.176	0.257	0.330	0.315	0.050	0.045	0.046	0.178	0.165	0.262	0.248	0.131	0.161	0.628	0.289	0.328	0.300	0.342	0.283	0.326	0.046	0.351	0.313	0.283	0.183	0.171	0.275	0.285	0.285	0.315	0.350	0.301	0.302	0.282	0.312	0.287	0.231	0.230	0.245	0.300	0.271	0.288	0.336	0.317	0.323	0.318	0.200	0.272	0.204	0.232	0.293	0.347	0.265	0.344	0.309	0.356	0.277	0.352	0.339	0.295	0.165	0.178	0.299	0.342	0.315	0.314	0.345	0.337	0.363	0.308	0.327	0.047	0.150	0.145	0.280	0.283	0.326	0.250	0.185	0.369	0.273	0.263	0.208	0.217	0.163
24:00:26	23.0	0.225	0.310	0.350	0.372	0.348	0.297	0.274	0.257	0.195	0.254	0.232	0.182	0.278	0.368	0.350	0.050	0.045	0.046	0.210	0.201	0.300	0.284	0.166	0.167	0.635	0.327	0.366	0.331	0.382	0.323	0.364	0.046	0.392	0.361	0.322	0.192	0.177	0.310	0.318	0.315	0.353	0.384	0.334	0.341	0.312	0.357	0.315	0.245	0.247	0.281	0.340	0.313	0.332	0.378	0.355	0.359	0.350	0.226	0.287	0.213	0.249	0.336	0.384	0.295	0.387	0.328	0.395	0.305	0.394	0.380	0.324	0.170	0.187	0.338	0.382	0.356	0.351	0.386	0.381	0.405	0.345	0.364	0.048	0.157	0.149	0.293	0.308	0.356	0.263	0.196	0.395	0.295	0.275	0.219	0.227	0.169
25:00:28	22.8	0.234	0.344	0.376	0.408	0.373	0.319	0.293	0.269	0.198	0.275	0.239	0.187	0.302	0.398	0.378	0.050	0.045	0.047	0.235	0.233	0.336	0.316	0.198	0.174	0.637	0.356	0.404	0.354	0.414	0.362	0.400	0.047	0.429	0.403	0.361	0.200	0.186	0.337	0.343	0.339	0.389	0.414	0.364	0.377	0.337	0.397	0.341	0.254	0.263	0.314	0.379	0.348	0.370	0.414	0.389	0.395	0.381	0.245	0.305	0.221	0.264	0.374	0.425	0.322	0.425	0.344	0.432	0.333	0.427	0.413	0.351	0.177	0.194	0.374	0.420	0.392	0.382	0.422	0.423	0.442	0.378	0.398	0.048	0.167	0.153	0.305	0.330	0.383	0.276	0.207	0.419	0.313	0.286	0.228	0.236	0.174
26:00:27	22.7	0.242	0.357	0.389	0.423	0.395	0.332	0.301	0.284	0.205	0.292	0.246	0.191	0.318	0.421	0.401	0.050	0.045	0.047	0.258	0.264	0.371	0.354	0.218	0.181	0.641	0.382	0.437	0.374	0.441	0.393	0.422	0.046	0.456	0.440	0.399	0.207	0.193	0.357	0.366	0.361	0.422	0.443	0.390	0.403	0.361	0.431	0.359	0.262	0.273	0.345	0.411	0.380	0.402	0.446	0.412	0.426	0.407	0.265	0.319	0.225	0.275	0.407	0.454	0.347	0.459	0.356	0.461	0.355	0.456	0.440	0.367	0.185	0.200	0.404	0.445	0.423	0.409	0.451	0.459	0.466	0.404	0.426	0.048	0.174	0.156	0.323	0.345	0.400	0.283	0.211	0.433	0.326	0.295	0.238	0.243	0.177
27:00:29	22.6	0.251	0.372	0.399	0.438	0.409	0.339	0.301	0.288	0.212	0.302	0.254	0.194	0.322	0.443	0.417	0.050	0.045	0.046	0.289	0.294	0.404	0.390	0.234	0.191	0.646	0.401	0.461	0.389	0.459	0.427	0.442	0.046	0.482	0.472	0.431	0.216	0.199	0.374	0.381	0.378	0.453	0.466	0.398	0.428	0.382	0.461	0.369	0.260	0.283	0.364	0.439	0.406	0.428	0.475	0.436	0.457	0.428	0.281	0.332	0.233	0.286	0.436	0.483	0.365	0.487	0.365	0.484	0.364	0.475	0.465	0.373	0.191	0.207	0.426	0.467	0.446	0.431	0.470	0.484	0.491	0.420	0.440	0.048	0.179	0.160	0.326	0.348	0.408	0.290	0.217	0.437	0.331	0.296	0.246	0.248	0.181
28:00:30	22.7	0.252	0.366	0.394	0.448	0.407	0.336	0.296	0.290	0.214	0.310	0.262	0.197	0.320	0.454	0.430	0.050	0.045	0.047	0.319	0.328	0.436	0.423	0.253	0.198	0.653	0.414	0.487	0.401	0.474	0.451	0.456	0.046	0.501	0.497	0.463	0.224	0.201	0.386	0.396	0.393	0.476	0.486	0.411	0.455	0.401	0.479	0.377	0.266	0.285	0.381	0.460	0.426	0.449	0.494	0.446	0.477	0.441	0.294	0.338	0.236	0.294	0.451	0.501	0.383	0.504	0.365	0.498	0.369	0.485	0.484	0.376	0.201	0.207	0.444	0.485	0.465	0.440	0.487	0.501	0.505	0.425	0.445	0.048	0.184	0.161	0.320	0.345	0.391	0.291	0.225	0.431	0.329	0.293	0.251	0.250	0.185
29:00:31	22.6	0.251	0.356	0.382	0.447	0.400	0.333	0.285	0.283	0.217	0.309	0.263	0.201	0.310	0.458	0.434	0.050	0.045	0.047	0.345	0.357	0.454	0.448	0.276	0.202	0.652	0.415	0.492	0.407	0.479	0.465	0.456	0.046	0.508	0.507	0.476	0.232	0.198	0.390	0.401	0.397	0.492	0.491	0.408	0.460	0.414	0.492	0.381	0.267	0.272	0.389	0.469	0.435	0.463	0.505	0.443	0.486	0.444	0.295	0.337	0.235	0.297	0.463	0.511	0.388	0.513	0.363	0.503	0.367	0.487	0.489	0.371	0.207	0.201	0.449	0.491	0.473	0.437	0.496	0.508	0.511	0.421	0.445	0.048	0.189	0.161	0.308	0.336	0.386	0.286	0.234	0.420	0.322	0.288	0.247	0.248	0.185
30:00:32	22.7	0.239	0.344	0.380	0.450	0.388	0.327	0.274	0.278	0.224	0.301	0.257	0.203	0.297	0.454	0.435	0.050	0.045	0.047	0.368	0.381	0.474	0.470	0.301	0.207	0.650	0.415	0.500	0.409	0.482	0.478	0.456	0.046	0.516	0.512	0.489	0.244	0.193	0.391	0.404	0.400	0.500	0.502	0.408	0.472	0.422	0.491	0.374	0.262	0.260	0.393	0.470	0.443	0.467	0.514	0.443	0.500	0.440	0.297	0.333	0.229	0.295	0.467	0.516	0.395	0.517	0.358	0.506	0.364	0.490	0.492	0.362	0.212	0.196	0.452	0.497	0.479	0.438	0.500	0.513	0.514	0.417	0.439	0.048	0.194	0.164	0.305	0.327	0.370	0.278	0.240	0.401	0.312	0.280	0.243	0.243	0.181
31:00:32	22.7	0.225	0.327	0.369	0.454	0.381	0.322	0.268	0.272	0.224	0.296	0.251	0.198	0.289	0.457	0.441	0.050	0.045	0.047	0.383	0.405	0.477	0.484	0.319	0.214	0.644	0.420	0.504	0.411	0.486	0.488	0.459	0.046	0.519	0.517	0.489	0.244	0.189	0.397	0.406	0.405	0.511	0.500	0.410	0.479	0.427	0.498	0.368	0.255	0.249	0.399	0.477	0.440	0.476	0.518	0.447	0.506	0.437	0.298	0.329	0.226	0.295	0.470	0.516	0.397	0.525	0.355	0.504	0.355	0.496	0.495	0.356	0.211	0.192	0.454	0.500	0.484	0.430	0.498	0.518	0.516	0.419	0.437	0.047	0.200	0.165	0.295	0.315	0.362	0.273	0.240	0.381	0.300	0.273	0.239	0.239	0.177
32:00:34	22.6	0.214	0.317	0.356	0.456	0.377	0.312	0.259	0.264	0.235	0.290	0.248	0.191	0.276	0.459	0.442	0.051	0.046	0.047	0.394	0.423	0.487	0.493	0.341	0.224	0.637	0.419	0.510	0.413	0.493	0.491	0.461	0.046	0.526	0.527	0.493	0.241	0.188	0.397	0.405	0.406	0.516	0.508	0.409	0.478	0.429	0.499	0.363	0.250	0.240	0.399	0.485	0.444	0.480	0.522	0.447	0.509	0.433	0.297	0.323	0.220	0.290	0.478	0.522	0.400	0.532	0.350	0.508	0.356	0.494	0.499	0.354	0.209	0.191	0.457	0.510	0.491	0.430	0.503	0.521	0.521	0.412	0.441	0.048	0.202	0.162	0.290	0.304	0.353	0.266	0.236	0.369	0.295	0.265	0.235	0.234	0.174
33:00:34	22.6	0.208	0.298	0.341	0.452	0.362	0.304	0.250	0.257	0.233	0.280	0.243	0.187	0.261	0.466	0.444	0.051	0.045	0.047	0.389	0.435	0.489	0.495	0.351	0.229	0.633	0.417	0.510	0.415	0.499	0.492	0.449	0.046	0.528	0.524	0.492	0.240	0.184	0.396	0.408	0.403	0.520	0.510	0.403	0.482	0.434	0.508	0.352	0.243	0.229	0.397	0.486	0.446	0.483	0.526	0.440	0.509	0.425	0.296	0.316	0.217	0.285	0.475	0.523	0.405	0.535	0.342	0.506	0.345	0.490	0.498	0.345	0.205	0.187	0.456	0.514	0.491	0.427	0.507	0.523	0.521	0.398	0.430	0.048	0.200	0.157	0.277	0.297	0.338	0.259	0.234	0.355	0.285	0.259	0.232	0.229	0.170
34:00:35	22.6	0.201	0.286	0.341	0.444	0.352	0.301	0.243	0.250	0.232	0.271	0.236	0.183	0.251	0.465	0.447	0.051	0.045	0.046	0.382	0.440	0.500	0.499	0.357	0.230	0.629	0.420	0.511	0.415	0.493	0.495	0.444	0.047	0.532	0.525	0.481	0.235	0.180	0.401	0.412	0.406	0.524	0.516	0.397	0.480	0.434	0.504	0.346	0.239	0.225	0.397	0.484	0.447	0.488	0.532	0.437	0.511	0.415	0.295	0.311	0.213	0.285	0.473	0.522	0.404	0.529	0.335	0.503	0.339	0.480	0.500	0.337	0.203	0.185	0.457	0.513	0.493	0.413	0.511	0.519	0.519	0.389	0.423	0.047	0.196	0.154	0.266	0.288	0.337	0.253	0.229	0.339	0.277	0.254	0.227	0.224	0.168
35:00:36	22.5	0.196	0.275	0.333	0.437	0.346	0.294	0.239	0.242	0.230	0.264	0.236	0.181	0.244	0.469	0.452	0.051	0.045	0.046	0.375	0.444	0.507	0.503	0.355	0.227	0.626	0.426	0.516	0.418	0.504	0.501	0.441	0.046	0.541	0.522	0.477	0.231	0.180	0.402	0.415	0.417	0.525	0.520	0.394	0.484	0.442	0.507	0.338	0.234	0.221	0.400	0.486	0.457	0.489	0.540	0.429	0.520	0.408	0.298	0.304	0.210	0.286	0.470	0.518	0.405	0.544	0.332	0.495	0.329	0.485	0.502	0.332	0.202	0.184	0.456	0.522	0.494	0.404	0.518	0.516	0.520	0.382	0.414	0.048	0.193	0.151	0.257	0.281	0.313	0.246	0.226	0.325	0.273	0.250	0.223	0.221	0.166
36:00:36	22.4	0.195	0.269	0.329	0.432	0.337	0.290	0.235	0.233	0.225	0.257	0.233	0.181	0.241	0.476	0.461	0.052	0.045	0.047	0.369	0.447	0.507	0.506	0.344	0.221	0.624	0.431	0.521	0.424	0.515	0.502	0.437	0.046	0.544	0.524	0.468	0.218	0.179	0.406	0.415	0.421	0.528	0.523	0.395	0.487	0.447	0.509	0.330	0.229	0.217	0.406	0.487	0.458	0.497	0.544	0.422	0.516	0.404	0.298	0.299	0.210	0.280	0.468	0.520	0.412	0.545	0.327	0.492	0.328	0.479	0.503	0.327	0.199	0.183	0.462	0.526	0.503	0.393	0.525	0.513	0.523	0.371	0.415	0.048	0.189	0.147	0.249	0.274	0.303	0.240	0.225	0.312	0.266	0.245	0.220	0.217	0.164
37:00:38	22.3	0.194	0.261	0.325	0.416	0.324	0.281	0.230	0.227	0.220	0.253	0.230	0.175	0.233	0.481	0.471	0.053	0.045	0.047	0.353	0.448	0.514	0.507	0.342	0.219	0.621	0.440	0.520	0.428	0.521	0.501	0.427	0.046	0.555	0.519	0.453	0.215	0.178	0.412	0.425	0.426	0.531	0.526	0.388	0.488	0.449	0.501	0.322	0.225	0.213	0.414	0.491	0.464	0.498	0.550	0.410	0.526	0.386	0.295	0.291	0.206	0.273	0.459	0.523	0.418	0.543	0.316	0.483	0.321	0.469	0.506	0.317	0.196	0.181	0.458	0.529	0.505	0.376	0.532	0.500	0.512	0.360	0.404	0.048	0.185	0.145	0.243	0.267	0.289	0.234	0.225	0.300	0.261	0.239	0.218	0.214	0.162
38:00:38	22.2	0.189	0.256	0.317	0.403	0.308	0.274	0.228	0.221	0.210	0.245	0.226	0.172	0.232	0.487	0.472	0.054	0.045	0.047	0.346	0.449	0.516	0.511	0.336	0.212	0.620	0.447	0.517	0.435	0.531	0.509	0.416	0.046	0.559	0.514	0.445	0.208	0.177	0.417	0.428	0.425	0.533	0.532	0.386	0.495	0.455	0.495	0.313	0.222	0.211	0.416	0.491	0.468	0.500	0.551	0.408	0.528	0.377	0.295	0.286	0.205	0.271	0.451	0.516	0.418	0.553	0.315	0.478	0.312	0.467	0.505	0.312	0.191	0.180	0.460	0.534	0.510	0.362	0.535	0.488	0.510	0.352	0.398	0.047	0.182	0.142	0.234	0.262	0.277	0.231	0.220	0.292	0.256	0.234	0.215	0.211	0.160
39:00:40	22.1	0.184	0.252	0.308	0.378	0.293	0.267	0.224	0.215	0.204	0.239	0.222	0.167	0.225	0.481	0.483	0.055	0.045	0.047	0.330	0.452	0.518	0.500	0.330	0.207	0.616	0.448	0.513	0.439	0.540	0.514	0.399	0.045	0.562	0.508	0.429	0.204	0.176	0.424	0.434	0.431	0.535	0.539	0.378	0.495	0.453	0.488	0.301	0.217	0.206	0.414	0.487	0.475	0.505	0.553	0.394	0.533	0.363	0.294	0.278	0.201	0.268	0.439	0.511	0.422	0.547	0.307	0.466	0.303	0.454	0.500	0.305	0.186	0.178	0.446	0.528	0.506	0.345	0.537	0.470	0.500	0.338	0.388	0.047	0.179	0.140	0.224	0.257	0.265	0.225	0.219	0.283	0.249	0.230	0.212	0.208	0.157
40:00:41	22.1	0.179	0.248	0.305	0.359	0.278	0.258	0.220	0.210	0.198	0.232	0.216	0.163	0.223	0.482	0.483	0.057	0.045	0.046	0.322	0.460	0.516	0.486	0.323	0.202	0.613	0.452	0.504	0.443	0.548	0.507	0.383	0.046	0.555	0.493	0.418	0.200	0.175	0.429	0.442	0.439	0.539	0.541	0.371	0.498	0.460	0.477	0.295	0.211	0.203	0.426	0.480	0.482	0.508	0.560	0.386	0.529	0.354	0.296	0.276	0.198	0.260	0.418	0.505	0.429	0.558	0.303	0.448	0.295	0.444	0.496	0.297	0.184	0.177	0.433	0.526	0.512	0.333	0.541	0.459	0.492	0.330	0.380	0.047	0.177	0.139	0.219	0.253	0.258	0.223	0.218	0.273	0.242	0.227	0.209	0.206	0.153
41:00:41	22.4	0.175	0.249	0.300	0.345	0.266	0.248	0.213	0.206	0.193	0.227	0.212	0.158	0.219	0.481	0.496	0.059	0.045	0.047	0.313	0.459	0.507	0.478	0.312	0.197	0.610	0.456	0.495	0.447	0.556	0.506	0.375	0.046	0.554	0.480	0.405	0.194	0.173	0.441	0.450	0.444	0.533	0.537	0.361	0.494	0.466	0.465	0.289	0.206	0.200	0.439	0.475	0.488	0.504	0.562	0.371	0.530	0.345	0.298	0.272	0.194	0.251	0.400	0.502	0.427	0.556	0.297	0.439	0.286	0.437	0.498	0.290	0.181	0.177	0.411	0.521	0.508	0.328	0.544	0.441	0.473	0.317	0.363	0.048	0.175	0.135	0.214	0.250	0.249	0.220	0.216	0.264	0.233	0.224	0.207	0.203	0.151
42:00:43	22.6	0.170	0.252	0.295	0.331	0.258	0.244	0.207	0.202	0.190	0.221	0.208	0.157	0.216	0.477	0.490	0.062	0.045	0.047	0.304	0.467	0.506	0.476	0.307	0.195	0.608	0.469	0.489	0.462	0.565	0.505	0.363	0.047	0.561	0.473	0.397	0.191	0.173	0.447	0.454	0.455	0.528	0.544	0.356	0.494	0.467	0.455	0.284	0.202	0.201	0.452	0.461	0.495	0.506	0.564	0.362	0.530	0.338	0.298	0.270	0.192	0.250	0.387	0.499	0.431	0.555	0.289	0.431	0.280	0.429	0.492	0.285	0.178	0.176	0.401	0.513	0.511	0.314	0.543	0.434	0.465	0.309	0.360	0.048	0.172	0.134	0.210	0.247	0.240	0.217	0.213	0.257	0.231	0.220	0.205	0.201	0.147
43:00:44	22.7	0.168	0.251	0.284	0.324	0.254	0.235	0.203	0.199	0.187	0.218	0.204	0.154	0.214	0.469	0.498	0.067	0.045	0.047	0.297	0.469	0.494	0.466	0.304	0.192	0.606	0.469	0.477	0.458	0.566	0.508	0.356	0.046	0.562	0.461	0.387	0.187	0.172	0.457	0.464	0.459	0.519	0.544	0.350	0.493	0.474	0.445	0.278	0.198	0.196	0.457	0.451	0.502	0.507	0.574	0.354	0.520	0.329	0.298	0.269	0.189	0.240	0.374	0.486	0.443	0.557	0.284	0.418	0.274	0.424	0.481	0.280	0.176	0.175	0.379	0.506	0.507	0.306	0.544	0.417	0.455	0.301	0.351	0.048	0.170	0.135	0.209	0.244	0.233	0.213	0.209	0.256	0.227	0.218	0.201	0.198	0.145
44:00:45	22.8	0.165	0.244	0.279	0.315	0.248	0.232	0.202	0.195	0.183	0.215	0.199	0.150	0.210	0.462	0.494	0.073	0.045	0.046	0.290	0.477	0.495	0.455	0.299	0.187	0.604	0.469	0.465	0.464	0.572	0.504	0.351	0.046	0.563	0.448	0.378	0.182	0.169	0.464	0.467	0.463	0.513	0.542	0.343	0.482	0.481	0.433	0.275	0.201	0.193	0.466	0.436	0.513	0.504	0.573	0.341	0.521	0.323	0.299	0.267	0.187	0.228	0.360	0.476	0.450	0.562	0.280	0.407	0.274	0.414	0.476	0.274	0.173	0.172	0.364	0.488	0.501	0.302	0.536	0.401	0.440	0.296	0.339	0.047	0.167	0.134	0.206	0.242	0.225	0.210	0.203	0.244	0.223	0.215	0.197	0.194	0.142
45:00:45	22.6	0.163	0.242	0.274	0.312	0.248	0.229	0.199	0.193	0.181	0.212	0.196	0.151	0.207	0.468	0.503	0.080	0.045	0.047	0.287	0.481	0.492	0.444	0.293	0.184	0.604	0.474	0.460	0.470	0.575	0.506	0.343	0.047	0.565	0.440	0.371	0.180	0.168	0.468	0.475	0.476	0.510	0.548	0.344	0.487	0.491	0.423	0.270	0.191	0.190	0.474	0.425	0.519	0.504	0.572	0.336	0.515	0.318	0.303	0.267	0.186	0.221	0.347	0.469	0.467	0.558	0.276	0.394	0.271	0.410	0.468	0.269	0.171	0.171	0.349	0.479	0.504	0.302	0.537	0.392	0.431	0.297	0.334	0.048	0.167	0.135	0.203	0.239	0.222	0.207	0.198	0.242	0.221	0.212	0.195	0.190	0.139
46:00:46	22.6	0.160	0.238	0.271	0.302	0.245	0.227	0.198	0.189	0.177	0.207	0.192	0.147	0.206	0.455	0.498	0.088	0.045	0.047	0.281	0.480	0.485	0.430	0.289	0.181	0.599	0.476	0.442	0.475	0.579	0.490	0.332	0.047	0.565	0.428	0.365	0.177	0.167	0.470	0.484	0.485	0.500	0.543	0.339	0.482	0.495	0.411	0.266	0.189	0.188	0.479	0.408	0.523	0.498	0.573	0.325	0.511	0.313	0.304	0.264	0.183	0.213	0.340	0.458	0.471	0.554	0.272	0.379	0.269	0.397	0.462	0.266	0.168	0.169	0.335	0.463	0.483	0.297	0.532	0.379	0.417	0.292	0.321	0.047	0.164	0.134	0.202	0.238	0.217	0.204	0.195	0.237	0.219	0.208	0.191	0.186	0.137
47:00:47	22.6	0.158	0.237	0.269	0.300	0.241	0.226	0.197	0.187	0.175	0.205	0.189	0.144	0.205	0.456	0.499	0.097	0.045	0.047	0.278	0.491	0.480	0.427	0.286	0.178	0.597	0.475	0.428	0.490	0.584	0.487	0.330	0.047	0.574	0.420	0.359	0.176	0.165	0.482	0.491	0.485	0.494	0.547	0.339	0.479	0.498	0.402	0.262	0.189	0.189	0.490	0.389	0.529	0.496	0.567	0.320	0.507	0.307	0.307	0.262	0.181	0.212	0.334	0.449	0.481	0.559	0.269	0.374	0.269	0.390	0.459	0.262	0.167	0.168	0.323	0.452	0.477	0.293	0.529	0.368	0.405	0.290	0.317	0.048	0.162	0.131	0.199	0.234	0.213	0.201	0.192	0.235	0.217	0.205	0.189	0.183	0.136
48:00:47	22.7	0.154	0.232	0.262	0.295	0.240	0.224	0.193	0.183	0.173	0.201	0.186	0.142	0.203	0.434	0.482	0.105	0.045	0.046	0.271	0.491	0.466	0.414	0.280	0.176	0.593	0.465	0.414	0.499	0.574	0.479	0.319	0.048	0.558	0.402	0.349	0.175	0.164	0.487	0.500	0.502	0.478	0.543	0.329	0.474	0.497	0.391	0.257	0.184	0.184	0.498	0.371	0.534	0.486	0.565	0.312	0.495	0.300	0.309	0.260	0.179	0.206	0.324	0.438	0.486	0.542	0.265	0.367	0.270	0.381	0.448	0.258	0.165	0.167	0.313	0.425	0.458	0.287	0.519	0.354	0.386	0.281	0.307	0.048	0.160	0.129	0.195	0.232	0.209	0.197	0.188	0.230	0.213	0.203	0.187	0.180	0.134
49:00:49	22.7	0.154	0.229	0.255	0.293	0.237	0.221	0.193	0.180	0.172	0.197	0.184	0.141	0.202	0.428	0.484	0.115	0.045	0.046	0.266	0.488	0.462	0.401	0.277	0.172	0.592	0.457	0.401	0.506	0.574	0.472	0.314	0.048	0.553	0.397	0.341	0.172	0.163	0.493	0.507	0.511	0.460	0.541	0.326	0.472	0.501	0.377	0.255	0.181	0.183	0.505	0.356	0.537	0.480	0.562	0.305	0.489	0.297	0.314	0.258	0.177	0.204	0.321	0.431	0.490	0.532	0.263	0.357	0.265	0.374	0.439	0.255	0.163	0.165	0.301	0.411	0.444	0.283	0.509	0.343	0.375	0.280	0.304	0.047	0.159	0.127	0.192	0.229	0.207	0.195	0.185	0.224	0.211	0.201	0.183	0.177	0.133
50:00:50	22.6	0.150	0.223	0.249	0.288	0.232	0.216	0.192	0.175	0.172	0.193	0.180	0.138	0.198	0.414	0.473	0.128	0.045	0.047	0.262	0.481	0.443	0.391	0.272	0.168	0.589	0.437	0.392	0.512	0.576	0.454	0.304	0.048	0.540	0.384	0.332	0.170	0.161	0.490	0.512	0.524	0.447	0.527	0.317	0.461	0.508	0.364	0.252	0.182	0.181	0.510	0.340	0.537	0.464	0.557	0.297	0.470	0.292	0.319	0.256	0.175	0.203	0.308	0.418	0.500	0.522	0.260	0.343	0.262	0.365	0.429	0.250	0.161	0.163	0.293	0.395	0.434	0.278	0.494	0.332	0.358	0.275	0.293	0.047	0.156	0.124	0.189	0.226	0.205	0.191	0.180	0.218	0.207	0.197	0.180	0.174	0.129
51:00:50	22.5	0.149	0.220	0.245	0.283	0.229	0.218	0.190	0.174	0.166	0.193	0.178	0.136	0.196	0.395	0.460	0.136	0.045	0.047	0.262	0.473	0.430	0.378	0.272	0.166	0.587	0.425	0.383	0.521	0.563	0.441	0.301	0.049	0.537	0.374	0.326	0.168	0.159	0.487	0.512	0.536	0.435	0.525	0.308	0.451	0.512	0.351	0.249	0.179	0.181	0.504	0.329	0.541	0.458	0.542	0.289	0.461	0.286	0.325	0.254	0.173	0.199	0.298	0.408	0.506	0.508	0.258	0.336	0.263	0.352	0.417	0.247	0.158	0.162	0.282	0.378	0.420	0.274	0.479	0.319	0.343	0.271	0.284	0.047	0.155	0.123	0.186	0.224	0.201	0.188	0.179	0.214	0.205	0.195	0.177	0.171	0.130
52:00:51	22.4	0.146	0.215	0.236	0.275	0.223	0.212	0.188	0.171	0.165	0.191	0.174	0.134	0.192	0.379	0.449	0.138	0.045	0.047	0.254	0.467	0.416	0.367	0.264	0.165	0.584	0.413	0.368	0.525	0.564	0.428	0.294	0.049	0.525	0.364	0.319	0.166	0.158	0.488	0.521	0.536	0.422	0.515	0.303	0.442	0.511	0.340	0.243	0.181	0.180	0.501	0.316	0.530	0.446	0.539	0.280	0.447	0.283	0.323	0.248	0.170	0.195	0.291	0.399	0.512	0.496	0.254	0.323	0.263	0.344	0.408	0.242	0.157	0.162	0.278	0.367	0.404	0.270	0.460	0.314	0.332	0.270	0.277	0.047	0.153	0.121	0.186	0.220	0.197	0.185	0.178	0.209	0.202	0.193	0.174	0.168	0.129
53:00:53	22.2	0.145	0.211	0.231	0.267	0.222	0.210	0.185	0.170	0.165	0.191	0.170	0.132	0.189	0.363	0.432	0.140	0.045	0.046	0.248	0.465	0.404	0.359	0.260	0.162	0.582	0.402	0.360	0.529	0.558	0.417	0.290	0.050	0.512	0.353	0.309	0.164	0.156	0.480	0.524	0.540	0.406	0.500	0.296	0.428	0.514	0.334	0.242	0.170	0.177	0.504	0.307	0.523	0.433	0.517	0.273	0.435	0.280	0.325	0.245	0.167	0.192	0.282	0.386	0.513	0.476	0.253	0.314	0.261	0.334	0.395	0.238	0.155	0.161	0.272	0.354	0.387	0.267	0.440	0.309	0.322	0.265	0.271	0.047	0.151	0.118	0.183	0.214	0.194	0.181	0.176	0.207	0.200	0.190	0.172	0.165	0.126
54:00:54	22.4	0.143	0.214	0.228	0.269	0.218	0.207	0.184	0.167	0.163	0.186	0.168	0.131	0.189	0.347	0.427	0.143	0.045	0.047	0.246	0.454	0.392	0.352	0.259	0.160	0.581	0.386	0.357	0.538	0.543	0.403	0.284	0.051	0.504	0.344	0.304	0.163	0.157	0.468	0.520	0.546	0.397	0.492	0.295	0.423	0.517	0.325	0.239	0.172	0.179	0.492	0.299	0.526	0.424	0.505	0.269	0.420	0.276	0.326	0.245	0.165	0.191	0.281	0.382	0.514	0.461	0.251	0.307	0.259	0.327	0.387	0.237	0.152	0.161	0.271	0.348	0.383	0.262	0.417	0.303	0.310	0.260	0.267	0.047	0.150	0.117	0.180	0.213	0.193	0.179	0.174	0.203	0.198	0.186	0.171	0.164	0.124
55:00:53	22.5	0.141	0.208	0.224	0.264	0.215	0.202	0.180	0.164	0.161	0.189	0.164	0.130	0.184	0.330	0.409	0.146	0.045	0.046	0.244	0.438	0.379	0.335	0.255	0.159	0.578	0.372	0.349	0.550	0.542	0.390	0.279	0.051	0.484	0.335	0.296	0.161	0.155	0.455	0.526	0.550	0.384	0.484	0.287	0.408	0.519	0.316	0.234	0.175	0.175	0.484	0.296	0.520	0.413	0.490	0.264	0.408	0.272	0.332	0.241	0.162	0.187	0.276	0.365	0.511	0.451	0.246	0.299	0.256	0.320	0.374	0.232	0.149	0.157	0.268	0.336	0.371	0.258	0.400	0.293	0.301	0.255	0.262	0.047	0.147	0.114	0.177	0.208	0.188	0.176	0.169	0.196	0.194	0.182	0.168	0.161	0.122
56:00:55	22.6	0.139	0.201	0.220	0.264	0.211	0.199	0.175	0.162	0.160	0.190	0.161	0.133	0.181	0.327	0.404	0.154	0.045	0.046	0.244	0.439	0.377	0.337	0.252	0.159	0.576	0.366	0.349	0.555	0.531	0.379	0.277	0.053	0.473	0.332	0.293	0.159	0.154	0.453	0.523	0.554	0.378	0.475	0.287	0.400	0.519	0.309	0.234	0.169	0.173	0.478	0.296	0.511	0.401	0.481	0.261	0.394	0.270	0.334	0.240	0.160	0.181	0.268	0.362	0.512	0.450	0.245	0.294	0.253	0.312	0.363	0.229	0.148	0.156	0.266	0.336	0.358	0.260	0.386	0.290	0.295	0.251	0.258	0.047	0.145	0.114	0.177	0.206	0.185	0.175	0.166	0.191	0.193	0.179	0.166	0.160	0.122
57:00:55	22.6	0.134	0.202	0.219	0.265	0.209	0.196	0.173	0.160	0.158	0.184	0.161	0.130	0.181	0.306	0.381	0.161	0.045	0.047	0.241	0.420	0.359	0.322	0.246	0.154	0.574	0.346	0.340	0.546	0.521	0.365	0.272	0.055	0.444	0.325	0.289	0.158	0.153	0.443	0.523	0.551	0.366	0.464	0.279	0.382	0.513	0.302	0.231	0.164	0.171	0.468	0.287	0.499	0.389	0.462	0.259	0.377	0.268	0.343	0.240	0.158	0.179	0.261	0.351	0.506	0.434	0.244	0.286	0.249	0.302	0.345	0.227	0.147	0.155	0.261	0.330	0.352	0.254	0.364	0.282	0.289	0.245	0.253	0.047	0.143	0.112	0.172	0.202	0.182	0.172	0.161	0.185	0.191	0.176	0.164	0.157	0.121
58:00:57	22.6	0.133	0.196	0.213	0.257	0.205	0.193	0.169	0.157	0.156	0.187	0.157	0.126	0.176	0.294	0.362	0.170	0.045	0.047	0.234	0.407	0.347	0.315	0.240	0.154	0.571	0.329	0.335	0.543	0.514	0.354	0.265	0.056	0.426	0.314	0.278	0.155	0.151	0.420	0.513	0.540	0.356	0.441	0.272	0.370	0.505	0.293	0.227	0.166	0.168	0.449	0.281	0.478	0.376	0.437	0.254	0.362	0.263	0.347	0.238	0.157	0.174	0.256	0.340	0.496	0.425	0.241	0.275	0.247	0.298	0.335	0.223	0.145	0.153	0.257	0.324	0.341	0.247	0.345	0.276	0.279	0.240	0.247	0.047	0.140	0.110	0.167	0.196	0.178	0.168	0.157	0.181	0.188	0.173	0.162	0.154	0.119
59:00:58	22.6	0.131	0.192	0.210	0.254	0.202	0.191	0.167	0.155	0.154	0.176	0.158	0.125	0.175	0.286	0.351	0.179	0.044	0.046	0.230	0.388	0.343	0.315	0.237	0.150	0.569	0.318	0.329	0.531	0.498	0.344	0.257	0.057	0.408	0.308	0.272	0.154	0.150	0.407	0.508	0.548	0.341	0.427	0.269	0.358	0.500	0.286	0.226	0.169	0.169	0.442	0.273	0.466	0.364	0.429	0.246	0.353	0.261	0.352	0.241	0.155	0.170	0.252	0.327	0.484	0.411	0.239	0.267	0.241	0.290	0.321	0.218	0.143	0.152	0.255	0.312	0.326	0.236	0.328	0.272	0.277	0.234	0.240	0.047	0.138	0.109	0.164	0.193	0.177	0.165	0.154	0.177	0.186	0.170	0.160	0.152	0.118
60:00:58	22.5	0.130	0.182	0.206	0.244	0.200	0.188	0.164	0.153	0.154	0.169	0.157	0.127	0.172	0.278	0.338	0.184	0.045	0.046	0.224	0.382	0.336	0.308	0.235	0.147	0.565	0.301	0.325	0.518	0.490	0.332	0.251	0.058	0.391	0.308	0.266	0.150	0.148	0.382	0.493	0.542	0.337	0.413	0.264	0.346	0.491	0.283	0.225	0.163	0.168	0.419	0.260	0.444	0.355	0.415	0.248	0.337	0.259	0.351	0.245	0.153	0.164	0.249	0.317	0.473	0.388	0.236	0.260	0.235	0.284	0.309	0.216	0.142	0.152	0.253	0.305	0.319	0.230	0.316	0.269	0.275	0.229	0.237	0.047	0.137	0.108	0.161	0.188	0.174	0.163	0.155	0.175	0.185	0.167	0.158	0.151	0.117
61:01:00	22.4	0.128	0.180	0.202	0.242	0.195	0.185	0.160	0.150	0.152	0.168	0.154	0.121	0.169	0.266	0.323	0.187	0.045	0.046	0.219	0.367	0.326	0.300	0.232	0.145	0.561	0.291	0.314	0.518	0.470	0.322	0.241	0.060	0.372	0.302	0.259	0.150	0.146	0.352	0.485	0.543	0.328	0.397	0.254	0.329	0.488	0.278	0.223	0.164	0.164	0.390	0.255	0.418	0.343	0.390	0.244	0.327	0.254	0.355	0.238	0.152	0.162	0.238	0.310	0.461	0.378	0.234	0.253	0.228	0.276	0.301	0.213	0.141	0.151	0.248	0.306	0.303	0.223	0.300	0.262	0.266	0.221	0.233	0.047	0.135	0.107	0.161	0.183	0.173	0.160	0.150	0.172	0.182	0.165	0.154	0.148	0.116
62:01:01	22.4	0.129	0.179	0.199	0.234	0.190	0.181	0.159	0.148	0.149	0.178	0.152	0.118	0.166	0.260	0.307	0.188	0.045	0.046	0.213	0.352	0.312	0.289	0.229	0.145	0.558	0.280	0.308	0.501	0.443	0.310	0.232	0.062	0.358	0.291	0.251	0.148	0.144	0.334	0.482	0.537	0.319	0.378	0.246	0.319	0.473	0.271	0.220	0.165	0.163	0.367	0.253	0.401	0.336	0.375	0.236	0.313	0.250	0.358	0.235	0.150	0.161	0.234	0.300	0.442	0.367	0.231	0.248	0.225	0.268	0.289	0.209	0.139	0.152	0.239	0.299	0.297	0.222	0.287	0.258	0.261	0.216	0.226	0.047	0.135	0.106	0.162	0.180	0.169	0.157	0.146	0.168	0.179	0.162	0.153	0.144	0.114
63:01:02	22.3	0.131	0.176	0.197	0.224	0.187	0.181	0.157	0.148	0.149	0.170	0.150	0.116	0.165	0.255	0.297	0.188	0.045	0.046	0.210	0.339	0.307	0.284	0.228	0.143	0.556	0.274	0.305	0.493	0.431	0.302	0.229	0.063	0.346	0.284	0.245	0.148	0.145	0.320	0.477	0.526	0.313	0.366	0.245	0.313	0.464	0.266	0.219	0.169	0.163	0.359	0.249	0.384	0.330	0.360	0.235	0.304	0.249	0.361	0.236	0.148	0.160	0.231	0.297	0.424	0.349	0.229	0.242	0.221	0.264	0.280	0.209	0.139	0.149	0.234	0.290	0.288	0.219	0.274	0.254	0.254	0.216	0.223	0.047	0.134	0.105	0.159	0.178	0.167	0.156	0.145	0.165	0.178	0.160	0.152	0.142	0.113
64:01:03	22.3	0.130	0.175	0.193	0.227	0.187	0.179	0.155	0.147	0.146	0.181	0.148	0.115	0.164	0.249	0.287	0.188	0.045	0.047	0.207	0.326	0.297	0.276	0.225	0.142	0.554	0.269	0.299	0.484	0.414	0.293	0.227	0.066	0.333	0.278	0.242	0.148	0.145	0.305	0.454	0.527	0.309	0.358	0.242	0.304	0.459	0.258	0.217	0.181	0.161	0.343	0.249	0.377	0.325	0.350	0.232	0.302	0.245	0.365	0.229	0.146	0.158	0.230	0.288	0.416	0.350	0.229	0.238	0.221	0.259	0.276	0.207	0.137	0.150	0.227	0.283	0.287	0.220	0.265	0.250	0.251	0.213	0.219	0.047	0.133	0.104	0.159	0.176	0.164	0.155	0.143	0.163	0.175	0.158	0.150	0.140	0.111
65:01:02	22.4	0.125	0.172	0.190	0.223	0.182	0.176	0.151	0.144	0.145	0.183	0.147	0.113	0.161	0.246	0.279	0.187	0.045	0.046	0.204	0.313	0.290	0.271	0.225	0.139	0.552	0.260	0.300	0.460	0.397	0.289	0.223	0.068	0.322	0.274	0.239	0.147	0.145	0.294	0.443	0.517	0.299	0.345	0.239	0.297	0.444	0.258	0.214	0.174	0.162	0.328	0.245	0.359	0.314	0.339	0.230	0.292	0.242	0.368	0.225	0.144	0.157	0.227	0.283	0.395	0.339	0.225	0.234	0.218	0.254	0.269	0.205	0.135	0.148	0.227	0.277	0.274	0.216	0.256	0.245	0.247	0.211	0.216	0.047	0.131	0.102	0.156	0.174	0.159	0.152	0.140	0.159	0.172	0.156	0.149	0.138	0.110
66:01:04	22.6	0.125	0.169	0.189	0.217	0.182	0.175	0.149	0.144	0.144	0.177	0.145	0.113	0.159	0.243	0.274	0.186	0.045	0.046	0.201	0.305	0.284	0.268	0.222	0.139	0.550	0.257	0.297	0.452	0.389	0.282	0.221	0.070	0.314	0.269	0.237	0.146	0.144	0.286	0.423	0.504	0.293	0.339	0.235	0.291	0.437	0.252	0.213	0.181	0.159	0.325	0.245	0.354	0.313	0.330	0.229	0.285	0.239	0.376	0.229	0.142	0.153	0.224	0.278	0.382	0.336	0.224	0.231	0.217	0.250	0.266	0.205	0.132	0.147	0.224	0.272	0.270	0.218	0.251	0.242	0.239	0.209	0.213	0.047	0.129	0.100	0.155	0.171	0.158	0.152	0.138	0.156	0.171	0.155	0.147	0.137	0.109
67:01:04	22.7	0.126	0.169	0.185	0.214	0.182	0.171	0.147	0.145	0.143	0.181	0.145	0.111	0.157	0.242	0.275	0.187	0.045	0.046	0.203	0.305	0.283	0.262	0.221	0.140	0.549	0.256	0.302	0.445	0.379	0.280	0.224	0.072	0.311	0.264	0.235	0.146	0.146	0.284	0.420	0.502	0.291	0.338	0.235	0.287	0.431	0.250	0.211	0.189	0.157	0.312	0.242	0.350	0.314	0.331	0.226	0.285	0.239	0.375	0.219	0.141	0.151	0.226	0.275	0.376	0.335	0.222	0.231	0.216	0.249	0.265	0.203	0.132	0.146	0.226	0.276	0.261	0.219	0.249	0.241	0.237	0.211	0.213	0.047	0.129	0.099	0.156	0.169	0.155	0.151	0.137	0.154	0.169	0.154	0.146	0.137	0.108
68:01:05	22.8	0.123	0.165	0.181	0.210	0.178	0.169	0.145	0.142	0.142	0.179	0.145	0.110	0.155	0.239	0.271	0.186	0.045	0.046	0.200	0.294	0.283	0.256	0.222	0.136	0.546	0.251	0.300	0.434	0.373	0.276	0.217	0.074	0.305	0.262	0.232	0.145	0.144	0.278	0.397	0.486	0.292	0.333	0.232	0.281	0.416	0.246	0.209	0.198	0.152	0.306	0.236	0.341	0.312	0.323	0.226	0.277	0.238	0.375	0.218	0.139	0.147	0.222	0.271	0.364	0.320	0.220	0.229	0.214	0.245	0.262	0.202	0.129	0.144	0.228	0.275	0.256	0.213	0.244	0.238	0.232	0.209	0.209	0.047	0.129	0.098	0.150	0.165	0.157	0.148	0.134	0.151	0.167	0.152	0.144	0.135	0.106
69:01:07	22.8	0.122	0.162	0.179	0.208	0.176	0.168	0.146	0.143	0.142	0.174	0.143	0.109	0.154	0.235	0.263	0.185	0.045	0.046	0.198	0.289	0.280	0.251	0.223	0.135	0.543	0.253	0.297	0.421	0.360	0.275	0.213	0.078	0.302	0.256	0.230	0.144	0.143	0.275	0.385	0.469	0.298	0.328	0.226	0.277	0.405	0.242	0.209	0.203	0.150	0.303	0.233	0.333	0.304	0.318	0.224	0.267	0.235	0.385	0.211	0.138	0.144	0.224	0.265	0.353	0.308	0.218	0.225	0.210	0.241	0.256	0.201	0.128	0.145	0.228	0.274	0.252	0.209	0.240	0.236	0.227	0.208	0.208	0.047	0.129	0.096	0.147	0.162	0.153	0.147	0.133	0.148	0.164	0.150	0.143	0.134	0.106
70:01:08	22.7	0.120	0.159	0.176	0.201	0.179	0.166	0.143	0.145	0.141	0.170	0.141	0.108	0.152	0.230	0.261	0.185	0.045	0.047	0.195	0.282	0.273	0.246	0.220	0.137	0.540	0.247	0.294	0.406	0.351	0.270	0.212	0.081	0.295	0.250	0.227	0.143	0.143	0.272	0.370	0.457	0.302	0.320	0.221	0.272	0.401	0.237	0.207	0.211	0.148	0.296	0.231	0.328	0.304	0.309	0.223	0.265	0.234	0.384	0.211	0.137	0.142	0.223	0.260	0.341	0.297	0.219	0.222	0.207	0.237	0.252	0.200	0.127	0.142	0.223	0.266	0.246	0.209	0.236	0.231	0.222	0.206	0.206	0.047	0.127	0.095	0.145	0.159	0.151	0.146	0.133	0.147	0.163	0.149	0.141	0.133	0.105
71:01:08	22.5	0.119	0.156	0.173	0.196	0.177	0.164	0.143	0.145	0.141	0.172	0.140	0.107	0.152	0.228	0.255	0.184	0.045	0.046	0.195	0.275	0.271	0.244	0.223	0.136	0.537	0.243	0.294	0.393	0.339	0.264	0.211	0.086	0.288	0.246	0.223	0.141	0.141	0.269	0.359	0.438	0.298	0.313	0.217	0.264	0.387	0.232	0.204	0.221	0.148	0.289	0.227	0.321	0.290	0.302	0.219	0.258	0.233	0.386	0.210	0.135	0.140	0.222	0.261	0.332	0.286	0.216	0.219	0.204	0.232	0.247	0.199	0.126	0.142	0.220	0.268	0.239	0.207	0.231	0.227	0.220	0.206	0.205	0.047	0.124	0.094	0.142	0.157	0.146	0.144	0.131	0.145	0.162	0.147	0.139	0.132	0.105
72:01:10	22.3	0.119	0.154	0.172	0.194	0.176	0.162	0.141	0.140	0.140	0.173	0.138	0.106	0.150	0.225	0.250	0.183	0.045	0.046	0.193	0.268	0.266	0.241	0.222	0.135	0.534	0.236	0.289	0.373	0.333	0.261	0.209	0.092	0.280	0.240	0.221	0.140	0.139	0.258	0.343	0.419	0.292	0.303	0.211	0.256	0.375	0.225	0.203	0.228	0.148	0.281	0.224	0.311	0.281	0.293	0.218	0.250	0.230	0.389	0.204	0.134	0.138	0.221	0.258	0.320	0.277	0.215	0.217	0.201	0.226	0.243	0.197	0.126	0.141	0.215	0.270	0.234	0.205	0.225	0.223	0.212	0.203	0.201	0.046	0.123	0.092	0.140	0.154	0.144	0.142	0.130	0.143	0.160	0.144	0.138	0.130	0.103

