Time	T° 600	A1	A2	A3	A4	A5	A6	A7	A8	A9	A10	A11	A12	B1	B2	B3	B4	B5	B6	B7	B8	B9	B10	B11	B12	C1	C2	C3	C4	C5	C6	C7	C8	C9	C10	C11	C12	D1	D2	D3	D4	D5	D6	D7	D8	D9	D10	D11	D12	E1	E2	E3	E4	E5	E6	E7	E8	E9	E10	E11	E12	F1	F2	F3	F4	F5	F6	F7	F8	F9	F10	F11	F12	G1	G2	G3	G4	G5	G6	G7	G8	G9	G10	G11	G12	H1	H2	H3	H4	H5	H6	H7	H8	H9	H10	H11	H12
0:00:06	22.9	0.048	0.048	0.051	0.051	0.048	0.051	0.046	0.046	0.047	0.049	0.049	0.048	0.047	0.047	0.061	0.051	0.046	0.047	0.046	0.049	0.047	0.050	0.049	0.050	0.047	0.045	0.049	0.046	0.046	0.049	0.047	0.048	0.047	0.047	0.049	0.047	0.045	0.048	0.048	0.047	0.047	0.047	0.048	0.048	0.050	0.047	0.050	0.047	0.045	0.049	0.047	0.047	0.049	0.046	0.046	0.046	0.046	0.047	0.047	0.047	0.044	0.050	0.055	0.050	0.049	0.049	0.048	0.056	0.048	0.046	0.048	0.048	0.052	0.051	0.051	0.047	0.050	0.316	0.047	0.048	0.049	0.046	0.047	0.048	0.048	0.053	0.046	0.050	0.047	0.047	0.050	0.049	0.050	0.059	0.050	0.050
1:00:05	22.8	0.049	0.048	0.051	0.051	0.048	0.051	0.047	0.047	0.047	0.050	0.049	0.048	0.047	0.047	0.061	0.051	0.047	0.048	0.046	0.049	0.047	0.050	0.049	0.050	0.047	0.046	0.050	0.046	0.046	0.049	0.048	0.049	0.047	0.048	0.048	0.047	0.045	0.048	0.048	0.048	0.048	0.048	0.049	0.048	0.050	0.047	0.050	0.047	0.045	0.049	0.047	0.047	0.049	0.047	0.046	0.046	0.046	0.047	0.048	0.047	0.044	0.050	0.056	0.050	0.050	0.049	0.049	0.055	0.049	0.046	0.048	0.048	0.052	0.051	0.051	0.049	0.051	0.310	0.048	0.049	0.049	0.046	0.047	0.048	0.048	0.054	0.047	0.050	0.047	0.047	0.050	0.049	0.050	0.060	0.050	0.050
2:00:07	22.7	0.049	0.048	0.051	0.051	0.048	0.051	0.047	0.047	0.048	0.051	0.049	0.049	0.047	0.048	0.061	0.051	0.047	0.048	0.046	0.050	0.047	0.050	0.050	0.050	0.047	0.046	0.050	0.046	0.048	0.050	0.048	0.049	0.047	0.048	0.049	0.048	0.045	0.049	0.049	0.048	0.048	0.048	0.049	0.049	0.050	0.047	0.050	0.048	0.045	0.049	0.048	0.048	0.049	0.047	0.047	0.047	0.047	0.048	0.048	0.047	0.045	0.053	0.054	0.051	0.050	0.051	0.049	0.055	0.049	0.047	0.049	0.048	0.053	0.052	0.052	0.049	0.051	0.307	0.048	0.049	0.050	0.047	0.048	0.049	0.048	0.054	0.048	0.050	0.048	0.047	0.051	0.050	0.050	0.058	0.051	0.051
3:00:07	22.5	0.049	0.048	0.051	0.051	0.048	0.051	0.047	0.047	0.047	0.051	0.049	0.048	0.047	0.047	0.061	0.051	0.047	0.047	0.046	0.049	0.047	0.050	0.049	0.050	0.047	0.046	0.050	0.047	0.047	0.050	0.048	0.049	0.047	0.048	0.048	0.047	0.045	0.049	0.049	0.048	0.048	0.048	0.049	0.049	0.050	0.047	0.050	0.048	0.045	0.049	0.048	0.048	0.049	0.047	0.047	0.047	0.047	0.047	0.048	0.047	0.045	0.053	0.054	0.051	0.050	0.051	0.050	0.054	0.049	0.047	0.049	0.049	0.053	0.051	0.052	0.049	0.051	0.303	0.048	0.049	0.050	0.047	0.048	0.048	0.048	0.054	0.048	0.050	0.047	0.047	0.050	0.050	0.050	0.057	0.051	0.051
4:00:08	22.4	0.049	0.049	0.051	0.051	0.049	0.052	0.047	0.047	0.047	0.051	0.050	0.049	0.048	0.048	0.061	0.051	0.047	0.047	0.046	0.050	0.048	0.051	0.054	0.050	0.047	0.046	0.051	0.047	0.047	0.050	0.048	0.049	0.047	0.048	0.048	0.048	0.046	0.049	0.049	0.048	0.048	0.048	0.049	0.049	0.051	0.047	0.050	0.048	0.045	0.049	0.048	0.048	0.050	0.047	0.047	0.047	0.047	0.048	0.048	0.047	0.045	0.051	0.054	0.051	0.050	0.051	0.050	0.054	0.049	0.047	0.050	0.048	0.053	0.051	0.052	0.049	0.051	0.302	0.049	0.049	0.050	0.048	0.048	0.049	0.048	0.054	0.048	0.050	0.048	0.048	0.051	0.050	0.051	0.057	0.051	0.051
5:00:09	22.4	0.050	0.050	0.053	0.053	0.050	0.053	0.048	0.049	0.049	0.052	0.051	0.050	0.049	0.049	0.062	0.052	0.048	0.047	0.048	0.051	0.049	0.052	0.054	0.051	0.048	0.048	0.052	0.048	0.048	0.051	0.050	0.050	0.049	0.049	0.049	0.049	0.047	0.051	0.050	0.049	0.049	0.049	0.050	0.050	0.052	0.048	0.051	0.050	0.046	0.050	0.049	0.049	0.051	0.048	0.048	0.048	0.048	0.049	0.049	0.048	0.046	0.052	0.055	0.052	0.051	0.052	0.051	0.055	0.050	0.048	0.051	0.050	0.054	0.053	0.053	0.050	0.052	0.301	0.049	0.050	0.051	0.048	0.049	0.050	0.049	0.055	0.049	0.051	0.049	0.049	0.052	0.051	0.052	0.058	0.052	0.052
6:00:10	22.4	0.051	0.051	0.055	0.054	0.051	0.054	0.050	0.050	0.051	0.051	0.052	0.051	0.050	0.053	0.064	0.054	0.050	0.046	0.048	0.052	0.050	0.053	0.057	0.053	0.049	0.049	0.060	0.050	0.050	0.052	0.051	0.052	0.049	0.051	0.049	0.050	0.048	0.052	0.051	0.051	0.050	0.050	0.052	0.051	0.053	0.050	0.053	0.050	0.047	0.052	0.051	0.051	0.052	0.049	0.049	0.050	0.050	0.050	0.049	0.050	0.046	0.055	0.052	0.053	0.051	0.053	0.052	0.056	0.052	0.050	0.053	0.050	0.055	0.054	0.055	0.052	0.053	0.302	0.051	0.051	0.052	0.050	0.050	0.051	0.051	0.056	0.051	0.052	0.050	0.051	0.053	0.052	0.053	0.058	0.053	0.053
7:00:12	22.4	0.053	0.057	0.062	0.061	0.056	0.060	0.057	0.056	0.056	0.051	0.058	0.055	0.054	0.070	0.070	0.059	0.055	0.046	0.051	0.057	0.056	0.058	0.062	0.057	0.053	0.053	0.066	0.055	0.055	0.058	0.057	0.057	0.054	0.056	0.051	0.055	0.052	0.059	0.057	0.056	0.055	0.055	0.059	0.056	0.057	0.053	0.058	0.053	0.050	0.058	0.056	0.056	0.057	0.054	0.052	0.054	0.054	0.055	0.049	0.053	0.047	0.060	0.056	0.058	0.056	0.056	0.056	0.060	0.057	0.053	0.058	0.054	0.059	0.059	0.060	0.057	0.058	0.306	0.055	0.056	0.057	0.054	0.054	0.056	0.054	0.061	0.056	0.056	0.054	0.056	0.057	0.054	0.059	0.060	0.058	0.056
8:00:13	22.3	0.060	0.071	0.079	0.076	0.070	0.073	0.073	0.071	0.070	0.051	0.070	0.064	0.063	0.068	0.083	0.073	0.069	0.046	0.060	0.070	0.068	0.070	0.079	0.068	0.062	0.064	0.080	0.069	0.068	0.072	0.073	0.070	0.064	0.069	0.053	0.066	0.061	0.073	0.071	0.070	0.065	0.068	0.076	0.069	0.070	0.062	0.072	0.062	0.056	0.074	0.071	0.072	0.068	0.067	0.059	0.066	0.065	0.068	0.051	0.062	0.051	0.072	0.069	0.070	0.065	0.065	0.068	0.071	0.069	0.063	0.071	0.061	0.068	0.072	0.074	0.068	0.070	0.319	0.066	0.066	0.069	0.064	0.064	0.066	0.063	0.072	0.070	0.064	0.064	0.066	0.066	0.060	0.071	0.068	0.067	0.062
9:00:14	22.3	0.071	0.096	0.103	0.102	0.095	0.096	0.097	0.098	0.093	0.051	0.088	0.079	0.080	0.096	0.110	0.102	0.102	0.046	0.080	0.097	0.098	0.093	0.108	0.088	0.078	0.085	0.103	0.100	0.094	0.096	0.100	0.097	0.082	0.093	0.058	0.084	0.076	0.106	0.098	0.100	0.086	0.091	0.107	0.096	0.095	0.076	0.096	0.078	0.069	0.106	0.103	0.103	0.090	0.094	0.075	0.089	0.088	0.091	0.056	0.077	0.060	0.103	0.095	0.095	0.084	0.080	0.088	0.094	0.091	0.079	0.091	0.076	0.085	0.101	0.101	0.091	0.091	0.335	0.085	0.087	0.091	0.083	0.080	0.085	0.078	0.093	0.099	0.080	0.080	0.084	0.082	0.072	0.089	0.084	0.084	0.074
10:00:15	22.4	0.095	0.133	0.144	0.144	0.136	0.131	0.136	0.136	0.126	0.051	0.117	0.104	0.108	0.139	0.155	0.147	0.152	0.045	0.120	0.135	0.146	0.126	0.148	0.115	0.105	0.120	0.136	0.142	0.133	0.136	0.140	0.137	0.111	0.127	0.067	0.112	0.103	0.153	0.138	0.144	0.121	0.132	0.154	0.139	0.138	0.105	0.128	0.103	0.090	0.154	0.149	0.147	0.125	0.135	0.102	0.127	0.122	0.125	0.066	0.101	0.073	0.148	0.142	0.132	0.117	0.106	0.118	0.130	0.124	0.110	0.117	0.099	0.111	0.149	0.140	0.122	0.122	0.363	0.113	0.118	0.122	0.113	0.107	0.113	0.104	0.127	0.140	0.107	0.106	0.110	0.109	0.096	0.118	0.108	0.109	0.094
11:00:16	22.4	0.133	0.167	0.176	0.181	0.174	0.174	0.173	0.177	0.170	0.051	0.158	0.141	0.141	0.176	0.188	0.202	0.209	0.045	0.173	0.175	0.201	0.167	0.191	0.156	0.142	0.158	0.171	0.189	0.172	0.177	0.188	0.180	0.146	0.162	0.085	0.155	0.143	0.199	0.178	0.195	0.164	0.191	0.206	0.188	0.194	0.153	0.165	0.136	0.125	0.200	0.200	0.193	0.164	0.175	0.138	0.169	0.168	0.169	0.084	0.141	0.102	0.184	0.187	0.180	0.159	0.143	0.149	0.180	0.165	0.155	0.157	0.137	0.144	0.201	0.171	0.155	0.152	0.393	0.148	0.160	0.165	0.151	0.145	0.150	0.143	0.168	0.173	0.145	0.149	0.148	0.139	0.137	0.152	0.145	0.147	0.127
12:00:16	22.4	0.195	0.200	0.219	0.218	0.209	0.219	0.228	0.241	0.221	0.050	0.212	0.194	0.199	0.231	0.255	0.241	0.239	0.045	0.211	0.230	0.242	0.225	0.258	0.212	0.186	0.211	0.212	0.245	0.221	0.234	0.235	0.215	0.194	0.217	0.116	0.203	0.175	0.235	0.223	0.219	0.193	0.238	0.263	0.239	0.252	0.207	0.226	0.194	0.163	0.238	0.242	0.240	0.204	0.223	0.169	0.217	0.216	0.217	0.111	0.186	0.137	0.243	0.222	0.226	0.186	0.179	0.193	0.243	0.221	0.224	0.209	0.189	0.196	0.245	0.219	0.210	0.209	0.460	0.202	0.212	0.213	0.203	0.205	0.213	0.188	0.209	0.243	0.196	0.201	0.196	0.201	0.185	0.205	0.196	0.213	0.173
13:00:18	22.4	0.235	0.241	0.270	0.268	0.242	0.258	0.263	0.266	0.258	0.051	0.251	0.235	0.230	0.247	0.279	0.270	0.266	0.046	0.255	0.267	0.271	0.257	0.267	0.248	0.248	0.227	0.238	0.251	0.236	0.259	0.260	0.254	0.239	0.258	0.156	0.252	0.219	0.256	0.255	0.259	0.236	0.261	0.271	0.256	0.272	0.251	0.260	0.242	0.228	0.249	0.253	0.247	0.220	0.249	0.224	0.250	0.248	0.254	0.144	0.264	0.206	0.262	0.256	0.251	0.248	0.245	0.261	0.273	0.261	0.272	0.268	0.269	0.244	0.260	0.265	0.247	0.251	0.508	0.266	0.261	0.263	0.262	0.262	0.270	0.258	0.252	0.269	0.241	0.246	0.248	0.264	0.250	0.261	0.272	0.274	0.259
14:00:19	22.4	0.270	0.285	0.315	0.321	0.284	0.288	0.309	0.301	0.292	0.051	0.272	0.271	0.273	0.263	0.298	0.282	0.273	0.046	0.254	0.296	0.295	0.284	0.295	0.288	0.271	0.255	0.265	0.270	0.252	0.267	0.273	0.279	0.266	0.299	0.226	0.296	0.246	0.280	0.275	0.277	0.262	0.276	0.285	0.283	0.289	0.285	0.291	0.289	0.266	0.277	0.281	0.274	0.256	0.274	0.263	0.279	0.284	0.275	0.174	0.297	0.221	0.277	0.270	0.277	0.270	0.275	0.283	0.302	0.288	0.303	0.302	0.322	0.278	0.291	0.293	0.272	0.277	0.544	0.293	0.290	0.295	0.308	0.300	0.314	0.283	0.286	0.294	0.277	0.284	0.287	0.300	0.279	0.304	0.317	0.314	0.296
15:00:20	22.4	0.317	0.341	0.369	0.381	0.339	0.342	0.358	0.362	0.332	0.050	0.318	0.308	0.332	0.301	0.372	0.318	0.287	0.045	0.266	0.347	0.337	0.331	0.345	0.326	0.307	0.277	0.329	0.293	0.294	0.316	0.331	0.339	0.316	0.355	0.258	0.336	0.293	0.323	0.342	0.327	0.297	0.313	0.337	0.322	0.318	0.320	0.346	0.332	0.314	0.313	0.317	0.308	0.295	0.307	0.287	0.317	0.313	0.331	0.189	0.343	0.264	0.318	0.307	0.303	0.299	0.314	0.332	0.347	0.339	0.337	0.348	0.371	0.321	0.347	0.346	0.312	0.324	0.597	0.335	0.337	0.340	0.348	0.335	0.334	0.329	0.330	0.342	0.318	0.321	0.321	0.352	0.316	0.351	0.342	0.345	0.333
16:00:20	22.5	0.391	0.434	0.432	0.443	0.427	0.395	0.420	0.459	0.398	0.050	0.393	0.377	0.416	0.398	0.480	0.435	0.368	0.046	0.332	0.419	0.431	0.401	0.423	0.401	0.376	0.335	0.409	0.383	0.378	0.397	0.410	0.429	0.387	0.430	0.280	0.426	0.358	0.390	0.414	0.412	0.376	0.386	0.415	0.405	0.394	0.377	0.425	0.420	0.368	0.404	0.392	0.385	0.359	0.393	0.339	0.391	0.389	0.410	0.247	0.421	0.301	0.399	0.394	0.380	0.364	0.385	0.411	0.430	0.426	0.394	0.437	0.450	0.407	0.437	0.449	0.400	0.408	0.684	0.420	0.437	0.436	0.436	0.429	0.426	0.404	0.418	0.440	0.402	0.409	0.411	0.459	0.372	0.440	0.422	0.443	0.398
17:00:21	22.7	0.472	0.491	0.493	0.486	0.470	0.448	0.497	0.519	0.469	0.050	0.473	0.445	0.514	0.511	0.546	0.528	0.488	0.045	0.432	0.499	0.526	0.485	0.479	0.507	0.488	0.420	0.475	0.503	0.483	0.473	0.514	0.497	0.481	0.528	0.342	0.510	0.448	0.515	0.486	0.481	0.460	0.458	0.512	0.499	0.481	0.440	0.526	0.500	0.482	0.511	0.486	0.471	0.441	0.485	0.426	0.495	0.472	0.496	0.297	0.502	0.363	0.499	0.490	0.468	0.460	0.465	0.509	0.528	0.499	0.453	0.517	0.529	0.485	0.533	0.550	0.496	0.506	0.771	0.528	0.511	0.521	0.514	0.512	0.506	0.499	0.492	0.530	0.493	0.495	0.497	0.530	0.429	0.521	0.512	0.520	0.467
18:00:22	22.9	0.527	0.554	0.599	0.602	0.547	0.526	0.572	0.616	0.559	0.050	0.575	0.517	0.613	0.574	0.624	0.580	0.574	0.046	0.528	0.605	0.590	0.579	0.584	0.610	0.583	0.547	0.536	0.593	0.579	0.531	0.598	0.581	0.569	0.590	0.419	0.600	0.538	0.599	0.560	0.557	0.534	0.529	0.593	0.581	0.567	0.505	0.656	0.587	0.585	0.580	0.591	0.573	0.541	0.578	0.504	0.574	0.563	0.592	0.387	0.576	0.438	0.597	0.576	0.567	0.544	0.542	0.601	0.597	0.590	0.508	0.601	0.598	0.568	0.603	0.644	0.585	0.599	0.867	0.605	0.612	0.606	0.589	0.584	0.574	0.576	0.571	0.607	0.584	0.567	0.566	0.605	0.482	0.589	0.592	0.585	0.517
19:00:24	22.9	0.577	0.640	0.628	0.675	0.636	0.583	0.605	0.661	0.605	0.050	0.657	0.574	0.679	0.633	0.664	0.643	0.619	0.045	0.579	0.693	0.672	0.641	0.643	0.672	0.642	0.636	0.644	0.659	0.664	0.614	0.663	0.663	0.624	0.654	0.505	0.655	0.614	0.655	0.648	0.651	0.616	0.607	0.676	0.656	0.641	0.565	0.698	0.632	0.659	0.677	0.692	0.662	0.633	0.674	0.601	0.660	0.652	0.672	0.510	0.628	0.495	0.677	0.644	0.646	0.625	0.599	0.668	0.653	0.668	0.562	0.662	0.652	0.611	0.658	0.719	0.657	0.657	0.924	0.661	0.675	0.651	0.631	0.634	0.616	0.631	0.618	0.655	0.635	0.616	0.610	0.662	0.523	0.628	0.644	0.624	0.553
20:00:24	22.9	0.623	0.685	0.655	0.703	0.662	0.635	0.640	0.693	0.632	0.049	0.716	0.613	0.695	0.661	0.696	0.691	0.677	0.045	0.649	0.737	0.704	0.665	0.660	0.688	0.690	0.719	0.689	0.705	0.682	0.663	0.664	0.676	0.637	0.693	0.571	0.672	0.662	0.702	0.707	0.696	0.633	0.668	0.695	0.693	0.686	0.614	0.721	0.671	0.707	0.685	0.747	0.722	0.665	0.693	0.665	0.720	0.701	0.745	0.601	0.659	0.563	0.737	0.683	0.672	0.689	0.635	0.709	0.688	0.701	0.601	0.709	0.686	0.641	0.701	0.760	0.679	0.696	0.957	0.704	0.698	0.686	0.658	0.668	0.645	0.653	0.637	0.696	0.659	0.661	0.645	0.702	0.558	0.660	0.679	0.644	0.581
21:00:25	23.0	0.665	0.701	0.676	0.709	0.662	0.652	0.658	0.703	0.642	0.049	0.729	0.633	0.699	0.669	0.706	0.709	0.683	0.046	0.698	0.757	0.723	0.676	0.670	0.718	0.728	0.743	0.707	0.723	0.683	0.689	0.692	0.673	0.662	0.718	0.634	0.681	0.694	0.736	0.721	0.706	0.654	0.687	0.694	0.730	0.710	0.642	0.718	0.689	0.739	0.704	0.759	0.716	0.682	0.696	0.720	0.734	0.717	0.733	0.650	0.671	0.607	0.748	0.697	0.689	0.718	0.664	0.734	0.720	0.704	0.629	0.720	0.703	0.663	0.743	0.763	0.686	0.713	0.978	0.726	0.704	0.703	0.682	0.698	0.675	0.667	0.657	0.720	0.674	0.676	0.670	0.736	0.585	0.677	0.711	0.664	0.603
22:00:26	23.1	0.702	0.707	0.690	0.707	0.663	0.657	0.660	0.712	0.638	0.049	0.724	0.646	0.694	0.684	0.715	0.718	0.686	0.045	0.702	0.768	0.740	0.695	0.674	0.720	0.736	0.758	0.717	0.731	0.686	0.697	0.716	0.690	0.676	0.729	0.682	0.697	0.711	0.757	0.720	0.715	0.672	0.695	0.717	0.740	0.713	0.671	0.720	0.709	0.760	0.722	0.771	0.738	0.700	0.713	0.763	0.739	0.716	0.729	0.683	0.683	0.647	0.761	0.719	0.705	0.742	0.693	0.757	0.751	0.721	0.661	0.721	0.710	0.689	0.779	0.775	0.725	0.736	1.000	0.745	0.714	0.718	0.701	0.718	0.701	0.683	0.677	0.729	0.688	0.694	0.695	0.761	0.611	0.686	0.747	0.680	0.616
23:00:27	23.2	0.727	0.730	0.703	0.727	0.678	0.669	0.677	0.730	0.641	0.049	0.719	0.658	0.694	0.705	0.724	0.731	0.710	0.045	0.719	0.776	0.743	0.701	0.694	0.724	0.747	0.792	0.726	0.751	0.701	0.702	0.734	0.711	0.694	0.753	0.717	0.714	0.728	0.774	0.724	0.723	0.699	0.702	0.741	0.748	0.724	0.704	0.726	0.728	0.777	0.734	0.799	0.761	0.719	0.733	0.799	0.743	0.726	0.734	0.707	0.694	0.716	0.788	0.733	0.722	0.765	0.723	0.784	0.779	0.731	0.688	0.723	0.712	0.711	0.811	0.796	0.772	0.752	1.020	0.766	0.730	0.730	0.722	0.738	0.721	0.695	0.698	0.741	0.695	0.707	0.715	0.792	0.633	0.701	0.787	0.696	0.626
24:00:28	23.1	0.731	0.742	0.706	0.738	0.677	0.682	0.701	0.750	0.655	0.049	0.733	0.698	0.700	0.724	0.736	0.742	0.730	0.045	0.726	0.784	0.769	0.724	0.713	0.724	0.766	0.806	0.735	0.764	0.714	0.722	0.752	0.727	0.720	0.776	0.752	0.722	0.743	0.800	0.734	0.733	0.731	0.706	0.763	0.763	0.734	0.732	0.742	0.740	0.796	0.754	0.806	0.789	0.749	0.746	0.833	0.755	0.732	0.741	0.717	0.711	0.729	0.810	0.746	0.737	0.786	0.744	0.798	0.805	0.747	0.704	0.739	0.713	0.734	0.845	0.808	0.796	0.766	1.031	0.783	0.747	0.743	0.745	0.755	0.741	0.711	0.718	0.750	0.709	0.722	0.723	0.797	0.651	0.713	0.807	0.706	0.637
25:00:30	22.9	0.734	0.765	0.711	0.743	0.692	0.700	0.719	0.758	0.676	0.049	0.738	0.718	0.716	0.753	0.750	0.752	0.754	0.045	0.757	0.788	0.773	0.746	0.731	0.708	0.789	0.821	0.749	0.790	0.731	0.743	0.766	0.744	0.739	0.795	0.788	0.731	0.757	0.820	0.752	0.748	0.758	0.721	0.779	0.773	0.752	0.756	0.753	0.740	0.817	0.781	0.833	0.816	0.769	0.767	0.881	0.769	0.747	0.752	0.732	0.713	0.759	0.816	0.756	0.758	0.809	0.770	0.823	0.823	0.763	0.721	0.752	0.714	0.748	0.865	0.829	0.827	0.799	1.054	0.813	0.764	0.758	0.774	0.782	0.753	0.738	0.736	0.768	0.723	0.735	0.734	0.818	0.671	0.732	0.823	0.719	0.647
26:00:29	22.7	0.745	0.794	0.721	0.753	0.710	0.723	0.754	0.770	0.707	0.049	0.758	0.742	0.733	0.787	0.760	0.768	0.777	0.045	0.779	0.796	0.802	0.768	0.752	0.693	0.806	0.849	0.764	0.804	0.747	0.766	0.790	0.762	0.765	0.804	0.827	0.738	0.775	0.844	0.773	0.772	0.781	0.731	0.793	0.785	0.780	0.783	0.768	0.740	0.831	0.809	0.839	0.846	0.795	0.780	0.911	0.786	0.765	0.757	0.756	0.720	0.793	0.830	0.758	0.780	0.826	0.792	0.845	0.844	0.784	0.734	0.767	0.715	0.775	0.896	0.847	0.857	0.815	1.065	0.833	0.791	0.773	0.797	0.808	0.774	0.761	0.760	0.782	0.730	0.750	0.752	0.806	0.689	0.755	0.828	0.726	0.656
27:00:30	22.6	0.754	0.810	0.733	0.764	0.731	0.738	0.780	0.777	0.739	0.049	0.798	0.753	0.750	0.812	0.772	0.788	0.800	0.045	0.794	0.798	0.821	0.784	0.763	0.699	0.820	0.866	0.788	0.827	0.767	0.783	0.815	0.786	0.795	0.822	0.852	0.741	0.784	0.867	0.783	0.791	0.802	0.743	0.810	0.794	0.802	0.808	0.777	0.750	0.843	0.837	0.846	0.890	0.819	0.800	0.938	0.803	0.781	0.771	0.774	0.727	0.801	0.842	0.773	0.799	0.840	0.814	0.863	0.865	0.801	0.761	0.766	0.717	0.793	0.919	0.865	0.872	0.833	1.074	0.851	0.811	0.791	0.817	0.821	0.796	0.775	0.790	0.797	0.742	0.760	0.764	0.807	0.705	0.761	0.833	0.734	0.664
28:00:31	22.7	0.767	0.829	0.746	0.770	0.745	0.756	0.805	0.785	0.759	0.049	0.816	0.764	0.769	0.826	0.787	0.802	0.814	0.045	0.807	0.816	0.827	0.801	0.779	0.701	0.834	0.880	0.799	0.844	0.782	0.799	0.837	0.800	0.808	0.838	0.877	0.756	0.804	0.873	0.797	0.805	0.817	0.750	0.828	0.806	0.806	0.828	0.793	0.762	0.858	0.846	0.878	0.905	0.837	0.817	0.974	0.824	0.796	0.779	0.793	0.730	0.833	0.873	0.782	0.819	0.865	0.827	0.881	0.870	0.817	0.778	0.777	0.723	0.812	0.920	0.881	0.903	0.854	1.085	0.872	0.834	0.806	0.835	0.835	0.806	0.784	0.799	0.806	0.753	0.778	0.781	0.818	0.722	0.773	0.843	0.743	0.675
29:00:33	22.7	0.773	0.846	0.754	0.779	0.765	0.775	0.819	0.796	0.779	0.048	0.845	0.779	0.792	0.857	0.813	0.825	0.840	0.045	0.830	0.835	0.843	0.813	0.790	0.711	0.850	0.907	0.821	0.866	0.804	0.822	0.852	0.820	0.830	0.859	0.900	0.766	0.817	0.885	0.810	0.833	0.837	0.761	0.842	0.818	0.823	0.856	0.802	0.768	0.866	0.856	0.892	0.924	0.857	0.828	1.004	0.841	0.813	0.794	0.807	0.736	0.838	0.875	0.803	0.831	0.879	0.848	0.904	0.893	0.837	0.802	0.781	0.734	0.831	0.909	0.893	0.924	0.868	1.094	0.898	0.851	0.821	0.847	0.845	0.812	0.796	0.808	0.815	0.765	0.791	0.807	0.828	0.738	0.780	0.845	0.751	0.691
30:00:33	22.7	0.753	0.848	0.766	0.790	0.780	0.781	0.819	0.796	0.788	0.048	0.850	0.787	0.789	0.859	0.842	0.844	0.853	0.045	0.844	0.847	0.851	0.827	0.795	0.733	0.868	0.927	0.837	0.884	0.815	0.836	0.873	0.838	0.836	0.872	0.915	0.776	0.815	0.887	0.820	0.846	0.849	0.773	0.857	0.834	0.844	0.874	0.809	0.789	0.886	0.876	0.917	0.936	0.870	0.832	1.034	0.846	0.824	0.810	0.816	0.744	0.787	0.878	0.832	0.853	0.887	0.866	0.914	0.896	0.843	0.815	0.780	0.731	0.845	0.918	0.905	0.937	0.884	1.095	0.903	0.861	0.829	0.857	0.848	0.820	0.795	0.820	0.821	0.775	0.796	0.829	0.834	0.754	0.787	0.840	0.758	0.705
31:00:34	22.7	0.750	0.863	0.781	0.792	0.796	0.794	0.808	0.796	0.793	0.048	0.863	0.809	0.797	0.881	0.856	0.860	0.871	0.045	0.861	0.862	0.853	0.846	0.808	0.756	0.875	0.931	0.847	0.890	0.828	0.846	0.882	0.851	0.847	0.890	0.936	0.787	0.812	0.898	0.827	0.859	0.859	0.781	0.866	0.852	0.850	0.888	0.816	0.804	0.893	0.878	0.942	0.951	0.888	0.845	1.051	0.856	0.832	0.820	0.826	0.750	0.784	0.893	0.844	0.866	0.901	0.876	0.922	0.911	0.858	0.826	0.785	0.743	0.859	0.918	0.920	0.950	0.898	1.102	0.920	0.869	0.840	0.871	0.861	0.821	0.795	0.829	0.826	0.784	0.811	0.848	0.840	0.767	0.797	0.856	0.769	0.718
32:00:35	22.7	0.731	0.873	0.802	0.803	0.809	0.796	0.798	0.801	0.799	0.048	0.869	0.819	0.809	0.895	0.889	0.868	0.884	0.045	0.863	0.859	0.857	0.849	0.818	0.772	0.876	0.940	0.865	0.923	0.845	0.859	0.899	0.870	0.878	0.912	0.948	0.807	0.820	0.921	0.840	0.865	0.874	0.792	0.880	0.864	0.858	0.917	0.826	0.819	0.906	0.891	0.980	0.958	0.902	0.854	1.065	0.864	0.844	0.838	0.834	0.759	0.805	0.899	0.861	0.881	0.906	0.896	0.933	0.915	0.865	0.836	0.793	0.746	0.874	0.939	0.939	0.952	0.905	1.107	0.929	0.870	0.844	0.877	0.862	0.831	0.798	0.825	0.826	0.795	0.820	0.851	0.844	0.782	0.798	0.853	0.771	0.721
33:00:37	22.6	0.720	0.882	0.810	0.808	0.816	0.798	0.796	0.812	0.796	0.048	0.866	0.829	0.814	0.909	0.887	0.880	0.894	0.045	0.878	0.863	0.865	0.859	0.823	0.801	0.874	0.939	0.873	0.933	0.857	0.876	0.917	0.873	0.883	0.917	0.949	0.818	0.815	0.942	0.844	0.875	0.883	0.801	0.889	0.877	0.866	0.913	0.830	0.833	0.904	0.898	0.998	0.971	0.909	0.860	1.069	0.870	0.852	0.841	0.846	0.770	0.828	0.919	0.866	0.885	0.911	0.901	0.936	0.921	0.873	0.842	0.798	0.752	0.872	0.942	0.933	0.952	0.912	1.110	0.937	0.885	0.852	0.884	0.870	0.837	0.795	0.834	0.829	0.803	0.827	0.828	0.845	0.792	0.805	0.859	0.779	0.725
34:00:37	22.6	0.723	0.885	0.821	0.820	0.827	0.809	0.798	0.820	0.802	0.048	0.863	0.828	0.823	0.916	0.897	0.893	0.908	0.046	0.882	0.864	0.858	0.868	0.826	0.822	0.900	0.950	0.883	0.943	0.870	0.890	0.926	0.884	0.887	0.927	0.960	0.836	0.811	0.957	0.855	0.881	0.893	0.813	0.904	0.887	0.863	0.931	0.840	0.836	0.909	0.913	1.006	0.967	0.918	0.872	1.085	0.882	0.862	0.848	0.850	0.780	1.003	0.922	0.873	0.901	0.918	0.907	0.946	0.930	0.879	0.854	0.804	0.758	0.886	0.945	0.946	0.961	0.920	1.114	0.946	0.891	0.858	0.891	0.875	0.842	0.792	0.849	0.836	0.813	0.838	0.828	0.847	0.801	0.812	0.863	0.784	0.735
35:00:38	22.5	0.710	0.888	0.840	0.829	0.834	0.820	0.810	0.826	0.814	0.047	0.850	0.824	0.833	0.919	0.905	0.899	0.919	0.045	0.896	0.866	0.863	0.882	0.827	0.842	0.911	0.969	0.897	0.957	0.877	0.888	0.932	0.896	0.885	0.946	0.973	0.859	0.818	0.966	0.865	0.891	0.901	0.824	0.908	0.903	0.869	0.949	0.847	0.837	0.900	0.914	1.020	0.971	0.923	0.877	1.100	0.894	0.870	0.853	0.857	0.793	0.976	0.929	0.886	0.908	0.924	0.916	0.953	0.934	0.887	0.868	0.804	0.758	0.889	0.935	0.957	0.966	0.924	1.114	0.950	0.896	0.864	0.894	0.879	0.853	0.800	0.859	0.846	0.825	0.845	0.825	0.854	0.806	0.810	0.870	0.786	0.740
36:00:38	22.5	0.712	0.888	0.849	0.833	0.842	0.828	0.818	0.835	0.823	0.047	0.867	0.836	0.837	0.934	0.911	0.909	0.926	0.046	0.894	0.861	0.864	0.885	0.830	0.854	0.942	0.990	0.906	0.970	0.883	0.900	0.941	0.909	0.903	0.952	0.990	0.869	0.810	0.978	0.874	0.892	0.907	0.822	0.915	0.918	0.877	0.957	0.853	0.845	0.881	0.933	1.029	0.978	0.937	0.876	1.105	0.893	0.869	0.858	0.857	0.798	0.979	0.927	0.887	0.922	0.935	0.922	0.963	0.940	0.887	0.874	0.816	0.752	0.900	0.953	0.969	0.968	0.927	1.113	0.956	0.897	0.868	0.896	0.883	0.862	0.799	0.866	0.857	0.835	0.850	0.825	0.855	0.814	0.819	0.866	0.793	0.748
37:00:39	22.3	0.706	0.882	0.843	0.836	0.841	0.837	0.840	0.845	0.824	0.047	0.854	0.876	0.826	0.950	0.921	0.916	0.931	0.046	0.899	0.867	0.851	0.893	0.828	0.860	0.939	0.986	0.918	0.976	0.887	0.906	0.948	0.909	0.921	0.957	0.989	0.880	0.817	0.989	0.882	0.902	0.918	0.837	0.925	0.928	0.873	0.962	0.862	0.856	0.896	0.945	1.048	0.984	0.941	0.881	1.086	0.898	0.880	0.858	0.861	0.808	0.979	0.942	0.894	0.930	0.933	0.934	0.954	0.941	0.893	0.888	0.819	0.751	0.905	0.953	0.966	0.967	0.935	1.121	0.957	0.895	0.873	0.892	0.880	0.861	0.798	0.869	0.874	0.847	0.848	0.826	0.849	0.826	0.820	0.866	0.799	0.757
38:00:40	22.2	0.716	0.881	0.839	0.839	0.841	0.845	0.844	0.853	0.834	0.047	0.850	0.860	0.814	0.953	0.926	0.929	0.935	0.046	0.913	0.870	0.854	0.908	0.833	0.891	0.970	0.992	0.929	0.983	0.892	0.916	0.961	0.917	0.927	0.964	0.990	0.888	0.821	0.991	0.891	0.908	0.926	0.850	0.933	0.926	0.880	0.972	0.874	0.861	0.895	0.942	1.050	0.982	0.952	0.884	1.096	0.908	0.879	0.864	0.861	0.810	0.975	0.949	0.902	0.946	0.942	0.939	0.966	0.945	0.900	0.896	0.826	0.747	0.907	0.957	0.979	0.978	0.937	1.119	0.967	0.902	0.880	0.894	0.883	0.877	0.804	0.870	0.879	0.855	0.849	0.828	0.843	0.815	0.823	0.866	0.804	0.756
39:00:41	22.1	0.724	0.873	0.839	0.845	0.841	0.844	0.851	0.841	0.835	0.047	0.876	0.796	0.811	0.961	0.932	0.935	0.947	0.047	0.914	0.862	0.885	0.916	0.835	0.903	0.974	1.010	0.931	0.997	0.898	0.921	0.971	0.932	0.900	0.973	0.994	0.897	0.826	1.006	0.897	0.918	0.934	0.845	0.936	0.927	0.897	0.980	0.876	0.868	0.920	0.945	1.048	0.980	0.945	0.894	1.117	0.914	0.888	0.873	0.865	0.809	0.987	0.946	0.914	0.941	0.946	0.940	0.965	0.947	0.902	0.905	0.825	0.742	0.907	0.956	0.981	0.989	0.939	1.119	0.964	0.902	0.885	0.891	0.885	0.863	0.807	0.865	0.876	0.860	0.852	0.831	0.844	0.823	0.827	0.863	0.809	0.763
40:00:43	22.2	0.731	0.868	0.834	0.839	0.846	0.860	0.867	0.849	0.839	0.047	0.854	0.834	0.821	0.973	0.941	0.941	0.949	0.049	0.922	0.871	0.855	0.918	0.832	0.895	0.960	1.008	0.938	0.993	0.902	0.931	0.971	0.930	0.945	0.971	0.997	0.886	0.842	1.001	0.901	0.923	0.936	0.862	0.939	0.929	0.898	0.987	0.884	0.867	0.955	0.958	1.057	0.994	0.957	0.893	1.097	0.922	0.893	0.878	0.867	0.815	0.981	0.948	0.917	0.948	0.947	0.950	0.960	0.949	0.911	0.915	0.831	0.753	0.908	0.965	0.977	0.985	0.943	1.124	0.979	0.909	0.893	0.897	0.892	0.873	0.805	0.872	0.890	0.863	0.849	0.828	0.838	0.825	0.831	0.859	0.821	0.764
41:00:43	22.5	0.750	0.871	0.840	0.844	0.856	0.863	0.869	0.857	0.835	0.047	0.846	0.818	0.818	0.969	0.942	0.946	0.952	0.052	0.929	0.883	0.868	0.917	0.841	0.917	0.900	1.010	0.946	0.993	0.910	0.933	0.973	0.936	0.943	0.978	1.002	0.892	0.839	0.999	0.910	0.929	0.941	0.865	0.949	0.934	0.906	0.990	0.889	0.870	0.973	0.963	1.052	0.992	0.959	0.900	1.077	0.921	0.896	0.882	0.874	0.819	0.970	0.945	0.919	0.948	0.957	0.953	0.969	0.949	0.916	0.927	0.839	0.760	0.901	0.974	0.981	0.990	0.950	1.131	0.979	0.914	0.895	0.903	0.896	0.873	0.815	0.874	0.896	0.866	0.851	0.831	0.837	0.829	0.837	0.864	0.829	0.769
42:00:44	22.6	0.765	0.865	0.845	0.849	0.863	0.871	0.880	0.853	0.844	0.047	0.845	0.831	0.820	0.965	0.945	0.958	0.955	0.059	0.937	0.895	0.874	0.930	0.842	0.919	0.924	1.024	0.945	1.010	0.918	0.937	0.981	0.940	0.951	0.977	1.004	0.897	0.858	1.006	0.915	0.936	0.943	0.867	0.951	0.938	0.915	0.996	0.886	0.895	1.028	0.963	1.055	1.004	0.962	0.911	1.071	0.929	0.905	0.897	0.879	0.835	0.973	0.955	0.933	0.947	0.962	0.960	0.971	0.955	0.918	0.930	0.846	0.765	0.901	0.974	0.970	0.988	0.956	1.128	0.989	0.917	0.902	0.900	0.896	0.868	0.812	0.882	0.902	0.871	0.853	0.821	0.828	0.837	0.834	0.862	0.833	0.768
43:00:46	22.8	0.778	0.851	0.856	0.855	0.866	0.871	0.883	0.862	0.858	0.047	0.853	0.824	0.826	0.969	0.948	0.961	0.955	0.069	0.933	0.903	0.871	0.930	0.838	0.927	0.893	1.026	0.950	1.001	0.918	0.941	0.978	0.940	0.947	0.971	1.011	0.909	0.857	1.005	0.918	0.939	0.951	0.875	0.948	0.936	0.912	0.995	0.884	0.904	1.023	0.977	1.053	1.001	0.958	0.908	1.080	0.927	0.905	0.891	0.877	0.839	0.996	0.951	0.929	0.952	0.954	0.963	0.963	0.954	0.922	0.935	0.849	0.771	0.898	0.980	0.968	0.984	0.958	1.123	0.981	0.919	0.902	0.898	0.901	0.865	0.819	0.882	0.904	0.876	0.853	0.822	0.832	0.849	0.838	0.867	0.835	0.771
44:00:46	22.8	0.781	0.834	0.858	0.869	0.875	0.879	0.861	0.870	0.881	0.047	0.874	0.845	0.817	0.976	0.954	0.969	0.957	0.093	0.943	0.903	0.882	0.938	0.836	0.943	0.903	1.029	0.955	1.016	0.921	0.944	0.985	0.944	0.935	0.981	1.023	0.916	0.872	1.010	0.922	0.944	0.958	0.872	0.956	0.939	0.919	1.004	0.879	0.909	0.999	0.961	1.039	1.000	0.959	0.915	1.077	0.935	0.911	0.900	0.876	0.849	0.968	0.954	0.935	0.959	0.962	0.968	0.984	0.952	0.929	0.931	0.851	0.770	0.893	0.983	0.972	0.992	0.954	1.126	0.986	0.923	0.904	0.899	0.901	0.877	0.827	0.883	0.903	0.879	0.851	0.819	0.834	0.846	0.836	0.871	0.840	0.766
45:00:47	22.6	0.792	0.823	0.856	0.877	0.873	0.874	0.861	0.869	0.895	0.047	0.876	0.824	0.820	0.992	0.964	0.977	0.962	0.119	0.948	0.902	0.880	0.935	0.840	0.939	0.947	1.025	0.965	1.014	0.925	0.949	0.989	0.950	0.939	0.983	1.031	0.912	0.871	1.014	0.929	0.948	0.957	0.880	0.963	0.940	0.921	0.999	0.881	0.910	0.967	0.974	1.057	1.009	0.973	0.916	1.072	0.940	0.915	0.906	0.884	0.855	0.984	0.955	0.940	0.961	0.968	0.968	0.985	0.956	0.931	0.929	0.864	0.778	0.885	0.991	0.978	1.000	0.961	1.127	0.988	0.927	0.912	0.904	0.905	0.878	0.826	0.879	0.900	0.882	0.851	0.821	0.836	0.853	0.838	0.873	0.843	0.771
46:00:48	22.7	0.813	0.815	0.854	0.878	0.877	0.873	0.861	0.876	0.911	0.046	0.892	0.819	0.826	0.987	0.965	0.985	0.963	0.152	0.953	0.905	0.890	0.945	0.840	0.937	0.943	1.036	0.964	1.024	0.930	0.951	0.990	0.955	0.929	0.985	1.043	0.914	0.876	1.020	0.934	0.952	0.962	0.880	0.966	0.948	0.927	1.008	0.883	0.909	0.920	0.968	1.038	1.013	0.975	0.919	1.084	0.942	0.919	0.913	0.888	0.858	0.986	0.956	0.941	0.964	0.972	0.975	0.990	0.956	0.934	0.934	0.868	0.777	0.884	0.991	0.968	1.001	0.955	1.122	0.990	0.928	0.914	0.903	0.902	0.879	0.824	0.880	0.900	0.884	0.853	0.815	0.833	0.849	0.839	0.871	0.846	0.771
47:00:48	22.7	0.802	0.800	0.869	0.881	0.867	0.859	0.856	0.863	0.911	0.047	0.894	0.838	0.831	0.990	0.971	0.987	0.963	0.201	0.951	0.906	0.876	0.948	0.846	0.932	0.938	1.036	0.972	1.015	0.929	0.955	0.992	0.953	0.953	0.983	1.022	0.921	0.872	1.023	0.936	0.953	0.960	0.888	0.963	0.938	0.913	1.002	0.895	0.917	0.919	0.989	1.047	1.019	0.975	0.920	1.076	0.938	0.918	0.910	0.881	0.858	0.974	0.950	0.950	0.963	0.965	0.976	0.981	0.949	0.939	0.934	0.874	0.781	0.886	0.981	0.963	0.997	0.953	1.117	0.994	0.929	0.916	0.908	0.905	0.880	0.815	0.880	0.908	0.889	0.849	0.823	0.835	0.848	0.840	0.873	0.850	0.767
48:00:49	22.7	0.835	0.785	0.869	0.878	0.865	0.865	0.850	0.869	0.910	0.047	0.897	0.805	0.831	0.986	0.971	0.988	0.961	0.232	0.955	0.904	0.887	0.951	0.846	0.927	0.940	1.037	0.973	1.015	0.933	0.958	0.995	0.960	0.939	0.979	1.031	0.920	0.867	1.028	0.936	0.958	0.965	0.886	0.971	0.948	0.922	1.001	0.885	0.918	0.901	0.982	1.048	1.018	0.979	0.926	1.081	0.941	0.925	0.917	0.884	0.867	0.975	0.951	0.953	0.969	0.969	0.977	0.988	0.948	0.940	0.937	0.879	0.776	0.887	0.985	0.965	0.994	0.950	1.112	0.991	0.930	0.921	0.905	0.907	0.880	0.824	0.882	0.907	0.889	0.849	0.823	0.836	0.859	0.838	0.867	0.851	0.767
49:00:51	22.7	0.836	0.786	0.867	0.888	0.868	0.874	0.837	0.864	0.908	0.046	0.908	0.811	0.832	0.997	0.972	0.992	0.965	0.246	0.959	0.898	0.884	0.953	0.845	0.923	0.931	1.034	0.974	1.022	0.934	0.961	1.000	0.960	0.944	0.981	1.027	0.920	0.863	1.032	0.940	0.960	0.964	0.886	0.971	0.947	0.926	1.003	0.883	0.922	0.904	0.979	1.050	1.027	0.979	0.929	1.075	0.938	0.926	0.920	0.891	0.867	0.961	0.953	0.952	0.976	0.969	0.979	0.984	0.951	0.940	0.938	0.884	0.782	0.884	0.978	0.963	0.998	0.950	1.114	0.995	0.930	0.920	0.904	0.906	0.887	0.829	0.881	0.903	0.891	0.849	0.836	0.841	0.849	0.836	0.868	0.853	0.763
50:00:51	22.6	0.946	0.789	0.856	0.896	0.874	0.872	0.836	0.853	0.911	0.046	0.917	0.807	0.846	0.997	0.977	0.992	0.965	0.264	0.961	0.892	0.896	0.956	0.846	0.935	0.925	1.039	0.977	1.027	0.938	0.963	1.009	0.967	0.944	0.987	1.050	0.919	0.860	1.029	0.948	0.963	0.967	0.886	0.976	0.950	0.929	1.004	0.880	0.899	0.901	0.981	1.042	1.027	0.980	0.932	1.075	0.946	0.930	0.922	0.895	0.872	0.958	0.959	0.961	0.967	0.979	0.982	0.988	0.954	0.946	0.935	0.885	0.783	0.880	0.999	0.968	0.998	0.947	1.113	0.995	0.935	0.921	0.908	0.909	0.873	0.831	0.881	0.899	0.890	0.851	0.837	0.838	0.858	0.833	0.872	0.856	0.765
51:00:52	22.5	0.991	0.788	0.872	0.893	0.879	0.882	0.846	0.862	0.917	0.046	0.922	0.801	0.864	1.001	0.977	0.994	0.966	0.283	0.966	0.892	0.906	0.957	0.850	0.916	0.936	1.037	0.981	1.027	0.936	0.963	1.009	0.970	0.941	0.986	1.030	0.912	0.863	1.033	0.952	0.962	0.962	0.889	0.979	0.955	0.929	1.002	0.879	0.894	0.893	0.980	1.034	1.032	0.986	0.932	1.073	0.946	0.929	0.925	0.898	0.868	0.959	0.957	0.961	0.975	0.971	0.978	0.988	0.959	0.946	0.935	0.889	0.780	0.881	0.993	0.965	0.999	0.951	1.109	0.994	0.939	0.923	0.914	0.915	0.872	0.827	0.883	0.898	0.893	0.853	0.841	0.836	0.866	0.837	0.872	0.859	0.760
52:00:53	22.4	0.999	0.783	0.914	0.893	0.849	0.890	0.841	0.869	0.915	0.047	0.921	0.792	0.844	0.998	0.981	0.998	0.967	0.333	0.964	0.911	0.899	0.960	0.855	0.911	0.933	1.045	0.985	1.033	0.932	0.963	1.009	0.978	0.947	0.990	1.022	0.913	0.869	1.022	0.962	0.965	0.957	0.890	0.980	0.946	0.930	1.000	0.891	0.901	0.891	1.001	1.052	1.037	0.976	0.932	1.077	0.944	0.929	0.919	0.894	0.871	0.954	0.940	0.969	0.992	0.973	0.982	0.983	0.961	0.943	0.949	0.893	0.785	0.880	0.981	0.963	0.995	0.946	1.102	0.993	0.936	0.922	0.914	0.912	0.869	0.833	0.876	0.897	0.896	0.853	0.842	0.834	0.874	0.842	0.878	0.862	0.751
53:00:55	22.3	1.056	0.782	0.915	0.873	0.867	0.875	0.847	0.866	0.911	0.046	0.918	0.805	0.843	1.002	0.977	0.999	0.965	0.382	0.964	0.921	0.912	0.953	0.869	0.921	0.899	1.058	0.996	1.028	0.933	0.964	1.005	0.990	0.962	0.989	1.040	0.911	0.851	1.029	0.973	0.964	0.958	0.895	0.985	0.944	0.917	1.002	0.882	0.873	0.912	0.989	1.034	1.027	0.989	0.931	1.066	0.945	0.923	0.918	0.894	0.871	0.946	0.955	0.971	0.975	0.964	0.977	0.986	0.971	0.949	0.946	0.891	0.777	0.878	0.998	0.967	1.008	0.945	1.099	0.983	0.938	0.917	0.910	0.916	0.849	0.828	0.879	0.898	0.895	0.850	0.838	0.833	0.853	0.840	0.877	0.854	0.749
54:00:55	22.5	1.023	0.780	0.926	0.897	0.865	0.881	0.847	0.919	0.928	0.046	0.914	0.763	0.826	1.004	0.991	0.993	0.964	0.425	0.960	0.924	0.904	0.960	0.865	0.897	0.937	1.043	0.986	1.023	0.930	0.962	0.999	0.974	0.954	0.986	1.038	0.902	0.872	1.027	0.970	0.964	0.964	0.893	0.980	0.939	0.926	0.995	0.884	0.892	0.904	0.996	1.064	1.032	0.980	0.933	1.087	0.944	0.930	0.925	0.899	0.865	0.939	0.943	0.964	0.984	0.968	0.983	0.981	0.961	0.943	0.950	0.897	0.781	0.873	0.979	0.962	0.992	0.954	1.097	0.993	0.936	0.923	0.913	0.917	0.864	0.826	0.866	0.896	0.897	0.850	0.833	0.840	0.886	0.844	0.872	0.860	0.741
55:00:55	22.6	1.010	0.787	0.916	0.884	0.861	0.871	0.854	0.888	0.899	0.046	0.921	0.777	0.824	0.993	0.982	0.991	0.965	0.466	0.962	0.915	0.907	0.959	0.864	0.899	0.903	1.044	0.986	1.027	0.932	0.964	1.006	0.980	0.956	0.988	1.041	0.904	0.865	1.026	0.971	0.964	0.964	0.893	0.986	0.950	0.927	0.994	0.884	0.871	0.926	0.983	1.035	1.035	0.971	0.934	1.079	0.947	0.931	0.927	0.898	0.862	0.941	0.958	0.974	0.977	0.969	0.980	0.981	0.961	0.949	0.951	0.894	0.771	0.875	0.997	0.957	1.001	0.951	1.093	0.986	0.938	0.920	0.915	0.911	0.841	0.824	0.865	0.887	0.894	0.854	0.840	0.838	0.860	0.843	0.853	0.853	0.745
56:00:57	22.7	1.000	0.785	0.929	0.883	0.877	0.876	0.854	0.928	0.903	0.046	0.915	0.768	0.816	0.997	0.986	0.991	0.966	0.508	0.962	0.931	0.906	0.954	0.871	0.898	0.890	1.048	0.992	1.025	0.931	0.963	1.004	0.984	0.953	0.984	1.036	0.904	0.874	1.030	0.970	0.962	0.962	0.893	0.984	0.945	0.927	0.994	0.878	0.857	0.933	0.988	1.038	1.031	0.968	0.932	1.080	0.947	0.928	0.928	0.901	0.861	0.929	0.952	0.970	0.981	0.967	0.980	0.982	0.964	0.947	0.951	0.897	0.773	0.875	0.990	0.954	0.997	0.948	1.096	0.987	0.936	0.920	0.915	0.911	0.838	0.820	0.854	0.880	0.896	0.850	0.831	0.841	0.860	0.840	0.865	0.850	0.741
57:00:57	22.6	0.989	0.782	0.938	0.884	0.873	0.884	0.862	0.921	0.897	0.046	0.917	0.773	0.841	0.998	0.989	0.991	0.965	0.538	0.963	0.934	0.904	0.954	0.889	0.896	0.883	1.043	0.988	1.025	0.928	0.965	1.002	0.982	0.948	0.986	1.016	0.902	0.884	1.028	0.972	0.962	0.953	0.891	0.981	0.940	0.926	0.990	0.878	0.849	0.927	1.000	1.032	1.038	0.971	0.933	1.083	0.944	0.930	0.926	0.901	0.856	0.929	0.945	0.978	0.992	0.964	0.981	0.974	0.964	0.945	0.951	0.899	0.772	0.869	0.985	0.954	0.996	0.947	1.091	0.988	0.933	0.919	0.915	0.903	0.840	0.813	0.836	0.877	0.898	0.849	0.823	0.842	0.876	0.841	0.892	0.849	0.738
58:00:59	22.7	0.974	0.785	0.930	0.878	0.878	0.882	0.863	0.926	0.886	0.046	0.922	0.780	0.856	0.994	0.987	0.985	0.966	0.555	0.963	0.933	0.902	0.951	0.887	0.898	0.885	1.042	0.990	1.022	0.927	0.965	1.003	0.983	0.946	0.986	0.992	0.891	0.885	1.029	0.973	0.964	0.957	0.891	0.981	0.941	0.928	0.990	0.878	0.840	0.908	0.995	1.053	1.032	0.968	0.934	1.081	0.942	0.929	0.926	0.902	0.852	0.923	0.945	0.975	0.991	0.964	0.975	0.973	0.963	0.944	0.959	0.897	0.769	0.865	0.982	0.949	0.988	0.945	1.087	0.985	0.933	0.913	0.913	0.899	0.840	0.815	0.834	0.878	0.897	0.851	0.817	0.841	0.836	0.838	0.883	0.846	0.735
59:00:59	22.6	0.935	0.795	0.918	0.884	0.886	0.883	0.868	0.914	0.894	0.046	0.906	0.743	0.840	0.992	0.991	0.987	0.967	0.570	0.967	0.931	0.899	0.947	0.867	0.910	0.858	1.052	0.991	1.027	0.923	0.965	0.997	0.979	0.955	0.984	0.968	0.893	0.858	1.010	0.971	0.962	0.947	0.895	0.982	0.939	0.928	0.993	0.880	0.844	0.907	1.012	1.033	1.043	0.975	0.933	1.093	0.941	0.926	0.922	0.904	0.845	0.918	0.931	0.970	1.022	0.962	0.978	0.968	0.960	0.939	0.967	0.901	0.775	0.852	0.956	0.948	0.980	0.944	1.081	0.988	0.929	0.913	0.913	0.901	0.848	0.797	0.839	0.887	0.903	0.851	0.809	0.843	0.856	0.840	0.880	0.859	0.737
60:01:01	22.5	0.948	0.780	0.907	0.885	0.876	0.894	0.843	0.923	0.876	0.046	0.914	0.789	0.844	0.996	0.991	0.986	0.963	0.576	0.960	0.930	0.898	0.934	0.877	0.888	0.861	1.045	0.995	1.019	0.922	0.963	0.996	0.979	0.952	0.980	0.970	0.879	0.863	1.034	0.975	0.964	0.950	0.897	0.978	0.935	0.924	0.987	0.888	0.831	0.901	0.998	1.058	1.032	0.965	0.932	1.085	0.938	0.921	0.921	0.903	0.847	0.916	0.933	0.975	0.994	0.961	0.973	0.967	0.963	0.943	0.957	0.902	0.760	0.835	0.969	0.942	0.988	0.947	1.078	0.984	0.928	0.910	0.914	0.903	0.852	0.797	0.834	0.894	0.902	0.848	0.807	0.839	0.849	0.837	0.885	0.841	0.730
61:01:02	22.5	0.931	0.773	0.888	0.885	0.875	0.902	0.818	0.930	0.867	0.046	0.915	0.803	0.847	0.995	0.989	0.983	0.963	0.596	0.961	0.930	0.888	0.921	0.894	0.887	0.846	1.038	0.996	1.021	0.920	0.960	0.993	0.982	0.947	0.977	0.968	0.870	0.857	1.030	0.975	0.966	0.946	0.899	0.971	0.936	0.921	0.989	0.893	0.828	0.880	1.007	1.052	1.042	0.958	0.931	1.085	0.936	0.917	0.917	0.900	0.842	0.913	0.923	0.973	1.002	0.960	0.973	0.967	0.962	0.937	0.960	0.900	0.756	0.818	0.960	0.941	0.977	0.948	1.076	0.982	0.923	0.900	0.912	0.901	0.849	0.790	0.842	0.896	0.901	0.842	0.805	0.829	0.842	0.838	0.876	0.836	0.727
62:01:03	22.4	0.979	0.767	0.887	0.888	0.868	0.872	0.814	0.906	0.894	0.046	0.969	0.821	0.844	0.996	0.984	0.988	0.967	0.602	0.960	0.934	0.897	0.928	0.889	0.806	0.832	1.046	0.999	1.023	0.918	0.959	0.996	0.979	0.953	0.975	1.025	0.859	0.861	1.034	0.973	0.971	0.952	0.902	0.974	0.938	0.926	0.980	0.888	0.793	0.878	1.000	1.031	1.037	0.962	0.936	1.081	0.937	0.917	0.919	0.901	0.808	0.910	0.936	0.975	0.989	0.958	0.969	0.972	0.962	0.938	0.949	0.898	0.756	0.810	0.967	0.949	0.994	0.949	1.075	0.975	0.929	0.901	0.907	0.903	0.849	0.785	0.842	0.888	0.894	0.848	0.811	0.817	0.845	0.831	0.858	0.834	0.733
63:01:04	22.3	0.971	0.766	0.915	0.905	0.881	0.904	0.811	0.919	0.898	0.046	0.929	0.795	0.854	0.993	0.987	0.989	0.963	0.612	0.961	0.937	0.892	0.907	0.899	0.808	0.812	1.032	1.000	1.015	0.912	0.951	0.992	0.981	0.956	0.968	0.986	0.857	0.850	1.017	0.964	0.970	0.933	0.904	0.971	0.930	0.929	0.985	0.901	0.799	0.865	1.011	1.052	1.043	0.955	0.932	1.083	0.929	0.912	0.916	0.903	0.833	0.904	0.932	0.963	1.068	0.952	0.967	0.964	0.959	0.936	0.950	0.900	0.755	0.800	0.950	0.943	0.977	0.947	1.065	0.976	0.921	0.898	0.907	0.897	0.846	0.774	0.850	0.884	0.895	0.845	0.806	0.824	0.858	0.835	0.847	0.836	0.729
64:01:05	22.4	0.985	0.770	0.900	0.910	0.873	0.866	0.799	0.909	0.877	0.046	0.883	0.827	0.819	1.003	0.985	0.985	0.962	0.610	0.954	0.934	0.887	0.919	0.902	0.790	0.802	1.047	0.996	1.020	0.916	0.957	0.992	0.980	0.954	0.968	1.018	0.834	0.831	1.031	0.973	0.969	0.948	0.901	0.971	0.939	0.919	0.982	0.895	0.791	0.846	0.999	1.061	1.038	0.955	0.932	1.080	0.936	0.914	0.918	0.898	0.803	0.900	0.929	0.975	0.991	0.955	0.968	0.966	0.959	0.937	0.948	0.897	0.754	0.799	0.952	0.950	0.986	0.946	1.066	0.971	0.922	0.895	0.906	0.901	0.832	0.772	0.853	0.880	0.889	0.846	0.809	0.830	0.855	0.834	0.850	0.830	0.731
65:01:05	22.5	0.978	0.765	0.881	0.904	0.879	0.865	0.795	0.899	0.876	0.045	0.858	0.824	0.813	0.990	0.982	0.985	0.961	0.615	0.955	0.938	0.887	0.907	0.898	0.780	0.836	1.039	0.998	1.019	0.914	0.955	0.989	0.979	0.948	0.966	1.013	0.840	0.833	1.027	0.968	0.971	0.936	0.901	0.969	0.937	0.922	0.983	0.907	0.789	0.842	1.003	1.040	1.043	0.950	0.931	1.077	0.931	0.913	0.915	0.898	0.795	0.896	0.922	0.968	1.004	0.952	0.967	0.964	0.955	0.933	0.946	0.898	0.758	0.805	0.935	0.949	0.976	0.947	1.057	0.970	0.921	0.892	0.902	0.899	0.829	0.764	0.851	0.886	0.888	0.839	0.811	0.824	0.836	0.831	0.847	0.833	0.729
66:01:06	22.7	0.971	0.831	0.863	0.913	0.892	0.876	0.756	0.910	0.865	0.046	0.806	0.827	0.816	0.990	0.976	0.987	0.958	0.620	0.947	0.945	0.889	0.904	0.896	0.792	0.848	1.031	0.998	1.001	0.911	0.954	0.992	0.984	0.969	0.962	1.007	0.845	0.846	1.031	0.958	0.963	0.940	0.904	0.967	0.924	0.914	0.981	0.905	0.784	0.836	1.002	1.018	1.040	0.979	0.929	1.060	0.937	0.917	0.915	0.894	0.786	0.890	0.929	0.972	1.015	0.947	0.967	0.957	0.966	0.941	0.930	0.899	0.757	0.803	0.937	0.951	1.000	0.949	1.054	0.965	0.921	0.898	0.898	0.899	0.832	0.751	0.848	0.880	0.878	0.840	0.809	0.822	0.864	0.817	0.841	0.828	0.723
67:01:07	22.8	0.982	0.801	0.857	0.908	0.888	0.848	0.746	0.930	0.869	0.046	0.810	0.804	0.812	0.988	0.976	0.982	0.959	0.622	0.950	0.939	0.887	0.910	0.898	0.764	0.859	1.031	0.995	1.014	0.915	0.956	0.991	0.979	0.955	0.963	1.005	0.849	0.822	1.027	0.963	0.969	0.941	0.902	0.968	0.937	0.925	0.980	0.902	0.781	0.827	1.000	1.028	1.038	0.950	0.933	1.073	0.933	0.914	0.915	0.897	0.786	0.884	0.921	0.963	0.993	0.952	0.963	0.958	0.956	0.936	0.942	0.898	0.747	0.816	0.926	0.950	0.979	0.945	1.057	0.966	0.920	0.892	0.898	0.899	0.825	0.751	0.852	0.875	0.877	0.835	0.810	0.822	0.840	0.823	0.849	0.824	0.719
68:01:08	22.8	0.958	0.844	0.852	0.905	0.900	0.840	0.755	0.933	0.862	0.046	0.800	0.791	0.812	0.983	0.972	0.984	0.955	0.612	0.946	0.948	0.888	0.899	0.884	0.764	0.838	1.026	0.995	1.004	0.911	0.951	0.991	0.979	0.957	0.957	0.995	0.837	0.829	1.015	0.950	0.961	0.932	0.902	0.967	0.929	0.923	0.974	0.904	0.779	0.833	1.001	1.026	1.035	0.951	0.926	1.061	0.930	0.913	0.915	0.894	0.783	0.880	0.923	0.963	1.031	0.947	0.969	0.955	0.956	0.935	0.932	0.896	0.753	0.829	0.931	0.944	0.979	0.948	1.047	0.962	0.916	0.896	0.896	0.891	0.823	0.743	0.842	0.860	0.871	0.832	0.805	0.820	0.826	0.813	0.848	0.824	0.714
69:01:09	22.8	0.950	0.858	0.845	0.888	0.892	0.823	0.777	0.893	0.868	0.045	0.806	0.792	0.791	0.985	0.966	0.982	0.954	0.605	0.945	0.956	0.885	0.895	0.881	0.782	0.889	1.014	0.993	1.004	0.909	0.951	0.987	0.982	0.952	0.956	0.987	0.816	0.813	1.023	0.950	0.958	0.932	0.901	0.967	0.933	0.923	0.979	0.900	0.787	0.839	1.002	1.027	1.035	0.942	0.924	1.060	0.929	0.909	0.914	0.890	0.782	0.876	0.916	0.963	1.021	0.947	0.970	0.955	0.954	0.933	0.931	0.893	0.746	0.824	0.926	0.937	0.971	0.942	1.037	0.956	0.912	0.891	0.890	0.889	0.829	0.737	0.840	0.841	0.866	0.829	0.803	0.811	0.835	0.817	0.845	0.820	0.710
70:01:10	22.6	0.917	0.842	0.849	0.870	0.880	0.761	0.837	0.855	0.830	0.046	0.833	0.816	0.732	0.973	0.945	0.983	0.950	0.596	0.937	0.971	0.878	0.897	0.908	0.811	0.802	1.030	1.004	0.994	0.902	0.945	0.980	0.987	0.954	0.950	1.001	0.780	0.794	1.035	0.941	0.957	0.933	0.904	0.960	0.924	0.923	0.977	0.910	0.772	0.838	1.011	1.027	1.044	0.947	0.922	1.049	0.929	0.906	0.908	0.887	0.780	0.875	0.939	0.953	1.016	0.931	0.970	0.941	0.960	0.932	0.922	0.895	0.741	0.814	0.924	0.939	0.983	0.948	1.034	0.953	0.912	0.895	0.888	0.896	0.821	0.729	0.838	0.830	0.860	0.825	0.794	0.815	0.824	0.804	0.835	0.806	0.700
71:01:10	22.5	0.890	0.867	0.855	0.874	0.844	0.766	0.851	0.821	0.781	0.046	0.835	0.793	0.734	0.972	0.947	0.982	0.949	0.589	0.934	0.951	0.875	0.893	0.910	0.800	0.775	1.025	1.004	0.991	0.898	0.941	0.980	0.989	0.962	0.946	0.983	0.762	0.798	1.027	0.939	0.956	0.934	0.903	0.961	0.922	0.915	0.965	0.914	0.762	0.841	1.007	1.034	1.040	0.944	0.920	1.048	0.925	0.904	0.913	0.888	0.777	0.869	0.937	0.954	0.988	0.932	0.964	0.940	0.958	0.934	0.921	0.894	0.742	0.816	0.923	0.937	0.989	0.945	1.030	0.948	0.910	0.892	0.889	0.892	0.822	0.720	0.834	0.827	0.856	0.820	0.789	0.807	0.825	0.799	0.835	0.807	0.698
72:01:12	22.3	0.876	0.889	0.844	0.878	0.814	0.767	0.853	0.792	0.750	0.045	0.834	0.794	0.748	0.972	0.937	0.980	0.943	0.583	0.930	0.947	0.874	0.894	0.928	0.800	0.804	1.021	1.006	0.987	0.896	0.935	0.977	0.992	0.967	0.945	0.963	0.757	0.798	1.026	0.936	0.955	0.937	0.906	0.958	0.919	0.913	0.964	0.906	0.774	0.839	1.013	1.046	1.033	0.945	0.920	1.043	0.924	0.901	0.911	0.886	0.776	0.862	0.942	0.953	0.971	0.930	0.959	0.937	0.958	0.935	0.919	0.893	0.741	0.816	0.918	0.933	0.986	0.940	1.021	0.945	0.908	0.891	0.888	0.890	0.828	0.714	0.826	0.830	0.851	0.817	0.785	0.805	0.819	0.797	0.836	0.803	0.689

