Time	T° 600	A1	A2	A3	A4	A5	A6	A7	A8	A9	A10	A11	A12	B1	B2	B3	B4	B5	B6	B7	B8	B9	B10	B11	B12	C1	C2	C3	C4	C5	C6	C7	C8	C9	C10	C11	C12	D1	D2	D3	D4	D5	D6	D7	D8	D9	D10	D11	D12	E1	E2	E3	E4	E5	E6	E7	E8	E9	E10	E11	E12	F1	F2	F3	F4	F5	F6	F7	F8	F9	F10	F11	F12	G1	G2	G3	G4	G5	G6	G7	G8	G9	G10	G11	G12	H1	H2	H3	H4	H5	H6	H7	H8	H9	H10	H11	H12
0:00:06	22.9	0.063	0.045	0.047	0.049	0.049	0.049	0.045	0.046	0.048	0.048	0.049	0.048	0.046	0.046	0.046	0.050	0.048	0.046	0.045	0.049	0.048	0.052	0.055	0.050	0.046	0.048	0.046	0.045	0.048	0.049	0.047	0.046	0.047	0.048	0.051	0.047	0.046	0.048	0.052	0.047	0.046	0.045	0.048	0.047	0.050	0.045	0.050	0.047	0.050	0.053	0.263	0.050	0.050	0.046	0.046	0.045	0.048	0.046	0.048	0.047	0.048	0.055	0.050	0.052	0.047	0.045	0.046	0.045	0.050	0.048	0.048	0.047	0.053	0.051	0.052	0.050	0.050	0.046	0.048	0.052	0.049	0.046	0.048	0.046	0.045	0.052	0.050	0.046	0.045	0.046	0.049	0.050	0.049	0.049	0.047	0.047
1:00:05	22.8	0.057	0.045	0.047	0.049	0.049	0.049	0.046	0.045	0.048	0.047	0.048	0.048	0.046	0.045	0.046	0.050	0.048	0.045	0.045	0.048	0.047	0.051	0.058	0.050	0.046	0.047	0.046	0.045	0.047	0.048	0.046	0.045	0.047	0.048	0.051	0.047	0.046	0.048	0.052	0.047	0.046	0.045	0.048	0.047	0.049	0.045	0.049	0.046	0.050	0.053	0.260	0.050	0.050	0.046	0.046	0.045	0.046	0.047	0.048	0.047	0.048	0.055	0.050	0.052	0.047	0.046	0.045	0.045	0.050	0.048	0.047	0.047	0.054	0.050	0.051	0.049	0.050	0.046	0.048	0.050	0.048	0.047	0.048	0.046	0.045	0.052	0.049	0.046	0.046	0.046	0.049	0.049	0.048	0.049	0.047	0.047
2:00:06	22.7	0.053	0.045	0.047	0.049	0.049	0.049	0.046	0.045	0.048	0.048	0.048	0.048	0.047	0.046	0.047	0.049	0.048	0.045	0.045	0.048	0.047	0.052	0.058	0.050	0.046	0.048	0.046	0.045	0.048	0.049	0.047	0.046	0.047	0.048	0.051	0.047	0.046	0.048	0.052	0.047	0.046	0.045	0.048	0.047	0.049	0.045	0.049	0.047	0.050	0.054	0.259	0.050	0.049	0.046	0.046	0.045	0.046	0.047	0.049	0.048	0.049	0.055	0.050	0.052	0.047	0.046	0.046	0.045	0.050	0.048	0.047	0.048	0.052	0.051	0.052	0.049	0.050	0.046	0.049	0.051	0.048	0.047	0.048	0.046	0.045	0.052	0.050	0.047	0.046	0.046	0.050	0.049	0.048	0.049	0.047	0.047
3:00:07	22.5	0.053	0.046	0.047	0.049	0.049	0.049	0.046	0.046	0.049	0.048	0.049	0.048	0.047	0.046	0.046	0.050	0.048	0.046	0.045	0.049	0.048	0.052	0.058	0.050	0.047	0.048	0.047	0.045	0.048	0.049	0.047	0.046	0.047	0.048	0.051	0.048	0.047	0.049	0.052	0.047	0.046	0.045	0.048	0.047	0.050	0.045	0.049	0.047	0.051	0.053	0.257	0.050	0.050	0.047	0.046	0.046	0.046	0.048	0.049	0.048	0.049	0.055	0.050	0.052	0.048	0.046	0.046	0.046	0.051	0.048	0.048	0.048	0.052	0.051	0.052	0.050	0.050	0.046	0.049	0.051	0.049	0.047	0.048	0.047	0.046	0.053	0.050	0.048	0.046	0.046	0.051	0.050	0.049	0.050	0.048	0.048
4:00:08	22.4	0.052	0.046	0.048	0.049	0.050	0.049	0.046	0.046	0.050	0.048	0.049	0.048	0.047	0.046	0.049	0.050	0.048	0.046	0.045	0.049	0.048	0.052	0.058	0.050	0.047	0.048	0.047	0.046	0.047	0.049	0.047	0.046	0.048	0.050	0.051	0.048	0.047	0.049	0.052	0.047	0.046	0.046	0.048	0.047	0.050	0.046	0.049	0.047	0.051	0.054	0.256	0.051	0.050	0.047	0.047	0.046	0.047	0.049	0.050	0.048	0.049	0.055	0.051	0.052	0.048	0.047	0.046	0.046	0.051	0.049	0.048	0.048	0.052	0.052	0.052	0.050	0.050	0.047	0.050	0.051	0.049	0.047	0.049	0.047	0.046	0.053	0.050	0.048	0.047	0.047	0.051	0.050	0.049	0.050	0.047	0.048
5:00:09	22.4	0.052	0.047	0.049	0.050	0.050	0.050	0.047	0.047	0.050	0.049	0.050	0.049	0.048	0.047	0.047	0.051	0.048	0.047	0.046	0.050	0.048	0.053	0.059	0.051	0.047	0.049	0.048	0.046	0.048	0.050	0.048	0.047	0.048	0.053	0.052	0.049	0.048	0.050	0.053	0.048	0.047	0.046	0.048	0.048	0.051	0.046	0.050	0.048	0.052	0.054	0.255	0.051	0.050	0.047	0.047	0.047	0.047	0.051	0.050	0.049	0.050	0.056	0.051	0.053	0.048	0.047	0.047	0.046	0.051	0.049	0.048	0.048	0.053	0.052	0.053	0.051	0.051	0.047	0.051	0.051	0.049	0.049	0.049	0.047	0.047	0.053	0.050	0.049	0.047	0.047	0.052	0.051	0.050	0.050	0.048	0.048
6:00:10	22.4	0.054	0.049	0.051	0.051	0.052	0.052	0.049	0.048	0.052	0.050	0.051	0.051	0.050	0.049	0.049	0.052	0.050	0.049	0.048	0.051	0.050	0.055	0.061	0.053	0.049	0.051	0.049	0.048	0.050	0.051	0.050	0.048	0.050	0.056	0.054	0.050	0.049	0.052	0.054	0.049	0.049	0.048	0.048	0.049	0.052	0.048	0.052	0.050	0.054	0.056	0.256	0.053	0.052	0.049	0.049	0.048	0.049	0.051	0.052	0.050	0.052	0.058	0.052	0.055	0.050	0.049	0.049	0.048	0.053	0.051	0.050	0.051	0.054	0.054	0.054	0.052	0.052	0.049	0.053	0.053	0.051	0.050	0.050	0.048	0.049	0.055	0.052	0.050	0.049	0.049	0.053	0.052	0.051	0.052	0.050	0.050
7:00:11	22.4	0.056	0.054	0.056	0.053	0.057	0.057	0.055	0.052	0.057	0.055	0.057	0.057	0.055	0.055	0.053	0.057	0.054	0.053	0.053	0.055	0.056	0.060	0.064	0.058	0.054	0.056	0.054	0.053	0.055	0.055	0.056	0.052	0.055	0.059	0.059	0.056	0.053	0.057	0.058	0.053	0.052	0.052	0.047	0.053	0.056	0.052	0.056	0.055	0.057	0.060	0.259	0.059	0.056	0.053	0.054	0.052	0.053	0.051	0.057	0.055	0.056	0.063	0.056	0.060	0.054	0.053	0.052	0.051	0.057	0.056	0.054	0.055	0.058	0.058	0.058	0.056	0.056	0.053	0.059	0.057	0.053	0.054	0.054	0.050	0.053	0.059	0.057	0.054	0.054	0.054	0.057	0.055	0.055	0.056	0.054	0.055
8:00:12	22.3	0.060	0.069	0.072	0.059	0.070	0.071	0.070	0.062	0.069	0.066	0.069	0.071	0.068	0.069	0.066	0.070	0.065	0.067	0.068	0.066	0.070	0.074	0.076	0.070	0.066	0.068	0.065	0.064	0.068	0.063	0.071	0.061	0.069	0.070	0.072	0.069	0.064	0.070	0.069	0.062	0.060	0.064	0.048	0.063	0.067	0.063	0.068	0.068	0.068	0.072	0.267	0.072	0.067	0.065	0.065	0.061	0.067	0.052	0.069	0.065	0.067	0.075	0.067	0.072	0.063	0.063	0.061	0.060	0.066	0.069	0.065	0.064	0.066	0.069	0.069	0.067	0.065	0.063	0.073	0.066	0.060	0.065	0.064	0.056	0.063	0.071	0.068	0.066	0.065	0.065	0.066	0.063	0.066	0.065	0.063	0.063
9:00:13	22.3	0.070	0.095	0.102	0.069	0.098	0.098	0.098	0.080	0.089	0.084	0.099	0.093	0.089	0.094	0.092	0.096	0.090	0.101	0.100	0.088	0.098	0.108	0.103	0.092	0.087	0.090	0.086	0.091	0.100	0.081	0.105	0.077	0.093	0.093	0.102	0.093	0.083	0.098	0.088	0.080	0.080	0.087	0.047	0.082	0.090	0.082	0.089	0.088	0.087	0.095	0.283	0.097	0.092	0.088	0.085	0.079	0.089	0.052	0.091	0.083	0.085	0.100	0.091	0.098	0.083	0.085	0.080	0.077	0.084	0.094	0.084	0.082	0.082	0.090	0.089	0.089	0.086	0.081	0.097	0.085	0.073	0.083	0.082	0.068	0.080	0.089	0.090	0.087	0.085	0.086	0.080	0.078	0.085	0.081	0.079	0.079
10:00:14	22.4	0.088	0.124	0.139	0.090	0.140	0.130	0.135	0.105	0.118	0.109	0.144	0.126	0.118	0.126	0.132	0.135	0.130	0.140	0.139	0.119	0.137	0.150	0.150	0.128	0.117	0.118	0.115	0.125	0.138	0.109	0.149	0.101	0.122	0.130	0.147	0.126	0.110	0.135	0.117	0.110	0.111	0.126	0.047	0.111	0.125	0.109	0.120	0.117	0.116	0.127	0.310	0.128	0.131	0.121	0.114	0.106	0.128	0.052	0.123	0.113	0.114	0.135	0.123	0.134	0.112	0.114	0.109	0.105	0.109	0.130	0.116	0.107	0.106	0.120	0.116	0.120	0.113	0.108	0.129	0.114	0.097	0.108	0.114	0.095	0.108	0.115	0.123	0.116	0.110	0.112	0.103	0.108	0.111	0.106	0.106	0.105
11:00:15	22.3	0.130	0.171	0.193	0.123	0.170	0.162	0.173	0.135	0.144	0.137	0.178	0.155	0.155	0.170	0.162	0.174	0.163	0.181	0.159	0.152	0.180	0.202	0.189	0.168	0.160	0.161	0.150	0.156	0.168	0.140	0.207	0.138	0.157	0.170	0.188	0.166	0.155	0.178	0.150	0.149	0.161	0.168	0.047	0.155	0.159	0.137	0.160	0.155	0.155	0.170	0.348	0.166	0.176	0.171	0.144	0.135	0.169	0.052	0.169	0.162	0.162	0.175	0.166	0.173	0.156	0.145	0.134	0.136	0.141	0.165	0.164	0.154	0.144	0.158	0.162	0.167	0.157	0.144	0.157	0.150	0.139	0.143	0.163	0.146	0.155	0.152	0.161	0.147	0.137	0.144	0.144	0.148	0.143	0.143	0.146	0.148
12:00:16	22.4	0.166	0.201	0.212	0.177	0.215	0.217	0.225	0.190	0.208	0.208	0.217	0.221	0.188	0.193	0.186	0.207	0.210	0.195	0.189	0.197	0.208	0.233	0.232	0.221	0.191	0.208	0.179	0.185	0.196	0.194	0.235	0.196	0.225	0.216	0.233	0.216	0.186	0.211	0.195	0.190	0.187	0.191	0.047	0.194	0.200	0.194	0.209	0.203	0.196	0.207	0.388	0.209	0.216	0.201	0.203	0.181	0.223	0.052	0.223	0.212	0.213	0.221	0.200	0.220	0.201	0.185	0.179	0.178	0.180	0.212	0.203	0.210	0.174	0.205	0.193	0.218	0.204	0.195	0.196	0.192	0.188	0.196	0.217	0.215	0.197	0.201	0.213	0.210	0.192	0.200	0.192	0.208	0.203	0.199	0.206	0.201
13:00:17	22.4	0.214	0.237	0.250	0.224	0.230	0.250	0.249	0.234	0.233	0.239	0.263	0.253	0.216	0.250	0.228	0.253	0.261	0.254	0.226	0.234	0.254	0.264	0.258	0.258	0.230	0.241	0.236	0.232	0.246	0.230	0.260	0.242	0.246	0.256	0.259	0.264	0.238	0.241	0.242	0.244	0.251	0.241	0.047	0.242	0.247	0.238	0.251	0.250	0.233	0.252	0.430	0.255	0.254	0.240	0.234	0.230	0.256	0.052	0.267	0.269	0.241	0.255	0.249	0.257	0.235	0.228	0.235	0.243	0.232	0.257	0.258	0.267	0.230	0.257	0.245	0.254	0.271	0.256	0.246	0.264	0.235	0.247	0.278	0.257	0.242	0.252	0.270	0.262	0.257	0.256	0.242	0.250	0.252	0.264	0.269	0.262
14:00:18	22.4	0.239	0.268	0.269	0.264	0.281	0.278	0.300	0.274	0.284	0.282	0.305	0.294	0.255	0.281	0.258	0.281	0.293	0.288	0.266	0.257	0.285	0.286	0.284	0.287	0.240	0.276	0.253	0.254	0.269	0.256	0.275	0.262	0.273	0.286	0.286	0.292	0.268	0.273	0.258	0.273	0.265	0.274	0.047	0.274	0.276	0.267	0.277	0.282	0.259	0.281	0.478	0.275	0.273	0.264	0.264	0.253	0.284	0.052	0.289	0.311	0.265	0.284	0.267	0.280	0.258	0.266	0.268	0.270	0.267	0.284	0.282	0.309	0.265	0.278	0.273	0.273	0.289	0.278	0.282	0.288	0.262	0.283	0.316	0.267	0.262	0.279	0.286	0.296	0.276	0.284	0.281	0.278	0.285	0.297	0.302	0.305
15:00:19	22.4	0.255	0.354	0.326	0.315	0.348	0.340	0.362	0.331	0.343	0.336	0.366	0.337	0.318	0.319	0.320	0.337	0.355	0.320	0.326	0.300	0.332	0.347	0.342	0.341	0.306	0.303	0.277	0.298	0.309	0.314	0.322	0.311	0.324	0.333	0.336	0.341	0.311	0.306	0.305	0.317	0.321	0.324	0.048	0.321	0.326	0.320	0.328	0.327	0.299	0.317	0.535	0.309	0.317	0.304	0.310	0.302	0.338	0.052	0.341	0.357	0.305	0.331	0.301	0.328	0.301	0.294	0.320	0.309	0.313	0.336	0.327	0.345	0.317	0.310	0.321	0.325	0.334	0.322	0.341	0.336	0.303	0.345	0.366	0.306	0.308	0.326	0.340	0.344	0.327	0.343	0.323	0.313	0.343	0.341	0.342	0.342
16:00:19	22.5	0.305	0.464	0.450	0.383	0.422	0.435	0.442	0.395	0.406	0.415	0.452	0.427	0.391	0.375	0.420	0.435	0.439	0.406	0.401	0.373	0.400	0.423	0.423	0.429	0.387	0.363	0.344	0.377	0.401	0.369	0.415	0.369	0.402	0.405	0.421	0.435	0.375	0.404	0.368	0.384	0.390	0.385	0.047	0.391	0.406	0.394	0.407	0.404	0.370	0.382	0.609	0.385	0.403	0.383	0.374	0.371	0.425	0.051	0.429	0.454	0.365	0.417	0.376	0.410	0.372	0.371	0.407	0.380	0.394	0.418	0.420	0.436	0.384	0.399	0.400	0.409	0.412	0.413	0.419	0.425	0.393	0.425	0.446	0.393	0.389	0.409	0.424	0.434	0.420	0.431	0.415	0.387	0.442	0.432	0.439	0.430
17:00:20	22.7	0.387	0.529	0.550	0.465	0.521	0.489	0.532	0.465	0.474	0.484	0.534	0.515	0.492	0.448	0.496	0.518	0.537	0.490	0.489	0.437	0.474	0.501	0.535	0.528	0.484	0.443	0.465	0.480	0.502	0.444	0.510	0.427	0.480	0.497	0.508	0.545	0.452	0.499	0.466	0.449	0.483	0.455	0.048	0.467	0.473	0.461	0.491	0.493	0.453	0.465	0.717	0.497	0.497	0.481	0.468	0.472	0.518	0.051	0.524	0.529	0.454	0.502	0.467	0.514	0.460	0.465	0.501	0.458	0.497	0.511	0.523	0.516	0.446	0.492	0.482	0.518	0.503	0.507	0.502	0.510	0.473	0.514	0.525	0.526	0.465	0.498	0.510	0.510	0.510	0.517	0.503	0.448	0.520	0.517	0.510	0.492
18:00:22	22.8	0.451	0.560	0.596	0.533	0.549	0.532	0.595	0.536	0.541	0.532	0.655	0.578	0.583	0.529	0.559	0.614	0.561	0.594	0.579	0.507	0.578	0.615	0.599	0.633	0.569	0.545	0.549	0.559	0.559	0.508	0.603	0.491	0.564	0.569	0.634	0.626	0.525	0.562	0.566	0.548	0.553	0.545	0.047	0.549	0.594	0.533	0.585	0.581	0.533	0.556	0.803	0.592	0.610	0.586	0.580	0.568	0.611	0.051	0.634	0.589	0.541	0.581	0.560	0.610	0.569	0.566	0.583	0.522	0.571	0.609	0.630	0.592	0.521	0.571	0.555	0.594	0.583	0.593	0.574	0.593	0.539	0.583	0.589	0.672	0.519	0.583	0.593	0.580	0.590	0.583	0.571	0.508	0.579	0.575	0.561	0.540
19:00:23	22.9	0.502	0.643	0.640	0.591	0.588	0.572	0.639	0.593	0.609	0.587	0.710	0.620	0.598	0.588	0.622	0.660	0.610	0.665	0.628	0.556	0.661	0.685	0.683	0.683	0.641	0.616	0.611	0.606	0.647	0.604	0.675	0.609	0.657	0.640	0.708	0.680	0.586	0.644	0.620	0.619	0.657	0.633	0.047	0.647	0.689	0.614	0.669	0.657	0.588	0.617	0.844	0.675	0.687	0.669	0.665	0.644	0.714	0.051	0.714	0.620	0.592	0.650	0.638	0.684	0.636	0.660	0.639	0.582	0.646	0.706	0.678	0.640	0.597	0.630	0.615	0.667	0.641	0.661	0.646	0.658	0.582	0.624	0.621	0.801	0.551	0.642	0.651	0.627	0.634	0.642	0.627	0.547	0.621	0.616	0.588	0.576
20:00:23	22.9	0.530	0.672	0.675	0.625	0.611	0.582	0.657	0.624	0.637	0.629	0.725	0.634	0.644	0.633	0.659	0.687	0.663	0.700	0.663	0.606	0.679	0.722	0.721	0.702	0.634	0.645	0.653	0.651	0.685	0.643	0.673	0.646	0.686	0.688	0.734	0.707	0.622	0.679	0.681	0.655	0.684	0.670	0.047	0.672	0.679	0.648	0.724	0.692	0.642	0.654	0.866	0.698	0.714	0.705	0.695	0.680	0.741	0.050	0.736	0.638	0.621	0.708	0.673	0.710	0.653	0.698	0.659	0.628	0.669	0.712	0.716	0.673	0.649	0.661	0.645	0.698	0.677	0.712	0.672	0.696	0.618	0.652	0.655	0.879	0.567	0.696	0.697	0.651	0.653	0.687	0.657	0.578	0.642	0.645	0.613	0.603
21:00:25	23.0	0.560	0.697	0.688	0.657	0.641	0.608	0.667	0.646	0.650	0.657	0.735	0.641	0.672	0.624	0.694	0.715	0.691	0.715	0.671	0.628	0.709	0.747	0.746	0.708	0.676	0.627	0.688	0.656	0.691	0.653	0.681	0.666	0.694	0.700	0.742	0.712	0.653	0.700	0.699	0.688	0.710	0.690	0.048	0.690	0.693	0.661	0.741	0.680	0.670	0.674	0.885	0.702	0.729	0.709	0.722	0.698	0.746	0.050	0.730	0.653	0.634	0.745	0.672	0.731	0.669	0.719	0.671	0.660	0.678	0.724	0.744	0.683	0.686	0.687	0.669	0.697	0.708	0.747	0.698	0.728	0.648	0.669	0.677	0.946	0.581	0.735	0.727	0.673	0.678	0.703	0.669	0.604	0.648	0.660	0.634	0.626
22:00:26	23.1	0.588	0.714	0.709	0.680	0.664	0.638	0.652	0.661	0.677	0.669	0.720	0.642	0.683	0.648	0.719	0.722	0.713	0.708	0.678	0.655	0.713	0.741	0.746	0.696	0.711	0.626	0.695	0.663	0.710	0.657	0.695	0.674	0.695	0.699	0.749	0.720	0.669	0.721	0.722	0.703	0.737	0.712	0.047	0.700	0.702	0.679	0.723	0.680	0.693	0.715	0.905	0.711	0.747	0.718	0.729	0.714	0.747	0.050	0.731	0.671	0.653	0.794	0.686	0.756	0.686	0.742	0.688	0.704	0.694	0.720	0.769	0.701	0.750	0.705	0.679	0.708	0.736	0.772	0.719	0.765	0.675	0.684	0.705	0.998	0.600	0.770	0.753	0.689	0.721	0.720	0.693	0.631	0.662	0.679	0.652	0.644
23:00:26	23.2	0.609	0.717	0.726	0.717	0.681	0.667	0.659	0.684	0.699	0.684	0.731	0.658	0.691	0.637	0.730	0.736	0.721	0.713	0.688	0.683	0.716	0.740	0.754	0.688	0.713	0.639	0.707	0.677	0.731	0.674	0.705	0.688	0.693	0.702	0.754	0.724	0.685	0.739	0.744	0.718	0.758	0.727	0.047	0.699	0.720	0.697	0.717	0.691	0.711	0.724	0.925	0.723	0.758	0.734	0.736	0.734	0.746	0.050	0.734	0.687	0.669	0.826	0.708	0.771	0.702	0.748	0.698	0.726	0.709	0.730	0.784	0.715	0.791	0.719	0.690	0.718	0.753	0.792	0.736	0.784	0.686	0.697	0.728	1.050	0.623	0.795	0.777	0.701	0.760	0.740	0.708	0.652	0.670	0.692	0.668	0.655
24:00:27	23.0	0.634	0.726	0.729	0.731	0.705	0.689	0.669	0.710	0.718	0.706	0.746	0.697	0.696	0.659	0.743	0.759	0.757	0.726	0.702	0.697	0.722	0.735	0.754	0.698	0.728	0.650	0.715	0.707	0.752	0.686	0.721	0.705	0.706	0.713	0.754	0.736	0.697	0.765	0.757	0.749	0.772	0.744	0.047	0.719	0.740	0.712	0.726	0.701	0.736	0.747	0.945	0.734	0.769	0.750	0.751	0.758	0.755	0.050	0.744	0.705	0.694	0.857	0.725	0.804	0.730	0.759	0.719	0.740	0.727	0.736	0.803	0.728	0.810	0.727	0.711	0.733	0.765	0.808	0.757	0.825	0.694	0.716	0.750	1.073	0.654	0.810	0.789	0.713	0.804	0.758	0.721	0.668	0.679	0.709	0.682	0.669
25:00:29	22.9	0.657	0.749	0.739	0.756	0.732	0.715	0.692	0.733	0.744	0.726	0.768	0.729	0.725	0.691	0.760	0.770	0.797	0.745	0.712	0.718	0.732	0.754	0.768	0.708	0.750	0.674	0.732	0.744	0.774	0.710	0.738	0.725	0.720	0.725	0.766	0.744	0.715	0.786	0.769	0.767	0.788	0.756	0.047	0.744	0.755	0.726	0.734	0.716	0.760	0.778	0.958	0.756	0.785	0.758	0.770	0.787	0.771	0.050	0.753	0.714	0.721	0.878	0.751	0.820	0.745	0.780	0.734	0.756	0.745	0.747	0.819	0.742	0.836	0.739	0.731	0.745	0.773	0.833	0.773	0.855	0.703	0.726	0.772	1.107	0.662	0.823	0.796	0.726	0.825	0.776	0.734	0.681	0.688	0.725	0.692	0.683
26:00:28	22.7	0.668	0.777	0.751	0.778	0.731	0.729	0.724	0.748	0.753	0.752	0.782	0.723	0.750	0.721	0.768	0.773	0.840	0.772	0.716	0.744	0.725	0.770	0.795	0.740	0.776	0.751	0.753	0.765	0.792	0.729	0.758	0.745	0.742	0.741	0.767	0.743	0.740	0.815	0.783	0.778	0.804	0.769	0.047	0.764	0.770	0.756	0.741	0.736	0.772	0.793	0.983	0.775	0.794	0.779	0.784	0.809	0.777	0.050	0.755	0.736	0.728	0.913	0.771	0.843	0.768	0.799	0.751	0.761	0.761	0.762	0.833	0.754	0.868	0.757	0.754	0.763	0.790	0.847	0.789	0.871	0.713	0.740	0.793	1.144	0.670	0.839	0.816	0.748	0.861	0.792	0.746	0.696	0.694	0.735	0.693	0.689
27:00:29	22.6	0.675	0.824	0.765	0.795	0.746	0.744	0.765	0.767	0.768	0.764	0.790	0.724	0.766	0.703	0.789	0.784	0.862	0.777	0.723	0.757	0.749	0.775	0.799	0.762	0.794	0.746	0.777	0.797	0.810	0.749	0.773	0.757	0.754	0.751	0.783	0.750	0.765	0.859	0.801	0.791	0.816	0.786	0.047	0.785	0.784	0.782	0.757	0.761	0.799	0.818	1.002	0.790	0.812	0.792	0.791	0.820	0.793	0.050	0.765	0.745	0.742	0.927	0.790	0.862	0.803	0.809	0.774	0.776	0.779	0.774	0.862	0.768	0.908	0.785	0.774	0.778	0.797	0.858	0.809	0.921	0.735	0.746	0.809	1.176	0.681	0.841	0.814	0.763	0.863	0.802	0.758	0.705	0.700	0.739	0.693	0.699
28:00:31	22.7	0.682	0.843	0.769	0.818	0.761	0.752	0.794	0.777	0.787	0.782	0.789	0.733	0.784	0.729	0.806	0.795	0.877	0.790	0.731	0.769	0.766	0.794	0.801	0.787	0.815	0.752	0.788	0.793	0.827	0.761	0.782	0.767	0.761	0.763	0.791	0.750	0.777	0.867	0.825	0.813	0.824	0.799	0.047	0.806	0.798	0.800	0.767	0.780	0.826	0.841	1.008	0.812	0.831	0.811	0.801	0.839	0.803	0.049	0.774	0.757	0.755	0.941	0.806	0.874	0.849	0.819	0.791	0.787	0.782	0.784	0.873	0.780	0.906	0.799	0.791	0.796	0.807	0.881	0.820	0.936	0.751	0.757	0.821	1.200	0.684	0.851	0.818	0.774	0.885	0.805	0.771	0.717	0.709	0.754	0.711	0.708
29:00:32	22.7	0.684	0.843	0.770	0.834	0.766	0.759	0.807	0.787	0.800	0.788	0.794	0.739	0.810	0.754	0.814	0.807	0.910	0.811	0.742	0.786	0.781	0.808	0.822	0.804	0.835	0.782	0.795	0.819	0.833	0.779	0.796	0.787	0.776	0.775	0.793	0.743	0.788	0.887	0.842	0.830	0.837	0.813	0.047	0.822	0.807	0.822	0.781	0.797	0.833	0.851	1.015	0.822	0.847	0.820	0.810	0.854	0.805	0.049	0.779	0.763	0.757	0.954	0.823	0.893	0.878	0.838	0.805	0.789	0.792	0.798	0.884	0.787	0.920	0.822	0.805	0.810	0.812	0.893	0.836	0.954	0.767	0.767	0.832	1.224	0.689	0.861	0.812	0.785	0.896	0.812	0.783	0.729	0.714	0.767	0.719	0.715
30:00:32	22.7	0.696	0.866	0.772	0.842	0.790	0.759	0.794	0.796	0.810	0.799	0.798	0.755	0.831	0.760	0.832	0.819	0.921	0.809	0.756	0.798	0.796	0.820	0.826	0.811	0.855	0.775	0.819	0.830	0.855	0.788	0.813	0.798	0.781	0.777	0.811	0.753	0.802	0.904	0.854	0.849	0.844	0.825	0.047	0.842	0.821	0.843	0.791	0.805	0.853	0.877	1.028	0.845	0.862	0.834	0.826	0.876	0.817	0.049	0.790	0.774	0.773	0.972	0.837	0.900	0.921	0.853	0.815	0.805	0.801	0.811	0.893	0.805	0.909	0.839	0.820	0.815	0.809	0.908	0.845	0.978	0.780	0.778	0.839	1.235	0.690	0.851	0.830	0.786	0.900	0.816	0.789	0.748	0.720	0.776	0.733	0.727
31:00:33	22.7	0.710	0.894	0.784	0.858	0.800	0.757	0.795	0.814	0.840	0.819	0.795	0.744	0.863	0.806	0.847	0.827	0.950	0.828	0.767	0.812	0.823	0.809	0.843	0.805	0.883	0.857	0.838	0.850	0.865	0.806	0.825	0.817	0.802	0.794	0.813	0.743	0.814	0.920	0.881	0.867	0.850	0.836	0.047	0.858	0.822	0.862	0.803	0.820	0.843	0.890	1.044	0.862	0.879	0.845	0.842	0.893	0.821	0.049	0.794	0.786	0.782	1.019	0.854	0.920	0.947	0.873	0.830	0.822	0.814	0.827	0.896	0.809	0.930	0.863	0.835	0.828	0.821	0.913	0.863	0.991	0.794	0.792	0.848	1.257	0.696	0.891	0.828	0.785	0.917	0.829	0.798	0.757	0.726	0.794	0.745	0.737
32:00:34	22.7	0.719	0.902	0.790	0.850	0.807	0.735	0.789	0.818	0.839	0.822	0.823	0.749	0.862	0.774	0.859	0.834	0.963	0.840	0.778	0.822	0.829	0.815	0.847	0.795	0.878	0.838	0.840	0.862	0.871	0.812	0.835	0.822	0.811	0.799	0.832	0.759	0.821	0.930	0.889	0.876	0.866	0.846	0.047	0.863	0.828	0.887	0.814	0.819	0.856	0.900	1.051	0.874	0.883	0.855	0.849	0.905	0.833	0.049	0.799	0.786	0.794	1.004	0.864	0.922	0.966	0.875	0.838	0.826	0.815	0.835	0.887	0.817	0.914	0.879	0.852	0.833	0.825	0.930	0.880	0.999	0.806	0.792	0.845	1.272	0.703	0.881	0.832	0.787	0.908	0.830	0.810	0.768	0.729	0.797	0.756	0.747
33:00:36	22.6	0.709	0.914	0.797	0.861	0.820	0.748	0.780	0.822	0.842	0.828	0.824	0.749	0.875	0.787	0.872	0.837	0.983	0.845	0.795	0.828	0.846	0.825	0.851	0.785	0.907	0.881	0.855	0.880	0.883	0.827	0.858	0.837	0.830	0.808	0.838	0.769	0.816	0.953	0.904	0.889	0.871	0.863	0.047	0.873	0.829	0.898	0.823	0.824	0.857	0.914	1.063	0.890	0.899	0.861	0.859	0.919	0.840	0.049	0.805	0.791	0.806	1.030	0.879	0.931	0.989	0.888	0.842	0.835	0.829	0.846	0.880	0.819	0.926	0.878	0.865	0.845	0.829	0.941	0.893	1.007	0.816	0.805	0.850	1.277	0.714	0.899	0.836	0.796	0.945	0.842	0.816	0.777	0.737	0.806	0.769	0.754
34:00:36	22.6	0.696	0.919	0.808	0.850	0.835	0.753	0.770	0.835	0.839	0.831	0.825	0.751	0.875	0.825	0.877	0.854	0.984	0.850	0.804	0.835	0.840	0.836	0.838	0.773	0.907	0.858	0.858	0.888	0.887	0.833	0.874	0.846	0.838	0.807	0.843	0.784	0.813	0.964	0.909	0.894	0.885	0.867	0.047	0.883	0.834	0.918	0.831	0.823	0.860	0.923	1.076	0.902	0.898	0.869	0.864	0.926	0.846	0.050	0.820	0.795	0.800	1.021	0.887	0.934	0.975	0.899	0.861	0.836	0.831	0.857	0.886	0.832	0.917	0.887	0.872	0.847	0.822	0.948	0.911	1.004	0.829	0.806	0.854	1.279	0.725	0.884	0.841	0.805	0.930	0.841	0.824	0.783	0.741	0.808	0.780	0.759
35:00:37	22.5	0.695	0.924	0.817	0.855	0.848	0.744	0.768	0.849	0.845	0.841	0.822	0.750	0.878	0.816	0.890	0.859	0.996	0.859	0.818	0.841	0.838	0.844	0.845	0.774	0.916	0.868	0.876	0.895	0.893	0.848	0.879	0.852	0.850	0.810	0.846	0.787	0.814	0.972	0.922	0.899	0.891	0.868	0.047	0.890	0.832	0.925	0.839	0.827	0.854	0.939	1.079	0.919	0.906	0.873	0.873	0.940	0.848	0.051	0.827	0.811	0.801	1.034	0.901	0.941	0.985	0.905	0.868	0.844	0.837	0.859	0.894	0.840	0.920	0.902	0.880	0.854	0.823	0.955	0.924	1.006	0.836	0.814	0.856	1.303	0.732	0.885	0.842	0.817	0.935	0.844	0.823	0.793	0.745	0.808	0.798	0.762
36:00:37	22.4	0.689	0.928	0.828	0.855	0.864	0.749	0.745	0.860	0.844	0.839	0.845	0.745	0.861	0.828	0.900	0.863	1.001	0.860	0.832	0.842	0.848	0.836	0.828	0.794	0.912	0.896	0.888	0.913	0.894	0.854	0.892	0.869	0.860	0.830	0.851	0.815	0.798	0.983	0.934	0.905	0.894	0.879	0.047	0.909	0.834	0.939	0.851	0.819	0.861	0.953	1.087	0.927	0.915	0.877	0.879	0.952	0.850	0.055	0.826	0.830	0.798	1.047	0.906	0.949	1.002	0.912	0.884	0.862	0.850	0.867	0.892	0.846	0.956	0.919	0.886	0.866	0.832	0.964	0.932	1.008	0.840	0.821	0.861	1.295	0.742	0.906	0.847	0.826	0.938	0.840	0.828	0.801	0.752	0.813	0.809	0.768
37:00:38	22.3	0.699	0.929	0.831	0.868	0.883	0.743	0.739	0.868	0.847	0.839	0.843	0.738	0.865	0.850	0.904	0.867	1.012	0.851	0.841	0.846	0.837	0.834	0.819	0.802	0.907	0.910	0.886	0.922	0.906	0.868	0.897	0.878	0.869	0.848	0.850	0.815	0.805	0.993	0.938	0.913	0.902	0.885	0.047	0.914	0.843	0.949	0.859	0.818	0.860	0.979	1.094	0.936	0.920	0.879	0.884	0.962	0.857	0.062	0.837	0.835	0.805	1.048	0.915	0.964	1.008	0.918	0.891	0.871	0.857	0.873	0.893	0.842	0.935	0.927	0.898	0.862	0.827	0.966	0.933	1.015	0.844	0.829	0.863	1.304	0.748	0.924	0.849	0.845	0.944	0.845	0.832	0.809	0.763	0.815	0.820	0.776
38:00:39	22.2	0.698	0.925	0.825	0.873	0.888	0.753	0.734	0.877	0.849	0.844	0.876	0.743	0.871	0.851	0.913	0.874	1.016	0.868	0.852	0.843	0.843	0.848	0.825	0.834	0.907	0.935	0.902	0.932	0.917	0.875	0.904	0.894	0.885	0.856	0.851	0.833	0.810	0.996	0.942	0.913	0.909	0.899	0.047	0.917	0.846	0.966	0.870	0.814	0.854	0.984	1.100	0.939	0.926	0.883	0.887	0.963	0.857	0.075	0.843	0.852	0.817	1.043	0.922	0.962	1.013	0.928	0.895	0.874	0.857	0.885	0.904	0.841	0.908	0.936	0.898	0.867	0.829	0.965	0.937	1.018	0.853	0.831	0.867	1.320	0.755	0.926	0.842	0.846	0.942	0.839	0.833	0.817	0.771	0.813	0.826	0.781
39:00:40	22.1	0.698	0.933	0.812	0.887	0.885	0.756	0.738	0.886	0.857	0.844	0.908	0.755	0.868	0.880	0.916	0.868	1.025	0.865	0.860	0.844	0.839	0.842	0.838	0.862	0.894	0.935	0.908	0.946	0.920	0.885	0.908	0.905	0.893	0.864	0.848	0.844	0.822	1.009	0.951	0.917	0.910	0.910	0.047	0.918	0.850	0.970	0.884	0.815	0.861	0.982	1.099	0.948	0.930	0.890	0.887	0.968	0.864	0.093	0.852	0.874	0.821	1.035	0.930	0.966	1.011	0.931	0.909	0.878	0.865	0.890	0.910	0.844	0.906	0.932	0.908	0.866	0.828	0.956	0.939	1.027	0.856	0.835	0.868	1.331	0.762	0.919	0.847	0.848	0.950	0.844	0.832	0.814	0.775	0.816	0.832	0.783
40:00:42	22.2	0.694	0.935	0.809	0.908	0.894	0.770	0.733	0.890	0.867	0.844	0.917	0.785	0.868	0.915	0.919	0.884	1.025	0.867	0.857	0.847	0.845	0.843	0.813	0.856	0.890	0.941	0.913	0.944	0.921	0.889	0.915	0.915	0.901	0.877	0.847	0.849	0.830	1.014	0.950	0.921	0.917	0.921	0.047	0.921	0.859	0.967	0.893	0.816	0.858	0.986	1.096	0.951	0.934	0.889	0.893	0.973	0.873	0.125	0.860	0.876	0.827	1.035	0.931	0.967	1.015	0.929	0.908	0.883	0.868	0.895	0.912	0.845	0.898	0.937	0.907	0.869	0.835	0.963	0.940	1.032	0.859	0.841	0.876	1.333	0.767	0.917	0.854	0.842	0.910	0.845	0.838	0.821	0.784	0.815	0.836	0.787
41:00:42	22.5	0.690	0.927	0.809	0.909	0.895	0.761	0.741	0.894	0.867	0.850	0.929	0.796	0.878	0.927	0.926	0.875	1.021	0.880	0.848	0.853	0.853	0.855	0.794	0.865	0.901	0.926	0.915	0.942	0.922	0.897	0.924	0.918	0.908	0.889	0.850	0.845	0.835	0.998	0.956	0.926	0.920	0.928	0.047	0.928	0.860	0.971	0.902	0.823	0.861	0.989	1.106	0.966	0.935	0.898	0.900	0.983	0.882	0.170	0.864	0.875	0.835	1.050	0.940	0.984	1.018	0.933	0.925	0.891	0.880	0.899	0.922	0.850	0.894	0.946	0.904	0.873	0.837	0.964	0.942	1.042	0.869	0.847	0.875	1.345	0.769	0.923	0.863	0.845	0.901	0.848	0.832	0.832	0.790	0.815	0.846	0.786
42:00:44	22.6	0.682	0.936	0.804	0.904	0.896	0.775	0.760	0.897	0.872	0.866	0.960	0.801	0.882	0.969	0.934	0.887	1.024	0.884	0.848	0.857	0.850	0.848	0.792	0.882	0.896	0.925	0.921	0.943	0.934	0.899	0.926	0.926	0.909	0.891	0.849	0.857	0.845	1.001	0.955	0.929	0.921	0.936	0.047	0.937	0.869	0.973	0.905	0.822	0.868	0.991	1.113	0.962	0.940	0.909	0.908	0.986	0.887	0.235	0.872	0.885	0.841	1.043	0.939	0.983	1.018	0.939	0.929	0.893	0.881	0.900	0.922	0.857	0.886	0.946	0.892	0.876	0.843	0.963	0.938	1.052	0.867	0.852	0.888	1.342	0.772	0.931	0.863	0.847	0.912	0.838	0.823	0.834	0.799	0.821	0.854	0.793
43:00:45	22.8	0.691	0.934	0.800	0.903	0.899	0.767	0.757	0.902	0.873	0.862	0.906	0.803	0.881	1.005	0.932	0.895	1.022	0.888	0.849	0.862	0.855	0.862	0.794	0.881	0.890	0.926	0.927	0.946	0.937	0.898	0.932	0.932	0.916	0.905	0.860	0.850	0.849	0.990	0.964	0.943	0.921	0.938	0.047	0.944	0.869	0.978	0.907	0.829	0.865	0.988	1.112	0.971	0.940	0.916	0.916	0.987	0.892	0.288	0.878	0.885	0.848	1.046	0.942	0.991	1.019	0.933	0.934	0.891	0.895	0.908	0.936	0.867	0.877	0.939	0.888	0.884	0.847	0.975	0.942	1.044	0.875	0.859	0.898	1.357	0.779	0.913	0.865	0.845	0.896	0.843	0.818	0.822	0.802	0.824	0.842	0.793
44:00:45	22.8	0.694	0.920	0.791	0.891	0.886	0.789	0.771	0.900	0.872	0.864	0.914	0.809	0.870	0.927	0.934	0.909	1.024	0.890	0.853	0.864	0.854	0.852	0.791	0.908	0.870	0.951	0.928	0.949	0.940	0.901	0.925	0.938	0.919	0.904	0.867	0.854	0.850	0.994	0.968	0.945	0.920	0.952	0.047	0.941	0.868	0.985	0.918	0.828	0.871	0.986	1.108	0.972	0.936	0.915	0.916	0.985	0.890	0.340	0.880	0.884	0.859	1.005	0.941	0.992	1.031	0.930	0.935	0.898	0.890	0.907	0.940	0.869	0.862	0.957	0.892	0.886	0.853	0.965	0.947	1.027	0.877	0.856	0.898	1.344	0.773	0.886	0.860	0.851	0.919	0.833	0.815	0.836	0.807	0.837	0.858	0.793
45:00:46	22.6	0.678	0.910	0.779	0.886	0.872	0.786	0.786	0.893	0.868	0.853	0.910	0.822	0.864	0.962	0.936	0.907	1.026	0.898	0.859	0.866	0.850	0.847	0.805	0.905	0.877	0.952	0.941	0.957	0.940	0.902	0.923	0.946	0.921	0.910	0.874	0.860	0.859	1.004	0.969	0.944	0.926	0.945	0.047	0.939	0.876	0.994	0.917	0.841	0.866	0.996	1.124	0.969	0.939	0.916	0.922	0.986	0.892	0.405	0.884	0.874	0.865	1.006	0.949	0.990	1.022	0.921	0.935	0.901	0.889	0.914	0.944	0.872	0.855	0.961	0.897	0.888	0.850	0.968	0.950	1.015	0.866	0.859	0.912	1.345	0.763	0.875	0.860	0.855	0.927	0.828	0.823	0.843	0.809	0.854	0.857	0.792
46:00:47	22.7	0.672	0.912	0.769	0.882	0.861	0.780	0.793	0.901	0.870	0.851	0.911	0.811	0.871	0.989	0.944	0.907	1.042	0.902	0.858	0.870	0.851	0.855	0.799	0.898	0.881	0.944	0.936	0.956	0.947	0.913	0.921	0.949	0.929	0.907	0.872	0.863	0.859	0.999	0.975	0.941	0.926	0.951	0.047	0.937	0.878	0.991	0.927	0.839	0.870	0.996	1.111	0.967	0.944	0.914	0.924	0.986	0.895	0.445	0.887	0.869	0.867	1.023	0.949	0.990	1.022	0.921	0.942	0.897	0.894	0.912	0.950	0.876	0.849	0.956	0.902	0.889	0.851	0.959	0.956	1.007	0.874	0.860	0.914	1.374	0.757	0.878	0.853	0.859	0.932	0.826	0.819	0.857	0.813	0.853	0.855	0.787
47:00:48	22.7	0.678	0.895	0.753	0.860	0.866	0.802	0.818	0.888	0.854	0.860	0.903	0.789	0.868	0.981	0.941	0.907	1.025	0.909	0.862	0.872	0.849	0.860	0.794	0.888	0.880	0.944	0.944	0.958	0.945	0.907	0.922	0.954	0.926	0.915	0.886	0.850	0.864	1.007	0.975	0.943	0.936	0.949	0.047	0.934	0.882	1.002	0.920	0.857	0.870	0.996	1.112	0.970	0.945	0.914	0.923	0.982	0.894	0.481	0.895	0.874	0.864	1.014	0.945	0.973	1.013	0.919	0.941	0.900	0.889	0.920	0.960	0.877	0.832	0.957	0.905	0.891	0.851	0.956	0.959	0.983	0.873	0.860	0.915	1.361	0.755	0.853	0.845	0.859	0.943	0.830	0.830	0.863	0.815	0.851	0.854	0.791
48:00:48	22.7	0.658	0.899	0.751	0.865	0.865	0.782	0.806	0.886	0.862	0.875	0.906	0.795	0.860	0.974	0.947	0.914	1.029	0.916	0.858	0.876	0.856	0.863	0.795	0.880	0.879	0.957	0.952	0.951	0.949	0.909	0.930	0.958	0.925	0.899	0.880	0.859	0.863	0.997	0.979	0.945	0.939	0.960	0.047	0.944	0.887	0.989	0.929	0.849	0.867	1.004	1.121	0.976	0.945	0.927	0.934	0.990	0.901	0.523	0.899	0.870	0.860	1.002	0.948	0.993	1.032	0.934	0.937	0.913	0.890	0.926	0.965	0.880	0.819	0.971	0.909	0.892	0.856	0.945	0.959	0.971	0.867	0.861	0.910	1.366	0.764	0.854	0.843	0.856	0.939	0.827	0.841	0.831	0.825	0.846	0.865	0.794
49:00:50	22.7	0.637	0.876	0.751	0.863	0.859	0.787	0.793	0.883	0.856	0.876	0.910	0.774	0.860	1.003	0.947	0.911	1.038	0.927	0.858	0.877	0.853	0.866	0.794	0.887	0.880	0.955	0.954	0.968	0.947	0.907	0.923	0.960	0.928	0.908	0.883	0.850	0.856	1.007	0.977	0.946	0.938	0.962	0.047	0.944	0.891	1.000	0.922	0.848	0.869	1.006	1.101	0.978	0.948	0.914	0.936	0.989	0.900	0.567	0.898	0.866	0.852	1.012	0.955	0.986	1.031	0.930	0.932	0.905	0.891	0.924	0.968	0.881	0.814	0.960	0.913	0.892	0.854	0.945	0.962	0.968	0.867	0.860	0.904	1.359	0.769	0.863	0.847	0.857	0.945	0.831	0.842	0.868	0.828	0.848	0.875	0.789
50:00:51	22.6	0.625	0.881	0.743	0.859	0.851	0.753	0.779	0.888	0.858	0.869	0.901	0.783	0.862	1.004	0.954	0.906	1.044	0.933	0.861	0.881	0.857	0.872	0.798	0.910	0.880	0.973	0.957	0.964	0.951	0.911	0.927	0.968	0.934	0.908	0.880	0.861	0.850	1.004	0.984	0.949	0.938	0.957	0.047	0.946	0.893	0.989	0.924	0.847	0.863	0.997	1.102	0.981	0.955	0.928	0.940	0.988	0.902	0.607	0.899	0.852	0.855	1.026	0.960	0.998	1.049	0.946	0.930	0.916	0.897	0.923	0.967	0.876	0.812	0.963	0.918	0.898	0.867	0.951	0.961	0.971	0.867	0.862	0.900	1.366	0.771	0.865	0.857	0.863	0.930	0.841	0.845	0.850	0.838	0.851	0.861	0.797
51:00:52	22.5	0.617	0.859	0.743	0.840	0.833	0.750	0.795	0.873	0.854	0.853	0.922	0.771	0.858	1.000	0.950	0.905	1.050	0.938	0.861	0.879	0.857	0.870	0.810	0.885	0.887	0.954	0.961	0.965	0.949	0.910	0.925	0.967	0.937	0.910	0.889	0.850	0.847	1.013	0.985	0.944	0.947	0.960	0.047	0.945	0.896	1.000	0.922	0.867	0.861	1.000	1.095	0.983	0.946	0.927	0.943	0.985	0.907	0.634	0.903	0.866	0.848	1.011	0.957	0.980	1.033	0.942	0.927	0.913	0.891	0.924	0.968	0.878	0.816	0.962	0.921	0.896	0.866	0.948	0.962	0.963	0.870	0.860	0.903	1.378	0.769	0.868	0.856	0.877	0.931	0.835	0.846	0.839	0.837	0.852	0.860	0.785
52:00:52	22.4	0.618	0.850	0.742	0.809	0.827	0.765	0.809	0.870	0.859	0.837	0.907	0.779	0.856	1.019	0.945	0.905	1.045	0.951	0.862	0.878	0.861	0.875	0.819	0.864	0.881	0.936	0.958	0.968	0.951	0.918	0.926	0.972	0.944	0.905	0.893	0.857	0.847	1.021	0.989	0.945	0.948	0.962	0.047	0.940	0.897	1.015	0.921	0.864	0.859	1.000	1.081	0.975	0.946	0.923	0.941	0.980	0.911	0.661	0.908	0.858	0.844	1.000	0.955	0.980	1.023	0.937	0.927	0.909	0.892	0.924	0.963	0.876	0.815	0.961	0.915	0.900	0.874	0.950	0.969	0.957	0.867	0.862	0.902	1.379	0.772	0.857	0.851	0.889	0.910	0.837	0.846	0.850	0.840	0.855	0.857	0.777
53:00:54	22.3	0.617	0.867	0.744	0.833	0.830	0.747	0.753	0.866	0.847	0.848	0.904	0.798	0.858	1.027	0.950	0.908	1.049	0.952	0.869	0.882	0.864	0.882	0.809	0.895	0.876	0.998	0.961	0.963	0.957	0.919	0.927	0.977	0.944	0.913	0.897	0.864	0.846	1.016	0.986	0.942	0.944	0.957	0.047	0.943	0.901	0.995	0.915	0.855	0.863	0.997	1.089	0.979	0.942	0.929	0.949	0.983	0.915	0.682	0.909	0.855	0.845	1.013	0.961	0.987	1.023	0.944	0.931	0.911	0.904	0.923	0.968	0.872	0.800	0.961	0.917	0.907	0.872	0.947	0.961	0.953	0.872	0.866	0.902	1.376	0.770	0.878	0.857	0.885	0.906	0.845	0.848	0.841	0.846	0.858	0.856	0.778
54:00:55	22.5	0.630	0.862	0.748	0.792	0.838	0.769	0.741	0.859	0.852	0.841	0.886	0.791	0.847	0.989	0.946	0.905	1.045	0.955	0.867	0.883	0.879	0.883	0.823	0.873	0.869	0.957	0.963	0.954	0.957	0.927	0.922	0.980	0.942	0.903	0.901	0.853	0.839	1.015	0.988	0.945	0.946	0.964	0.047	0.938	0.902	1.000	0.918	0.869	0.850	0.999	1.088	0.974	0.943	0.928	0.947	0.979	0.914	0.702	0.912	0.853	0.824	1.002	0.957	0.985	1.038	0.954	0.928	0.911	0.895	0.923	0.965	0.866	0.813	0.965	0.913	0.903	0.883	0.944	0.960	0.943	0.864	0.869	0.898	1.387	0.770	0.853	0.860	0.890	0.885	0.838	0.849	0.841	0.847	0.855	0.853	0.770
55:00:54	22.6	0.635	0.857	0.738	0.802	0.842	0.732	0.733	0.850	0.847	0.841	0.887	0.794	0.844	1.018	0.945	0.908	1.040	0.950	0.856	0.881	0.883	0.883	0.833	0.846	0.864	0.977	0.966	0.959	0.951	0.925	0.927	0.981	0.942	0.902	0.901	0.851	0.840	1.014	0.984	0.944	0.942	0.960	0.047	0.936	0.902	1.002	0.913	0.868	0.851	0.973	1.074	0.970	0.946	0.924	0.946	0.977	0.913	0.720	0.912	0.846	0.818	1.005	0.957	0.983	1.036	0.951	0.927	0.914	0.896	0.922	0.958	0.863	0.821	0.962	0.916	0.902	0.882	0.937	0.952	0.933	0.863	0.870	0.897	1.387	0.769	0.849	0.858	0.887	0.879	0.838	0.846	0.846	0.846	0.859	0.851	0.773
56:00:56	22.7	0.635	0.855	0.739	0.789	0.842	0.732	0.735	0.851	0.846	0.838	0.898	0.799	0.846	0.999	0.947	0.910	1.036	0.955	0.858	0.885	0.883	0.883	0.836	0.826	0.857	0.970	0.967	0.953	0.950	0.928	0.928	0.982	0.944	0.903	0.905	0.841	0.838	1.009	0.987	0.943	0.943	0.961	0.047	0.934	0.903	0.992	0.909	0.868	0.836	0.994	1.090	0.972	0.948	0.929	0.949	0.977	0.912	0.736	0.911	0.843	0.818	0.995	0.956	0.996	1.027	0.955	0.927	0.911	0.900	0.925	0.958	0.854	0.825	0.966	0.916	0.896	0.885	0.940	0.948	0.932	0.863	0.871	0.894	1.379	0.763	0.846	0.856	0.884	0.864	0.840	0.843	0.833	0.844	0.864	0.850	0.767
57:00:56	22.6	0.650	0.824	0.720	0.781	0.845	0.736	0.728	0.850	0.842	0.824	0.885	0.792	0.834	0.995	0.942	0.909	1.038	0.955	0.852	0.883	0.894	0.888	0.864	0.844	0.856	0.973	0.966	0.957	0.952	0.929	0.922	0.984	0.949	0.901	0.907	0.837	0.838	1.015	0.980	0.941	0.942	0.967	0.047	0.924	0.903	1.012	0.906	0.869	0.830	0.990	1.064	0.971	0.946	0.924	0.946	0.970	0.910	0.751	0.911	0.832	0.803	0.992	0.950	0.998	1.030	0.958	0.923	0.906	0.898	0.924	0.952	0.843	0.835	0.961	0.915	0.893	0.889	0.932	0.947	0.939	0.864	0.869	0.895	1.380	0.759	0.834	0.856	0.875	0.839	0.843	0.833	0.835	0.830	0.862	0.850	0.763
58:00:58	22.6	0.664	0.828	0.715	0.786	0.851	0.732	0.720	0.850	0.842	0.816	0.900	0.785	0.837	1.017	0.943	0.899	1.035	0.951	0.858	0.881	0.894	0.890	0.871	0.809	0.853	0.985	0.966	0.953	0.952	0.930	0.921	0.982	0.948	0.906	0.904	0.828	0.837	1.018	0.980	0.939	0.941	0.962	0.047	0.922	0.905	1.012	0.908	0.862	0.825	0.978	1.059	0.969	0.946	0.926	0.949	0.967	0.908	0.761	0.909	0.823	0.800	1.000	0.939	0.999	1.027	0.955	0.921	0.909	0.892	0.924	0.950	0.827	0.825	0.958	0.912	0.890	0.886	0.930	0.940	0.933	0.859	0.869	0.894	1.372	0.756	0.836	0.855	0.863	0.834	0.845	0.829	0.844	0.830	0.864	0.848	0.762
59:00:59	22.6	0.665	0.796	0.731	0.780	0.827	0.761	0.726	0.831	0.858	0.838	0.927	0.750	0.836	0.970	0.937	0.901	1.032	0.951	0.834	0.877	0.918	0.896	0.895	0.862	0.848	0.915	0.965	0.959	0.950	0.929	0.916	0.982	0.951	0.893	0.920	0.815	0.838	1.029	0.974	0.940	0.951	0.962	0.047	0.918	0.901	0.999	0.891	0.866	0.794	0.986	1.067	0.965	0.946	0.922	0.944	0.962	0.905	0.771	0.916	0.840	0.780	1.002	0.931	0.980	1.010	0.951	0.916	0.886	0.885	0.929	0.946	0.849	0.848	0.952	0.912	0.889	0.881	0.939	0.935	1.008	0.887	0.872	0.894	1.388	0.746	0.825	0.850	0.863	0.832	0.831	0.828	0.839	0.819	0.859	0.840	0.761
60:01:00	22.5	0.670	0.814	0.735	0.781	0.843	0.743	0.717	0.825	0.844	0.821	0.911	0.745	0.836	0.979	0.939	0.892	1.027	0.954	0.834	0.883	0.910	0.894	0.890	0.820	0.849	0.938	0.964	0.951	0.948	0.930	0.913	0.980	0.949	0.896	0.916	0.808	0.828	1.030	0.970	0.943	0.950	0.964	0.047	0.915	0.905	0.986	0.895	0.868	0.775	0.988	1.044	0.961	0.948	0.922	0.943	0.958	0.904	0.779	0.918	0.836	0.791	0.983	0.933	0.980	1.034	0.951	0.914	0.876	0.887	0.930	0.937	0.842	0.846	0.942	0.909	0.889	0.883	0.927	0.926	1.016	0.888	0.870	0.892	1.371	0.743	0.822	0.846	0.851	0.842	0.833	0.828	0.841	0.820	0.857	0.845	0.760
61:01:01	22.5	0.686	0.827	0.718	0.765	0.818	0.722	0.715	0.802	0.824	0.809	0.887	0.748	0.833	0.962	0.940	0.888	1.022	0.951	0.820	0.878	0.928	0.895	0.912	0.806	0.835	0.908	0.965	0.933	0.947	0.929	0.907	0.979	0.951	0.883	0.927	0.804	0.827	1.029	0.972	0.940	0.952	0.970	0.047	0.912	0.908	0.975	0.888	0.839	0.777	0.998	1.041	0.957	0.943	0.924	0.943	0.958	0.901	0.774	0.915	0.823	0.790	0.989	0.929	0.975	1.027	0.956	0.908	0.879	0.890	0.928	0.937	0.831	0.855	0.935	0.910	0.888	0.878	0.926	0.926	1.018	0.896	0.868	0.895	1.375	0.736	0.815	0.844	0.842	0.846	0.833	0.823	0.821	0.815	0.858	0.844	0.763
62:01:02	22.4	0.665	0.815	0.716	0.766	0.815	0.712	0.731	0.823	0.826	0.804	0.855	0.740	0.828	0.963	0.932	0.882	1.021	0.951	0.829	0.881	0.931	0.900	0.914	0.783	0.837	0.970	0.960	0.949	0.945	0.931	0.906	0.982	0.952	0.889	0.923	0.831	0.824	1.027	0.971	0.939	0.944	0.968	0.046	0.906	0.901	0.980	0.893	0.827	0.792	0.979	1.034	0.953	0.936	0.918	0.943	0.956	0.902	0.774	0.915	0.809	0.794	0.977	0.926	0.971	1.010	0.958	0.909	0.875	0.890	0.918	0.929	0.801	0.842	0.919	0.908	0.890	0.868	0.915	0.923	1.018	0.892	0.871	0.890	1.392	0.730	0.820	0.844	0.839	0.842	0.835	0.820	0.834	0.812	0.847	0.838	0.759
63:01:03	22.3	0.668	0.818	0.703	0.767	0.823	0.731	0.815	0.845	0.811	0.814	0.815	0.789	0.825	0.982	0.931	0.879	1.027	0.952	0.833	0.879	0.937	0.904	0.920	0.794	0.838	0.982	0.959	0.953	0.945	0.933	0.904	0.983	0.951	0.896	0.929	0.809	0.817	1.029	0.967	0.937	0.941	0.968	0.046	0.902	0.899	0.986	0.894	0.806	0.772	0.971	1.030	0.943	0.931	0.913	0.943	0.949	0.899	0.774	0.921	0.787	0.804	0.995	0.920	0.967	0.995	0.957	0.906	0.882	0.888	0.916	0.925	0.788	0.847	0.906	0.907	0.884	0.861	0.911	0.921	1.005	0.895	0.873	0.885	1.383	0.724	0.820	0.843	0.841	0.848	0.837	0.817	0.825	0.808	0.846	0.835	0.759
64:01:04	22.3	0.701	0.824	0.695	0.762	0.816	0.735	0.803	0.815	0.792	0.808	0.804	0.749	0.822	0.952	0.930	0.882	1.019	0.951	0.819	0.875	0.941	0.899	0.921	0.789	0.827	0.950	0.962	0.946	0.940	0.930	0.904	0.984	0.945	0.884	0.933	0.818	0.822	1.032	0.967	0.936	0.942	0.968	0.047	0.902	0.900	0.972	0.887	0.812	0.789	0.973	1.027	0.940	0.934	0.914	0.944	0.948	0.896	0.768	0.919	0.789	0.787	0.966	0.918	0.960	0.998	0.958	0.901	0.877	0.889	0.916	0.928	0.788	0.842	0.908	0.905	0.883	0.860	0.906	0.916	1.011	0.886	0.876	0.886	1.382	0.719	0.804	0.844	0.837	0.859	0.831	0.816	0.825	0.807	0.848	0.834	0.754
65:01:03	22.5	0.694	0.832	0.692	0.776	0.813	0.785	0.793	0.828	0.810	0.807	0.775	0.778	0.822	0.976	0.931	0.885	1.023	0.955	0.828	0.875	0.940	0.898	0.924	0.785	0.843	0.965	0.960	0.944	0.938	0.932	0.901	0.976	0.946	0.890	0.934	0.793	0.817	1.019	0.966	0.936	0.941	0.963	0.047	0.900	0.912	0.967	0.891	0.793	0.801	0.970	1.026	0.939	0.934	0.916	0.942	0.953	0.898	0.764	0.921	0.776	0.785	0.984	0.917	0.960	0.984	0.963	0.901	0.877	0.892	0.912	0.926	0.780	0.836	0.897	0.905	0.884	0.858	0.910	0.911	1.006	0.898	0.880	0.885	1.376	0.713	0.808	0.845	0.842	0.850	0.832	0.813	0.814	0.809	0.845	0.824	0.754
66:01:05	22.6	0.745	0.839	0.675	0.767	0.814	0.785	0.799	0.804	0.791	0.803	0.774	0.752	0.815	0.953	0.925	0.880	1.020	0.950	0.819	0.867	0.934	0.895	0.913	0.786	0.820	0.950	0.960	0.951	0.932	0.929	0.896	0.978	0.940	0.878	0.942	0.803	0.823	1.020	0.958	0.936	0.943	0.968	0.047	0.897	0.898	0.985	0.881	0.798	0.788	0.964	1.015	0.935	0.929	0.910	0.940	0.945	0.892	0.759	0.913	0.769	0.809	0.974	0.913	0.956	0.983	0.958	0.893	0.889	0.889	0.912	0.924	0.776	0.834	0.892	0.908	0.879	0.859	0.899	0.911	1.005	0.875	0.877	0.886	1.382	0.709	0.806	0.839	0.847	0.835	0.823	0.811	0.818	0.802	0.839	0.822	0.748
67:01:06	22.7	0.727	0.851	0.672	0.767	0.836	0.814	0.783	0.795	0.797	0.804	0.764	0.775	0.815	0.948	0.923	0.877	1.021	0.955	0.823	0.862	0.945	0.894	0.912	0.795	0.812	0.959	0.960	0.948	0.930	0.929	0.897	0.976	0.942	0.878	0.942	0.789	0.825	1.022	0.956	0.933	0.942	0.970	0.047	0.895	0.899	0.983	0.882	0.782	0.797	0.969	1.019	0.935	0.932	0.914	0.940	0.945	0.891	0.755	0.913	0.774	0.808	0.976	0.913	0.951	0.976	0.958	0.890	0.895	0.891	0.913	0.922	0.779	0.830	0.888	0.906	0.878	0.860	0.895	0.907	1.000	0.867	0.877	0.886	1.371	0.705	0.806	0.837	0.846	0.833	0.822	0.809	0.811	0.803	0.833	0.816	0.744
68:01:06	22.8	0.799	0.823	0.657	0.758	0.805	0.798	0.782	0.781	0.797	0.802	0.768	0.736	0.809	0.934	0.918	0.871	1.008	0.962	0.820	0.858	0.959	0.896	0.934	0.785	0.793	0.960	0.959	0.944	0.927	0.924	0.896	0.980	0.930	0.870	0.948	0.789	0.802	1.030	0.950	0.934	0.939	0.968	0.047	0.896	0.900	0.996	0.880	0.789	0.829	0.964	1.013	0.934	0.930	0.913	0.939	0.942	0.894	0.758	0.911	0.762	0.817	0.949	0.908	0.941	0.984	0.954	0.883	0.908	0.888	0.910	0.926	0.775	0.816	0.893	0.905	0.877	0.855	0.885	0.928	0.999	0.828	0.880	0.892	1.373	0.699	0.798	0.842	0.851	0.827	0.818	0.805	0.812	0.794	0.836	0.817	0.736
69:01:08	22.8	0.742	0.926	0.670	0.789	0.903	0.866	0.781	0.805	0.788	0.821	0.808	0.776	0.807	0.959	0.918	0.868	1.027	0.963	0.806	0.854	0.954	0.903	0.928	0.813	0.794	0.963	0.956	0.957	0.918	0.924	0.895	0.975	0.935	0.872	0.949	0.773	0.820	1.014	0.950	0.935	0.939	0.969	0.047	0.890	0.891	0.989	0.882	0.768	0.814	0.958	1.007	0.934	0.920	0.909	0.936	0.938	0.895	0.738	0.912	0.776	0.812	1.021	0.907	0.946	0.979	0.957	0.886	0.893	0.894	0.911	0.921	0.771	0.817	0.886	0.905	0.872	0.855	0.886	0.918	0.987	0.851	0.879	0.892	1.381	0.697	0.796	0.841	0.847	0.832	0.820	0.811	0.815	0.793	0.830	0.814	0.735
70:01:09	22.6	0.782	0.863	0.638	0.771	0.864	0.837	0.781	0.789	0.792	0.792	0.769	0.758	0.801	0.923	0.908	0.872	1.004	0.956	0.812	0.853	0.970	0.921	0.925	0.783	0.785	0.948	0.958	0.925	0.918	0.917	0.887	0.975	0.922	0.862	0.960	0.773	0.766	1.027	0.948	0.935	0.939	0.978	0.047	0.892	0.900	0.988	0.887	0.764	0.811	0.957	0.998	0.930	0.920	0.908	0.938	0.935	0.895	0.733	0.912	0.764	0.817	0.944	0.900	0.933	0.990	0.951	0.873	0.943	0.884	0.907	0.922	0.775	0.813	0.889	0.900	0.877	0.847	0.879	0.946	0.984	0.818	0.884	0.897	1.370	0.692	0.794	0.840	0.849	0.822	0.808	0.803	0.809	0.789	0.828	0.807	0.728
71:01:09	22.5	0.814	0.850	0.653	0.783	0.844	0.829	0.789	0.782	0.784	0.788	0.776	0.734	0.795	0.907	0.904	0.876	0.995	0.949	0.802	0.849	0.964	0.920	0.934	0.780	0.778	0.922	0.958	0.922	0.915	0.917	0.889	0.979	0.920	0.860	0.959	0.773	0.743	1.024	0.942	0.935	0.934	0.971	0.046	0.888	0.901	0.989	0.886	0.762	0.817	0.957	1.007	0.926	0.917	0.907	0.937	0.930	0.899	0.723	0.918	0.763	0.820	0.941	0.900	0.929	0.963	0.944	0.872	0.949	0.886	0.912	0.922	0.769	0.801	0.891	0.899	0.877	0.848	0.868	0.954	0.934	0.818	0.886	0.902	1.345	0.687	0.784	0.836	0.845	0.821	0.799	0.799	0.804	0.784	0.823	0.801	0.724
72:01:11	22.3	0.791	0.919	0.683	0.783	0.896	0.871	0.777	0.798	0.791	0.807	0.765	0.748	0.796	0.901	0.901	0.876	1.003	0.951	0.803	0.849	0.975	0.920	0.927	0.800	0.779	0.941	0.956	0.933	0.911	0.917	0.888	0.974	0.916	0.864	0.960	0.765	0.733	1.018	0.942	0.936	0.934	0.968	0.047	0.884	0.899	1.000	0.890	0.768	0.816	0.956	0.995	0.921	0.911	0.901	0.934	0.926	0.897	0.714	0.917	0.762	0.812	0.968	0.898	0.929	0.966	0.942	0.872	0.934	0.889	0.904	0.920	0.762	0.803	0.886	0.899	0.877	0.843	0.864	0.933	0.938	0.813	0.887	0.900	1.356	0.684	0.782	0.836	0.841	0.819	0.804	0.801	0.807	0.787	0.824	0.801	0.712

