Time	T° 600	A1	A2	A3	A4	A5	A6	A7	A8	A9	A10	A11	A12	B1	B2	B3	B4	B5	B6	B7	B8	B9	B10	B11	B12	C1	C2	C3	C4	C5	C6	C7	C8	C9	C10	C11	C12	D1	D2	D3	D4	D5	D6	D7	D8	D9	D10	D11	D12	E1	E2	E3	E4	E5	E6	E7	E8	E9	E10	E11	E12	F1	F2	F3	F4	F5	F6	F7	F8	F9	F10	F11	F12	G1	G2	G3	G4	G5	G6	G7	G8	G9	G10	G11	G12	H1	H2	H3	H4	H5	H6	H7	H8	H9	H10	H11	H12
0:00:06	22.9	0.045	0.046	0.052	0.048	0.047	0.049	0.044	0.047	0.047	0.049	0.049	0.045	0.046	0.046	0.047	0.051	0.045	0.047	0.045	0.049	0.047	0.047	0.052	0.051	0.381	0.050	0.047	0.048	0.050	0.048	0.048	0.048	0.055	0.046	0.052	0.050	0.045	0.046	0.046	0.046	0.046	0.048	0.047	0.049	0.049	0.048	0.050	0.055	0.045	0.047	0.048	0.048	0.050	0.056	0.050	0.048	0.048	0.049	0.049	0.048	0.050	0.049	0.050	0.047	0.051	0.046	0.049	0.047	0.050	0.047	0.049	0.047	0.050	0.048	0.052	0.046	0.048	0.050	0.047	0.049	0.049	0.047	0.059	0.048	0.052	0.052	0.047	0.046	0.047	0.045	0.052	0.050	0.051	0.060	0.046	0.048
1:00:05	22.8	0.045	0.046	0.052	0.048	0.047	0.049	0.044	0.046	0.047	0.049	0.049	0.045	0.047	0.046	0.047	0.051	0.046	0.046	0.046	0.049	0.047	0.047	0.053	0.051	0.379	0.050	0.047	0.048	0.050	0.047	0.047	0.048	0.055	0.046	0.053	0.050	0.045	0.046	0.046	0.047	0.046	0.048	0.047	0.049	0.049	0.048	0.050	0.054	0.046	0.046	0.048	0.049	0.051	0.056	0.050	0.048	0.048	0.048	0.050	0.048	0.050	0.049	0.050	0.047	0.051	0.046	0.049	0.047	0.051	0.047	0.049	0.047	0.050	0.048	0.052	0.046	0.049	0.050	0.048	0.049	0.049	0.047	0.057	0.048	0.052	0.052	0.047	0.046	0.047	0.045	0.051	0.050	0.052	0.059	0.046	0.048
2:00:06	22.6	0.045	0.046	0.052	0.049	0.047	0.049	0.044	0.047	0.047	0.049	0.049	0.046	0.047	0.046	0.047	0.051	0.047	0.046	0.046	0.049	0.047	0.047	0.053	0.051	0.374	0.050	0.047	0.049	0.050	0.048	0.047	0.049	0.056	0.047	0.054	0.051	0.046	0.047	0.046	0.047	0.046	0.048	0.047	0.049	0.049	0.048	0.050	0.054	0.046	0.047	0.048	0.049	0.051	0.056	0.050	0.048	0.048	0.049	0.049	0.048	0.049	0.050	0.050	0.047	0.051	0.047	0.049	0.048	0.051	0.047	0.049	0.047	0.050	0.048	0.052	0.047	0.049	0.050	0.049	0.049	0.049	0.047	0.055	0.049	0.050	0.052	0.047	0.047	0.047	0.045	0.051	0.050	0.053	0.060	0.047	0.048
3:00:07	22.5	0.045	0.046	0.052	0.049	0.047	0.049	0.044	0.047	0.047	0.049	0.049	0.046	0.047	0.046	0.047	0.050	0.047	0.046	0.045	0.049	0.047	0.047	0.053	0.052	0.372	0.050	0.047	0.048	0.050	0.048	0.047	0.049	0.055	0.046	0.054	0.051	0.046	0.046	0.047	0.047	0.046	0.047	0.047	0.049	0.048	0.048	0.050	0.053	0.046	0.047	0.048	0.049	0.051	0.055	0.050	0.048	0.048	0.049	0.050	0.048	0.049	0.049	0.050	0.047	0.051	0.047	0.049	0.048	0.051	0.047	0.049	0.047	0.050	0.048	0.052	0.046	0.049	0.050	0.049	0.049	0.049	0.047	0.054	0.048	0.050	0.052	0.047	0.047	0.047	0.045	0.051	0.050	0.054	0.060	0.047	0.049
4:00:08	22.4	0.046	0.046	0.052	0.049	0.047	0.049	0.044	0.047	0.047	0.049	0.049	0.046	0.047	0.047	0.047	0.051	0.048	0.046	0.046	0.049	0.048	0.047	0.053	0.052	0.370	0.050	0.047	0.049	0.050	0.048	0.047	0.050	0.056	0.047	0.054	0.051	0.046	0.047	0.047	0.047	0.047	0.048	0.047	0.049	0.049	0.048	0.051	0.054	0.046	0.047	0.049	0.049	0.051	0.055	0.050	0.048	0.048	0.049	0.048	0.048	0.049	0.049	0.050	0.048	0.052	0.047	0.050	0.048	0.051	0.047	0.049	0.048	0.050	0.048	0.052	0.047	0.049	0.050	0.049	0.049	0.049	0.047	0.053	0.049	0.050	0.052	0.047	0.047	0.047	0.046	0.051	0.051	0.055	0.060	0.047	0.049
5:00:08	22.4	0.047	0.047	0.053	0.050	0.048	0.050	0.045	0.048	0.048	0.050	0.050	0.046	0.048	0.048	0.048	0.052	0.048	0.048	0.047	0.050	0.049	0.048	0.054	0.052	0.372	0.051	0.048	0.050	0.051	0.048	0.048	0.051	0.056	0.048	0.055	0.053	0.047	0.048	0.048	0.048	0.047	0.049	0.048	0.050	0.050	0.049	0.051	0.055	0.047	0.048	0.049	0.049	0.052	0.056	0.051	0.049	0.049	0.049	0.048	0.049	0.050	0.050	0.051	0.049	0.053	0.048	0.050	0.049	0.052	0.048	0.050	0.049	0.051	0.049	0.053	0.048	0.050	0.051	0.050	0.050	0.050	0.048	0.053	0.049	0.051	0.053	0.048	0.048	0.048	0.046	0.053	0.051	0.055	0.061	0.048	0.050
6:00:10	22.4	0.049	0.049	0.055	0.051	0.050	0.052	0.047	0.050	0.050	0.052	0.053	0.048	0.050	0.050	0.049	0.053	0.048	0.049	0.049	0.051	0.051	0.050	0.056	0.055	0.371	0.053	0.050	0.051	0.053	0.050	0.050	0.052	0.058	0.050	0.056	0.055	0.049	0.050	0.050	0.050	0.049	0.050	0.050	0.052	0.051	0.051	0.053	0.057	0.048	0.050	0.051	0.051	0.054	0.058	0.053	0.051	0.051	0.051	0.050	0.052	0.051	0.052	0.053	0.050	0.055	0.050	0.052	0.050	0.054	0.050	0.051	0.050	0.053	0.051	0.055	0.049	0.051	0.052	0.052	0.052	0.052	0.050	0.054	0.051	0.053	0.054	0.050	0.050	0.050	0.048	0.054	0.053	0.057	0.063	0.050	0.052
7:00:12	22.3	0.053	0.054	0.060	0.056	0.054	0.057	0.051	0.055	0.054	0.056	0.058	0.051	0.054	0.054	0.052	0.057	0.047	0.053	0.052	0.055	0.055	0.054	0.061	0.059	0.373	0.057	0.053	0.055	0.056	0.053	0.053	0.051	0.062	0.054	0.060	0.059	0.052	0.053	0.053	0.053	0.052	0.052	0.054	0.055	0.055	0.056	0.058	0.061	0.051	0.053	0.054	0.055	0.057	0.061	0.055	0.055	0.054	0.052	0.052	0.055	0.055	0.056	0.056	0.054	0.059	0.051	0.055	0.053	0.057	0.054	0.055	0.053	0.056	0.055	0.058	0.052	0.055	0.055	0.055	0.056	0.055	0.053	0.055	0.055	0.055	0.057	0.053	0.053	0.053	0.050	0.057	0.057	0.058	0.065	0.053	0.054
8:00:13	22.3	0.063	0.067	0.074	0.067	0.065	0.071	0.061	0.069	0.068	0.067	0.072	0.059	0.064	0.066	0.061	0.070	0.047	0.064	0.063	0.068	0.068	0.068	0.074	0.071	0.379	0.067	0.063	0.066	0.067	0.063	0.064	0.052	0.074	0.066	0.071	0.070	0.061	0.065	0.064	0.064	0.062	0.062	0.065	0.066	0.066	0.069	0.070	0.072	0.058	0.064	0.064	0.064	0.069	0.070	0.063	0.066	0.065	0.057	0.060	0.067	0.066	0.066	0.065	0.064	0.070	0.059	0.065	0.062	0.068	0.066	0.064	0.061	0.065	0.065	0.069	0.062	0.067	0.063	0.063	0.067	0.065	0.062	0.060	0.064	0.064	0.066	0.063	0.064	0.064	0.057	0.067	0.066	0.067	0.074	0.063	0.063
9:00:13	22.3	0.082	0.088	0.100	0.086	0.089	0.100	0.083	0.094	0.094	0.087	0.094	0.073	0.082	0.085	0.076	0.095	0.047	0.084	0.090	0.096	0.100	0.097	0.102	0.093	0.393	0.089	0.083	0.087	0.092	0.082	0.087	0.053	0.097	0.089	0.092	0.092	0.080	0.086	0.087	0.087	0.085	0.082	0.092	0.089	0.092	0.092	0.096	0.093	0.074	0.085	0.083	0.086	0.094	0.093	0.080	0.088	0.089	0.068	0.075	0.086	0.086	0.089	0.086	0.085	0.094	0.073	0.083	0.079	0.090	0.086	0.082	0.077	0.081	0.085	0.088	0.081	0.090	0.078	0.080	0.088	0.087	0.078	0.070	0.080	0.079	0.080	0.082	0.083	0.083	0.070	0.084	0.086	0.083	0.090	0.080	0.076
10:00:14	22.4	0.111	0.122	0.135	0.121	0.129	0.142	0.123	0.131	0.140	0.117	0.129	0.097	0.111	0.120	0.102	0.131	0.047	0.123	0.136	0.136	0.150	0.139	0.148	0.129	0.419	0.121	0.117	0.120	0.128	0.114	0.123	0.052	0.135	0.125	0.129	0.129	0.107	0.118	0.121	0.125	0.121	0.119	0.132	0.127	0.133	0.127	0.138	0.128	0.098	0.118	0.115	0.120	0.135	0.126	0.109	0.123	0.134	0.091	0.101	0.116	0.116	0.125	0.118	0.120	0.131	0.098	0.111	0.107	0.124	0.117	0.109	0.101	0.108	0.115	0.121	0.113	0.125	0.104	0.110	0.120	0.124	0.105	0.088	0.103	0.103	0.105	0.115	0.111	0.112	0.090	0.112	0.114	0.111	0.117	0.106	0.101
11:00:15	22.3	0.149	0.172	0.174	0.159	0.162	0.172	0.169	0.160	0.173	0.156	0.169	0.136	0.152	0.157	0.135	0.160	0.047	0.162	0.178	0.165	0.193	0.180	0.193	0.177	0.456	0.144	0.152	0.158	0.172	0.155	0.161	0.052	0.184	0.158	0.162	0.175	0.146	0.147	0.161	0.175	0.167	0.159	0.180	0.169	0.173	0.161	0.175	0.173	0.134	0.160	0.158	0.161	0.184	0.168	0.144	0.165	0.183	0.126	0.142	0.159	0.166	0.170	0.167	0.167	0.176	0.140	0.144	0.141	0.160	0.154	0.145	0.140	0.139	0.152	0.165	0.153	0.157	0.144	0.145	0.146	0.161	0.142	0.122	0.140	0.143	0.141	0.150	0.155	0.147	0.126	0.150	0.156	0.149	0.158	0.152	0.139
12:00:16	22.4	0.199	0.216	0.214	0.199	0.195	0.227	0.213	0.206	0.204	0.198	0.216	0.179	0.204	0.205	0.214	0.186	0.047	0.186	0.190	0.196	0.241	0.207	0.238	0.216	0.515	0.191	0.189	0.186	0.209	0.176	0.189	0.052	0.247	0.212	0.205	0.223	0.184	0.186	0.201	0.190	0.200	0.185	0.209	0.230	0.215	0.221	0.220	0.224	0.170	0.208	0.190	0.193	0.213	0.201	0.207	0.211	0.231	0.192	0.175	0.207	0.198	0.199	0.197	0.191	0.215	0.168	0.188	0.185	0.183	0.198	0.197	0.177	0.174	0.208	0.205	0.190	0.204	0.192	0.191	0.204	0.216	0.196	0.160	0.185	0.180	0.190	0.201	0.207	0.211	0.164	0.207	0.208	0.197	0.229	0.210	0.190
13:00:17	22.3	0.228	0.228	0.248	0.232	0.276	0.245	0.248	0.257	0.244	0.246	0.259	0.242	0.231	0.237	0.243	0.229	0.047	0.237	0.230	0.232	0.260	0.236	0.262	0.266	0.553	0.238	0.236	0.230	0.228	0.249	0.247	0.051	0.268	0.244	0.233	0.272	0.223	0.238	0.238	0.239	0.237	0.221	0.233	0.247	0.252	0.266	0.250	0.262	0.214	0.246	0.238	0.232	0.248	0.248	0.243	0.250	0.240	0.223	0.243	0.258	0.244	0.242	0.230	0.247	0.235	0.243	0.238	0.254	0.247	0.253	0.254	0.270	0.226	0.242	0.249	0.239	0.253	0.245	0.253	0.257	0.259	0.254	0.219	0.262	0.235	0.243	0.259	0.255	0.264	0.242	0.265	0.280	0.266	0.288	0.274	0.275
14:00:18	22.4	0.232	0.266	0.272	0.265	0.298	0.289	0.262	0.286	0.280	0.277	0.296	0.271	0.244	0.252	0.285	0.261	0.047	0.261	0.248	0.253	0.281	0.277	0.290	0.287	0.610	0.275	0.254	0.256	0.259	0.268	0.265	0.051	0.295	0.270	0.269	0.303	0.245	0.253	0.260	0.261	0.258	0.257	0.265	0.261	0.280	0.282	0.281	0.297	0.232	0.252	0.266	0.265	0.263	0.275	0.263	0.282	0.272	0.259	0.277	0.289	0.265	0.268	0.259	0.263	0.272	0.272	0.279	0.285	0.278	0.287	0.291	0.306	0.254	0.278	0.273	0.272	0.276	0.278	0.276	0.287	0.290	0.281	0.280	0.290	0.269	0.271	0.285	0.279	0.302	0.266	0.290	0.309	0.303	0.329	0.315	0.308
15:00:19	22.4	0.294	0.344	0.348	0.331	0.353	0.334	0.303	0.328	0.333	0.329	0.338	0.304	0.310	0.308	0.335	0.328	0.047	0.305	0.295	0.313	0.324	0.340	0.324	0.332	0.658	0.331	0.301	0.313	0.279	0.313	0.319	0.051	0.350	0.328	0.316	0.352	0.285	0.302	0.284	0.279	0.304	0.283	0.300	0.302	0.305	0.323	0.328	0.337	0.289	0.298	0.297	0.291	0.302	0.301	0.297	0.335	0.315	0.293	0.315	0.339	0.313	0.324	0.300	0.307	0.305	0.307	0.310	0.336	0.319	0.351	0.349	0.345	0.304	0.316	0.310	0.314	0.324	0.327	0.322	0.335	0.355	0.331	0.292	0.333	0.301	0.313	0.324	0.317	0.347	0.303	0.325	0.375	0.346	0.369	0.350	0.343
16:00:19	22.5	0.379	0.436	0.443	0.405	0.456	0.433	0.404	0.395	0.439	0.393	0.403	0.370	0.393	0.399	0.402	0.402	0.047	0.367	0.363	0.384	0.408	0.398	0.391	0.413	0.733	0.401	0.385	0.375	0.360	0.376	0.396	0.051	0.423	0.393	0.392	0.437	0.359	0.382	0.352	0.357	0.359	0.341	0.374	0.366	0.369	0.400	0.387	0.425	0.352	0.371	0.355	0.367	0.376	0.376	0.366	0.414	0.395	0.350	0.393	0.428	0.392	0.397	0.365	0.381	0.376	0.373	0.377	0.427	0.395	0.425	0.426	0.418	0.377	0.402	0.381	0.386	0.409	0.410	0.400	0.416	0.430	0.414	0.333	0.415	0.389	0.403	0.406	0.394	0.428	0.370	0.427	0.463	0.430	0.463	0.442	0.425
17:00:20	22.7	0.482	0.492	0.488	0.453	0.512	0.570	0.535	0.497	0.517	0.487	0.482	0.463	0.487	0.473	0.485	0.464	0.047	0.466	0.425	0.449	0.478	0.497	0.476	0.508	0.804	0.491	0.474	0.474	0.467	0.439	0.462	0.051	0.512	0.486	0.482	0.531	0.431	0.475	0.440	0.455	0.433	0.408	0.472	0.463	0.457	0.489	0.468	0.507	0.447	0.451	0.433	0.446	0.476	0.469	0.451	0.499	0.489	0.452	0.487	0.516	0.463	0.494	0.450	0.470	0.466	0.445	0.451	0.506	0.489	0.508	0.530	0.495	0.464	0.492	0.472	0.481	0.496	0.494	0.489	0.523	0.522	0.500	0.414	0.494	0.467	0.488	0.477	0.483	0.510	0.458	0.509	0.533	0.513	0.547	0.517	0.502
18:00:22	22.8	0.567	0.544	0.550	0.523	0.567	0.613	0.622	0.549	0.593	0.581	0.538	0.508	0.557	0.530	0.562	0.558	0.047	0.547	0.496	0.522	0.556	0.582	0.533	0.595	0.868	0.607	0.536	0.563	0.547	0.513	0.594	0.051	0.607	0.582	0.549	0.626	0.533	0.573	0.532	0.530	0.525	0.500	0.565	0.530	0.548	0.580	0.574	0.577	0.549	0.528	0.523	0.550	0.571	0.544	0.537	0.584	0.583	0.578	0.587	0.611	0.540	0.606	0.526	0.554	0.558	0.528	0.544	0.588	0.575	0.594	0.631	0.568	0.560	0.602	0.540	0.537	0.594	0.579	0.568	0.601	0.595	0.600	0.496	0.569	0.537	0.573	0.553	0.574	0.608	0.515	0.589	0.595	0.586	0.609	0.592	0.562
19:00:23	22.9	0.643	0.602	0.611	0.588	0.633	0.668	0.680	0.627	0.644	0.617	0.579	0.553	0.611	0.620	0.635	0.616	0.047	0.574	0.564	0.589	0.632	0.601	0.603	0.643	0.927	0.671	0.584	0.620	0.625	0.599	0.658	0.051	0.678	0.678	0.605	0.685	0.611	0.648	0.618	0.609	0.579	0.551	0.633	0.614	0.615	0.643	0.681	0.634	0.619	0.598	0.591	0.636	0.661	0.624	0.625	0.672	0.657	0.676	0.658	0.653	0.607	0.646	0.588	0.617	0.656	0.575	0.626	0.636	0.650	0.663	0.685	0.624	0.631	0.666	0.600	0.575	0.659	0.627	0.649	0.668	0.633	0.656	0.575	0.618	0.593	0.604	0.602	0.631	0.648	0.563	0.644	0.629	0.637	0.642	0.630	0.595
20:00:23	22.9	0.658	0.646	0.643	0.616	0.632	0.707	0.742	0.653	0.645	0.615	0.620	0.572	0.634	0.640	0.656	0.644	0.046	0.617	0.633	0.619	0.657	0.622	0.634	0.641	0.963	0.685	0.653	0.633	0.646	0.671	0.683	0.050	0.690	0.694	0.655	0.693	0.648	0.668	0.637	0.669	0.657	0.585	0.649	0.677	0.683	0.702	0.697	0.665	0.644	0.654	0.620	0.660	0.687	0.651	0.643	0.659	0.683	0.768	0.691	0.692	0.666	0.653	0.641	0.658	0.658	0.608	0.692	0.640	0.689	0.700	0.692	0.647	0.621	0.678	0.643	0.593	0.687	0.646	0.659	0.704	0.647	0.660	0.629	0.654	0.579	0.624	0.627	0.671	0.646	0.595	0.638	0.671	0.654	0.688	0.657	0.626
21:00:25	23.0	0.708	0.659	0.662	0.646	0.680	0.714	0.709	0.691	0.662	0.642	0.638	0.582	0.668	0.666	0.675	0.668	0.047	0.599	0.617	0.645	0.673	0.641	0.671	0.657	0.977	0.697	0.651	0.680	0.656	0.659	0.685	0.050	0.692	0.699	0.673	0.694	0.682	0.661	0.711	0.697	0.670	0.651	0.667	0.697	0.716	0.719	0.712	0.678	0.681	0.685	0.669	0.668	0.756	0.705	0.711	0.663	0.718	0.822	0.728	0.683	0.681	0.693	0.662	0.679	0.699	0.636	0.714	0.658	0.702	0.701	0.709	0.666	0.727	0.717	0.671	0.608	0.728	0.677	0.700	0.704	0.668	0.695	0.699	0.665	0.665	0.627	0.657	0.684	0.679	0.623	0.709	0.676	0.668	0.699	0.676	0.647
22:00:26	23.1	0.729	0.680	0.676	0.656	0.676	0.714	0.687	0.700	0.657	0.654	0.670	0.578	0.680	0.679	0.687	0.680	0.047	0.601	0.634	0.667	0.691	0.662	0.674	0.680	0.996	0.709	0.669	0.706	0.684	0.667	0.685	0.050	0.701	0.714	0.688	0.688	0.711	0.683	0.735	0.713	0.688	0.677	0.692	0.713	0.717	0.752	0.721	0.691	0.706	0.696	0.700	0.677	0.766	0.739	0.717	0.681	0.719	0.860	0.748	0.689	0.741	0.724	0.683	0.700	0.726	0.659	0.752	0.680	0.715	0.708	0.719	0.683	0.767	0.740	0.685	0.685	0.765	0.695	0.729	0.720	0.679	0.731	0.765	0.682	0.690	0.644	0.681	0.701	0.709	0.646	0.739	0.690	0.685	0.720	0.696	0.664
23:00:26	23.2	0.749	0.687	0.697	0.657	0.692	0.716	0.685	0.699	0.656	0.665	0.688	0.574	0.692	0.696	0.690	0.685	0.047	0.641	0.644	0.684	0.706	0.680	0.693	0.686	1.011	0.711	0.702	0.713	0.716	0.687	0.689	0.050	0.715	0.712	0.701	0.688	0.739	0.690	0.742	0.719	0.700	0.707	0.713	0.709	0.722	0.779	0.727	0.708	0.719	0.710	0.715	0.691	0.777	0.763	0.732	0.699	0.727	0.891	0.777	0.692	0.794	0.759	0.702	0.714	0.737	0.678	0.772	0.697	0.723	0.721	0.732	0.697	0.755	0.755	0.699	0.711	0.776	0.712	0.749	0.725	0.697	0.755	0.823	0.690	0.727	0.657	0.706	0.742	0.733	0.660	0.755	0.706	0.698	0.741	0.712	0.673
24:00:28	23.1	0.795	0.710	0.736	0.672	0.710	0.735	0.676	0.720	0.659	0.683	0.703	0.579	0.710	0.714	0.706	0.695	0.046	0.662	0.666	0.700	0.725	0.693	0.707	0.710	1.025	0.714	0.722	0.735	0.733	0.707	0.703	0.050	0.737	0.723	0.733	0.701	0.761	0.711	0.752	0.736	0.710	0.715	0.733	0.723	0.725	0.795	0.735	0.737	0.738	0.730	0.744	0.709	0.804	0.791	0.746	0.716	0.742	0.921	0.807	0.712	0.830	0.787	0.726	0.734	0.744	0.692	0.790	0.720	0.743	0.734	0.738	0.714	0.775	0.777	0.704	0.728	0.804	0.731	0.761	0.747	0.711	0.773	0.859	0.710	0.711	0.671	0.728	0.769	0.759	0.669	0.764	0.728	0.711	0.753	0.739	0.688
25:00:29	22.9	0.808	0.721	0.765	0.696	0.728	0.752	0.695	0.738	0.673	0.701	0.693	0.593	0.729	0.732	0.727	0.717	0.047	0.698	0.705	0.722	0.745	0.710	0.719	0.737	1.037	0.743	0.753	0.763	0.757	0.726	0.716	0.050	0.748	0.738	0.760	0.708	0.775	0.743	0.766	0.754	0.734	0.741	0.749	0.737	0.746	0.820	0.746	0.765	0.752	0.755	0.766	0.740	0.834	0.829	0.766	0.720	0.759	0.947	0.826	0.723	0.862	0.804	0.738	0.747	0.766	0.712	0.806	0.748	0.761	0.745	0.740	0.728	0.791	0.797	0.725	0.758	0.829	0.747	0.784	0.759	0.733	0.798	0.905	0.714	0.709	0.682	0.742	0.792	0.772	0.676	0.772	0.742	0.720	0.765	0.752	0.699
26:00:28	22.7	0.794	0.728	0.781	0.711	0.740	0.758	0.712	0.749	0.685	0.723	0.686	0.632	0.732	0.745	0.756	0.739	0.047	0.748	0.745	0.747	0.765	0.713	0.748	0.738	1.048	0.759	0.783	0.768	0.787	0.750	0.732	0.050	0.766	0.739	0.772	0.727	0.822	0.754	0.779	0.773	0.753	0.754	0.770	0.749	0.768	0.835	0.748	0.773	0.770	0.782	0.787	0.771	0.847	0.858	0.782	0.737	0.783	0.971	0.850	0.725	0.877	0.831	0.756	0.767	0.771	0.720	0.842	0.774	0.778	0.760	0.759	0.734	0.804	0.808	0.722	0.787	0.858	0.760	0.805	0.779	0.751	0.806	0.938	0.717	0.707	0.693	0.766	0.860	0.786	0.679	0.777	0.768	0.732	0.778	0.761	0.712
27:00:29	22.6	0.790	0.750	0.788	0.745	0.755	0.772	0.719	0.771	0.707	0.737	0.701	0.635	0.738	0.769	0.775	0.743	0.047	0.771	0.776	0.761	0.782	0.731	0.763	0.746	1.060	0.766	0.809	0.791	0.797	0.776	0.744	0.050	0.787	0.752	0.792	0.746	0.811	0.786	0.805	0.791	0.767	0.762	0.783	0.765	0.783	0.852	0.756	0.788	0.775	0.800	0.804	0.801	0.868	0.884	0.804	0.763	0.810	1.002	0.868	0.734	0.915	0.847	0.771	0.780	0.788	0.737	0.857	0.794	0.793	0.781	0.766	0.739	0.839	0.824	0.727	0.810	0.884	0.771	0.829	0.802	0.773	0.825	0.967	0.727	0.712	0.706	0.779	0.866	0.805	0.689	0.794	0.793	0.744	0.778	0.774	0.721
28:00:31	22.7	0.772	0.760	0.794	0.766	0.761	0.783	0.731	0.782	0.724	0.739	0.715	0.649	0.747	0.790	0.798	0.769	0.047	0.808	0.798	0.782	0.792	0.759	0.778	0.741	1.075	0.783	0.844	0.805	0.820	0.811	0.758	0.050	0.796	0.769	0.798	0.768	0.834	0.804	0.822	0.804	0.780	0.769	0.793	0.789	0.796	0.870	0.772	0.802	0.784	0.811	0.808	0.833	0.877	0.874	0.817	0.784	0.826	1.025	0.886	0.744	0.914	0.849	0.790	0.793	0.829	0.746	0.877	0.817	0.808	0.802	0.781	0.744	0.835	0.839	0.744	0.832	0.893	0.789	0.854	0.828	0.783	0.875	0.982	0.732	0.735	0.722	0.792	0.924	0.829	0.700	0.835	0.810	0.751	0.790	0.784	0.728
29:00:32	22.7	0.784	0.775	0.811	0.798	0.766	0.808	0.734	0.796	0.732	0.749	0.731	0.659	0.763	0.821	0.816	0.783	0.047	0.837	0.823	0.799	0.818	0.778	0.783	0.756	1.088	0.789	0.867	0.833	0.836	0.834	0.770	0.049	0.816	0.783	0.822	0.776	0.829	0.823	0.845	0.818	0.799	0.780	0.806	0.807	0.811	0.879	0.776	0.801	0.798	0.831	0.837	0.851	0.903	0.902	0.830	0.803	0.839	1.045	0.893	0.749	0.921	0.867	0.803	0.808	0.842	0.760	0.880	0.833	0.820	0.820	0.802	0.748	0.870	0.862	0.761	0.838	0.909	0.808	0.871	0.842	0.795	0.871	0.979	0.742	0.743	0.735	0.798	0.907	0.841	0.707	0.849	0.818	0.765	0.810	0.797	0.732
30:00:32	22.7	0.751	0.776	0.808	0.808	0.782	0.813	0.712	0.808	0.733	0.748	0.751	0.684	0.770	0.833	0.829	0.800	0.047	0.856	0.816	0.812	0.836	0.777	0.794	0.741	1.104	0.802	0.895	0.843	0.866	0.848	0.788	0.049	0.836	0.799	0.827	0.791	0.824	0.843	0.860	0.836	0.809	0.777	0.823	0.821	0.819	0.892	0.793	0.809	0.808	0.846	0.837	0.863	0.899	0.911	0.834	0.823	0.854	1.067	0.907	0.765	0.948	0.874	0.818	0.811	0.921	0.766	0.900	0.845	0.826	0.828	0.814	0.747	0.875	0.872	0.779	0.846	0.908	0.823	0.883	0.850	0.805	0.908	0.979	0.747	0.755	0.751	0.812	0.945	0.849	0.721	0.899	0.822	0.774	0.818	0.806	0.739
31:00:33	22.7	0.756	0.773	0.822	0.825	0.774	0.828	0.712	0.825	0.743	0.757	0.763	0.698	0.784	0.844	0.844	0.814	0.047	0.876	0.840	0.825	0.849	0.795	0.800	0.758	1.116	0.814	0.921	0.855	0.873	0.859	0.802	0.049	0.857	0.811	0.842	0.802	0.814	0.860	0.876	0.850	0.824	0.798	0.839	0.833	0.831	0.909	0.797	0.808	0.803	0.862	0.849	0.882	0.920	0.923	0.835	0.842	0.863	1.090	0.914	0.767	0.948	0.885	0.830	0.825	0.938	0.780	0.909	0.850	0.835	0.840	0.821	0.757	0.910	0.877	0.797	0.856	0.913	0.833	0.895	0.863	0.818	0.906	0.979	0.756	0.760	0.764	0.819	0.922	0.889	0.725	0.923	0.823	0.781	0.826	0.815	0.742
32:00:34	22.7	0.743	0.773	0.828	0.827	0.796	0.827	0.691	0.839	0.729	0.767	0.780	0.704	0.781	0.855	0.864	0.825	0.047	0.901	0.837	0.833	0.863	0.788	0.804	0.749	1.129	0.825	0.941	0.869	0.894	0.869	0.821	0.049	0.860	0.813	0.846	0.814	0.819	0.868	0.888	0.856	0.834	0.796	0.850	0.837	0.834	0.907	0.812	0.816	0.803	0.882	0.845	0.899	0.914	0.933	0.839	0.853	0.863	1.113	0.918	0.774	0.954	0.891	0.842	0.834	0.956	0.786	0.919	0.865	0.835	0.843	0.834	0.758	0.893	0.883	0.814	0.868	0.921	0.840	0.903	0.867	0.830	0.938	0.967	0.763	0.780	0.772	0.829	0.934	0.869	0.733	0.982	0.816	0.786	0.839	0.813	0.749
33:00:36	22.6	0.743	0.772	0.837	0.833	0.809	0.829	0.692	0.833	0.724	0.786	0.800	0.745	0.787	0.868	0.871	0.837	0.047	0.909	0.850	0.846	0.872	0.796	0.823	0.745	1.134	0.831	0.947	0.876	0.903	0.884	0.831	0.049	0.873	0.825	0.868	0.817	0.824	0.887	0.898	0.866	0.838	0.802	0.861	0.842	0.841	0.913	0.815	0.820	0.798	0.890	0.861	0.908	0.922	0.954	0.855	0.863	0.868	1.127	0.918	0.782	0.979	0.900	0.853	0.839	0.986	0.801	0.927	0.875	0.846	0.851	0.843	0.766	0.912	0.884	0.824	0.878	0.944	0.847	0.917	0.871	0.842	0.942	0.948	0.769	0.776	0.783	0.837	0.906	0.865	0.743	1.009	0.820	0.795	0.838	0.819	0.758
34:00:36	22.6	0.744	0.767	0.842	0.838	0.817	0.843	0.703	0.847	0.723	0.787	0.806	0.759	0.793	0.881	0.882	0.847	0.046	0.918	0.865	0.862	0.882	0.808	0.805	0.751	1.145	0.844	0.959	0.894	0.918	0.901	0.832	0.049	0.874	0.823	0.880	0.825	0.827	0.909	0.911	0.879	0.845	0.826	0.872	0.855	0.850	0.927	0.822	0.820	0.809	0.896	0.871	0.910	0.928	0.951	0.869	0.881	0.872	1.117	0.921	0.793	0.970	0.901	0.852	0.849	1.002	0.808	0.935	0.892	0.856	0.864	0.842	0.777	0.937	0.890	0.828	0.895	0.959	0.850	0.918	0.883	0.847	0.946	0.937	0.770	0.776	0.792	0.841	0.897	0.865	0.756	0.947	0.824	0.798	0.852	0.824	0.759
35:00:37	22.5	0.746	0.768	0.838	0.827	0.828	0.830	0.704	0.832	0.707	0.802	0.822	0.777	0.800	0.884	0.895	0.858	0.047	0.936	0.881	0.862	0.871	0.810	0.826	0.737	1.155	0.860	0.952	0.900	0.921	0.908	0.846	0.049	0.878	0.841	0.895	0.814	0.825	0.928	0.913	0.886	0.860	0.830	0.877	0.854	0.853	0.931	0.835	0.829	0.805	0.913	0.868	0.918	0.928	0.969	0.870	0.888	0.881	1.129	0.919	0.797	0.957	0.917	0.868	0.855	1.046	0.815	0.947	0.896	0.860	0.867	0.856	0.779	0.920	0.884	0.841	0.899	0.983	0.851	0.919	0.884	0.859	0.945	0.924	0.775	0.772	0.803	0.851	0.879	0.869	0.758	0.970	0.834	0.804	0.867	0.833	0.762
36:00:37	22.4	0.744	0.782	0.836	0.822	0.827	0.826	0.695	0.835	0.701	0.815	0.814	0.776	0.803	0.894	0.903	0.870	0.046	0.953	0.897	0.869	0.880	0.822	0.832	0.738	1.161	0.861	0.958	0.908	0.934	0.920	0.862	0.051	0.880	0.851	0.898	0.811	0.839	0.937	0.923	0.896	0.864	0.827	0.885	0.854	0.851	0.928	0.839	0.834	0.800	0.912	0.878	0.924	0.928	0.977	0.880	0.897	0.884	1.148	0.915	0.800	0.969	0.922	0.876	0.861	1.031	0.823	0.949	0.896	0.860	0.870	0.864	0.789	0.888	0.888	0.861	0.905	0.971	0.849	0.924	0.883	0.863	0.965	0.916	0.778	0.763	0.818	0.864	0.873	0.865	0.762	0.873	0.831	0.811	0.857	0.829	0.770
37:00:38	22.3	0.751	0.791	0.843	0.825	0.843	0.810	0.704	0.840	0.695	0.827	0.824	0.785	0.804	0.903	0.911	0.878	0.047	0.956	0.909	0.872	0.898	0.830	0.853	0.741	1.159	0.869	0.969	0.918	0.933	0.925	0.861	0.052	0.895	0.857	0.912	0.806	0.832	0.944	0.934	0.902	0.872	0.842	0.887	0.860	0.857	0.932	0.844	0.834	0.812	0.914	0.883	0.925	0.936	0.993	0.877	0.908	0.889	1.141	0.919	0.799	0.937	0.923	0.880	0.867	1.037	0.836	0.955	0.900	0.865	0.873	0.869	0.790	0.917	0.894	0.874	0.913	0.970	0.860	0.925	0.889	0.871	0.956	0.912	0.790	0.759	0.828	0.866	0.878	0.867	0.764	0.851	0.838	0.817	0.851	0.839	0.774
38:00:39	22.2	0.756	0.804	0.840	0.826	0.847	0.792	0.712	0.840	0.714	0.824	0.838	0.786	0.811	0.909	0.914	0.887	0.046	0.967	0.924	0.883	0.896	0.837	0.876	0.767	1.157	0.883	0.970	0.929	0.949	0.934	0.874	0.057	0.901	0.865	0.922	0.796	0.832	0.950	0.942	0.911	0.880	0.846	0.900	0.862	0.864	0.947	0.850	0.829	0.789	0.923	0.892	0.926	0.936	0.995	0.895	0.915	0.890	1.145	0.925	0.802	0.940	0.928	0.890	0.880	1.063	0.843	0.964	0.905	0.871	0.882	0.875	0.800	0.904	0.892	0.877	0.909	0.952	0.867	0.917	0.889	0.878	0.970	0.903	0.793	0.754	0.837	0.864	0.880	0.871	0.773	0.843	0.850	0.823	0.854	0.840	0.780
39:00:40	22.1	0.763	0.811	0.834	0.832	0.854	0.782	0.716	0.849	0.720	0.840	0.840	0.774	0.813	0.914	0.911	0.902	0.047	0.976	0.922	0.895	0.901	0.840	0.901	0.760	1.109	0.890	0.973	0.933	0.956	0.942	0.882	0.065	0.915	0.872	0.931	0.789	0.843	0.959	0.951	0.923	0.897	0.855	0.910	0.871	0.866	0.950	0.857	0.828	0.801	0.926	0.900	0.925	0.934	1.027	0.900	0.925	0.892	1.153	0.937	0.816	0.925	0.935	0.889	0.890	1.075	0.851	0.974	0.908	0.877	0.891	0.874	0.798	0.903	0.902	0.883	0.910	0.955	0.881	0.925	0.894	0.880	0.973	0.908	0.799	0.751	0.841	0.868	0.883	0.885	0.776	0.836	0.846	0.825	0.859	0.849	0.783
40:00:42	22.2	0.762	0.821	0.844	0.843	0.859	0.784	0.724	0.823	0.750	0.849	0.852	0.792	0.818	0.918	0.926	0.904	0.046	0.948	0.931	0.900	0.904	0.858	0.899	0.784	1.122	0.901	0.969	0.945	0.970	0.949	0.895	0.077	0.923	0.880	0.929	0.798	0.845	0.961	0.956	0.928	0.896	0.855	0.920	0.877	0.868	0.955	0.872	0.839	0.799	0.941	0.906	0.927	0.943	1.015	0.903	0.922	0.900	1.158	0.932	0.826	0.926	0.937	0.904	0.898	1.069	0.860	0.967	0.897	0.875	0.894	0.878	0.798	0.892	0.899	0.888	0.909	0.957	0.876	0.926	0.891	0.881	0.985	0.896	0.807	0.764	0.843	0.863	0.886	0.884	0.778	0.849	0.854	0.829	0.857	0.844	0.784
41:00:42	22.4	0.747	0.822	0.848	0.853	0.872	0.781	0.719	0.810	0.774	0.851	0.867	0.759	0.822	0.919	0.935	0.908	0.046	0.948	0.941	0.905	0.908	0.867	0.906	0.782	1.107	0.904	0.976	0.951	0.969	0.957	0.899	0.099	0.930	0.879	0.941	0.798	0.858	0.966	0.965	0.936	0.901	0.868	0.926	0.880	0.873	0.950	0.877	0.836	0.807	0.942	0.909	0.939	0.957	1.012	0.911	0.927	0.901	1.156	0.935	0.821	0.920	0.937	0.900	0.903	1.090	0.866	0.973	0.910	0.888	0.898	0.883	0.804	0.895	0.908	0.895	0.900	0.962	0.879	0.932	0.899	0.887	1.007	0.881	0.817	0.777	0.849	0.872	0.889	0.883	0.788	0.853	0.857	0.835	0.853	0.853	0.785
42:00:44	22.6	0.736	0.830	0.844	0.867	0.877	0.780	0.724	0.785	0.772	0.847	0.883	0.790	0.822	0.925	0.946	0.913	0.046	0.960	0.936	0.907	0.912	0.867	0.905	0.783	1.106	0.909	0.975	0.952	0.967	0.960	0.903	0.133	0.931	0.879	0.946	0.807	0.859	0.975	0.967	0.948	0.906	0.869	0.929	0.883	0.872	0.950	0.877	0.843	0.811	0.947	0.910	0.946	0.966	1.020	0.916	0.932	0.907	1.158	0.931	0.811	0.918	0.939	0.908	0.901	1.057	0.876	0.964	0.908	0.892	0.906	0.886	0.800	0.901	0.914	0.906	0.910	0.956	0.889	0.934	0.898	0.895	0.994	0.869	0.823	0.795	0.858	0.880	0.889	0.871	0.801	0.851	0.854	0.839	0.871	0.859	0.788
43:00:45	22.8	0.754	0.841	0.849	0.878	0.886	0.776	0.720	0.789	0.773	0.852	0.884	0.751	0.824	0.929	0.949	0.919	0.047	0.976	0.942	0.908	0.914	0.877	0.888	0.808	1.105	0.912	0.975	0.966	0.963	0.961	0.901	0.187	0.936	0.886	0.951	0.797	0.863	0.978	0.972	0.952	0.912	0.874	0.932	0.893	0.878	0.955	0.879	0.838	0.820	0.951	0.922	0.951	0.979	1.025	0.922	0.936	0.913	1.151	0.944	0.811	0.921	0.945	0.915	0.911	1.069	0.883	0.967	0.907	0.898	0.908	0.880	0.803	0.901	0.920	0.905	0.903	0.951	0.891	0.939	0.904	0.895	1.007	0.866	0.824	0.803	0.863	0.887	0.897	0.875	0.811	0.853	0.860	0.844	0.857	0.857	0.787
44:00:46	22.8	0.750	0.846	0.851	0.887	0.894	0.772	0.732	0.791	0.771	0.852	0.896	0.793	0.825	0.929	0.949	0.919	0.046	0.977	0.949	0.909	0.921	0.878	0.884	0.788	1.107	0.914	0.972	0.962	0.969	0.966	0.921	0.248	0.937	0.885	0.954	0.804	0.872	0.979	0.979	0.954	0.918	0.880	0.934	0.898	0.886	0.955	0.889	0.851	0.819	0.958	0.923	0.958	0.976	1.026	0.927	0.936	0.913	1.143	0.948	0.812	0.910	0.948	0.915	0.909	1.083	0.888	0.973	0.913	0.906	0.913	0.890	0.808	0.912	0.916	0.903	0.912	0.940	0.897	0.941	0.909	0.902	0.981	0.861	0.826	0.814	0.872	0.893	0.904	0.874	0.801	0.844	0.862	0.852	0.860	0.853	0.795
45:00:46	22.6	0.747	0.850	0.844	0.893	0.901	0.757	0.753	0.796	0.783	0.871	0.897	0.789	0.832	0.929	0.949	0.921	0.046	0.985	0.951	0.909	0.913	0.873	0.885	0.811	1.102	0.919	0.988	0.973	0.977	0.965	0.926	0.295	0.935	0.884	0.953	0.818	0.874	0.975	0.978	0.952	0.919	0.879	0.942	0.893	0.880	0.943	0.882	0.877	0.821	0.964	0.927	0.953	0.974	1.022	0.936	0.937	0.913	1.145	0.946	0.829	0.915	0.949	0.923	0.910	1.063	0.888	0.953	0.900	0.905	0.906	0.889	0.812	0.902	0.917	0.922	0.917	0.941	0.901	0.928	0.910	0.903	0.976	0.854	0.832	0.816	0.875	0.903	0.894	0.863	0.826	0.838	0.868	0.852	0.871	0.854	0.802
46:00:47	22.7	0.761	0.843	0.849	0.894	0.906	0.758	0.756	0.821	0.789	0.866	0.882	0.736	0.831	0.931	0.951	0.925	0.046	0.986	0.955	0.914	0.926	0.899	0.880	0.821	1.099	0.917	0.987	0.973	0.972	0.968	0.921	0.332	0.943	0.891	0.960	0.821	0.875	0.975	0.987	0.955	0.925	0.893	0.947	0.901	0.892	0.949	0.890	0.865	0.820	0.965	0.934	0.946	0.984	1.032	0.935	0.942	0.912	1.135	0.954	0.847	0.898	0.943	0.924	0.912	1.068	0.888	0.969	0.897	0.910	0.905	0.886	0.811	0.913	0.919	0.922	0.905	0.937	0.906	0.937	0.915	0.904	0.971	0.853	0.832	0.821	0.878	0.909	0.897	0.860	0.818	0.835	0.862	0.851	0.862	0.852	0.802
47:00:48	22.7	0.739	0.835	0.855	0.892	0.908	0.748	0.785	0.860	0.819	0.891	0.890	0.755	0.832	0.928	0.963	0.925	0.046	0.964	0.965	0.913	0.906	0.882	0.871	0.855	1.113	0.919	0.992	0.978	0.989	0.974	0.926	0.377	0.940	0.895	0.952	0.846	0.865	0.970	0.984	0.952	0.923	0.893	0.944	0.899	0.888	0.935	0.888	0.899	0.812	0.968	0.914	0.947	0.976	1.019	0.945	0.941	0.911	1.129	0.953	0.861	0.910	0.941	0.931	0.914	1.029	0.891	0.973	0.885	0.916	0.908	0.886	0.815	0.894	0.906	0.930	0.908	0.944	0.906	0.933	0.910	0.906	0.930	0.851	0.837	0.792	0.880	0.922	0.910	0.845	0.801	0.841	0.866	0.849	0.862	0.856	0.804
48:00:48	22.7	0.738	0.827	0.857	0.893	0.910	0.736	0.772	0.841	0.812	0.884	0.893	0.707	0.837	0.928	0.953	0.928	0.046	0.968	0.960	0.916	0.910	0.886	0.875	0.822	1.116	0.925	0.990	0.979	0.990	0.983	0.946	0.427	0.947	0.887	0.968	0.850	0.867	0.978	0.989	0.963	0.931	0.897	0.947	0.900	0.888	0.939	0.882	0.874	0.806	0.964	0.918	0.952	0.978	1.035	0.942	0.943	0.913	1.124	0.952	0.849	0.901	0.945	0.927	0.916	1.055	0.890	0.963	0.894	0.917	0.913	0.885	0.808	0.886	0.911	0.928	0.906	0.948	0.921	0.937	0.916	0.915	0.929	0.849	0.838	0.800	0.882	0.923	0.905	0.846	0.806	0.837	0.854	0.853	0.847	0.849	0.805
49:00:50	22.7	0.727	0.831	0.859	0.898	0.903	0.753	0.798	0.851	0.816	0.882	0.885	0.703	0.836	0.929	0.946	0.928	0.046	0.968	0.961	0.919	0.919	0.885	0.868	0.823	1.094	0.928	0.991	0.983	0.992	0.981	0.950	0.482	0.947	0.890	0.967	0.855	0.854	0.984	0.991	0.966	0.934	0.905	0.955	0.903	0.891	0.937	0.883	0.881	0.805	0.964	0.917	0.956	0.986	1.038	0.944	0.946	0.916	1.110	0.963	0.846	0.888	0.941	0.929	0.917	1.078	0.893	0.972	0.878	0.921	0.922	0.879	0.814	0.880	0.912	0.937	0.902	0.941	0.920	0.935	0.917	0.916	0.922	0.851	0.845	0.801	0.885	0.930	0.904	0.839	0.795	0.838	0.852	0.856	0.864	0.848	0.803
50:00:51	22.6	0.708	0.823	0.869	0.889	0.894	0.760	0.784	0.856	0.825	0.870	0.908	0.686	0.836	0.927	0.946	0.933	0.046	0.959	0.974	0.921	0.923	0.885	0.868	0.823	1.103	0.930	0.995	0.986	0.994	0.986	0.968	0.538	0.957	0.889	0.968	0.857	0.839	0.985	0.996	0.966	0.938	0.916	0.959	0.909	0.894	0.939	0.883	0.874	0.810	0.966	0.920	0.957	0.992	1.039	0.947	0.950	0.912	1.119	0.973	0.842	0.866	0.936	0.930	0.923	1.106	0.892	0.991	0.886	0.924	0.919	0.875	0.807	0.877	0.919	0.934	0.904	0.944	0.921	0.938	0.923	0.921	0.923	0.845	0.842	0.796	0.883	0.929	0.891	0.832	0.782	0.834	0.856	0.851	0.859	0.849	0.792
51:00:52	22.5	0.723	0.810	0.875	0.890	0.876	0.767	0.762	0.860	0.832	0.864	0.908	0.696	0.840	0.929	0.948	0.934	0.046	0.984	0.971	0.918	0.920	0.882	0.869	0.824	1.090	0.933	0.994	0.988	0.994	0.986	0.964	0.588	0.956	0.892	0.969	0.852	0.831	0.985	0.994	0.972	0.940	0.920	0.963	0.906	0.897	0.939	0.882	0.884	0.814	0.970	0.919	0.952	0.993	1.038	0.949	0.953	0.912	1.100	0.969	0.864	0.867	0.941	0.934	0.922	1.129	0.894	0.996	0.888	0.924	0.926	0.880	0.811	0.871	0.916	0.939	0.895	0.944	0.921	0.940	0.923	0.919	0.912	0.847	0.844	0.792	0.884	0.931	0.882	0.825	0.775	0.837	0.857	0.853	0.862	0.842	0.791
52:00:52	22.4	0.763	0.802	0.876	0.886	0.865	0.768	0.733	0.870	0.830	0.866	0.900	0.713	0.845	0.926	0.955	0.934	0.047	0.972	0.978	0.921	0.919	0.881	0.863	0.825	1.053	0.934	1.000	0.989	0.999	0.989	0.966	0.622	0.961	0.890	0.970	0.862	0.819	0.986	1.001	0.968	0.945	0.925	0.964	0.909	0.897	0.940	0.879	0.879	0.826	0.972	0.917	0.950	0.995	1.041	0.954	0.951	0.913	1.099	0.971	0.870	0.864	0.942	0.936	0.922	1.122	0.895	0.995	0.890	0.926	0.926	0.876	0.810	0.858	0.919	0.940	0.897	0.948	0.922	0.937	0.926	0.918	0.913	0.848	0.848	0.794	0.886	0.936	0.876	0.827	0.762	0.830	0.859	0.858	0.868	0.848	0.791
53:00:54	22.3	0.895	0.799	0.866	0.874	0.864	0.779	0.743	0.862	0.836	0.860	0.857	0.745	0.840	0.926	0.941	0.937	0.046	0.974	0.975	0.919	0.914	0.867	0.859	0.814	1.043	0.937	1.013	0.987	0.999	0.994	0.958	0.657	0.970	0.899	0.970	0.832	0.810	0.982	0.995	0.966	0.945	0.930	0.967	0.914	0.907	0.941	0.877	0.874	0.823	0.970	0.923	0.944	0.999	1.049	0.950	0.952	0.911	1.073	0.975	0.846	0.881	0.924	0.933	0.928	1.124	0.895	1.040	0.895	0.928	0.935	0.870	0.807	0.863	0.917	0.929	0.892	0.952	0.923	0.945	0.930	0.920	0.912	0.842	0.845	0.787	0.881	0.918	0.867	0.818	0.765	0.844	0.862	0.858	0.858	0.832	0.787
54:00:55	22.5	0.876	0.803	0.878	0.865	0.854	0.780	0.750	0.893	0.850	0.868	0.871	0.717	0.844	0.924	0.947	0.935	0.046	0.980	0.980	0.919	0.914	0.868	0.859	0.826	1.099	0.937	1.008	0.985	0.996	0.994	0.956	0.674	0.963	0.896	0.969	0.855	0.799	0.980	0.996	0.964	0.947	0.929	0.964	0.912	0.905	0.938	0.881	0.886	0.812	0.971	0.916	0.939	0.995	1.040	0.953	0.952	0.921	1.093	0.976	0.863	0.867	0.928	0.936	0.930	1.100	0.896	1.004	0.883	0.930	0.936	0.868	0.803	0.861	0.914	0.933	0.898	0.955	0.919	0.943	0.931	0.920	0.909	0.843	0.846	0.776	0.880	0.919	0.853	0.825	0.766	0.840	0.865	0.854	0.856	0.839	0.785
55:00:54	22.6	0.913	0.787	0.887	0.861	0.864	0.790	0.747	0.882	0.856	0.849	0.868	0.722	0.837	0.924	0.942	0.934	0.046	0.971	0.980	0.913	0.912	0.860	0.855	0.800	1.055	0.931	1.008	0.985	0.993	0.993	0.948	0.694	0.961	0.900	0.967	0.846	0.795	0.972	0.991	0.965	0.949	0.931	0.965	0.908	0.903	0.934	0.880	0.901	0.812	0.969	0.913	0.941	0.997	1.041	0.953	0.951	0.916	1.091	0.972	0.853	0.875	0.928	0.936	0.928	1.077	0.894	1.026	0.883	0.931	0.928	0.871	0.803	0.864	0.908	0.924	0.897	0.957	0.919	0.942	0.929	0.919	0.900	0.841	0.842	0.773	0.877	0.906	0.850	0.820	0.770	0.840	0.867	0.854	0.858	0.836	0.781
56:00:56	22.7	0.906	0.779	0.890	0.835	0.849	0.777	0.741	0.866	0.888	0.867	0.862	0.719	0.837	0.921	0.942	0.936	0.046	0.964	0.975	0.912	0.904	0.853	0.838	0.820	1.060	0.930	1.007	0.984	0.994	0.992	0.954	0.712	0.955	0.897	0.960	0.848	0.792	0.964	0.986	0.961	0.941	0.927	0.957	0.908	0.902	0.933	0.877	0.895	0.803	0.971	0.897	0.941	0.996	1.022	0.958	0.949	0.913	1.080	0.966	0.870	0.853	0.915	0.939	0.928	1.025	0.887	0.999	0.896	0.926	0.926	0.870	0.795	0.866	0.903	0.934	0.894	0.949	0.912	0.935	0.924	0.915	0.896	0.840	0.847	0.774	0.874	0.890	0.833	0.824	0.774	0.833	0.864	0.854	0.864	0.834	0.773
57:00:56	22.6	0.903	0.779	0.881	0.822	0.846	0.792	0.742	0.896	0.893	0.846	0.854	0.735	0.826	0.919	0.930	0.934	0.046	0.970	0.974	0.911	0.902	0.848	0.832	0.823	1.031	0.926	1.001	0.985	0.998	0.994	0.943	0.729	0.961	0.902	0.961	0.830	0.791	0.955	0.987	0.959	0.946	0.933	0.961	0.910	0.905	0.934	0.876	0.904	0.797	0.970	0.893	0.943	0.994	1.027	0.959	0.947	0.912	1.065	0.973	0.858	0.837	0.912	0.937	0.931	1.042	0.890	0.995	0.895	0.928	0.921	0.864	0.792	0.863	0.897	0.924	0.885	0.950	0.915	0.927	0.920	0.913	0.890	0.841	0.842	0.770	0.868	0.881	0.829	0.827	0.771	0.831	0.865	0.857	0.847	0.831	0.773
58:00:58	22.7	0.898	0.775	0.884	0.809	0.852	0.797	0.759	0.891	0.893	0.825	0.823	0.715	0.816	0.922	0.922	0.931	0.046	0.963	0.978	0.906	0.901	0.842	0.821	0.805	1.014	0.924	1.003	0.981	0.994	0.993	0.932	0.736	0.954	0.904	0.958	0.825	0.805	0.955	0.985	0.954	0.954	0.934	0.962	0.910	0.908	0.933	0.877	0.894	0.798	0.963	0.900	0.943	0.999	1.024	0.959	0.947	0.909	1.064	0.970	0.846	0.824	0.905	0.937	0.929	1.057	0.881	1.000	0.883	0.925	0.921	0.871	0.791	0.856	0.893	0.923	0.881	0.949	0.910	0.931	0.917	0.909	0.888	0.845	0.838	0.761	0.863	0.875	0.820	0.828	0.771	0.828	0.865	0.856	0.854	0.839	0.770
59:00:59	22.6	0.867	0.802	0.874	0.800	0.824	0.804	0.799	0.880	0.870	0.818	0.828	0.700	0.794	0.920	0.930	0.930	0.046	0.947	0.974	0.896	0.894	0.835	0.816	0.832	1.026	0.926	1.006	0.981	0.998	0.996	0.925	0.749	0.954	0.901	0.945	0.829	0.814	0.951	0.979	0.951	0.943	0.925	0.958	0.905	0.904	0.931	0.869	0.864	0.809	0.965	0.886	0.937	0.992	1.021	0.962	0.941	0.911	1.076	0.963	0.863	0.809	0.900	0.937	0.928	0.995	0.877	0.973	0.882	0.921	0.919	0.872	0.815	0.851	0.887	0.924	0.878	0.943	0.909	0.924	0.914	0.908	0.885	0.846	0.848	0.753	0.869	0.864	0.841	0.822	0.773	0.835	0.868	0.857	0.846	0.837	0.774
60:00:59	22.5	0.872	0.797	0.852	0.802	0.825	0.817	0.799	0.902	0.841	0.819	0.804	0.696	0.790	0.921	0.924	0.928	0.046	0.962	0.977	0.888	0.896	0.836	0.810	0.826	1.014	0.924	0.998	0.980	0.994	0.993	0.919	0.756	0.948	0.904	0.938	0.840	0.825	0.939	0.979	0.942	0.941	0.923	0.952	0.903	0.903	0.933	0.875	0.885	0.809	0.964	0.877	0.937	0.986	1.012	0.963	0.942	0.907	1.070	0.961	0.856	0.794	0.903	0.938	0.929	0.988	0.873	0.962	0.887	0.916	0.906	0.877	0.805	0.849	0.877	0.922	0.878	0.934	0.908	0.920	0.907	0.903	0.872	0.842	0.834	0.746	0.860	0.857	0.842	0.819	0.778	0.829	0.869	0.853	0.838	0.847	0.766
61:01:01	22.5	0.860	0.798	0.849	0.805	0.840	0.809	0.799	0.879	0.831	0.817	0.789	0.676	0.789	0.920	0.913	0.923	0.046	0.963	0.977	0.885	0.894	0.834	0.810	0.823	1.002	0.923	0.998	0.983	0.992	0.990	0.926	0.758	0.945	0.901	0.942	0.834	0.823	0.942	0.979	0.942	0.946	0.926	0.954	0.907	0.906	0.931	0.876	0.884	0.812	0.959	0.877	0.941	0.991	1.025	0.962	0.943	0.910	1.077	0.958	0.853	0.790	0.897	0.937	0.926	1.000	0.871	0.959	0.875	0.916	0.914	0.874	0.808	0.849	0.876	0.911	0.873	0.926	0.908	0.919	0.911	0.901	0.877	0.848	0.836	0.738	0.856	0.857	0.847	0.814	0.774	0.827	0.870	0.856	0.842	0.835	0.769
62:01:02	22.4	0.920	0.780	0.833	0.794	0.831	0.789	0.774	0.900	0.869	0.832	0.731	0.695	0.783	0.919	0.917	0.920	0.046	0.973	0.980	0.881	0.893	0.835	0.812	0.806	0.971	0.921	1.000	0.976	0.991	0.988	0.942	0.759	0.948	0.901	0.935	0.812	0.825	0.925	0.968	0.934	0.945	0.927	0.947	0.904	0.905	0.936	0.870	0.850	0.803	0.957	0.880	0.932	0.990	1.013	0.961	0.941	0.910	1.083	0.953	0.824	0.789	0.883	0.932	0.926	1.025	0.874	0.958	0.874	0.912	0.908	0.876	0.777	0.846	0.869	0.911	0.875	0.924	0.905	0.916	0.908	0.900	0.867	0.846	0.829	0.743	0.850	0.857	0.843	0.815	0.768	0.824	0.874	0.856	0.834	0.819	0.767
63:01:03	22.3	0.952	0.736	0.833	0.797	0.819	0.741	0.769	0.889	0.827	0.817	0.759	0.700	0.788	0.918	0.907	0.917	0.046	0.978	0.981	0.878	0.893	0.834	0.815	0.804	0.988	0.921	0.997	0.976	0.992	0.984	0.948	0.762	0.948	0.901	0.936	0.796	0.822	0.923	0.964	0.930	0.946	0.932	0.949	0.903	0.903	0.930	0.866	0.822	0.805	0.954	0.884	0.932	0.993	1.008	0.957	0.938	0.909	1.071	0.948	0.806	0.783	0.881	0.932	0.927	1.022	0.867	0.973	0.873	0.910	0.903	0.879	0.782	0.840	0.875	0.910	0.871	0.914	0.906	0.924	0.902	0.900	0.865	0.840	0.831	0.733	0.838	0.856	0.841	0.813	0.766	0.815	0.874	0.864	0.843	0.810	0.767
64:01:04	22.3	0.935	0.737	0.823	0.804	0.807	0.732	0.769	0.881	0.824	0.804	0.758	0.690	0.785	0.920	0.905	0.916	0.046	0.963	0.980	0.877	0.891	0.835	0.815	0.809	0.965	0.923	0.996	0.971	0.991	0.982	0.928	0.762	0.945	0.901	0.932	0.789	0.797	0.916	0.963	0.926	0.945	0.929	0.948	0.900	0.903	0.930	0.867	0.813	0.800	0.951	0.882	0.932	0.991	1.006	0.958	0.938	0.906	1.083	0.949	0.807	0.804	0.876	0.929	0.923	1.020	0.862	0.968	0.887	0.908	0.902	0.881	0.779	0.832	0.868	0.905	0.867	0.911	0.903	0.921	0.897	0.895	0.855	0.842	0.830	0.726	0.833	0.859	0.848	0.809	0.753	0.815	0.877	0.877	0.846	0.809	0.766
65:01:03	22.5	0.948	0.731	0.815	0.803	0.805	0.690	0.752	0.880	0.749	0.788	0.746	0.690	0.784	0.920	0.905	0.919	0.046	0.989	0.984	0.877	0.884	0.841	0.817	0.805	0.954	0.917	0.992	0.973	0.987	0.977	0.924	0.755	0.946	0.900	0.932	0.781	0.802	0.918	0.962	0.927	0.946	0.933	0.950	0.898	0.903	0.928	0.860	0.797	0.800	0.949	0.879	0.930	0.994	1.002	0.958	0.939	0.909	1.066	0.948	0.801	0.803	0.888	0.928	0.923	1.019	0.871	0.987	0.891	0.908	0.904	0.875	0.771	0.831	0.868	0.897	0.869	0.917	0.905	0.929	0.898	0.891	0.854	0.842	0.827	0.720	0.834	0.861	0.844	0.806	0.746	0.816	0.872	0.874	0.836	0.813	0.760
66:01:05	22.6	0.915	0.732	0.816	0.811	0.804	0.699	0.757	0.881	0.735	0.771	0.739	0.679	0.760	0.914	0.898	0.912	0.046	0.949	0.978	0.874	0.882	0.838	0.810	0.814	0.943	0.920	0.981	0.963	0.989	0.972	0.923	0.756	0.941	0.905	0.933	0.772	0.788	0.908	0.952	0.922	0.942	0.929	0.951	0.892	0.898	0.923	0.866	0.791	0.797	0.950	0.879	0.932	0.985	0.999	0.951	0.939	0.907	1.085	0.949	0.797	0.818	0.876	0.925	0.924	1.005	0.860	0.977	0.889	0.904	0.902	0.878	0.765	0.818	0.856	0.897	0.869	0.927	0.903	0.923	0.898	0.890	0.842	0.833	0.823	0.712	0.830	0.854	0.833	0.802	0.736	0.819	0.866	0.871	0.833	0.817	0.759
67:01:05	22.7	0.945	0.721	0.816	0.808	0.810	0.686	0.744	0.893	0.718	0.782	0.751	0.676	0.754	0.916	0.902	0.916	0.046	0.957	0.977	0.879	0.883	0.842	0.818	0.824	0.936	0.922	0.980	0.968	0.986	0.976	0.937	0.757	0.948	0.899	0.933	0.770	0.791	0.907	0.957	0.920	0.937	0.925	0.947	0.896	0.902	0.922	0.865	0.794	0.796	0.947	0.879	0.920	0.983	0.993	0.956	0.935	0.909	1.078	0.946	0.796	0.840	0.869	0.926	0.921	0.998	0.867	0.954	0.887	0.908	0.897	0.877	0.764	0.806	0.857	0.890	0.869	0.911	0.905	0.913	0.895	0.886	0.847	0.840	0.816	0.710	0.825	0.843	0.831	0.800	0.731	0.815	0.857	0.868	0.832	0.811	0.760
68:01:06	22.8	0.921	0.711	0.817	0.805	0.816	0.693	0.724	0.895	0.684	0.765	0.743	0.685	0.752	0.915	0.903	0.913	0.046	0.947	0.972	0.883	0.886	0.845	0.821	0.826	0.959	0.929	0.975	0.961	0.985	0.975	0.937	0.753	0.943	0.910	0.926	0.780	0.778	0.897	0.948	0.914	0.934	0.922	0.946	0.892	0.897	0.916	0.868	0.782	0.786	0.946	0.882	0.921	0.977	0.992	0.950	0.935	0.903	1.092	0.943	0.795	0.839	0.869	0.924	0.921	0.988	0.868	0.947	0.887	0.903	0.893	0.883	0.752	0.793	0.847	0.892	0.870	0.915	0.905	0.931	0.890	0.885	0.837	0.829	0.813	0.702	0.821	0.841	0.824	0.798	0.727	0.840	0.853	0.860	0.832	0.811	0.755
69:01:08	22.8	0.907	0.711	0.801	0.800	0.813	0.683	0.698	0.874	0.690	0.763	0.762	0.689	0.769	0.920	0.899	0.916	0.046	0.939	0.975	0.880	0.886	0.850	0.835	0.821	0.969	0.927	0.970	0.958	0.982	0.974	0.946	0.744	0.941	0.910	0.918	0.776	0.775	0.900	0.940	0.911	0.935	0.923	0.949	0.887	0.889	0.912	0.868	0.770	0.784	0.946	0.886	0.917	0.976	0.996	0.948	0.934	0.903	1.088	0.939	0.785	0.845	0.866	0.922	0.920	0.973	0.867	0.966	0.886	0.903	0.891	0.888	0.745	0.790	0.847	0.891	0.869	0.916	0.906	0.931	0.892	0.883	0.836	0.828	0.808	0.693	0.817	0.841	0.823	0.799	0.726	0.831	0.840	0.852	0.828	0.802	0.746
70:01:09	22.6	0.868	0.683	0.788	0.790	0.783	0.711	0.665	0.827	0.721	0.797	0.789	0.723	0.761	0.921	0.896	0.904	0.046	0.928	0.974	0.888	0.887	0.851	0.859	0.812	0.933	0.927	0.964	0.959	0.986	0.966	0.940	0.738	0.932	0.909	0.914	0.776	0.773	0.884	0.935	0.906	0.930	0.922	0.945	0.886	0.887	0.919	0.873	0.777	0.782	0.942	0.889	0.917	0.982	0.997	0.953	0.927	0.906	1.095	0.938	0.784	0.832	0.864	0.921	0.921	0.969	0.855	0.955	0.886	0.901	0.890	0.880	0.749	0.786	0.842	0.888	0.867	0.906	0.910	0.941	0.884	0.879	0.834	0.826	0.804	0.687	0.820	0.843	0.821	0.793	0.720	0.813	0.827	0.844	0.824	0.804	0.744
71:01:09	22.5	0.860	0.679	0.773	0.804	0.785	0.697	0.659	0.823	0.708	0.782	0.782	0.710	0.766	0.924	0.896	0.901	0.046	0.928	0.973	0.890	0.881	0.847	0.840	0.822	0.996	0.931	0.959	0.959	0.980	0.969	0.943	0.741	0.929	0.911	0.914	0.770	0.763	0.877	0.928	0.900	0.928	0.911	0.940	0.881	0.883	0.913	0.878	0.771	0.779	0.937	0.891	0.919	0.977	1.012	0.949	0.924	0.904	1.097	0.930	0.781	0.834	0.857	0.919	0.919	0.969	0.844	0.946	0.883	0.894	0.888	0.883	0.751	0.773	0.836	0.886	0.867	0.902	0.911	0.955	0.885	0.877	0.831	0.829	0.803	0.682	0.813	0.828	0.816	0.795	0.721	0.811	0.836	0.844	0.824	0.797	0.738
72:01:11	22.3	0.863	0.682	0.766	0.799	0.750	0.694	0.674	0.792	0.719	0.774	0.775	0.693	0.766	0.925	0.894	0.908	0.046	0.919	0.970	0.890	0.880	0.846	0.841	0.824	0.911	0.926	0.950	0.955	0.982	0.970	0.946	0.732	0.924	0.919	0.909	0.765	0.772	0.879	0.922	0.896	0.923	0.909	0.935	0.877	0.879	0.910	0.880	0.773	0.777	0.935	0.891	0.917	0.970	1.024	0.946	0.923	0.903	1.089	0.926	0.784	0.830	0.859	0.920	0.917	0.962	0.850	0.942	0.877	0.893	0.885	0.882	0.749	0.768	0.838	0.885	0.866	0.899	0.913	0.954	0.884	0.874	0.832	0.828	0.800	0.676	0.811	0.823	0.815	0.788	0.721	0.799	0.832	0.841	0.819	0.788	0.735

