Time	T° 600	A1	A2	A3	A4	A5	A6	A7	A8	A9	A10	A11	A12	B1	B2	B3	B4	B5	B6	B7	B8	B9	B10	B11	B12	C1	C2	C3	C4	C5	C6	C7	C8	C9	C10	C11	C12	D1	D2	D3	D4	D5	D6	D7	D8	D9	D10	D11	D12	E1	E2	E3	E4	E5	E6	E7	E8	E9	E10	E11	E12	F1	F2	F3	F4	F5	F6	F7	F8	F9	F10	F11	F12	G1	G2	G3	G4	G5	G6	G7	G8	G9	G10	G11	G12	H1	H2	H3	H4	H5	H6	H7	H8	H9	H10	H11	H12
0:00:06	22.9	0.045	0.047	0.049	0.051	0.048	0.049	0.046	0.045	0.047	0.048	0.049	0.049	0.047	0.047	0.047	0.050	0.047	0.046	0.046	0.048	0.047	0.050	0.049	0.050	0.046	0.046	0.046	0.045	0.045	0.049	0.047	0.046	0.047	0.047	0.048	0.048	0.051	0.046	0.046	0.046	0.046	0.051	0.048	0.046	0.049	0.047	0.049	0.047	0.045	0.049	0.053	0.301	0.049	0.045	0.047	0.044	0.046	0.046	0.046	0.048	0.045	0.049	0.048	0.048	0.048	0.047	0.046	0.050	0.048	0.046	0.046	0.046	0.051	0.048	0.051	0.050	0.050	0.046	0.048	0.046	0.049	0.047	0.049	0.046	0.045	0.051	0.045	0.049	0.046	0.046	0.050	0.049	0.049	0.050	0.047	0.047
1:00:05	22.8	0.046	0.046	0.049	0.051	0.048	0.049	0.047	0.046	0.047	0.048	0.049	0.049	0.047	0.046	0.046	0.050	0.047	0.046	0.046	0.048	0.047	0.050	0.050	0.050	0.046	0.047	0.046	0.045	0.046	0.051	0.047	0.047	0.047	0.047	0.048	0.050	0.052	0.046	0.047	0.047	0.046	0.051	0.048	0.046	0.049	0.046	0.050	0.047	0.045	0.049	0.053	0.301	0.049	0.046	0.047	0.045	0.046	0.046	0.047	0.048	0.046	0.049	0.049	0.048	0.048	0.047	0.047	0.051	0.048	0.046	0.047	0.047	0.051	0.048	0.051	0.051	0.050	0.047	0.048	0.047	0.050	0.047	0.049	0.046	0.046	0.051	0.046	0.049	0.047	0.047	0.049	0.049	0.049	0.050	0.047	0.047
2:00:07	22.7	0.046	0.047	0.049	0.051	0.048	0.049	0.047	0.046	0.047	0.048	0.050	0.049	0.048	0.047	0.047	0.050	0.047	0.046	0.047	0.048	0.047	0.051	0.050	0.050	0.047	0.047	0.047	0.046	0.046	0.052	0.047	0.047	0.047	0.048	0.049	0.047	0.052	0.047	0.047	0.047	0.046	0.051	0.048	0.046	0.049	0.047	0.051	0.047	0.046	0.050	0.053	0.295	0.049	0.046	0.047	0.045	0.047	0.047	0.047	0.048	0.046	0.050	0.049	0.048	0.048	0.048	0.047	0.051	0.048	0.046	0.047	0.047	0.051	0.048	0.052	0.051	0.050	0.047	0.048	0.048	0.050	0.047	0.050	0.046	0.046	0.051	0.046	0.048	0.047	0.047	0.050	0.049	0.049	0.050	0.047	0.047
3:00:08	22.5	0.046	0.047	0.049	0.051	0.048	0.049	0.047	0.046	0.047	0.048	0.050	0.049	0.048	0.047	0.047	0.050	0.047	0.046	0.047	0.048	0.047	0.051	0.050	0.050	0.046	0.047	0.047	0.046	0.046	0.051	0.047	0.047	0.047	0.048	0.049	0.047	0.051	0.047	0.047	0.047	0.046	0.050	0.048	0.046	0.049	0.047	0.050	0.047	0.046	0.049	0.053	0.292	0.049	0.046	0.047	0.045	0.046	0.047	0.047	0.048	0.046	0.050	0.049	0.048	0.048	0.047	0.047	0.050	0.048	0.047	0.047	0.047	0.051	0.048	0.051	0.051	0.050	0.047	0.048	0.048	0.050	0.047	0.050	0.046	0.046	0.051	0.046	0.048	0.047	0.046	0.050	0.049	0.049	0.050	0.047	0.047
4:00:09	22.4	0.046	0.047	0.049	0.051	0.049	0.050	0.047	0.046	0.047	0.048	0.050	0.049	0.048	0.047	0.047	0.050	0.048	0.047	0.047	0.048	0.048	0.052	0.051	0.050	0.047	0.047	0.047	0.046	0.047	0.052	0.047	0.047	0.047	0.048	0.049	0.048	0.052	0.047	0.047	0.047	0.047	0.051	0.048	0.046	0.050	0.047	0.050	0.048	0.047	0.049	0.054	0.290	0.049	0.047	0.047	0.045	0.047	0.047	0.047	0.049	0.046	0.050	0.049	0.048	0.048	0.048	0.047	0.051	0.049	0.047	0.048	0.047	0.051	0.049	0.052	0.051	0.050	0.047	0.048	0.049	0.050	0.047	0.050	0.046	0.047	0.051	0.047	0.047	0.047	0.047	0.050	0.050	0.050	0.050	0.047	0.048
5:00:09	22.4	0.047	0.048	0.050	0.052	0.050	0.051	0.048	0.047	0.047	0.049	0.051	0.050	0.049	0.048	0.048	0.051	0.048	0.048	0.048	0.048	0.048	0.054	0.051	0.051	0.048	0.048	0.048	0.047	0.047	0.052	0.048	0.048	0.047	0.049	0.050	0.049	0.053	0.048	0.047	0.048	0.047	0.051	0.049	0.047	0.050	0.047	0.052	0.048	0.047	0.050	0.054	0.291	0.050	0.047	0.048	0.046	0.047	0.048	0.047	0.049	0.047	0.050	0.050	0.049	0.049	0.048	0.048	0.051	0.050	0.047	0.049	0.048	0.052	0.049	0.052	0.052	0.051	0.048	0.049	0.049	0.051	0.048	0.050	0.047	0.047	0.052	0.047	0.046	0.048	0.048	0.050	0.050	0.050	0.051	0.048	0.049
6:00:11	22.4	0.049	0.051	0.053	0.054	0.051	0.053	0.051	0.049	0.048	0.052	0.053	0.051	0.051	0.050	0.050	0.053	0.050	0.049	0.050	0.050	0.050	0.056	0.053	0.053	0.050	0.050	0.049	0.049	0.049	0.054	0.050	0.049	0.047	0.050	0.052	0.051	0.054	0.050	0.049	0.049	0.049	0.053	0.051	0.049	0.052	0.049	0.052	0.050	0.049	0.052	0.056	0.291	0.052	0.049	0.050	0.048	0.049	0.049	0.050	0.051	0.049	0.052	0.052	0.051	0.051	0.050	0.049	0.052	0.051	0.049	0.051	0.050	0.053	0.051	0.054	0.054	0.053	0.050	0.051	0.049	0.053	0.050	0.052	0.048	0.049	0.054	0.049	0.046	0.049	0.049	0.052	0.051	0.052	0.053	0.050	0.050
7:00:12	22.4	0.053	0.058	0.059	0.060	0.057	0.059	0.057	0.054	0.050	0.059	0.060	0.055	0.057	0.057	0.055	0.058	0.055	0.054	0.055	0.052	0.056	0.062	0.056	0.058	0.056	0.056	0.055	0.053	0.052	0.057	0.055	0.054	0.048	0.056	0.057	0.057	0.057	0.054	0.053	0.053	0.055	0.057	0.056	0.052	0.057	0.053	0.056	0.055	0.055	0.057	0.061	0.294	0.057	0.054	0.054	0.052	0.053	0.054	0.054	0.056	0.054	0.056	0.057	0.055	0.056	0.055	0.053	0.055	0.057	0.052	0.055	0.054	0.059	0.057	0.059	0.058	0.058	0.054	0.055	0.049	0.057	0.054	0.056	0.051	0.053	0.059	0.053	0.046	0.053	0.054	0.056	0.055	0.056	0.056	0.054	0.054
8:00:13	22.3	0.063	0.074	0.077	0.076	0.072	0.076	0.075	0.069	0.054	0.075	0.077	0.063	0.071	0.074	0.069	0.074	0.068	0.067	0.070	0.058	0.070	0.077	0.065	0.071	0.070	0.070	0.069	0.066	0.063	0.068	0.069	0.066	0.051	0.071	0.072	0.070	0.072	0.069	0.065	0.064	0.069	0.068	0.071	0.060	0.071	0.065	0.067	0.067	0.069	0.069	0.074	0.305	0.070	0.067	0.065	0.063	0.063	0.064	0.064	0.068	0.067	0.067	0.070	0.068	0.068	0.066	0.062	0.063	0.070	0.060	0.064	0.063	0.070	0.070	0.071	0.070	0.070	0.066	0.066	0.049	0.068	0.066	0.066	0.059	0.063	0.071	0.066	0.046	0.061	0.064	0.064	0.063	0.066	0.067	0.064	0.063
9:00:14	22.3	0.078	0.099	0.105	0.101	0.102	0.107	0.103	0.092	0.060	0.105	0.104	0.078	0.094	0.102	0.096	0.103	0.092	0.096	0.101	0.070	0.106	0.104	0.085	0.093	0.093	0.097	0.096	0.095	0.087	0.092	0.095	0.092	0.057	0.102	0.099	0.093	0.096	0.096	0.087	0.088	0.103	0.094	0.099	0.074	0.094	0.088	0.084	0.088	0.092	0.089	0.099	0.325	0.100	0.092	0.086	0.084	0.080	0.084	0.082	0.089	0.089	0.087	0.095	0.091	0.093	0.087	0.080	0.078	0.093	0.077	0.082	0.080	0.089	0.093	0.093	0.090	0.093	0.089	0.085	0.049	0.087	0.084	0.083	0.074	0.079	0.092	0.089	0.045	0.077	0.082	0.080	0.079	0.084	0.085	0.081	0.077
10:00:15	22.4	0.109	0.141	0.150	0.143	0.149	0.154	0.149	0.130	0.070	0.149	0.138	0.108	0.133	0.145	0.136	0.150	0.135	0.142	0.151	0.096	0.156	0.148	0.126	0.126	0.136	0.137	0.138	0.139	0.128	0.131	0.138	0.137	0.071	0.149	0.142	0.127	0.138	0.139	0.126	0.130	0.152	0.141	0.142	0.104	0.130	0.128	0.119	0.120	0.134	0.122	0.139	0.355	0.147	0.134	0.123	0.117	0.108	0.116	0.110	0.124	0.127	0.122	0.134	0.132	0.135	0.122	0.110	0.109	0.129	0.109	0.118	0.106	0.121	0.128	0.129	0.123	0.128	0.125	0.119	0.049	0.116	0.112	0.114	0.099	0.107	0.126	0.124	0.046	0.106	0.112	0.106	0.104	0.114	0.113	0.108	0.101
11:00:16	22.3	0.145	0.175	0.202	0.179	0.197	0.194	0.187	0.159	0.088	0.184	0.182	0.143	0.178	0.183	0.158	0.191	0.167	0.188	0.201	0.140	0.188	0.176	0.178	0.166	0.182	0.171	0.174	0.182	0.182	0.171	0.176	0.180	0.099	0.192	0.186	0.169	0.179	0.179	0.166	0.179	0.213	0.197	0.193	0.153	0.172	0.173	0.169	0.161	0.184	0.144	0.185	0.385	0.200	0.172	0.161	0.157	0.138	0.154	0.148	0.169	0.178	0.154	0.173	0.182	0.187	0.163	0.150	0.149	0.152	0.153	0.167	0.144	0.158	0.160	0.175	0.164	0.166	0.158	0.158	0.049	0.146	0.150	0.153	0.141	0.141	0.167	0.176	0.046	0.148	0.155	0.145	0.140	0.146	0.146	0.142	0.139
12:00:16	22.4	0.220	0.213	0.248	0.238	0.241	0.256	0.250	0.233	0.114	0.243	0.242	0.210	0.204	0.225	0.194	0.239	0.227	0.226	0.239	0.192	0.243	0.249	0.231	0.228	0.230	0.212	0.211	0.214	0.228	0.213	0.250	0.227	0.134	0.242	0.232	0.219	0.216	0.217	0.204	0.215	0.249	0.235	0.237	0.205	0.232	0.242	0.223	0.202	0.216	0.183	0.215	0.431	0.236	0.224	0.220	0.204	0.194	0.213	0.208	0.222	0.236	0.194	0.212	0.236	0.232	0.204	0.192	0.195	0.213	0.200	0.221	0.195	0.213	0.209	0.216	0.197	0.224	0.212	0.215	0.049	0.210	0.216	0.203	0.183	0.192	0.207	0.219	0.046	0.186	0.215	0.198	0.191	0.202	0.208	0.198	0.195
13:00:18	22.4	0.239	0.259	0.266	0.278	0.280	0.282	0.280	0.257	0.158	0.269	0.278	0.247	0.239	0.263	0.228	0.260	0.259	0.252	0.259	0.235	0.273	0.269	0.255	0.268	0.241	0.256	0.238	0.240	0.239	0.254	0.259	0.245	0.175	0.275	0.264	0.264	0.244	0.262	0.230	0.257	0.243	0.259	0.255	0.269	0.268	0.267	0.244	0.257	0.248	0.225	0.254	0.468	0.251	0.253	0.246	0.236	0.238	0.268	0.262	0.273	0.251	0.245	0.252	0.247	0.247	0.266	0.241	0.236	0.247	0.240	0.250	0.257	0.238	0.252	0.244	0.243	0.247	0.239	0.236	0.049	0.254	0.264	0.245	0.261	0.247	0.249	0.261	0.045	0.236	0.259	0.245	0.246	0.253	0.272	0.247	0.255
14:00:19	22.4	0.284	0.297	0.286	0.317	0.311	0.308	0.303	0.301	0.213	0.321	0.302	0.284	0.265	0.276	0.265	0.272	0.288	0.256	0.265	0.270	0.299	0.317	0.290	0.299	0.264	0.271	0.249	0.258	0.252	0.275	0.272	0.265	0.193	0.293	0.292	0.294	0.271	0.274	0.255	0.263	0.273	0.279	0.266	0.294	0.298	0.287	0.276	0.288	0.276	0.255	0.285	0.511	0.280	0.272	0.269	0.270	0.273	0.304	0.294	0.309	0.282	0.262	0.264	0.271	0.274	0.282	0.275	0.279	0.277	0.273	0.281	0.293	0.272	0.268	0.273	0.271	0.275	0.278	0.267	0.049	0.284	0.300	0.278	0.299	0.279	0.281	0.282	0.045	0.269	0.293	0.283	0.289	0.308	0.307	0.283	0.302
15:00:20	22.4	0.325	0.382	0.409	0.365	0.381	0.377	0.371	0.357	0.237	0.375	0.348	0.323	0.338	0.332	0.322	0.305	0.326	0.326	0.326	0.311	0.352	0.374	0.338	0.334	0.318	0.306	0.304	0.287	0.275	0.310	0.310	0.302	0.204	0.345	0.341	0.338	0.316	0.308	0.283	0.297	0.297	0.321	0.311	0.335	0.355	0.331	0.333	0.335	0.313	0.312	0.306	0.585	0.308	0.303	0.302	0.318	0.336	0.351	0.351	0.360	0.315	0.305	0.314	0.303	0.299	0.318	0.324	0.332	0.329	0.318	0.331	0.340	0.316	0.322	0.310	0.312	0.315	0.317	0.305	0.049	0.333	0.365	0.327	0.331	0.318	0.326	0.317	0.045	0.310	0.346	0.323	0.335	0.341	0.344	0.326	0.332
16:00:20	22.5	0.393	0.468	0.493	0.429	0.472	0.469	0.444	0.438	0.265	0.460	0.431	0.412	0.441	0.457	0.401	0.419	0.413	0.420	0.427	0.370	0.421	0.436	0.404	0.416	0.429	0.420	0.390	0.359	0.328	0.398	0.411	0.389	0.240	0.426	0.423	0.423	0.402	0.399	0.364	0.376	0.360	0.398	0.393	0.397	0.427	0.406	0.398	0.406	0.391	0.381	0.365	0.665	0.391	0.381	0.372	0.419	0.423	0.442	0.432	0.455	0.395	0.387	0.385	0.378	0.378	0.379	0.397	0.422	0.411	0.401	0.408	0.423	0.416	0.407	0.395	0.388	0.401	0.401	0.387	0.048	0.432	0.448	0.404	0.407	0.389	0.408	0.398	0.045	0.388	0.431	0.417	0.428	0.447	0.444	0.413	0.416
17:00:21	22.7	0.474	0.511	0.531	0.495	0.527	0.524	0.502	0.528	0.311	0.564	0.514	0.473	0.539	0.526	0.484	0.514	0.540	0.504	0.481	0.431	0.503	0.547	0.482	0.493	0.528	0.526	0.486	0.442	0.440	0.493	0.492	0.474	0.290	0.530	0.525	0.517	0.493	0.507	0.457	0.453	0.461	0.483	0.474	0.461	0.525	0.496	0.475	0.491	0.476	0.484	0.446	0.333	0.490	0.461	0.471	0.511	0.514	0.524	0.510	0.545	0.486	0.475	0.475	0.471	0.476	0.445	0.480	0.501	0.509	0.485	0.496	0.505	0.505	0.503	0.483	0.476	0.503	0.507	0.479	0.048	0.514	0.534	0.486	0.499	0.446	0.478	0.478	0.045	0.478	0.515	0.518	0.507	0.541	0.511	0.496	0.489
18:00:23	22.9	0.542	0.606	0.615	0.551	0.598	0.579	0.561	0.600	0.384	0.637	0.596	0.530	0.618	0.577	0.553	0.563	0.619	0.570	0.564	0.487	0.606	0.630	0.578	0.577	0.587	0.577	0.556	0.545	0.550	0.607	0.571	0.579	0.381	0.623	0.633	0.600	0.579	0.575	0.539	0.522	0.566	0.556	0.544	0.522	0.648	0.571	0.566	0.582	0.571	0.606	0.552	0.322	0.581	0.554	0.562	0.614	0.600	0.612	0.599	0.628	0.586	0.572	0.579	0.587	0.577	0.498	0.569	0.601	0.599	0.573	0.588	0.592	0.590	0.578	0.584	0.556	0.603	0.606	0.564	0.048	0.596	0.607	0.565	0.575	0.503	0.546	0.542	0.045	0.565	0.592	0.593	0.573	0.630	0.576	0.566	0.544
19:00:24	22.9	0.585	0.653	0.665	0.613	0.680	0.666	0.654	0.656	0.464	0.684	0.657	0.567	0.657	0.629	0.588	0.638	0.673	0.636	0.628	0.538	0.672	0.712	0.644	0.625	0.633	0.640	0.601	0.646	0.636	0.648	0.658	0.667	0.498	0.703	0.721	0.664	0.690	0.639	0.606	0.601	0.651	0.624	0.608	0.575	0.735	0.646	0.641	0.664	0.656	0.649	0.646	0.320	0.660	0.660	0.675	0.652	0.660	0.666	0.664	0.674	0.633	0.642	0.639	0.674	0.673	0.550	0.670	0.658	0.655	0.647	0.667	0.645	0.643	0.654	0.644	0.615	0.682	0.662	0.637	0.048	0.641	0.641	0.619	0.625	0.533	0.595	0.600	0.045	0.639	0.660	0.654	0.610	0.680	0.603	0.615	0.583
20:00:24	22.9	0.620	0.662	0.667	0.651	0.718	0.691	0.686	0.677	0.533	0.727	0.686	0.599	0.689	0.691	0.607	0.662	0.677	0.636	0.653	0.576	0.712	0.734	0.690	0.648	0.672	0.680	0.677	0.647	0.688	0.633	0.699	0.706	0.587	0.750	0.740	0.707	0.719	0.693	0.677	0.660	0.699	0.691	0.670	0.614	0.750	0.704	0.704	0.715	0.697	0.650	0.725	0.319	0.752	0.686	0.711	0.665	0.683	0.699	0.689	0.702	0.682	0.671	0.655	0.705	0.725	0.582	0.682	0.707	0.681	0.683	0.698	0.658	0.679	0.669	0.670	0.639	0.725	0.708	0.659	0.048	0.674	0.651	0.654	0.666	0.559	0.624	0.644	0.045	0.672	0.682	0.683	0.626	0.714	0.619	0.636	0.609
21:00:25	23.0	0.649	0.681	0.663	0.663	0.718	0.703	0.702	0.693	0.556	0.729	0.685	0.608	0.702	0.700	0.645	0.673	0.663	0.646	0.678	0.606	0.728	0.744	0.718	0.659	0.688	0.695	0.700	0.670	0.720	0.637	0.699	0.715	0.638	0.759	0.761	0.704	0.724	0.702	0.701	0.677	0.732	0.726	0.698	0.645	0.760	0.726	0.725	0.734	0.724	0.669	0.742	0.319	0.747	0.726	0.709	0.676	0.705	0.721	0.705	0.725	0.740	0.708	0.671	0.716	0.740	0.611	0.689	0.707	0.695	0.701	0.708	0.664	0.707	0.686	0.690	0.660	0.730	0.717	0.667	0.048	0.693	0.673	0.674	0.691	0.581	0.657	0.673	0.045	0.683	0.690	0.696	0.641	0.745	0.638	0.651	0.626
22:00:26	23.1	0.678	0.680	0.681	0.675	0.724	0.711	0.706	0.713	0.590	0.744	0.679	0.610	0.703	0.709	0.677	0.681	0.651	0.663	0.691	0.635	0.723	0.730	0.702	0.679	0.699	0.695	0.712	0.698	0.757	0.657	0.697	0.716	0.689	0.759	0.755	0.705	0.756	0.717	0.708	0.686	0.740	0.740	0.708	0.672	0.760	0.754	0.721	0.723	0.743	0.688	0.746	0.319	0.753	0.745	0.705	0.683	0.727	0.736	0.712	0.734	0.781	0.737	0.687	0.738	0.745	0.641	0.700	0.713	0.714	0.708	0.707	0.677	0.711	0.701	0.704	0.682	0.749	0.723	0.680	0.048	0.705	0.687	0.691	0.721	0.591	0.675	0.695	0.045	0.699	0.689	0.718	0.656	0.776	0.654	0.663	0.633
23:00:27	23.2	0.705	0.688	0.689	0.701	0.733	0.718	0.717	0.727	0.619	0.739	0.673	0.617	0.717	0.713	0.706	0.691	0.660	0.688	0.695	0.655	0.734	0.738	0.719	0.698	0.699	0.704	0.726	0.716	0.805	0.674	0.704	0.718	0.722	0.757	0.754	0.697	0.771	0.732	0.719	0.705	0.754	0.762	0.715	0.697	0.759	0.743	0.720	0.718	0.776	0.711	0.751	0.318	0.763	0.768	0.719	0.689	0.747	0.754	0.720	0.750	0.800	0.756	0.704	0.764	0.751	0.671	0.715	0.716	0.725	0.712	0.713	0.682	0.727	0.711	0.732	0.702	0.755	0.737	0.690	0.047	0.720	0.706	0.699	0.741	0.601	0.690	0.713	0.045	0.711	0.701	0.731	0.675	0.790	0.669	0.676	0.643
24:00:28	23.0	0.724	0.700	0.701	0.718	0.756	0.729	0.724	0.744	0.651	0.749	0.688	0.629	0.738	0.727	0.741	0.716	0.698	0.706	0.720	0.685	0.744	0.740	0.731	0.698	0.723	0.721	0.745	0.735	0.859	0.697	0.725	0.736	0.741	0.784	0.760	0.698	0.783	0.752	0.738	0.725	0.775	0.781	0.726	0.723	0.763	0.739	0.719	0.717	0.818	0.744	0.758	0.319	0.781	0.799	0.731	0.704	0.774	0.786	0.738	0.767	0.824	0.773	0.728	0.784	0.763	0.698	0.731	0.710	0.745	0.726	0.717	0.697	0.735	0.730	0.756	0.725	0.760	0.755	0.699	0.047	0.731	0.722	0.713	0.758	0.618	0.709	0.733	0.045	0.728	0.712	0.747	0.690	0.793	0.687	0.690	0.657
25:00:30	22.9	0.721	0.714	0.712	0.735	0.766	0.747	0.739	0.764	0.679	0.767	0.709	0.663	0.756	0.742	0.765	0.743	0.729	0.725	0.734	0.705	0.770	0.744	0.731	0.700	0.750	0.743	0.762	0.753	0.885	0.719	0.732	0.745	0.769	0.796	0.757	0.706	0.791	0.760	0.755	0.745	0.776	0.798	0.739	0.743	0.770	0.753	0.752	0.717	0.792	0.767	0.773	0.318	0.800	0.813	0.742	0.720	0.800	0.805	0.763	0.771	0.822	0.797	0.749	0.806	0.776	0.721	0.751	0.720	0.768	0.734	0.733	0.719	0.747	0.745	0.822	0.748	0.775	0.773	0.717	0.047	0.746	0.736	0.721	0.774	0.636	0.716	0.759	0.045	0.741	0.724	0.754	0.698	0.838	0.700	0.705	0.667
26:00:29	22.7	0.716	0.725	0.724	0.751	0.780	0.760	0.738	0.772	0.709	0.762	0.721	0.682	0.787	0.761	0.802	0.777	0.740	0.740	0.754	0.715	0.775	0.747	0.745	0.706	0.776	0.774	0.777	0.774	0.915	0.735	0.756	0.760	0.795	0.799	0.766	0.709	0.804	0.782	0.772	0.762	0.797	0.815	0.757	0.766	0.781	0.753	0.766	0.745	0.849	0.802	0.801	0.317	0.820	0.834	0.756	0.732	0.826	0.831	0.784	0.785	0.855	0.819	0.768	0.822	0.798	0.744	0.765	0.742	0.780	0.746	0.746	0.730	0.762	0.773	0.855	0.777	0.796	0.795	0.737	0.047	0.759	0.748	0.736	0.782	0.667	0.730	0.784	0.045	0.753	0.742	0.764	0.716	0.855	0.712	0.721	0.674
27:00:30	22.6	0.706	0.745	0.730	0.762	0.791	0.769	0.740	0.797	0.730	0.759	0.733	0.704	0.811	0.782	0.817	0.804	0.758	0.765	0.776	0.744	0.783	0.764	0.770	0.711	0.799	0.797	0.795	0.804	0.937	0.756	0.776	0.777	0.818	0.810	0.777	0.721	0.817	0.795	0.788	0.773	0.815	0.833	0.772	0.780	0.788	0.762	0.777	0.773	0.891	0.818	0.831	0.317	0.841	0.862	0.772	0.744	0.843	0.844	0.796	0.796	0.870	0.832	0.797	0.837	0.815	0.770	0.780	0.759	0.793	0.756	0.754	0.748	0.773	0.791	0.890	0.795	0.814	0.810	0.753	0.047	0.774	0.758	0.748	0.790	0.693	0.746	0.800	0.045	0.762	0.751	0.772	0.728	0.866	0.717	0.733	0.683
28:00:31	22.7	0.702	0.751	0.739	0.770	0.801	0.776	0.740	0.803	0.752	0.758	0.736	0.716	0.826	0.806	0.819	0.824	0.780	0.781	0.785	0.755	0.793	0.777	0.782	0.713	0.819	0.820	0.815	0.817	0.965	0.775	0.791	0.788	0.832	0.811	0.800	0.734	0.828	0.824	0.808	0.788	0.830	0.844	0.783	0.787	0.805	0.774	0.795	0.794	0.923	0.834	0.854	0.316	0.852	0.885	0.788	0.752	0.859	0.859	0.808	0.808	0.904	0.849	0.811	0.858	0.828	0.791	0.793	0.767	0.811	0.765	0.767	0.753	0.792	0.812	0.915	0.818	0.829	0.821	0.766	0.046	0.788	0.768	0.756	0.798	0.712	0.760	0.821	0.045	0.773	0.755	0.790	0.746	0.879	0.724	0.741	0.690
29:00:33	22.7	0.702	0.755	0.748	0.783	0.806	0.785	0.751	0.822	0.756	0.756	0.752	0.729	0.825	0.825	0.828	0.833	0.802	0.800	0.806	0.769	0.819	0.792	0.791	0.723	0.838	0.841	0.825	0.832	0.986	0.797	0.808	0.802	0.848	0.823	0.808	0.749	0.840	0.848	0.825	0.806	0.832	0.866	0.801	0.811	0.830	0.778	0.816	0.809	0.901	0.847	0.870	0.316	0.865	0.899	0.801	0.766	0.876	0.862	0.808	0.822	0.889	0.862	0.836	0.879	0.846	0.808	0.807	0.783	0.826	0.770	0.773	0.764	0.801	0.830	0.949	0.865	0.848	0.845	0.776	0.046	0.803	0.782	0.765	0.808	0.741	0.777	0.849	0.045	0.787	0.768	0.802	0.758	0.914	0.744	0.753	0.705
30:00:33	22.7	0.712	0.755	0.768	0.798	0.813	0.792	0.768	0.823	0.771	0.761	0.753	0.733	0.823	0.849	0.841	0.850	0.833	0.813	0.816	0.777	0.828	0.805	0.808	0.734	0.872	0.863	0.845	0.851	1.002	0.820	0.825	0.822	0.867	0.828	0.818	0.752	0.871	0.872	0.846	0.820	0.860	0.883	0.807	0.823	0.838	0.780	0.827	0.820	0.901	0.857	0.888	0.316	0.886	0.921	0.812	0.776	0.899	0.868	0.811	0.836	0.900	0.876	0.858	0.887	0.863	0.815	0.823	0.798	0.836	0.783	0.780	0.770	0.822	0.846	0.974	0.892	0.863	0.852	0.786	0.046	0.815	0.790	0.774	0.813	0.747	0.789	0.861	0.045	0.799	0.781	0.820	0.765	0.903	0.745	0.760	0.713
31:00:34	22.7	0.726	0.771	0.775	0.815	0.817	0.793	0.781	0.843	0.774	0.765	0.747	0.735	0.828	0.863	0.863	0.867	0.855	0.832	0.831	0.782	0.836	0.808	0.818	0.745	0.885	0.870	0.854	0.867	1.028	0.839	0.835	0.833	0.884	0.831	0.829	0.761	0.888	0.887	0.859	0.831	0.873	0.896	0.819	0.839	0.855	0.781	0.841	0.826	0.897	0.873	0.909	0.316	0.896	0.930	0.822	0.793	0.907	0.874	0.819	0.849	0.896	0.891	0.882	0.905	0.876	0.835	0.831	0.809	0.849	0.782	0.796	0.777	0.832	0.858	0.970	0.927	0.882	0.869	0.799	0.046	0.826	0.791	0.787	0.817	0.751	0.807	0.881	0.044	0.808	0.787	0.832	0.768	0.929	0.748	0.765	0.724
32:00:35	22.7	0.728	0.780	0.792	0.822	0.827	0.819	0.785	0.846	0.789	0.746	0.752	0.723	0.838	0.882	0.874	0.882	0.873	0.845	0.845	0.789	0.844	0.803	0.828	0.755	0.892	0.892	0.870	0.883	1.037	0.853	0.849	0.845	0.893	0.846	0.838	0.782	0.931	0.917	0.876	0.841	0.893	0.900	0.830	0.852	0.861	0.781	0.848	0.825	0.953	0.882	0.922	0.316	0.920	0.951	0.834	0.795	0.926	0.877	0.821	0.857	0.856	0.902	0.895	0.920	0.894	0.843	0.843	0.816	0.858	0.789	0.801	0.785	0.863	0.868	0.988	0.919	0.899	0.876	0.809	0.046	0.838	0.806	0.794	0.824	0.759	0.813	0.887	0.045	0.820	0.797	0.868	0.778	0.912	0.759	0.773	0.738
33:00:37	22.6	0.721	0.794	0.805	0.830	0.832	0.834	0.794	0.851	0.796	0.749	0.776	0.728	0.834	0.899	0.886	0.894	0.885	0.856	0.853	0.787	0.854	0.832	0.830	0.773	0.905	0.896	0.887	0.898	1.041	0.866	0.859	0.852	0.905	0.839	0.849	0.778	0.919	0.929	0.889	0.845	0.900	0.908	0.832	0.842	0.865	0.784	0.859	0.826	0.903	0.893	0.939	0.316	0.923	0.961	0.843	0.807	0.932	0.881	0.827	0.859	0.868	0.906	0.917	0.925	0.898	0.861	0.848	0.820	0.866	0.799	0.815	0.792	0.848	0.874	0.988	0.957	0.906	0.879	0.818	0.045	0.844	0.815	0.805	0.834	0.757	0.826	0.900	0.045	0.826	0.803	0.850	0.774	0.948	0.770	0.781	0.747
34:00:37	22.6	0.739	0.795	0.821	0.836	0.833	0.846	0.805	0.850	0.806	0.749	0.793	0.741	0.846	0.911	0.900	0.897	0.893	0.871	0.860	0.783	0.860	0.845	0.842	0.777	0.889	0.913	0.900	0.905	1.051	0.878	0.871	0.858	0.911	0.837	0.862	0.788	0.905	0.945	0.903	0.848	0.909	0.910	0.841	0.851	0.878	0.794	0.867	0.828	0.894	0.903	0.950	0.314	0.931	0.964	0.854	0.814	0.941	0.887	0.835	0.869	0.870	0.916	0.928	0.923	0.909	0.865	0.852	0.828	0.867	0.807	0.821	0.795	0.837	0.883	0.991	0.965	0.914	0.882	0.822	0.045	0.852	0.820	0.813	0.839	0.747	0.840	0.911	0.044	0.835	0.809	0.851	0.778	0.951	0.777	0.789	0.763
35:00:38	22.5	0.746	0.797	0.836	0.840	0.837	0.851	0.815	0.849	0.811	0.744	0.810	0.718	0.847	0.923	0.913	0.912	0.902	0.880	0.874	0.786	0.867	0.838	0.849	0.793	0.893	0.921	0.903	0.911	1.065	0.884	0.882	0.869	0.917	0.839	0.859	0.786	0.949	0.958	0.910	0.856	0.922	0.917	0.843	0.869	0.883	0.794	0.872	0.832	0.926	0.912	0.969	0.315	0.954	0.981	0.863	0.817	0.950	0.886	0.840	0.869	0.856	0.920	0.936	0.936	0.916	0.871	0.858	0.842	0.876	0.811	0.825	0.803	0.843	0.885	0.999	0.950	0.932	0.890	0.830	0.045	0.858	0.826	0.820	0.851	0.757	0.855	0.907	0.045	0.838	0.811	0.886	0.782	0.932	0.785	0.791	0.768
36:00:38	22.5	0.782	0.805	0.852	0.833	0.834	0.842	0.818	0.862	0.795	0.763	0.840	0.746	0.840	0.934	0.915	0.916	0.920	0.880	0.872	0.775	0.874	0.849	0.852	0.811	0.891	0.935	0.913	0.926	1.070	0.900	0.899	0.874	0.919	0.837	0.861	0.804	0.929	0.959	0.918	0.859	0.933	0.919	0.849	0.871	0.890	0.802	0.881	0.846	0.903	0.921	0.974	0.314	0.949	0.993	0.869	0.830	0.957	0.889	0.846	0.880	0.873	0.921	0.968	0.938	0.920	0.879	0.862	0.844	0.874	0.815	0.835	0.810	0.841	0.892	0.997	0.989	0.942	0.891	0.834	0.045	0.858	0.838	0.831	0.856	0.768	0.859	0.907	0.044	0.839	0.819	0.848	0.781	0.956	0.792	0.804	0.776
37:00:39	22.3	0.789	0.798	0.850	0.835	0.845	0.845	0.829	0.861	0.794	0.765	0.852	0.755	0.839	0.941	0.935	0.922	0.933	0.890	0.878	0.778	0.877	0.844	0.856	0.801	0.888	0.944	0.920	0.926	1.081	0.903	0.907	0.882	0.925	0.838	0.867	0.801	0.924	0.965	0.927	0.865	0.935	0.918	0.852	0.889	0.895	0.803	0.879	0.860	0.921	0.930	0.985	0.314	0.961	1.001	0.878	0.827	0.964	0.889	0.847	0.882	0.858	0.930	0.963	0.941	0.927	0.875	0.865	0.852	0.876	0.820	0.843	0.820	0.847	0.899	1.004	0.963	0.944	0.893	0.840	0.045	0.860	0.847	0.839	0.868	0.782	0.865	0.906	0.045	0.841	0.819	0.842	0.790	0.958	0.799	0.808	0.779
38:00:40	22.2	0.803	0.799	0.848	0.839	0.861	0.844	0.839	0.862	0.797	0.778	0.857	0.777	0.843	0.950	0.945	0.926	0.946	0.900	0.885	0.786	0.891	0.836	0.855	0.786	0.891	0.953	0.928	0.939	1.088	0.909	0.918	0.891	0.933	0.835	0.867	0.807	0.950	0.977	0.934	0.874	0.943	0.924	0.859	0.896	0.902	0.806	0.880	0.868	0.935	0.935	0.993	0.313	0.976	1.002	0.884	0.834	0.973	0.890	0.851	0.883	0.851	0.936	0.962	0.939	0.929	0.876	0.870	0.859	0.878	0.829	0.850	0.818	0.837	0.901	0.995	0.946	0.959	0.893	0.848	0.045	0.865	0.851	0.849	0.870	0.796	0.870	0.898	0.045	0.848	0.830	0.848	0.789	0.959	0.805	0.813	0.779
39:00:41	22.1	0.824	0.842	0.851	0.833	0.857	0.838	0.852	0.873	0.815	0.805	0.866	0.772	0.846	0.956	0.950	0.935	0.952	0.907	0.892	0.814	0.889	0.847	0.847	0.820	0.889	0.962	0.938	0.944	1.091	0.919	0.924	0.899	0.938	0.844	0.868	0.831	0.890	0.979	0.939	0.875	0.943	0.935	0.867	0.895	0.905	0.816	0.883	0.895	0.922	0.939	0.998	0.313	0.972	1.004	0.891	0.836	0.973	0.899	0.859	0.901	0.877	0.937	0.974	0.942	0.938	0.886	0.875	0.865	0.882	0.833	0.863	0.822	0.831	0.907	1.003	0.957	0.965	0.901	0.851	0.045	0.862	0.855	0.856	0.873	0.810	0.876	0.898	0.045	0.853	0.837	0.842	0.795	0.967	0.817	0.818	0.783
40:00:43	22.2	0.803	0.843	0.850	0.837	0.868	0.840	0.855	0.816	0.808	0.797	0.875	0.738	0.843	0.962	0.956	0.937	0.962	0.918	0.897	0.795	0.891	0.843	0.857	0.820	0.897	0.963	0.941	0.950	1.091	0.921	0.931	0.898	0.939	0.840	0.878	0.827	0.898	0.992	0.946	0.883	0.951	0.937	0.876	0.905	0.905	0.828	0.886	0.893	0.890	0.940	1.004	0.312	0.981	1.002	0.896	0.842	0.984	0.895	0.854	0.894	0.853	0.948	0.964	0.948	0.943	0.888	0.885	0.872	0.888	0.839	0.860	0.831	0.835	0.917	0.994	0.937	0.977	0.902	0.855	0.044	0.872	0.859	0.858	0.871	0.815	0.882	0.903	0.044	0.856	0.844	0.847	0.803	0.962	0.822	0.827	0.785
41:00:43	22.5	0.897	0.829	0.854	0.834	0.887	0.837	0.863	0.807	0.825	0.827	0.908	0.730	0.853	0.972	0.955	0.942	0.986	0.923	0.908	0.801	0.893	0.848	0.847	0.849	0.899	0.968	0.942	0.956	1.096	0.927	0.936	0.907	0.945	0.850	0.880	0.836	0.892	0.992	0.951	0.894	0.954	0.942	0.876	0.911	0.908	0.833	0.889	0.907	0.917	0.947	1.010	0.313	0.987	1.021	0.908	0.849	0.981	0.905	0.863	0.903	0.851	0.958	0.962	0.957	0.947	0.895	0.890	0.876	0.892	0.840	0.868	0.832	0.832	0.923	1.005	0.942	0.983	0.907	0.863	0.045	0.879	0.866	0.865	0.872	0.815	0.884	0.901	0.044	0.862	0.855	0.851	0.810	0.949	0.833	0.832	0.788
42:00:44	22.6	1.006	0.825	0.852	0.838	0.884	0.828	0.863	0.801	0.864	0.829	0.906	0.736	0.867	0.973	0.956	0.950	0.987	0.930	0.924	0.819	0.885	0.854	0.840	0.863	0.897	0.972	0.950	0.948	1.092	0.937	0.946	0.903	0.949	0.856	0.882	0.852	0.887	0.992	0.954	0.900	0.955	0.941	0.884	0.903	0.909	0.843	0.894	0.915	0.910	0.952	1.011	0.312	0.983	1.013	0.910	0.850	0.984	0.906	0.861	0.910	0.850	0.957	0.964	0.954	0.949	0.900	0.896	0.876	0.897	0.847	0.866	0.838	0.839	0.915	1.008	0.949	0.988	0.913	0.870	0.045	0.879	0.870	0.868	0.875	0.817	0.892	0.919	0.044	0.868	0.863	0.842	0.814	0.956	0.838	0.841	0.794
43:00:46	22.8	0.925	0.817	0.839	0.844	0.889	0.830	0.852	0.801	0.882	0.860	0.892	0.731	0.873	0.975	0.965	0.952	0.982	0.923	0.922	0.838	0.893	0.852	0.840	0.862	0.890	0.972	0.948	0.959	1.093	0.944	0.945	0.904	0.953	0.859	0.887	0.864	0.889	0.991	0.957	0.897	0.963	0.943	0.887	0.917	0.915	0.846	0.900	0.918	0.917	0.961	1.018	0.311	0.987	1.010	0.911	0.855	0.983	0.911	0.873	0.926	0.854	0.958	0.977	0.958	0.954	0.902	0.900	0.881	0.901	0.856	0.872	0.848	0.845	0.916	1.008	0.965	0.970	0.921	0.867	0.044	0.877	0.870	0.873	0.875	0.824	0.899	0.917	0.044	0.871	0.865	0.835	0.823	0.953	0.843	0.856	0.797
44:00:46	22.8	0.882	0.826	0.844	0.854	0.876	0.833	0.853	0.816	0.895	0.852	0.950	0.723	0.878	0.979	0.972	0.955	0.988	0.931	0.931	0.843	0.895	0.856	0.847	0.882	0.882	0.976	0.956	0.957	1.094	0.943	0.950	0.908	0.959	0.866	0.888	0.873	0.892	0.995	0.962	0.903	0.963	0.946	0.890	0.929	0.916	0.853	0.892	0.923	0.926	0.966	1.019	0.311	0.989	1.012	0.921	0.859	0.989	0.909	0.872	0.929	0.836	0.960	0.976	0.958	0.953	0.902	0.902	0.885	0.905	0.860	0.871	0.855	0.853	0.922	1.003	0.954	0.964	0.921	0.871	0.044	0.878	0.875	0.877	0.877	0.815	0.900	0.919	0.044	0.874	0.871	0.837	0.826	0.927	0.842	0.867	0.798
45:00:47	22.6	0.791	0.826	0.843	0.861	0.873	0.836	0.868	0.817	0.897	0.868	0.989	0.731	0.879	0.986	0.973	0.960	1.004	0.941	0.931	0.845	0.892	0.865	0.852	0.890	0.879	0.980	0.961	0.966	1.089	0.946	0.954	0.914	0.961	0.866	0.892	0.876	0.888	0.995	0.964	0.904	0.967	0.951	0.896	0.926	0.920	0.861	0.891	0.932	0.900	0.964	1.021	0.311	0.993	1.019	0.924	0.864	0.988	0.912	0.879	0.930	0.837	0.965	0.978	0.965	0.958	0.901	0.901	0.886	0.905	0.863	0.878	0.854	0.852	0.932	1.005	0.957	0.960	0.924	0.868	0.045	0.882	0.883	0.882	0.880	0.818	0.905	0.923	0.045	0.875	0.864	0.830	0.833	0.919	0.851	0.873	0.796
46:00:48	22.7	0.697	0.836	0.844	0.870	0.854	0.836	0.876	0.844	0.908	0.875	0.962	0.733	0.874	0.983	0.980	0.962	1.020	0.938	0.928	0.874	0.893	0.862	0.856	0.927	0.876	0.979	0.965	0.973	1.102	0.946	0.958	0.917	0.968	0.865	0.893	0.883	0.908	1.002	0.969	0.902	0.967	0.948	0.895	0.934	0.917	0.870	0.885	0.934	0.895	0.965	1.024	0.311	0.992	1.014	0.923	0.860	0.979	0.914	0.878	0.941	0.856	0.958	0.982	0.958	0.952	0.899	0.900	0.876	0.902	0.864	0.876	0.853	0.848	0.925	0.997	0.965	0.952	0.920	0.869	0.044	0.877	0.884	0.886	0.880	0.809	0.906	0.930	0.044	0.877	0.865	0.819	0.835	0.898	0.853	0.881	0.792
47:00:48	22.7	0.701	0.828	0.855	0.887	0.848	0.858	0.871	0.844	0.891	0.900	0.946	0.737	0.869	0.986	0.983	0.966	1.017	0.939	0.929	0.866	0.893	0.874	0.863	0.930	0.874	0.981	0.966	0.973	1.082	0.949	0.963	0.920	0.960	0.869	0.897	0.886	0.904	1.002	0.967	0.903	0.964	0.950	0.897	0.940	0.927	0.873	0.896	0.936	0.894	0.966	1.025	0.310	0.991	1.016	0.927	0.860	0.981	0.914	0.877	0.937	0.845	0.966	0.985	0.959	0.955	0.901	0.903	0.883	0.904	0.864	0.882	0.853	0.852	0.926	1.007	0.957	0.961	0.924	0.872	0.045	0.880	0.884	0.887	0.888	0.809	0.891	0.929	0.044	0.879	0.864	0.824	0.839	0.897	0.853	0.878	0.790
48:00:49	22.7	0.703	0.847	0.871	0.898	0.858	0.851	0.882	0.843	0.897	0.908	0.975	0.717	0.878	0.991	0.983	0.968	0.999	0.943	0.931	0.877	0.890	0.882	0.852	0.923	0.867	0.984	0.967	0.976	1.095	0.957	0.961	0.917	0.962	0.875	0.899	0.890	0.864	1.002	0.972	0.904	0.968	0.954	0.899	0.940	0.930	0.874	0.895	0.937	0.871	0.966	1.024	0.309	0.997	1.029	0.927	0.865	0.982	0.912	0.880	0.934	0.842	0.965	0.985	0.960	0.954	0.903	0.906	0.882	0.907	0.871	0.884	0.856	0.856	0.923	1.020	0.965	0.961	0.928	0.869	0.044	0.884	0.892	0.891	0.885	0.812	0.894	0.926	0.044	0.879	0.864	0.820	0.848	0.888	0.861	0.880	0.793
49:00:51	22.7	0.703	0.866	0.851	0.900	0.860	0.843	0.873	0.829	0.873	0.915	0.986	0.709	0.882	0.992	0.985	0.970	1.006	0.948	0.933	0.875	0.888	0.884	0.850	0.943	0.871	0.983	0.975	0.981	1.090	0.956	0.966	0.922	0.957	0.880	0.901	0.898	0.830	1.006	0.974	0.912	0.973	0.956	0.904	0.941	0.936	0.876	0.895	0.933	0.861	0.965	1.027	0.310	0.999	1.028	0.931	0.866	0.983	0.911	0.883	0.936	0.842	0.967	0.988	0.959	0.957	0.905	0.907	0.886	0.908	0.873	0.889	0.853	0.866	0.923	1.025	0.957	0.964	0.926	0.872	0.044	0.886	0.890	0.892	0.889	0.809	0.894	0.932	0.044	0.882	0.869	0.829	0.852	0.885	0.858	0.877	0.797
50:00:52	22.6	0.694	0.861	0.853	0.890	0.873	0.852	0.876	0.834	0.877	0.931	0.987	0.721	0.879	0.991	0.978	0.971	1.008	0.955	0.924	0.884	0.886	0.893	0.857	0.954	0.858	0.986	0.974	0.985	1.085	0.952	0.964	0.926	0.963	0.878	0.902	0.886	0.838	1.009	0.976	0.912	0.977	0.964	0.910	0.936	0.935	0.880	0.898	0.939	0.843	0.964	1.031	0.309	1.003	1.026	0.933	0.870	0.983	0.917	0.885	0.940	0.824	0.965	0.981	0.961	0.960	0.904	0.905	0.885	0.908	0.874	0.894	0.849	0.867	0.930	1.023	0.951	0.965	0.926	0.872	0.044	0.885	0.897	0.898	0.892	0.802	0.894	0.931	0.044	0.886	0.880	0.833	0.854	0.880	0.864	0.876	0.799
51:00:52	22.5	0.772	0.864	0.857	0.892	0.874	0.850	0.881	0.852	0.868	0.954	0.990	0.729	0.885	0.990	0.980	0.970	1.005	0.953	0.918	0.887	0.882	0.901	0.861	0.956	0.856	0.987	0.975	0.984	1.085	0.950	0.965	0.922	0.958	0.889	0.906	0.887	0.829	1.008	0.975	0.910	0.976	0.962	0.905	0.942	0.939	0.884	0.897	0.942	0.834	0.965	1.029	0.309	1.003	1.021	0.931	0.868	0.984	0.916	0.885	0.940	0.823	0.962	0.980	0.956	0.959	0.898	0.903	0.885	0.906	0.874	0.896	0.857	0.862	0.923	1.014	0.956	0.964	0.930	0.874	0.044	0.891	0.902	0.899	0.895	0.803	0.895	0.934	0.044	0.893	0.886	0.832	0.854	0.876	0.867	0.882	0.793
52:00:53	22.4	0.739	0.850	0.857	0.887	0.882	0.856	0.896	0.850	0.845	0.947	0.994	0.734	0.886	0.994	0.974	0.975	1.009	0.957	0.922	0.893	0.889	0.906	0.864	0.960	0.854	0.994	0.982	0.997	1.086	0.960	0.965	0.929	0.956	0.902	0.911	0.899	0.817	1.011	0.980	0.918	0.981	0.971	0.909	0.936	0.952	0.895	0.905	0.940	0.820	0.970	1.030	0.309	1.006	1.027	0.930	0.871	0.987	0.921	0.893	0.937	0.805	0.984	0.975	0.962	0.962	0.893	0.903	0.878	0.912	0.880	0.904	0.857	0.872	0.924	1.016	0.954	0.964	0.940	0.874	0.044	0.897	0.901	0.902	0.899	0.799	0.891	0.932	0.045	0.895	0.886	0.836	0.860	0.870	0.869	0.883	0.792
53:00:55	22.3	0.752	0.836	0.857	0.902	0.872	0.872	0.892	0.890	0.863	0.932	0.965	0.708	0.883	0.988	0.968	0.968	1.006	0.950	0.914	0.906	0.879	0.909	0.862	0.943	0.854	0.992	0.977	0.994	1.078	0.952	0.960	0.921	0.947	0.902	0.905	0.903	0.847	1.003	0.975	0.917	0.978	0.965	0.907	0.941	0.945	0.896	0.902	0.940	0.821	0.967	1.022	0.309	1.002	1.028	0.920	0.876	0.979	0.915	0.896	0.946	0.795	0.967	0.980	0.958	0.962	0.895	0.904	0.874	0.905	0.877	0.904	0.864	0.871	0.924	1.026	0.972	0.957	0.949	0.875	0.044	0.896	0.903	0.908	0.884	0.788	0.899	0.943	0.045	0.897	0.881	0.845	0.859	0.868	0.879	0.887	0.784
54:00:56	22.5	0.737	0.837	0.854	0.889	0.865	0.873	0.909	0.881	0.842	0.944	0.973	0.733	0.876	0.984	0.968	0.968	1.008	0.955	0.911	0.903	0.880	0.914	0.866	0.954	0.853	0.990	0.978	0.993	1.080	0.949	0.961	0.920	0.944	0.901	0.910	0.895	0.843	1.003	0.977	0.920	0.975	0.969	0.909	0.940	0.948	0.894	0.901	0.934	0.812	0.968	1.022	0.308	1.001	1.025	0.920	0.878	0.980	0.916	0.892	0.937	0.794	0.977	0.982	0.953	0.962	0.896	0.904	0.874	0.907	0.882	0.903	0.865	0.873	0.919	1.023	0.960	0.962	0.949	0.871	0.045	0.898	0.902	0.911	0.890	0.791	0.894	0.940	0.046	0.891	0.878	0.843	0.859	0.862	0.878	0.887	0.776
55:00:55	22.6	0.777	0.828	0.844	0.878	0.870	0.884	0.908	0.902	0.835	0.942	0.960	0.734	0.861	0.982	0.971	0.969	1.003	0.950	0.909	0.896	0.876	0.911	0.869	0.939	0.845	0.981	0.972	0.986	1.071	0.942	0.953	0.915	0.941	0.902	0.914	0.898	0.851	1.003	0.977	0.923	0.974	0.967	0.909	0.946	0.943	0.893	0.898	0.921	0.806	0.964	1.018	0.307	0.997	1.017	0.920	0.878	0.978	0.909	0.888	0.929	0.794	0.969	0.977	0.950	0.960	0.896	0.904	0.875	0.905	0.877	0.901	0.863	0.864	0.917	1.012	0.946	0.961	0.949	0.872	0.044	0.898	0.904	0.914	0.889	0.785	0.892	0.938	0.047	0.889	0.876	0.845	0.851	0.859	0.878	0.887	0.768
56:00:57	22.7	0.823	0.818	0.877	0.866	0.871	0.875	0.917	0.909	0.821	0.929	0.946	0.735	0.865	0.975	0.967	0.967	0.994	0.951	0.905	0.906	0.877	0.904	0.871	0.933	0.846	0.983	0.974	0.990	1.071	0.939	0.948	0.914	0.941	0.899	0.926	0.896	0.848	0.997	0.976	0.923	0.973	0.967	0.906	0.943	0.942	0.890	0.899	0.921	0.813	0.957	1.017	0.308	0.998	1.016	0.915	0.877	0.975	0.912	0.888	0.925	0.795	0.966	0.980	0.950	0.957	0.893	0.903	0.869	0.905	0.876	0.900	0.865	0.862	0.918	1.016	0.949	0.960	0.952	0.874	0.044	0.897	0.905	0.913	0.886	0.780	0.889	0.933	0.050	0.890	0.874	0.848	0.850	0.859	0.870	0.884	0.764
57:00:57	22.6	0.782	0.800	0.834	0.870	0.868	0.879	0.930	0.912	0.785	0.911	0.933	0.768	0.865	0.970	0.969	0.963	0.999	0.949	0.903	0.884	0.882	0.915	0.875	0.915	0.841	0.985	0.972	0.998	1.071	0.943	0.953	0.926	0.940	0.919	0.935	0.884	0.845	1.008	0.977	0.925	0.978	0.973	0.911	0.955	0.949	0.897	0.905	0.920	0.801	0.960	1.025	0.307	0.995	1.013	0.919	0.879	0.975	0.918	0.890	0.919	0.802	0.975	0.974	0.961	0.965	0.886	0.903	0.871	0.908	0.878	0.903	0.858	0.865	0.913	0.985	0.929	0.962	0.953	0.870	0.044	0.899	0.907	0.912	0.878	0.776	0.888	0.922	0.055	0.885	0.877	0.847	0.848	0.854	0.853	0.876	0.769
58:00:59	22.7	0.872	0.804	0.827	0.856	0.883	0.892	0.930	0.929	0.787	0.927	0.912	0.756	0.853	0.967	0.967	0.961	0.996	0.942	0.894	0.892	0.876	0.902	0.891	0.903	0.839	0.983	0.974	0.993	1.074	0.937	0.949	0.917	0.942	0.907	0.937	0.893	0.852	1.002	0.973	0.924	0.975	0.974	0.909	0.937	0.941	0.900	0.900	0.922	0.821	0.951	1.019	0.307	0.996	1.015	0.921	0.879	0.974	0.914	0.893	0.897	0.800	0.957	0.969	0.951	0.959	0.892	0.902	0.864	0.903	0.877	0.901	0.857	0.861	0.913	1.007	0.929	0.954	0.950	0.875	0.044	0.897	0.906	0.913	0.882	0.774	0.882	0.913	0.062	0.883	0.877	0.848	0.848	0.852	0.848	0.875	0.764
59:00:59	22.6	0.917	0.809	0.848	0.857	0.894	0.899	0.922	0.919	0.811	0.927	0.922	0.744	0.839	0.956	0.970	0.957	0.991	0.940	0.889	0.894	0.870	0.889	0.905	0.924	0.838	0.980	0.971	0.986	1.057	0.925	0.935	0.900	0.936	0.897	0.943	0.887	0.823	0.992	0.974	0.926	0.967	0.966	0.909	0.941	0.930	0.895	0.897	0.913	0.820	0.947	1.010	0.306	0.990	1.009	0.915	0.879	0.962	0.915	0.892	0.888	0.814	0.949	0.969	0.941	0.953	0.891	0.899	0.853	0.903	0.876	0.903	0.842	0.849	0.906	1.010	0.931	0.940	0.947	0.875	0.044	0.907	0.905	0.910	0.884	0.768	0.877	0.925	0.073	0.879	0.877	0.838	0.851	0.859	0.840	0.877	0.758
60:01:01	22.5	0.844	0.805	0.835	0.857	0.921	0.921	0.927	0.939	0.823	0.910	0.930	0.736	0.868	0.941	0.968	0.951	0.979	0.935	0.890	0.895	0.875	0.911	0.913	0.917	0.848	0.981	0.964	0.987	1.044	0.916	0.931	0.898	0.932	0.891	0.946	0.878	0.797	0.985	0.969	0.923	0.964	0.966	0.904	0.950	0.932	0.896	0.903	0.901	0.822	0.938	0.998	0.306	0.990	1.007	0.911	0.876	0.959	0.912	0.901	0.883	0.832	0.941	0.987	0.942	0.944	0.891	0.895	0.842	0.901	0.883	0.903	0.842	0.846	0.905	1.009	0.940	0.936	0.946	0.880	0.044	0.918	0.903	0.910	0.884	0.762	0.858	0.921	0.092	0.877	0.879	0.831	0.863	0.868	0.840	0.876	0.758
61:01:02	22.5	0.875	0.812	0.811	0.845	0.915	0.902	0.910	0.906	0.767	0.909	0.902	0.736	0.820	0.940	0.974	0.949	0.988	0.930	0.885	0.889	0.877	0.906	0.902	0.877	0.852	0.982	0.966	0.987	1.057	0.918	0.931	0.906	0.933	0.894	0.949	0.868	0.814	0.993	0.973	0.924	0.971	0.965	0.905	0.943	0.935	0.896	0.901	0.904	0.821	0.936	1.003	0.305	0.988	1.009	0.913	0.876	0.961	0.913	0.888	0.873	0.826	0.940	0.965	0.947	0.951	0.885	0.894	0.842	0.901	0.875	0.899	0.841	0.856	0.899	0.999	0.920	0.935	0.944	0.880	0.044	0.908	0.905	0.906	0.896	0.757	0.868	0.911	0.116	0.876	0.866	0.834	0.843	0.860	0.838	0.870	0.757
62:01:03	22.4	0.898	0.805	0.806	0.836	0.913	0.888	0.904	0.927	0.772	0.913	0.849	0.744	0.795	0.931	0.974	0.946	0.984	0.927	0.888	0.883	0.882	0.919	0.918	0.830	0.840	0.986	0.966	0.992	1.062	0.913	0.926	0.909	0.937	0.897	0.960	0.851	0.810	0.991	0.969	0.916	0.970	0.965	0.900	0.931	0.933	0.897	0.905	0.911	0.809	0.929	1.000	0.305	0.987	0.997	0.911	0.873	0.956	0.912	0.886	0.864	0.826	0.934	0.962	0.948	0.946	0.879	0.892	0.836	0.899	0.880	0.900	0.837	0.862	0.895	0.999	0.919	0.924	0.940	0.881	0.044	0.907	0.906	0.908	0.888	0.748	0.863	0.898	0.146	0.870	0.857	0.832	0.835	0.849	0.834	0.862	0.754
63:01:04	22.3	0.906	0.823	0.792	0.831	0.904	0.891	0.888	0.924	0.789	0.920	0.798	0.730	0.776	0.927	0.977	0.943	0.975	0.922	0.891	0.879	0.887	0.928	0.934	0.803	0.825	0.980	0.963	0.994	1.056	0.910	0.921	0.907	0.935	0.895	0.970	0.849	0.808	0.987	0.969	0.914	0.971	0.968	0.901	0.929	0.927	0.900	0.910	0.903	0.812	0.925	0.992	0.305	0.981	0.991	0.911	0.872	0.947	0.915	0.885	0.867	0.833	0.914	0.966	0.939	0.941	0.878	0.894	0.829	0.897	0.877	0.905	0.847	0.859	0.889	0.991	0.927	0.910	0.934	0.875	0.044	0.909	0.902	0.909	0.883	0.741	0.853	0.891	0.164	0.870	0.858	0.826	0.831	0.850	0.833	0.856	0.752
64:01:05	22.4	0.911	0.834	0.786	0.824	0.902	0.904	0.833	0.909	0.779	0.885	0.781	0.728	0.781	0.923	0.976	0.939	0.972	0.919	0.891	0.870	0.887	0.924	0.938	0.796	0.823	0.982	0.962	0.993	1.060	0.904	0.918	0.903	0.934	0.893	0.970	0.834	0.809	0.987	0.966	0.916	0.969	0.962	0.899	0.929	0.928	0.900	0.911	0.881	0.810	0.922	0.991	0.304	0.984	0.989	0.908	0.872	0.941	0.915	0.885	0.864	0.834	0.917	0.958	0.940	0.938	0.877	0.896	0.825	0.899	0.879	0.903	0.833	0.854	0.892	0.990	0.921	0.903	0.933	0.878	0.044	0.910	0.899	0.912	0.881	0.735	0.865	0.883	0.171	0.868	0.860	0.823	0.827	0.847	0.822	0.846	0.751
65:01:05	22.5	0.924	0.826	0.790	0.822	0.898	0.893	0.786	0.883	0.805	0.851	0.804	0.736	0.786	0.919	0.975	0.938	0.988	0.921	0.890	0.876	0.893	0.923	0.941	0.819	0.809	0.979	0.959	0.996	1.059	0.898	0.917	0.910	0.931	0.896	0.974	0.841	0.811	0.983	0.967	0.915	0.970	0.965	0.900	0.929	0.930	0.901	0.911	0.874	0.813	0.916	0.988	0.304	0.980	0.986	0.909	0.873	0.942	0.916	0.884	0.842	0.832	0.909	0.960	0.945	0.937	0.874	0.898	0.824	0.896	0.876	0.905	0.817	0.854	0.885	0.976	0.927	0.898	0.932	0.874	0.044	0.911	0.898	0.910	0.864	0.729	0.870	0.878	0.186	0.866	0.858	0.819	0.821	0.845	0.816	0.841	0.750
66:01:06	22.7	0.903	0.821	0.801	0.818	0.890	0.904	0.782	0.819	0.823	0.829	0.811	0.727	0.773	0.916	0.973	0.937	0.971	0.921	0.893	0.872	0.896	0.934	0.931	0.804	0.813	0.979	0.960	0.988	1.053	0.889	0.911	0.904	0.934	0.895	0.974	0.848	0.799	0.984	0.964	0.909	0.966	0.954	0.895	0.933	0.929	0.897	0.917	0.860	0.812	0.909	0.983	0.304	0.978	0.989	0.908	0.869	0.935	0.916	0.885	0.834	0.827	0.908	0.951	0.944	0.932	0.867	0.903	0.811	0.898	0.886	0.912	0.802	0.838	0.884	0.983	0.930	0.890	0.929	0.873	0.044	0.916	0.894	0.914	0.866	0.726	0.878	0.856	0.209	0.865	0.858	0.812	0.825	0.850	0.810	0.836	0.751
67:01:07	22.8	0.900	0.816	0.805	0.818	0.894	0.896	0.763	0.809	0.789	0.813	0.789	0.708	0.780	0.919	0.976	0.929	0.961	0.917	0.892	0.865	0.899	0.915	0.936	0.796	0.817	0.977	0.959	0.980	1.041	0.894	0.913	0.893	0.930	0.892	0.976	0.837	0.787	0.981	0.961	0.911	0.963	0.960	0.899	0.915	0.923	0.894	0.918	0.858	0.807	0.916	0.981	0.304	0.977	0.986	0.907	0.869	0.942	0.913	0.888	0.847	0.829	0.903	0.951	0.932	0.931	0.871	0.901	0.815	0.897	0.887	0.914	0.819	0.840	0.884	0.975	0.931	0.888	0.931	0.872	0.044	0.916	0.889	0.915	0.865	0.722	0.878	0.843	0.233	0.861	0.857	0.811	0.828	0.847	0.819	0.832	0.747
68:01:07	22.8	0.914	0.777	0.852	0.802	0.888	0.817	0.850	0.723	0.855	0.740	0.821	0.728	0.807	0.915	0.976	0.932	0.975	0.912	0.894	0.860	0.903	0.916	0.932	0.837	0.798	0.978	0.958	0.993	1.048	0.886	0.912	0.905	0.931	0.901	0.979	0.823	0.812	0.978	0.962	0.911	0.963	0.955	0.895	0.930	0.932	0.896	0.916	0.867	0.805	0.910	0.985	0.303	0.976	0.970	0.906	0.870	0.939	0.913	0.878	0.806	0.824	0.890	0.955	0.948	0.929	0.869	0.898	0.813	0.897	0.881	0.914	0.789	0.837	0.876	0.962	0.925	0.881	0.927	0.871	0.044	0.915	0.893	0.918	0.856	0.720	0.878	0.839	0.251	0.861	0.855	0.816	0.826	0.843	0.802	0.828	0.742
69:01:09	22.8	0.872	0.783	0.869	0.809	0.870	0.803	0.847	0.732	0.867	0.749	0.810	0.709	0.790	0.920	0.971	0.930	0.969	0.905	0.896	0.872	0.909	0.932	0.941	0.831	0.793	0.978	0.954	0.989	1.046	0.878	0.908	0.898	0.930	0.902	0.984	0.798	0.808	0.976	0.960	0.903	0.960	0.945	0.891	0.940	0.926	0.893	0.924	0.847	0.813	0.904	0.981	0.304	0.970	0.966	0.901	0.867	0.936	0.910	0.877	0.799	0.821	0.894	0.947	0.944	0.924	0.862	0.904	0.803	0.895	0.883	0.920	0.787	0.831	0.875	0.960	0.927	0.873	0.924	0.871	0.044	0.915	0.891	0.918	0.848	0.714	0.868	0.841	0.274	0.861	0.856	0.815	0.821	0.842	0.805	0.826	0.735
70:01:10	22.6	0.914	0.777	0.846	0.808	0.885	0.798	0.825	0.717	0.836	0.747	0.821	0.707	0.786	0.918	0.958	0.918	0.950	0.899	0.898	0.862	0.922	0.917	0.964	0.798	0.792	0.966	0.954	0.976	1.028	0.869	0.905	0.890	0.928	0.898	0.980	0.830	0.779	0.974	0.959	0.900	0.958	0.942	0.894	0.913	0.922	0.890	0.930	0.869	0.799	0.899	0.969	0.303	0.968	0.976	0.897	0.859	0.931	0.912	0.887	0.800	0.830	0.887	0.956	0.934	0.920	0.867	0.909	0.800	0.894	0.888	0.919	0.785	0.828	0.873	0.955	0.947	0.870	0.924	0.875	0.044	0.920	0.888	0.922	0.847	0.708	0.871	0.847	0.302	0.858	0.855	0.803	0.818	0.839	0.800	0.818	0.727
71:01:10	22.5	0.888	0.792	0.853	0.800	0.878	0.786	0.804	0.748	0.888	0.796	0.811	0.710	0.796	0.917	0.969	0.915	0.967	0.895	0.900	0.866	0.927	0.925	0.949	0.828	0.797	0.971	0.954	0.982	1.041	0.874	0.903	0.892	0.933	0.903	0.985	0.759	0.792	0.973	0.958	0.902	0.955	0.934	0.889	0.932	0.918	0.892	0.927	0.814	0.804	0.900	0.972	0.302	0.969	0.959	0.895	0.864	0.924	0.908	0.875	0.794	0.820	0.883	0.945	0.936	0.922	0.857	0.903	0.802	0.895	0.883	0.921	0.777	0.829	0.868	0.958	0.927	0.865	0.917	0.873	0.044	0.918	0.887	0.922	0.838	0.700	0.857	0.837	0.337	0.858	0.846	0.805	0.815	0.836	0.802	0.820	0.724
72:01:12	22.3	0.929	0.783	0.839	0.831	0.899	0.771	0.844	0.712	0.853	0.760	0.811	0.677	0.787	0.924	0.959	0.908	0.950	0.887	0.901	0.866	0.921	0.925	0.957	0.775	0.789	0.964	0.949	0.972	1.019	0.861	0.902	0.889	0.927	0.903	0.984	0.787	0.774	0.969	0.954	0.898	0.950	0.932	0.890	0.917	0.923	0.889	0.929	0.850	0.789	0.901	0.962	0.301	0.963	0.962	0.892	0.855	0.928	0.912	0.883	0.798	0.821	0.884	0.943	0.930	0.917	0.860	0.906	0.798	0.892	0.887	0.918	0.770	0.827	0.866	0.957	0.934	0.866	0.915	0.877	0.044	0.919	0.897	0.916	0.836	0.693	0.862	0.865	0.359	0.853	0.847	0.795	0.819	0.832	0.791	0.814	0.719

