Time	T° 600	A1	A2	A3	A4	A5	A6	A7	A8	A9	A10	A11	A12	B1	B2	B3	B4	B5	B6	B7	B8	B9	B10	B11	B12	C1	C2	C3	C4	C5	C6	C7	C8	C9	C10	C11	C12	D1	D2	D3	D4	D5	D6	D7	D8	D9	D10	D11	D12	E1	E2	E3	E4	E5	E6	E7	E8	E9	E10	E11	E12	F1	F2	F3	F4	F5	F6	F7	F8	F9	F10	F11	F12	G1	G2	G3	G4	G5	G6	G7	G8	G9	G10	G11	G12	H1	H2	H3	H4	H5	H6	H7	H8	H9	H10	H11	H12
0:00:06	22.9	0.046	0.046	0.050	0.051	0.048	0.050	0.047	0.047	0.049	0.047	0.049	0.048	0.047	0.045	0.049	0.059	0.046	0.047	0.047	0.050	0.048	0.049	0.056	0.050	0.046	0.367	0.049	0.047	0.047	0.049	0.047	0.047	0.047	0.051	0.049	0.047	0.045	0.047	0.046	0.046	0.045	0.049	0.049	0.048	0.049	0.046	0.049	0.048	0.046	0.052	0.048	0.048	0.049	0.046	0.047	0.048	0.050	0.047	0.050	0.047	0.047	0.050	0.050	0.053	0.048	0.049	0.046	0.046	0.047	0.046	0.047	0.048	0.052	0.047	0.051	0.047	0.052	0.048	0.047	0.048	0.051	0.046	0.047	0.047	0.045	0.051	0.046	0.048	0.046	0.046	0.050	0.050	0.049	0.050	0.047	0.047
1:00:04	22.8	0.047	0.047	0.050	0.051	0.048	0.050	0.047	0.047	0.048	0.047	0.049	0.048	0.048	0.045	0.049	0.057	0.047	0.047	0.047	0.050	0.048	0.050	0.052	0.050	0.046	0.361	0.049	0.047	0.047	0.049	0.047	0.047	0.047	0.051	0.049	0.048	0.045	0.047	0.047	0.046	0.046	0.050	0.049	0.048	0.049	0.046	0.050	0.048	0.046	0.053	0.048	0.048	0.049	0.046	0.047	0.048	0.052	0.047	0.050	0.047	0.047	0.049	0.050	0.053	0.048	0.049	0.046	0.046	0.047	0.046	0.047	0.048	0.052	0.048	0.051	0.047	0.053	0.048	0.047	0.048	0.051	0.046	0.047	0.047	0.045	0.051	0.047	0.048	0.046	0.046	0.050	0.050	0.049	0.050	0.047	0.048
2:00:06	22.7	0.047	0.047	0.049	0.051	0.048	0.050	0.046	0.047	0.048	0.047	0.049	0.048	0.048	0.045	0.049	0.056	0.047	0.047	0.047	0.050	0.048	0.049	0.051	0.050	0.046	0.355	0.048	0.047	0.047	0.049	0.047	0.047	0.047	0.051	0.049	0.048	0.045	0.047	0.047	0.047	0.046	0.051	0.049	0.048	0.049	0.046	0.050	0.048	0.046	0.054	0.048	0.048	0.049	0.048	0.047	0.048	0.051	0.047	0.050	0.047	0.047	0.049	0.050	0.053	0.048	0.049	0.046	0.046	0.047	0.046	0.047	0.049	0.051	0.048	0.050	0.047	0.053	0.049	0.047	0.048	0.051	0.046	0.047	0.048	0.045	0.051	0.047	0.048	0.046	0.046	0.050	0.050	0.048	0.050	0.047	0.048
3:00:07	22.5	0.047	0.047	0.050	0.051	0.048	0.050	0.047	0.047	0.048	0.047	0.049	0.048	0.048	0.045	0.049	0.056	0.047	0.047	0.047	0.050	0.048	0.049	0.049	0.050	0.046	0.349	0.048	0.047	0.047	0.049	0.047	0.047	0.047	0.052	0.050	0.048	0.045	0.047	0.047	0.047	0.046	0.051	0.049	0.048	0.049	0.047	0.050	0.048	0.047	0.054	0.048	0.048	0.049	0.050	0.048	0.048	0.051	0.047	0.051	0.047	0.048	0.048	0.050	0.054	0.048	0.050	0.046	0.046	0.048	0.047	0.047	0.049	0.051	0.048	0.051	0.047	0.053	0.049	0.047	0.048	0.051	0.046	0.047	0.048	0.045	0.050	0.048	0.048	0.046	0.047	0.050	0.050	0.049	0.050	0.047	0.048
4:00:08	22.4	0.047	0.048	0.050	0.051	0.048	0.051	0.047	0.048	0.048	0.047	0.049	0.048	0.048	0.046	0.049	0.057	0.047	0.047	0.048	0.050	0.048	0.050	0.050	0.050	0.047	0.347	0.049	0.047	0.047	0.049	0.048	0.048	0.047	0.052	0.050	0.048	0.046	0.048	0.047	0.047	0.046	0.051	0.049	0.048	0.049	0.047	0.051	0.049	0.047	0.055	0.049	0.048	0.050	0.051	0.048	0.049	0.051	0.048	0.051	0.048	0.047	0.048	0.051	0.054	0.048	0.050	0.047	0.047	0.048	0.047	0.048	0.049	0.051	0.048	0.051	0.048	0.053	0.049	0.047	0.049	0.051	0.047	0.047	0.048	0.046	0.051	0.048	0.048	0.047	0.047	0.050	0.050	0.049	0.051	0.048	0.048
5:00:08	22.4	0.048	0.048	0.051	0.053	0.049	0.051	0.047	0.048	0.049	0.048	0.050	0.049	0.048	0.046	0.050	0.057	0.048	0.048	0.048	0.051	0.049	0.050	0.050	0.051	0.048	0.349	0.050	0.048	0.048	0.050	0.048	0.048	0.048	0.052	0.050	0.049	0.047	0.048	0.048	0.048	0.047	0.052	0.050	0.049	0.049	0.047	0.052	0.049	0.048	0.056	0.049	0.049	0.050	0.052	0.049	0.049	0.051	0.049	0.052	0.049	0.048	0.047	0.051	0.055	0.049	0.050	0.047	0.048	0.049	0.048	0.048	0.050	0.052	0.049	0.052	0.048	0.054	0.050	0.047	0.050	0.052	0.047	0.048	0.049	0.047	0.051	0.048	0.049	0.048	0.048	0.050	0.051	0.050	0.051	0.049	0.049
6:00:10	22.4	0.050	0.050	0.052	0.055	0.051	0.054	0.047	0.050	0.051	0.049	0.052	0.051	0.050	0.047	0.052	0.058	0.050	0.050	0.050	0.052	0.050	0.051	0.051	0.052	0.049	0.347	0.051	0.049	0.049	0.051	0.049	0.050	0.049	0.054	0.053	0.050	0.048	0.050	0.050	0.049	0.047	0.053	0.051	0.050	0.050	0.049	0.053	0.051	0.049	0.057	0.051	0.050	0.052	0.053	0.050	0.051	0.053	0.050	0.054	0.050	0.049	0.047	0.052	0.056	0.050	0.052	0.049	0.049	0.050	0.049	0.050	0.051	0.053	0.050	0.054	0.050	0.056	0.052	0.047	0.051	0.053	0.048	0.050	0.051	0.048	0.052	0.050	0.051	0.049	0.049	0.052	0.052	0.051	0.053	0.050	0.050
7:00:11	22.4	0.055	0.056	0.057	0.062	0.057	0.061	0.048	0.057	0.057	0.053	0.057	0.056	0.054	0.051	0.057	0.063	0.054	0.057	0.055	0.058	0.055	0.056	0.054	0.056	0.054	0.353	0.058	0.054	0.054	0.056	0.054	0.055	0.054	0.059	0.058	0.056	0.053	0.055	0.054	0.054	0.050	0.057	0.057	0.053	0.053	0.054	0.058	0.055	0.053	0.061	0.056	0.055	0.056	0.054	0.055	0.056	0.058	0.056	0.059	0.056	0.053	0.047	0.056	0.061	0.055	0.056	0.053	0.053	0.054	0.053	0.055	0.055	0.056	0.054	0.059	0.055	0.061	0.056	0.048	0.056	0.058	0.052	0.055	0.055	0.051	0.056	0.055	0.056	0.054	0.054	0.055	0.057	0.055	0.056	0.054	0.055
8:00:12	22.3	0.066	0.069	0.071	0.080	0.072	0.076	0.049	0.071	0.071	0.063	0.068	0.066	0.065	0.060	0.069	0.074	0.065	0.070	0.067	0.071	0.069	0.068	0.063	0.066	0.065	0.361	0.073	0.068	0.066	0.068	0.065	0.067	0.066	0.072	0.073	0.067	0.064	0.070	0.067	0.063	0.058	0.068	0.071	0.061	0.059	0.066	0.071	0.065	0.062	0.074	0.070	0.067	0.067	0.054	0.066	0.068	0.070	0.068	0.072	0.068	0.062	0.047	0.066	0.074	0.066	0.068	0.064	0.065	0.066	0.065	0.067	0.065	0.063	0.064	0.073	0.067	0.073	0.066	0.049	0.068	0.070	0.061	0.066	0.066	0.058	0.063	0.067	0.067	0.064	0.062	0.063	0.066	0.064	0.066	0.065	0.065
9:00:13	22.3	0.087	0.092	0.096	0.113	0.098	0.104	0.053	0.104	0.100	0.082	0.086	0.085	0.084	0.078	0.088	0.099	0.094	0.098	0.098	0.100	0.103	0.089	0.080	0.083	0.086	0.379	0.097	0.095	0.093	0.095	0.086	0.091	0.088	0.098	0.100	0.085	0.084	0.098	0.091	0.082	0.073	0.092	0.099	0.077	0.072	0.091	0.094	0.081	0.081	0.097	0.095	0.092	0.091	0.055	0.090	0.092	0.096	0.090	0.095	0.088	0.079	0.047	0.085	0.101	0.089	0.092	0.088	0.086	0.087	0.086	0.088	0.082	0.075	0.082	0.099	0.088	0.096	0.087	0.052	0.089	0.092	0.077	0.086	0.085	0.072	0.076	0.089	0.088	0.084	0.077	0.078	0.085	0.081	0.083	0.082	0.082
10:00:14	22.4	0.121	0.134	0.139	0.158	0.135	0.154	0.061	0.151	0.150	0.111	0.117	0.113	0.116	0.113	0.124	0.142	0.138	0.144	0.144	0.147	0.153	0.124	0.107	0.110	0.121	0.411	0.135	0.135	0.132	0.142	0.117	0.124	0.123	0.145	0.141	0.115	0.119	0.141	0.130	0.114	0.100	0.138	0.141	0.104	0.095	0.129	0.128	0.107	0.111	0.133	0.133	0.132	0.132	0.055	0.124	0.129	0.135	0.123	0.129	0.117	0.106	0.047	0.118	0.140	0.125	0.127	0.123	0.118	0.121	0.117	0.119	0.108	0.096	0.113	0.135	0.122	0.133	0.123	0.056	0.122	0.124	0.104	0.116	0.114	0.093	0.099	0.124	0.150	0.113	0.107	0.104	0.112	0.111	0.113	0.109	0.110
11:00:15	22.3	0.176	0.177	0.175	0.186	0.170	0.193	0.075	0.183	0.182	0.150	0.152	0.152	0.160	0.166	0.149	0.187	0.185	0.195	0.183	0.185	0.201	0.163	0.146	0.149	0.157	0.439	0.176	0.183	0.176	0.206	0.153	0.159	0.169	0.198	0.182	0.152	0.162	0.193	0.156	0.168	0.141	0.197	0.180	0.129	0.131	0.164	0.167	0.143	0.153	0.163	0.175	0.183	0.183	0.054	0.164	0.163	0.172	0.157	0.164	0.157	0.147	0.047	0.158	0.180	0.169	0.162	0.163	0.148	0.156	0.158	0.160	0.149	0.131	0.152	0.170	0.166	0.185	0.169	0.065	0.157	0.157	0.144	0.155	0.158	0.129	0.137	0.164	0.182	0.149	0.154	0.140	0.144	0.144	0.158	0.144	0.148
12:00:15	22.4	0.239	0.234	0.219	0.245	0.223	0.234	0.095	0.252	0.229	0.205	0.213	0.215	0.198	0.209	0.203	0.233	0.255	0.253	0.242	0.244	0.247	0.224	0.204	0.205	0.203	0.490	0.237	0.209	0.222	0.247	0.202	0.215	0.224	0.243	0.240	0.216	0.207	0.222	0.194	0.201	0.172	0.241	0.221	0.167	0.185	0.205	0.220	0.184	0.205	0.202	0.227	0.214	0.229	0.054	0.201	0.212	0.211	0.209	0.223	0.222	0.185	0.047	0.173	0.230	0.219	0.205	0.192	0.211	0.197	0.208	0.222	0.193	0.173	0.189	0.214	0.203	0.225	0.216	0.081	0.219	0.213	0.203	0.218	0.216	0.164	0.185	0.215	0.239	0.204	0.201	0.209	0.229	0.203	0.218	0.227	0.227
13:00:17	22.4	0.272	0.269	0.260	0.294	0.278	0.264	0.125	0.273	0.262	0.230	0.253	0.251	0.236	0.241	0.224	0.281	0.256	0.269	0.264	0.268	0.257	0.245	0.243	0.242	0.243	0.536	0.258	0.265	0.244	0.248	0.241	0.251	0.258	0.275	0.266	0.257	0.257	0.252	0.244	0.244	0.229	0.250	0.252	0.210	0.233	0.236	0.262	0.245	0.232	0.254	0.251	0.253	0.253	0.054	0.238	0.242	0.247	0.244	0.257	0.270	0.220	0.047	0.236	0.261	0.262	0.246	0.244	0.262	0.245	0.244	0.270	0.264	0.230	0.227	0.267	0.251	0.257	0.258	0.109	0.265	0.254	0.243	0.269	0.265	0.235	0.228	0.259	0.269	0.252	0.252	0.266	0.281	0.252	0.276	0.278	0.291
14:00:18	22.4	0.290	0.303	0.290	0.323	0.329	0.295	0.152	0.313	0.303	0.273	0.300	0.284	0.266	0.250	0.284	0.302	0.280	0.295	0.297	0.311	0.302	0.270	0.273	0.275	0.276	0.595	0.298	0.270	0.263	0.272	0.269	0.283	0.288	0.298	0.297	0.290	0.292	0.271	0.258	0.271	0.257	0.263	0.266	0.237	0.269	0.272	0.286	0.279	0.260	0.269	0.273	0.273	0.272	0.055	0.261	0.273	0.280	0.279	0.288	0.306	0.259	0.047	0.257	0.277	0.269	0.280	0.269	0.290	0.280	0.283	0.310	0.306	0.257	0.250	0.285	0.275	0.280	0.299	0.154	0.297	0.289	0.283	0.302	0.314	0.256	0.259	0.291	0.311	0.289	0.271	0.303	0.320	0.294	0.319	0.321	0.331
15:00:19	22.4	0.320	0.354	0.337	0.361	0.379	0.360	0.167	0.370	0.352	0.311	0.362	0.321	0.336	0.307	0.347	0.327	0.334	0.342	0.352	0.341	0.343	0.330	0.316	0.316	0.336	0.649	0.343	0.294	0.288	0.313	0.342	0.340	0.338	0.343	0.351	0.336	0.347	0.297	0.320	0.306	0.301	0.307	0.305	0.289	0.331	0.314	0.326	0.320	0.315	0.324	0.305	0.302	0.311	0.055	0.291	0.313	0.315	0.325	0.336	0.354	0.298	0.047	0.307	0.308	0.308	0.325	0.299	0.339	0.320	0.332	0.368	0.350	0.302	0.297	0.334	0.323	0.316	0.344	0.218	0.352	0.331	0.326	0.353	0.348	0.292	0.303	0.338	0.374	0.329	0.313	0.342	0.368	0.329	0.361	0.361	0.367
16:00:19	22.5	0.383	0.424	0.420	0.428	0.435	0.440	0.171	0.437	0.434	0.403	0.458	0.397	0.423	0.399	0.409	0.417	0.445	0.400	0.438	0.418	0.432	0.414	0.398	0.394	0.401	0.715	0.427	0.380	0.372	0.388	0.428	0.416	0.422	0.427	0.426	0.417	0.426	0.361	0.394	0.364	0.375	0.376	0.380	0.356	0.402	0.394	0.392	0.392	0.379	0.402	0.390	0.373	0.385	0.054	0.365	0.384	0.386	0.403	0.414	0.448	0.360	0.047	0.378	0.386	0.391	0.403	0.370	0.434	0.406	0.412	0.455	0.431	0.372	0.367	0.414	0.412	0.393	0.430	0.246	0.454	0.431	0.403	0.442	0.442	0.350	0.381	0.437	0.462	0.408	0.365	0.454	0.456	0.424	0.449	0.464	0.466
17:00:20	22.7	0.467	0.489	0.508	0.492	0.498	0.518	0.203	0.516	0.524	0.493	0.540	0.470	0.490	0.496	0.513	0.531	0.521	0.478	0.519	0.508	0.502	0.491	0.485	0.475	0.460	0.766	0.507	0.514	0.474	0.481	0.524	0.498	0.496	0.515	0.494	0.499	0.503	0.456	0.476	0.431	0.465	0.455	0.466	0.441	0.472	0.468	0.464	0.469	0.456	0.495	0.494	0.488	0.478	0.053	0.456	0.483	0.478	0.490	0.504	0.533	0.441	0.047	0.467	0.484	0.492	0.504	0.470	0.508	0.493	0.502	0.534	0.515	0.440	0.458	0.521	0.498	0.492	0.535	0.270	0.541	0.518	0.483	0.526	0.520	0.415	0.446	0.509	0.540	0.496	0.436	0.533	0.536	0.512	0.528	0.535	0.537
18:00:22	22.8	0.531	0.540	0.595	0.552	0.593	0.629	0.252	0.611	0.606	0.564	0.610	0.546	0.546	0.560	0.591	0.590	0.599	0.548	0.589	0.569	0.582	0.579	0.541	0.546	0.543	0.844	0.584	0.597	0.562	0.616	0.610	0.584	0.559	0.597	0.595	0.582	0.597	0.546	0.566	0.491	0.557	0.553	0.556	0.526	0.560	0.563	0.551	0.554	0.536	0.581	0.586	0.586	0.571	0.053	0.575	0.570	0.574	0.586	0.605	0.630	0.524	0.047	0.553	0.598	0.594	0.591	0.578	0.613	0.585	0.603	0.610	0.599	0.497	0.551	0.617	0.584	0.598	0.604	0.317	0.640	0.609	0.559	0.607	0.590	0.465	0.504	0.571	0.585	0.575	0.497	0.597	0.607	0.601	0.623	0.606	0.593
19:00:23	22.9	0.584	0.617	0.618	0.639	0.638	0.703	0.311	0.676	0.668	0.615	0.638	0.594	0.616	0.622	0.628	0.638	0.663	0.620	0.668	0.641	0.656	0.616	0.583	0.591	0.609	0.955	0.665	0.649	0.662	0.618	0.608	0.643	0.608	0.652	0.691	0.641	0.674	0.631	0.636	0.560	0.632	0.659	0.677	0.588	0.618	0.629	0.626	0.631	0.614	0.666	0.687	0.677	0.658	0.053	0.674	0.675	0.651	0.663	0.701	0.691	0.596	0.047	0.642	0.679	0.684	0.674	0.653	0.683	0.666	0.674	0.655	0.641	0.548	0.618	0.688	0.640	0.647	0.693	0.383	0.673	0.671	0.621	0.663	0.634	0.507	0.530	0.613	0.613	0.647	0.550	0.635	0.643	0.669	0.674	0.639	0.623
20:00:23	22.9	0.610	0.646	0.638	0.656	0.671	0.723	0.428	0.699	0.700	0.668	0.637	0.610	0.646	0.656	0.640	0.677	0.708	0.679	0.695	0.694	0.684	0.635	0.613	0.621	0.650	0.982	0.715	0.713	0.679	0.655	0.645	0.678	0.644	0.684	0.715	0.660	0.697	0.651	0.663	0.597	0.674	0.673	0.693	0.602	0.642	0.677	0.671	0.651	0.660	0.681	0.736	0.738	0.695	0.052	0.705	0.724	0.705	0.725	0.728	0.715	0.636	0.047	0.706	0.716	0.706	0.711	0.698	0.713	0.710	0.728	0.670	0.670	0.575	0.659	0.700	0.668	0.697	0.724	0.465	0.703	0.691	0.660	0.699	0.658	0.532	0.558	0.643	0.640	0.686	0.590	0.651	0.663	0.714	0.707	0.667	0.654
21:00:25	23.0	0.635	0.667	0.676	0.682	0.658	0.729	0.507	0.702	0.703	0.685	0.654	0.618	0.664	0.662	0.665	0.716	0.717	0.723	0.707	0.727	0.696	0.640	0.633	0.638	0.667	0.988	0.743	0.741	0.682	0.666	0.672	0.707	0.674	0.721	0.723	0.673	0.697	0.670	0.680	0.618	0.700	0.700	0.714	0.626	0.661	0.690	0.687	0.663	0.673	0.687	0.731	0.763	0.703	0.052	0.718	0.711	0.709	0.714	0.716	0.707	0.655	0.049	0.697	0.730	0.725	0.720	0.708	0.736	0.721	0.741	0.680	0.684	0.597	0.702	0.732	0.678	0.704	0.757	0.538	0.718	0.711	0.691	0.705	0.673	0.553	0.587	0.660	0.653	0.708	0.630	0.666	0.692	0.761	0.741	0.691	0.681
22:00:25	23.1	0.652	0.683	0.704	0.696	0.673	0.737	0.556	0.711	0.708	0.677	0.648	0.630	0.683	0.681	0.685	0.760	0.725	0.768	0.718	0.733	0.712	0.648	0.658	0.642	0.666	0.992	0.749	0.750	0.716	0.668	0.694	0.721	0.699	0.743	0.727	0.681	0.701	0.706	0.693	0.638	0.716	0.726	0.717	0.647	0.681	0.701	0.700	0.670	0.675	0.696	0.754	0.761	0.720	0.052	0.719	0.714	0.714	0.716	0.732	0.706	0.690	0.052	0.711	0.760	0.739	0.717	0.728	0.751	0.728	0.731	0.704	0.685	0.615	0.721	0.748	0.697	0.706	0.781	0.597	0.734	0.728	0.707	0.720	0.685	0.582	0.611	0.671	0.669	0.730	0.663	0.675	0.713	0.793	0.773	0.714	0.704
23:00:26	23.2	0.674	0.694	0.739	0.717	0.697	0.746	0.590	0.735	0.717	0.683	0.640	0.637	0.696	0.694	0.709	0.794	0.729	0.796	0.728	0.752	0.727	0.658	0.677	0.657	0.680	1.006	0.749	0.744	0.725	0.681	0.713	0.745	0.725	0.771	0.729	0.688	0.720	0.718	0.715	0.673	0.736	0.744	0.730	0.662	0.699	0.706	0.709	0.682	0.679	0.706	0.773	0.772	0.731	0.052	0.730	0.732	0.722	0.725	0.729	0.707	0.709	0.059	0.724	0.776	0.760	0.731	0.742	0.771	0.737	0.736	0.726	0.693	0.639	0.732	0.765	0.707	0.721	0.803	0.644	0.741	0.741	0.725	0.733	0.698	0.600	0.633	0.689	0.662	0.759	0.689	0.692	0.750	0.821	0.799	0.731	0.722
24:00:27	23.0	0.693	0.714	0.760	0.736	0.723	0.720	0.613	0.761	0.729	0.710	0.648	0.660	0.718	0.709	0.733	0.831	0.741	0.832	0.752	0.769	0.756	0.676	0.689	0.671	0.700	1.024	0.745	0.759	0.747	0.706	0.735	0.766	0.748	0.793	0.738	0.716	0.734	0.743	0.733	0.700	0.755	0.742	0.739	0.681	0.725	0.721	0.722	0.700	0.700	0.727	0.781	0.781	0.752	0.051	0.745	0.745	0.732	0.738	0.734	0.718	0.742	0.074	0.745	0.786	0.768	0.743	0.752	0.788	0.753	0.748	0.753	0.711	0.657	0.744	0.806	0.725	0.740	0.815	0.679	0.761	0.761	0.747	0.750	0.723	0.616	0.654	0.707	0.679	0.815	0.704	0.709	0.780	0.847	0.824	0.755	0.732
25:00:29	22.9	0.699	0.733	0.787	0.753	0.749	0.730	0.634	0.786	0.746	0.710	0.665	0.712	0.739	0.723	0.749	0.860	0.755	0.866	0.760	0.773	0.773	0.697	0.708	0.692	0.733	1.026	0.755	0.766	0.778	0.740	0.754	0.791	0.781	0.818	0.742	0.739	0.748	0.773	0.750	0.729	0.783	0.760	0.758	0.705	0.748	0.736	0.740	0.717	0.727	0.750	0.794	0.783	0.761	0.051	0.760	0.761	0.749	0.753	0.754	0.731	0.777	0.105	0.766	0.797	0.785	0.760	0.770	0.812	0.771	0.766	0.773	0.723	0.673	0.760	0.851	0.741	0.757	0.831	0.710	0.784	0.777	0.766	0.767	0.745	0.628	0.678	0.719	0.684	0.846	0.707	0.718	0.802	0.872	0.835	0.773	0.744
26:00:28	22.7	0.704	0.748	0.796	0.775	0.774	0.752	0.659	0.789	0.764	0.708	0.657	0.724	0.756	0.734	0.757	0.882	0.767	0.889	0.773	0.784	0.785	0.721	0.720	0.707	0.755	1.030	0.765	0.782	0.787	0.747	0.774	0.811	0.798	0.833	0.764	0.759	0.772	0.812	0.774	0.763	0.803	0.783	0.779	0.726	0.767	0.755	0.749	0.724	0.760	0.768	0.817	0.802	0.777	0.050	0.775	0.783	0.761	0.765	0.752	0.744	0.781	0.140	0.789	0.816	0.801	0.790	0.783	0.827	0.779	0.776	0.785	0.734	0.699	0.769	0.876	0.758	0.760	0.853	0.741	0.791	0.797	0.786	0.775	0.744	0.651	0.698	0.731	0.698	0.876	0.722	0.738	0.827	0.886	0.849	0.786	0.752
27:00:29	22.6	0.711	0.754	0.811	0.788	0.782	0.763	0.685	0.808	0.772	0.714	0.680	0.754	0.773	0.751	0.776	0.914	0.783	0.916	0.791	0.789	0.796	0.742	0.728	0.725	0.779	1.039	0.785	0.809	0.816	0.781	0.812	0.836	0.819	0.848	0.776	0.779	0.776	0.842	0.788	0.783	0.817	0.803	0.803	0.743	0.792	0.771	0.768	0.739	0.771	0.798	0.835	0.817	0.793	0.051	0.788	0.798	0.777	0.776	0.766	0.753	0.801	0.185	0.813	0.835	0.825	0.820	0.800	0.863	0.793	0.783	0.798	0.746	0.717	0.787	0.894	0.766	0.768	0.882	0.767	0.816	0.823	0.808	0.789	0.755	0.674	0.714	0.747	0.710	0.940	0.733	0.751	0.859	0.914	0.856	0.792	0.762
28:00:30	22.7	0.712	0.764	0.831	0.798	0.802	0.763	0.710	0.819	0.771	0.702	0.689	0.768	0.776	0.754	0.789	0.922	0.792	0.933	0.804	0.794	0.808	0.753	0.730	0.734	0.799	1.055	0.805	0.827	0.831	0.798	0.810	0.848	0.827	0.860	0.797	0.786	0.784	0.869	0.805	0.799	0.836	0.815	0.813	0.762	0.811	0.778	0.780	0.749	0.786	0.827	0.853	0.829	0.812	0.050	0.807	0.813	0.794	0.794	0.776	0.767	0.808	0.202	0.833	0.855	0.837	0.838	0.814	0.888	0.806	0.795	0.805	0.753	0.738	0.802	0.914	0.782	0.782	0.902	0.796	0.835	0.844	0.828	0.801	0.762	0.699	0.729	0.761	0.742	0.952	0.747	0.765	0.876	0.929	0.858	0.799	0.769
29:00:32	22.7	0.705	0.767	0.844	0.806	0.815	0.756	0.741	0.821	0.761	0.679	0.701	0.779	0.788	0.764	0.807	0.939	0.796	0.960	0.808	0.794	0.820	0.775	0.732	0.738	0.812	1.067	0.837	0.852	0.848	0.807	0.837	0.858	0.835	0.871	0.814	0.786	0.787	0.900	0.823	0.817	0.856	0.842	0.838	0.781	0.832	0.799	0.788	0.757	0.789	0.846	0.880	0.850	0.828	0.049	0.823	0.828	0.813	0.812	0.784	0.773	0.811	0.215	0.848	0.873	0.851	0.856	0.835	0.920	0.827	0.808	0.811	0.757	0.759	0.820	0.940	0.796	0.797	0.922	0.818	0.853	0.865	0.845	0.817	0.767	0.719	0.741	0.776	0.744	0.965	0.753	0.781	0.886	0.929	0.856	0.803	0.765
30:00:32	22.7	0.749	0.780	0.867	0.817	0.821	0.782	0.773	0.829	0.762	0.687	0.716	0.796	0.798	0.775	0.818	0.954	0.804	0.970	0.823	0.800	0.834	0.780	0.729	0.740	0.800	1.078	0.854	0.864	0.861	0.829	0.853	0.874	0.849	0.883	0.830	0.791	0.792	0.904	0.842	0.830	0.871	0.851	0.858	0.792	0.856	0.800	0.798	0.772	0.771	0.861	0.894	0.863	0.842	0.049	0.837	0.841	0.823	0.823	0.796	0.787	0.823	0.233	0.867	0.888	0.863	0.869	0.855	0.942	0.841	0.816	0.817	0.767	0.780	0.833	0.960	0.814	0.810	0.939	0.842	0.867	0.885	0.853	0.823	0.780	0.732	0.754	0.788	0.760	0.975	0.758	0.793	0.889	0.923	0.850	0.813	0.762
31:00:33	22.7	0.746	0.780	0.877	0.827	0.829	0.773	0.805	0.835	0.756	0.698	0.730	0.796	0.810	0.788	0.829	0.961	0.815	0.980	0.844	0.800	0.856	0.784	0.727	0.737	0.796	1.094	0.861	0.873	0.876	0.835	0.868	0.877	0.860	0.881	0.837	0.796	0.796	0.924	0.856	0.844	0.883	0.861	0.873	0.805	0.869	0.805	0.815	0.788	0.769	0.883	0.915	0.876	0.861	0.048	0.849	0.848	0.831	0.834	0.801	0.798	0.832	0.256	0.878	0.901	0.871	0.875	0.862	0.950	0.855	0.821	0.824	0.777	0.803	0.839	0.982	0.821	0.816	0.948	0.852	0.878	0.889	0.863	0.831	0.788	0.745	0.771	0.794	0.774	0.988	0.758	0.801	0.883	0.914	0.850	0.816	0.770
32:00:34	22.7	0.754	0.784	0.885	0.837	0.836	0.778	0.833	0.841	0.764	0.721	0.777	0.796	0.825	0.799	0.847	0.976	0.816	0.994	0.861	0.814	0.866	0.784	0.731	0.743	0.800	1.102	0.872	0.887	0.892	0.846	0.884	0.887	0.870	0.892	0.851	0.807	0.802	0.945	0.870	0.865	0.894	0.868	0.884	0.813	0.888	0.811	0.828	0.807	0.769	0.902	0.933	0.888	0.872	0.048	0.859	0.857	0.839	0.842	0.816	0.804	0.840	0.288	0.892	0.915	0.880	0.886	0.875	0.958	0.861	0.832	0.834	0.783	0.813	0.847	1.007	0.825	0.826	0.959	0.864	0.884	0.898	0.860	0.843	0.798	0.753	0.781	0.805	0.790	0.989	0.765	0.810	0.884	0.910	0.856	0.824	0.782
33:00:36	22.6	0.751	0.791	0.896	0.841	0.848	0.778	0.847	0.852	0.772	0.717	0.832	0.792	0.821	0.806	0.847	0.983	0.827	1.006	0.875	0.815	0.864	0.779	0.736	0.742	0.807	1.112	0.875	0.904	0.904	0.853	0.890	0.896	0.879	0.901	0.852	0.814	0.800	0.950	0.882	0.874	0.910	0.879	0.890	0.825	0.896	0.819	0.837	0.823	0.770	0.910	0.943	0.901	0.885	0.048	0.870	0.866	0.844	0.844	0.821	0.806	0.852	0.329	0.902	0.922	0.886	0.893	0.881	0.966	0.872	0.836	0.845	0.787	0.819	0.851	1.016	0.827	0.832	0.961	0.872	0.893	0.911	0.857	0.843	0.801	0.762	0.786	0.807	0.801	0.975	0.766	0.819	0.884	0.907	0.871	0.831	0.801
34:00:36	22.6	0.745	0.792	0.897	0.847	0.848	0.787	0.851	0.851	0.779	0.735	0.837	0.805	0.832	0.814	0.859	0.988	0.829	1.013	0.890	0.818	0.859	0.777	0.745	0.749	0.809	1.121	0.873	0.907	0.913	0.860	0.911	0.896	0.888	0.906	0.859	0.822	0.809	0.956	0.888	0.891	0.921	0.896	0.901	0.832	0.905	0.817	0.841	0.835	0.773	0.919	0.958	0.916	0.890	0.047	0.879	0.882	0.853	0.852	0.829	0.809	0.864	0.375	0.904	0.938	0.892	0.905	0.890	0.972	0.880	0.843	0.850	0.790	0.832	0.858	1.059	0.831	0.840	0.965	0.878	0.904	0.915	0.868	0.848	0.808	0.773	0.794	0.823	0.807	0.947	0.763	0.826	0.878	0.910	0.867	0.836	0.809
35:00:37	22.5	0.738	0.799	0.909	0.849	0.850	0.791	0.858	0.848	0.811	0.744	0.847	0.815	0.831	0.819	0.868	0.992	0.833	1.025	0.904	0.821	0.856	0.776	0.752	0.760	0.827	1.128	0.876	0.913	0.922	0.874	0.915	0.907	0.893	0.910	0.861	0.824	0.823	0.957	0.902	0.896	0.926	0.914	0.906	0.838	0.924	0.815	0.857	0.839	0.774	0.925	0.964	0.922	0.902	0.047	0.883	0.891	0.868	0.858	0.839	0.806	0.878	0.426	0.912	0.941	0.902	0.910	0.894	0.980	0.882	0.849	0.858	0.798	0.845	0.856	1.059	0.834	0.848	0.966	0.882	0.902	0.919	0.860	0.848	0.808	0.762	0.807	0.821	0.812	0.917	0.762	0.828	0.876	0.907	0.874	0.842	0.809
36:00:37	22.5	0.733	0.801	0.909	0.848	0.853	0.788	0.859	0.846	0.824	0.748	0.861	0.812	0.844	0.829	0.871	0.999	0.844	1.029	0.910	0.831	0.873	0.772	0.760	0.768	0.842	1.130	0.884	0.924	0.929	0.882	0.924	0.906	0.896	0.906	0.869	0.830	0.842	0.964	0.904	0.907	0.929	0.926	0.910	0.845	0.929	0.824	0.863	0.839	0.779	0.929	0.973	0.932	0.915	0.046	0.893	0.896	0.869	0.862	0.843	0.809	0.882	0.464	0.912	0.949	0.910	0.915	0.898	0.980	0.890	0.854	0.860	0.805	0.858	0.863	1.058	0.838	0.848	0.970	0.883	0.907	0.914	0.865	0.853	0.818	0.769	0.816	0.827	0.821	0.912	0.758	0.827	0.879	0.908	0.868	0.846	0.805
37:00:38	22.3	0.727	0.807	0.896	0.851	0.855	0.794	0.869	0.852	0.845	0.744	0.847	0.803	0.852	0.838	0.882	1.006	0.864	1.034	0.905	0.838	0.886	0.773	0.767	0.774	0.858	1.139	0.887	0.936	0.941	0.883	0.941	0.911	0.904	0.910	0.868	0.836	0.854	0.971	0.917	0.913	0.942	0.925	0.923	0.852	0.928	0.824	0.868	0.845	0.785	0.945	0.992	0.945	0.920	0.046	0.899	0.900	0.875	0.866	0.845	0.809	0.877	0.494	0.918	0.960	0.910	0.922	0.898	0.983	0.899	0.860	0.870	0.812	0.872	0.869	1.070	0.848	0.855	0.980	0.884	0.911	0.914	0.876	0.860	0.828	0.769	0.818	0.860	0.821	0.907	0.770	0.827	0.882	0.913	0.859	0.877	0.796
38:00:39	22.2	0.711	0.839	0.903	0.857	0.860	0.801	0.887	0.863	0.880	0.747	0.840	0.779	0.849	0.837	0.881	0.998	0.863	1.044	0.917	0.851	0.880	0.769	0.770	0.796	0.874	1.140	0.885	0.942	0.949	0.898	0.943	0.909	0.908	0.914	0.864	0.844	0.854	0.977	0.922	0.916	0.951	0.945	0.932	0.862	0.944	0.834	0.876	0.852	0.790	0.950	0.995	0.947	0.929	0.046	0.900	0.909	0.884	0.876	0.856	0.823	0.883	0.514	0.924	0.967	0.920	0.930	0.908	0.986	0.902	0.864	0.885	0.822	0.878	0.876	1.077	0.852	0.862	0.970	0.882	0.914	0.914	0.868	0.860	0.833	0.772	0.824	0.865	0.827	0.907	0.786	0.823	0.875	0.916	0.860	0.863	0.802
39:00:40	22.1	0.741	0.823	0.892	0.859	0.859	0.813	0.878	0.859	0.861	0.758	0.848	0.786	0.854	0.842	0.879	1.009	0.874	1.060	0.924	0.850	0.900	0.770	0.777	0.813	0.878	1.143	0.889	0.951	0.950	0.903	0.946	0.926	0.914	0.913	0.871	0.848	0.864	0.985	0.926	0.925	0.954	0.946	0.942	0.862	0.943	0.834	0.880	0.849	0.792	0.956	0.999	0.955	0.935	0.045	0.904	0.913	0.887	0.883	0.854	0.832	0.881	0.532	0.926	0.976	0.921	0.929	0.904	0.989	0.907	0.870	0.879	0.817	0.887	0.871	1.055	0.859	0.868	0.975	0.875	0.915	0.913	0.872	0.862	0.834	0.762	0.823	0.867	0.830	0.912	0.793	0.818	0.895	0.923	0.863	0.869	0.814
40:00:42	22.2	0.741	0.825	0.890	0.869	0.856	0.809	0.886	0.860	0.856	0.773	0.858	0.806	0.856	0.843	0.891	1.007	0.876	1.054	0.925	0.856	0.914	0.773	0.790	0.834	0.880	1.150	0.895	0.945	0.958	0.915	0.961	0.926	0.914	0.905	0.868	0.852	0.861	0.984	0.929	0.938	0.958	0.942	0.944	0.863	0.950	0.844	0.882	0.862	0.795	0.962	0.999	0.957	0.940	0.045	0.911	0.916	0.892	0.885	0.864	0.828	0.868	0.553	0.928	0.970	0.928	0.938	0.906	0.989	0.910	0.874	0.889	0.826	0.889	0.873	1.023	0.861	0.872	0.971	0.876	0.918	0.914	0.873	0.865	0.835	0.761	0.828	0.874	0.833	0.921	0.796	0.817	0.894	0.914	0.876	0.876	0.816
41:00:42	22.5	0.740	0.801	0.887	0.870	0.866	0.807	0.893	0.865	0.865	0.775	0.859	0.818	0.859	0.843	0.895	1.001	0.886	1.061	0.932	0.859	0.920	0.773	0.780	0.837	0.881	1.148	0.899	0.950	0.960	0.924	0.965	0.918	0.918	0.903	0.868	0.860	0.857	0.984	0.938	0.942	0.965	0.942	0.948	0.864	0.950	0.842	0.885	0.864	0.801	0.961	1.010	0.955	0.944	0.044	0.915	0.915	0.896	0.892	0.867	0.830	0.875	0.568	0.935	0.978	0.926	0.942	0.910	0.982	0.911	0.878	0.885	0.830	0.896	0.877	1.068	0.863	0.880	0.978	0.874	0.921	0.915	0.882	0.875	0.832	0.787	0.830	0.872	0.839	0.935	0.798	0.813	0.894	0.906	0.888	0.876	0.818
42:00:43	22.6	0.735	0.840	0.890	0.872	0.861	0.822	0.881	0.859	0.871	0.794	0.843	0.825	0.861	0.836	0.893	1.013	0.896	1.070	0.936	0.870	0.923	0.777	0.787	0.817	0.876	1.143	0.907	0.958	0.969	0.934	0.967	0.931	0.918	0.931	0.867	0.867	0.844	0.989	0.938	0.948	0.970	0.955	0.956	0.863	0.960	0.860	0.890	0.867	0.804	0.959	1.002	0.962	0.947	0.044	0.922	0.928	0.901	0.899	0.871	0.829	0.870	0.584	0.939	0.981	0.926	0.944	0.919	0.988	0.918	0.878	0.898	0.838	0.890	0.872	1.042	0.863	0.880	0.973	0.874	0.921	0.911	0.886	0.872	0.840	0.807	0.828	0.876	0.843	0.945	0.792	0.816	0.877	0.898	0.895	0.869	0.814
43:00:45	22.8	0.717	0.817	0.874	0.868	0.868	0.838	0.872	0.860	0.891	0.790	0.815	0.818	0.854	0.845	0.904	1.018	0.904	1.074	0.932	0.874	0.919	0.776	0.794	0.829	0.879	1.150	0.906	0.960	0.968	0.931	0.976	0.931	0.924	0.918	0.877	0.866	0.867	0.984	0.944	0.948	0.970	0.961	0.970	0.872	0.964	0.855	0.895	0.868	0.807	0.956	1.020	0.962	0.951	0.044	0.926	0.928	0.906	0.903	0.873	0.827	0.868	0.598	0.945	0.987	0.934	0.954	0.926	0.996	0.924	0.882	0.888	0.835	0.903	0.889	1.054	0.873	0.890	0.985	0.885	0.924	0.919	0.891	0.874	0.842	0.808	0.826	0.879	0.850	0.920	0.805	0.818	0.889	0.905	0.899	0.883	0.821
44:00:45	22.8	0.715	0.816	0.867	0.875	0.865	0.849	0.885	0.835	0.896	0.812	0.838	0.810	0.848	0.843	0.895	1.004	0.911	1.067	0.927	0.879	0.924	0.768	0.795	0.831	0.887	1.145	0.906	0.962	0.970	0.939	0.976	0.935	0.920	0.915	0.876	0.874	0.886	0.993	0.941	0.955	0.976	0.964	0.965	0.874	0.964	0.866	0.897	0.870	0.815	0.967	1.016	0.965	0.948	0.044	0.929	0.928	0.907	0.904	0.876	0.838	0.870	0.612	0.946	0.989	0.936	0.957	0.932	0.988	0.926	0.892	0.892	0.841	0.892	0.882	1.049	0.875	0.890	0.978	0.877	0.928	0.919	0.893	0.884	0.851	0.806	0.831	0.882	0.856	0.925	0.803	0.825	0.885	0.903	0.901	0.874	0.822
45:00:46	22.6	0.715	0.809	0.867	0.869	0.870	0.873	0.886	0.832	0.880	0.822	0.818	0.776	0.859	0.849	0.897	1.006	0.916	1.069	0.931	0.873	0.929	0.772	0.809	0.832	0.894	1.151	0.910	0.968	0.974	0.937	0.986	0.928	0.926	0.905	0.874	0.878	0.897	0.990	0.943	0.960	0.975	0.966	0.976	0.875	0.963	0.867	0.896	0.879	0.821	0.971	1.027	0.968	0.952	0.044	0.935	0.929	0.912	0.906	0.882	0.841	0.872	0.624	0.942	0.990	0.937	0.962	0.931	0.987	0.930	0.897	0.893	0.846	0.891	0.880	0.995	0.875	0.896	0.977	0.874	0.927	0.922	0.895	0.881	0.859	0.808	0.832	0.869	0.846	0.910	0.809	0.828	0.887	0.909	0.893	0.867	0.823
46:00:47	22.7	0.730	0.810	0.858	0.877	0.875	0.889	0.870	0.825	0.877	0.803	0.813	0.695	0.852	0.847	0.898	1.020	0.924	1.079	0.930	0.878	0.922	0.774	0.811	0.834	0.888	1.148	0.911	0.969	0.978	0.948	0.987	0.933	0.917	0.905	0.873	0.891	0.885	0.990	0.942	0.956	0.975	0.963	0.972	0.876	0.967	0.870	0.896	0.880	0.823	0.972	1.023	0.971	0.956	0.044	0.938	0.929	0.917	0.907	0.883	0.843	0.872	0.635	0.938	0.990	0.937	0.961	0.932	0.988	0.933	0.902	0.895	0.851	0.889	0.879	1.034	0.875	0.897	0.979	0.870	0.924	0.921	0.898	0.881	0.868	0.811	0.834	0.879	0.846	0.911	0.806	0.828	0.892	0.909	0.899	0.873	0.833
47:00:48	22.7	0.766	0.795	0.876	0.861	0.866	0.896	0.870	0.848	0.889	0.793	0.837	0.700	0.847	0.850	0.893	1.004	0.923	1.063	0.925	0.881	0.927	0.774	0.809	0.853	0.890	1.140	0.914	0.967	0.977	0.953	0.984	0.925	0.918	0.909	0.880	0.889	0.886	0.993	0.947	0.961	0.978	0.970	0.966	0.876	0.972	0.873	0.907	0.882	0.825	0.973	1.014	0.970	0.957	0.044	0.939	0.929	0.917	0.901	0.889	0.854	0.858	0.644	0.946	0.990	0.939	0.965	0.939	0.986	0.942	0.905	0.897	0.865	0.876	0.869	0.988	0.877	0.897	0.967	0.863	0.929	0.918	0.895	0.883	0.867	0.806	0.834	0.881	0.852	0.932	0.816	0.824	0.894	0.906	0.896	0.883	0.830
48:00:48	22.7	0.736	0.784	0.857	0.865	0.868	0.906	0.865	0.868	0.895	0.802	0.842	0.711	0.847	0.850	0.902	1.006	0.932	1.065	0.933	0.890	0.917	0.772	0.811	0.846	0.898	1.142	0.916	0.968	0.978	0.955	0.986	0.927	0.925	0.910	0.878	0.890	0.877	0.986	0.945	0.962	0.979	0.971	0.972	0.876	0.977	0.875	0.906	0.879	0.821	0.974	1.013	0.972	0.955	0.044	0.941	0.929	0.922	0.910	0.891	0.859	0.860	0.651	0.942	0.991	0.935	0.965	0.938	0.983	0.946	0.905	0.899	0.873	0.875	0.870	0.973	0.875	0.898	0.975	0.867	0.934	0.924	0.905	0.885	0.875	0.804	0.835	0.880	0.859	0.935	0.818	0.829	0.886	0.901	0.897	0.879	0.830
49:00:50	22.7	0.725	0.782	0.850	0.857	0.875	0.898	0.861	0.858	0.898	0.782	0.835	0.714	0.852	0.839	0.938	1.016	0.933	1.070	0.940	0.892	0.929	0.777	0.807	0.837	0.896	1.143	0.919	0.975	0.982	0.957	0.983	0.932	0.919	0.907	0.880	0.894	0.876	0.988	0.944	0.970	0.977	0.968	0.965	0.881	0.980	0.869	0.910	0.891	0.823	0.968	1.009	0.970	0.955	0.044	0.935	0.929	0.918	0.908	0.894	0.862	0.855	0.659	0.942	0.996	0.938	0.965	0.939	0.983	0.944	0.907	0.910	0.874	0.868	0.875	1.003	0.878	0.904	0.970	0.868	0.931	0.924	0.903	0.885	0.881	0.801	0.835	0.878	0.849	0.934	0.818	0.831	0.888	0.899	0.894	0.874	0.834
50:00:51	22.6	0.682	0.777	0.840	0.853	0.878	0.882	0.850	0.869	0.886	0.786	0.790	0.708	0.863	0.835	0.938	1.019	0.939	1.078	0.947	0.894	0.930	0.785	0.814	0.835	0.895	1.145	0.917	0.975	0.986	0.957	0.982	0.929	0.924	0.909	0.883	0.896	0.879	0.990	0.941	0.971	0.979	0.971	0.968	0.884	0.975	0.873	0.915	0.899	0.827	0.969	1.011	0.979	0.960	0.044	0.938	0.929	0.921	0.911	0.896	0.865	0.845	0.664	0.940	0.999	0.944	0.966	0.941	0.984	0.944	0.906	0.907	0.873	0.866	0.874	1.026	0.879	0.903	0.971	0.869	0.929	0.924	0.904	0.886	0.885	0.794	0.833	0.878	0.853	0.940	0.820	0.829	0.890	0.899	0.896	0.874	0.832
51:00:52	22.5	0.699	0.785	0.835	0.851	0.888	0.881	0.849	0.884	0.886	0.779	0.757	0.725	0.863	0.837	0.940	0.999	0.936	1.068	0.958	0.903	0.926	0.787	0.815	0.841	0.892	1.140	0.922	0.974	0.990	0.955	0.991	0.930	0.922	0.905	0.885	0.895	0.871	0.990	0.942	0.969	0.976	0.978	0.967	0.886	0.972	0.875	0.915	0.904	0.835	0.968	1.008	0.976	0.955	0.044	0.938	0.925	0.922	0.911	0.897	0.871	0.838	0.667	0.939	0.991	0.938	0.966	0.939	0.983	0.947	0.906	0.913	0.884	0.859	0.869	1.004	0.880	0.901	0.970	0.869	0.935	0.922	0.907	0.888	0.884	0.790	0.827	0.880	0.849	0.933	0.827	0.832	0.890	0.894	0.890	0.879	0.831
52:00:52	22.4	0.746	0.775	0.818	0.847	0.883	0.865	0.843	0.891	0.885	0.798	0.751	0.702	0.862	0.837	0.934	0.990	0.931	1.064	0.951	0.894	0.927	0.790	0.812	0.835	0.894	1.142	0.927	0.976	0.990	0.955	0.987	0.920	0.922	0.905	0.890	0.897	0.861	0.994	0.940	0.968	0.975	0.979	0.967	0.890	0.974	0.877	0.909	0.908	0.834	0.969	1.004	0.983	0.954	0.044	0.937	0.921	0.918	0.907	0.898	0.878	0.837	0.667	0.932	0.992	0.942	0.970	0.938	0.979	0.943	0.908	0.911	0.877	0.857	0.870	1.027	0.880	0.895	0.974	0.867	0.938	0.924	0.907	0.891	0.880	0.786	0.823	0.872	0.853	0.921	0.823	0.826	0.885	0.886	0.896	0.877	0.825
53:00:54	22.3	0.805	0.786	0.817	0.849	0.881	0.863	0.851	0.913	0.920	0.803	0.747	0.715	0.860	0.839	0.936	0.992	0.929	1.056	0.953	0.892	0.932	0.791	0.807	0.822	0.893	1.142	0.931	0.978	0.991	0.952	0.982	0.915	0.924	0.905	0.892	0.899	0.858	0.991	0.945	0.968	0.973	0.983	0.967	0.893	0.971	0.883	0.915	0.904	0.838	0.969	1.006	0.985	0.956	0.044	0.936	0.919	0.922	0.910	0.902	0.876	0.841	0.667	0.934	0.993	0.941	0.971	0.942	0.973	0.949	0.916	0.911	0.887	0.844	0.863	1.014	0.884	0.897	0.972	0.872	0.939	0.924	0.909	0.894	0.881	0.787	0.809	0.868	0.850	0.885	0.829	0.828	0.885	0.878	0.904	0.882	0.823
54:00:55	22.5	0.856	0.777	0.811	0.847	0.885	0.861	0.857	0.937	0.908	0.800	0.709	0.734	0.861	0.838	0.926	0.988	0.928	1.056	0.954	0.888	0.931	0.792	0.817	0.808	0.886	1.139	0.931	0.978	0.984	0.950	0.978	0.910	0.925	0.904	0.896	0.896	0.872	0.991	0.942	0.967	0.974	0.982	0.969	0.896	0.969	0.887	0.915	0.904	0.845	0.968	1.007	0.984	0.954	0.044	0.937	0.915	0.925	0.912	0.909	0.882	0.846	0.666	0.931	0.994	0.939	0.975	0.946	0.965	0.949	0.917	0.912	0.887	0.838	0.859	1.009	0.880	0.894	0.970	0.865	0.936	0.928	0.910	0.894	0.878	0.779	0.805	0.858	0.858	0.889	0.824	0.827	0.886	0.878	0.897	0.882	0.821
55:00:54	22.6	0.853	0.769	0.801	0.835	0.882	0.851	0.851	0.948	0.889	0.802	0.696	0.743	0.865	0.831	0.935	0.983	0.927	1.051	0.948	0.885	0.926	0.798	0.829	0.803	0.881	1.141	0.933	0.974	0.991	0.955	0.981	0.906	0.918	0.899	0.903	0.892	0.877	0.989	0.939	0.969	0.970	0.983	0.967	0.894	0.969	0.885	0.916	0.901	0.850	0.967	1.001	0.983	0.948	0.044	0.938	0.912	0.918	0.909	0.908	0.881	0.861	0.663	0.927	0.987	0.941	0.969	0.947	0.962	0.944	0.914	0.916	0.881	0.831	0.853	1.010	0.881	0.895	0.966	0.871	0.937	0.926	0.907	0.896	0.873	0.771	0.794	0.849	0.856	0.881	0.814	0.823	0.878	0.875	0.883	0.878	0.820
56:00:56	22.7	0.877	0.747	0.789	0.832	0.877	0.855	0.851	0.950	0.869	0.785	0.712	0.751	0.865	0.833	0.947	0.982	0.926	1.049	0.948	0.884	0.933	0.804	0.830	0.803	0.872	1.135	0.933	0.976	0.984	0.948	0.979	0.896	0.923	0.900	0.904	0.889	0.869	0.988	0.938	0.967	0.968	0.983	0.975	0.893	0.968	0.889	0.918	0.897	0.854	0.964	1.003	0.986	0.947	0.044	0.938	0.909	0.918	0.908	0.907	0.880	0.855	0.663	0.923	0.991	0.936	0.970	0.946	0.963	0.945	0.914	0.922	0.877	0.836	0.858	0.996	0.879	0.890	0.969	0.869	0.931	0.927	0.906	0.897	0.866	0.769	0.791	0.845	0.866	0.862	0.807	0.819	0.882	0.872	0.882	0.876	0.813
57:00:56	22.6	0.899	0.750	0.789	0.830	0.869	0.851	0.863	0.913	0.872	0.721	0.705	0.751	0.863	0.836	0.940	0.990	0.922	1.041	0.958	0.885	0.931	0.812	0.836	0.805	0.873	1.132	0.936	0.978	0.978	0.948	0.971	0.901	0.926	0.915	0.915	0.880	0.862	0.982	0.935	0.966	0.966	0.984	0.966	0.890	0.968	0.886	0.926	0.895	0.861	0.959	1.010	0.985	0.946	0.044	0.934	0.904	0.916	0.906	0.912	0.873	0.873	0.659	0.916	0.995	0.934	0.970	0.947	0.955	0.941	0.919	0.925	0.869	0.838	0.854	0.976	0.875	0.886	0.968	0.871	0.930	0.920	0.907	0.901	0.861	0.763	0.790	0.833	0.854	0.849	0.806	0.816	0.879	0.867	0.880	0.874	0.807
58:00:58	22.7	0.886	0.759	0.792	0.828	0.856	0.832	0.869	0.899	0.847	0.721	0.695	0.737	0.876	0.830	0.955	0.974	0.921	1.049	0.949	0.879	0.928	0.810	0.834	0.799	0.874	1.131	0.934	0.974	0.986	0.951	0.968	0.892	0.920	0.902	0.911	0.873	0.853	0.981	0.932	0.961	0.965	0.987	0.963	0.887	0.966	0.888	0.923	0.894	0.860	0.955	1.001	0.987	0.945	0.044	0.936	0.903	0.911	0.905	0.908	0.869	0.871	0.656	0.914	0.984	0.939	0.967	0.943	0.964	0.940	0.914	0.925	0.865	0.834	0.850	0.970	0.875	0.890	0.961	0.868	0.923	0.919	0.902	0.898	0.855	0.758	0.787	0.847	0.835	0.843	0.807	0.818	0.880	0.871	0.877	0.879	0.805
59:00:58	22.6	0.874	0.782	0.806	0.861	0.855	0.839	0.855	0.926	0.880	0.781	0.701	0.740	0.855	0.821	0.919	0.990	0.914	1.020	0.951	0.870	0.929	0.825	0.838	0.806	0.888	1.121	0.934	0.968	0.984	0.947	0.970	0.890	0.910	0.902	0.909	0.885	0.854	0.984	0.925	0.953	0.963	0.984	0.957	0.888	0.961	0.894	0.926	0.901	0.859	0.950	0.997	0.968	0.941	0.044	0.941	0.898	0.913	0.906	0.916	0.860	0.891	0.646	0.906	0.975	0.928	0.965	0.950	0.950	0.934	0.917	0.925	0.863	0.862	0.847	0.971	0.876	0.886	0.954	0.868	0.922	0.913	0.910	0.910	0.856	0.748	0.801	0.861	0.826	0.848	0.810	0.811	0.881	0.872	0.879	0.864	0.796
60:01:00	22.5	0.918	0.819	0.798	0.850	0.848	0.835	0.862	0.937	0.886	0.718	0.681	0.732	0.849	0.822	0.902	0.981	0.913	1.021	0.938	0.875	0.930	0.828	0.837	0.785	0.889	1.122	0.931	0.966	0.983	0.943	0.965	0.883	0.914	0.900	0.912	0.864	0.880	0.984	0.922	0.958	0.959	0.983	0.952	0.885	0.959	0.890	0.926	0.889	0.861	0.943	1.003	0.972	0.940	0.044	0.933	0.897	0.908	0.905	0.914	0.873	0.884	0.641	0.903	0.968	0.927	0.959	0.944	0.945	0.933	0.919	0.921	0.868	0.860	0.848	0.973	0.871	0.887	0.955	0.863	0.919	0.915	0.903	0.905	0.854	0.747	0.800	0.864	0.820	0.849	0.806	0.804	0.884	0.869	0.879	0.871	0.789
61:01:01	22.5	0.853	0.829	0.809	0.834	0.860	0.858	0.833	0.948	0.865	0.698	0.690	0.732	0.863	0.812	0.889	0.986	0.897	0.987	0.938	0.875	0.908	0.830	0.845	0.782	0.879	1.127	0.942	0.963	0.971	0.944	0.955	0.885	0.899	0.901	0.921	0.855	0.868	0.989	0.916	0.941	0.956	0.982	0.929	0.881	0.957	0.891	0.935	0.891	0.851	0.933	0.991	0.962	0.935	0.044	0.933	0.892	0.905	0.907	0.909	0.856	0.883	0.636	0.896	0.968	0.922	0.961	0.948	0.935	0.930	0.918	0.928	0.848	0.883	0.843	0.940	0.874	0.878	0.951	0.863	0.922	0.908	0.916	0.915	0.848	0.735	0.811	0.871	0.820	0.833	0.808	0.801	0.883	0.867	0.875	0.861	0.785
62:01:02	22.4	1.002	0.768	0.773	0.814	0.833	0.816	0.864	0.897	0.883	0.762	0.698	0.705	0.859	0.808	0.893	0.966	0.893	1.024	0.934	0.871	0.913	0.827	0.833	0.773	0.901	1.110	0.933	0.959	0.978	0.946	0.947	0.888	0.924	0.905	0.919	0.833	0.860	0.986	0.924	0.952	0.954	0.980	0.950	0.876	0.954	0.888	0.928	0.863	0.854	0.925	1.001	0.981	0.937	0.044	0.926	0.881	0.902	0.905	0.910	0.862	0.881	0.638	0.894	0.964	0.936	0.955	0.939	0.939	0.925	0.916	0.924	0.828	0.855	0.843	0.945	0.867	0.879	0.948	0.857	0.916	0.913	0.901	0.902	0.832	0.731	0.796	0.861	0.808	0.848	0.818	0.796	0.878	0.863	0.872	0.861	0.790
63:01:03	22.3	0.932	0.775	0.777	0.831	0.836	0.841	0.860	0.893	0.877	0.744	0.705	0.703	0.858	0.810	0.855	0.969	0.892	0.993	0.930	0.866	0.907	0.829	0.843	0.745	0.909	1.110	0.938	0.957	0.975	0.943	0.944	0.883	0.918	0.912	0.921	0.823	0.858	0.986	0.922	0.943	0.952	0.981	0.937	0.875	0.951	0.887	0.932	0.868	0.847	0.924	0.995	0.977	0.935	0.044	0.928	0.879	0.902	0.904	0.907	0.857	0.890	0.635	0.890	0.959	0.932	0.955	0.942	0.928	0.925	0.917	0.928	0.835	0.873	0.842	0.940	0.868	0.876	0.945	0.855	0.916	0.908	0.898	0.904	0.834	0.726	0.795	0.861	0.834	0.837	0.813	0.791	0.877	0.861	0.873	0.864	0.787
64:01:04	22.4	0.959	0.764	0.770	0.819	0.830	0.867	0.843	0.876	0.850	0.715	0.764	0.686	0.866	0.820	0.849	0.968	0.888	0.998	0.924	0.870	0.904	0.829	0.848	0.774	0.912	1.104	0.938	0.955	0.975	0.946	0.946	0.885	0.922	0.910	0.919	0.829	0.840	0.983	0.923	0.945	0.949	0.982	0.939	0.875	0.950	0.888	0.931	0.826	0.848	0.918	0.984	0.978	0.932	0.044	0.927	0.875	0.897	0.902	0.905	0.839	0.884	0.632	0.890	0.959	0.932	0.949	0.939	0.921	0.925	0.913	0.928	0.801	0.871	0.841	0.934	0.870	0.874	0.944	0.855	0.912	0.904	0.896	0.900	0.826	0.716	0.793	0.868	0.824	0.840	0.816	0.791	0.874	0.855	0.861	0.858	0.787
65:01:04	22.5	0.952	0.756	0.770	0.823	0.843	0.893	0.854	0.894	0.862	0.716	0.756	0.693	0.871	0.829	0.867	0.965	0.886	0.974	0.925	0.867	0.896	0.832	0.851	0.771	0.906	1.101	0.937	0.954	0.965	0.941	0.945	0.879	0.910	0.922	0.929	0.822	0.825	0.980	0.923	0.945	0.942	0.976	0.926	0.875	0.948	0.885	0.936	0.821	0.849	0.914	0.986	0.977	0.933	0.044	0.924	0.873	0.893	0.898	0.905	0.839	0.866	0.628	0.888	0.959	0.930	0.952	0.939	0.916	0.922	0.914	0.937	0.799	0.865	0.843	0.937	0.868	0.869	0.947	0.855	0.914	0.907	0.894	0.902	0.824	0.709	0.787	0.872	0.820	0.834	0.812	0.790	0.872	0.848	0.867	0.854	0.784
66:01:05	22.6	0.958	0.736	0.775	0.815	0.854	0.882	0.790	0.912	0.863	0.712	0.781	0.700	0.860	0.813	0.888	0.969	0.878	0.954	0.927	0.868	0.892	0.845	0.845	0.794	0.890	1.097	0.934	0.954	0.960	0.936	0.943	0.879	0.910	0.919	0.935	0.803	0.826	0.983	0.919	0.940	0.940	0.975	0.919	0.879	0.943	0.884	0.935	0.803	0.844	0.910	0.978	0.970	0.927	0.044	0.920	0.871	0.891	0.898	0.906	0.829	0.856	0.626	0.887	0.954	0.928	0.947	0.939	0.905	0.919	0.909	0.935	0.790	0.862	0.838	0.935	0.867	0.869	0.944	0.854	0.912	0.899	0.898	0.898	0.813	0.700	0.785	0.863	0.806	0.831	0.815	0.795	0.869	0.844	0.856	0.852	0.785
67:01:05	22.7	0.926	0.737	0.778	0.820	0.882	0.839	0.801	0.884	0.837	0.750	0.771	0.694	0.875	0.811	0.902	0.962	0.879	0.950	0.920	0.871	0.887	0.827	0.858	0.793	0.888	1.107	0.932	0.951	0.963	0.936	0.945	0.881	0.908	0.917	0.939	0.804	0.819	0.979	0.920	0.936	0.943	0.977	0.922	0.874	0.946	0.886	0.935	0.807	0.844	0.909	0.978	0.971	0.930	0.044	0.924	0.872	0.894	0.900	0.907	0.828	0.856	0.625	0.890	0.954	0.925	0.947	0.938	0.909	0.920	0.913	0.934	0.785	0.861	0.842	0.931	0.870	0.871	0.938	0.851	0.909	0.904	0.894	0.897	0.815	0.696	0.788	0.859	0.812	0.831	0.798	0.796	0.868	0.841	0.850	0.844	0.782
68:01:06	22.8	0.907	0.720	0.792	0.825	0.897	0.841	0.804	0.873	0.840	0.701	0.782	0.683	0.861	0.818	0.901	0.963	0.861	0.918	0.922	0.862	0.892	0.832	0.868	0.775	0.875	1.101	0.951	0.950	0.955	0.928	0.939	0.885	0.895	0.921	0.941	0.792	0.803	0.979	0.914	0.931	0.940	0.974	0.905	0.874	0.940	0.886	0.938	0.802	0.841	0.901	0.964	0.964	0.925	0.044	0.916	0.874	0.891	0.897	0.908	0.833	0.849	0.620	0.887	0.946	0.922	0.943	0.940	0.900	0.917	0.906	0.932	0.795	0.867	0.839	0.930	0.873	0.868	0.941	0.851	0.911	0.902	0.907	0.899	0.805	0.689	0.785	0.854	0.821	0.833	0.797	0.786	0.863	0.845	0.853	0.842	0.783
69:01:08	22.8	0.910	0.705	0.777	0.797	0.850	0.777	0.730	0.788	0.755	0.736	0.770	0.736	0.793	0.815	0.897	0.962	0.863	0.929	0.933	0.882	0.894	0.828	0.845	0.815	0.854	1.098	0.944	0.949	0.955	0.929	0.943	0.889	0.908	0.924	0.941	0.768	0.802	0.970	0.915	0.931	0.933	0.969	0.912	0.875	0.940	0.885	0.936	0.789	0.792	0.894	0.960	0.965	0.929	0.044	0.909	0.864	0.886	0.900	0.908	0.800	0.848	0.618	0.880	0.948	0.925	0.939	0.935	0.893	0.915	0.909	0.933	0.786	0.856	0.835	0.921	0.872	0.865	0.941	0.846	0.908	0.898	0.897	0.894	0.810	0.686	0.784	0.861	0.811	0.827	0.788	0.788	0.853	0.827	0.846	0.838	0.776
70:01:09	22.6	0.883	0.687	0.820	0.827	0.901	0.805	0.768	0.810	0.756	0.704	0.750	0.690	0.822	0.844	0.904	0.958	0.840	0.898	0.923	0.862	0.901	0.872	0.872	0.757	0.846	1.095	0.998	0.944	0.950	0.921	0.936	0.881	0.884	0.917	0.948	0.768	0.806	0.975	0.904	0.923	0.936	0.970	0.899	0.886	0.940	0.884	0.944	0.798	0.813	0.891	0.949	0.956	0.921	0.044	0.911	0.872	0.892	0.896	0.916	0.828	0.832	0.617	0.880	0.938	0.917	0.937	0.938	0.888	0.914	0.901	0.930	0.790	0.851	0.835	0.922	0.875	0.866	0.935	0.845	0.906	0.893	0.907	0.906	0.802	0.679	0.775	0.836	0.831	0.827	0.789	0.786	0.857	0.844	0.851	0.841	0.776
71:01:09	22.5	0.885	0.699	0.798	0.798	0.886	0.775	0.742	0.744	0.742	0.722	0.739	0.705	0.795	0.838	0.893	0.951	0.854	0.909	0.925	0.879	0.892	0.848	0.854	0.779	0.857	1.096	0.922	0.941	0.955	0.928	0.939	0.887	0.901	0.917	0.949	0.760	0.808	0.973	0.906	0.924	0.936	0.972	0.907	0.879	0.937	0.888	0.942	0.783	0.795	0.890	0.947	0.967	0.925	0.044	0.913	0.863	0.890	0.901	0.906	0.800	0.835	0.612	0.883	0.939	0.924	0.936	0.931	0.889	0.912	0.911	0.932	0.782	0.847	0.838	0.913	0.878	0.868	0.927	0.845	0.896	0.891	0.894	0.900	0.805	0.676	0.771	0.842	0.828	0.835	0.772	0.794	0.855	0.842	0.838	0.830	0.769
72:01:11	22.3	0.878	0.695	0.789	0.795	0.878	0.736	0.749	0.742	0.726	0.688	0.731	0.697	0.798	0.845	0.889	0.950	0.843	0.889	0.932	0.884	0.914	0.854	0.856	0.797	0.859	1.097	0.933	0.939	0.950	0.923	0.931	0.886	0.893	0.922	0.955	0.763	0.803	0.965	0.898	0.921	0.934	0.967	0.899	0.882	0.931	0.883	0.940	0.780	0.793	0.885	0.939	0.956	0.920	0.044	0.906	0.865	0.884	0.901	0.909	0.800	0.825	0.606	0.877	0.931	0.916	0.932	0.927	0.889	0.909	0.907	0.925	0.782	0.837	0.841	0.898	0.877	0.862	0.930	0.845	0.896	0.890	0.898	0.902	0.806	0.670	0.766	0.835	0.824	0.829	0.773	0.787	0.863	0.844	0.839	0.828	0.765

