Time	T° 600	A1	A2	A3	A4	A5	A6	A7	A8	A9	A10	A11	A12	B1	B2	B3	B4	B5	B6	B7	B8	B9	B10	B11	B12	C1	C2	C3	C4	C5	C6	C7	C8	C9	C10	C11	C12	D1	D2	D3	D4	D5	D6	D7	D8	D9	D10	D11	D12	E1	E2	E3	E4	E5	E6	E7	E8	E9	E10	E11	E12	F1	F2	F3	F4	F5	F6	F7	F8	F9	F10	F11	F12	G1	G2	G3	G4	G5	G6	G7	G8	G9	G10	G11	G12	H1	H2	H3	H4	H5	H6	H7	H8	H9	H10	H11	H12
0:00:06	21.1	0.045	0.043	0.048	0.049	0.056	0.047	0.044	0.044	0.047	0.047	0.047	0.046	0.043	0.043	0.044	0.047	0.054	0.047	0.044	0.045	0.046	0.049	0.053	0.048	0.050	0.043	0.044	0.044	0.048	0.046	0.044	0.045	0.045	0.050	0.046	0.047	0.044	0.043	0.044	0.044	0.043	0.045	0.046	0.047	0.044	0.047	0.045	0.046	0.052	0.048	0.044	0.049	0.047	0.046	0.048	0.046	0.044	0.043	0.044	0.044	0.045	0.052	0.048	0.047	0.047	0.044	0.045	0.046	0.044	0.052	0.047	0.044	0.047	0.048	0.048	0.045	0.045	0.045	0.044	0.060	0.049	0.044	0.047	0.045	0.044	0.050	0.053	0.046	0.044	0.044	0.048	0.048	0.047	0.049	0.045	0.045
1:00:05	21.9	0.046	0.044	0.049	0.050	0.058	0.048	0.045	0.045	0.048	0.048	0.048	0.047	0.045	0.045	0.045	0.048	0.055	0.048	0.045	0.046	0.047	0.050	0.054	0.049	0.054	0.045	0.045	0.045	0.049	0.047	0.045	0.046	0.047	0.050	0.047	0.048	0.045	0.044	0.045	0.045	0.045	0.045	0.047	0.048	0.045	0.048	0.046	0.047	0.052	0.050	0.045	0.050	0.048	0.047	0.048	0.046	0.045	0.044	0.045	0.045	0.046	0.053	0.049	0.047	0.048	0.045	0.046	0.047	0.045	0.053	0.047	0.045	0.048	0.049	0.050	0.047	0.047	0.046	0.046	0.062	0.050	0.045	0.048	0.046	0.045	0.051	0.054	0.048	0.045	0.046	0.049	0.049	0.048	0.050	0.046	0.046
2:00:06	22.4	0.048	0.046	0.051	0.051	0.060	0.049	0.046	0.046	0.049	0.049	0.050	0.049	0.046	0.046	0.047	0.050	0.056	0.048	0.046	0.047	0.048	0.051	0.055	0.050	0.055	0.046	0.046	0.047	0.050	0.049	0.047	0.048	0.049	0.051	0.048	0.049	0.046	0.046	0.046	0.046	0.046	0.047	0.047	0.049	0.046	0.049	0.048	0.048	0.052	0.051	0.046	0.051	0.049	0.048	0.050	0.047	0.047	0.045	0.047	0.047	0.047	0.054	0.050	0.048	0.049	0.047	0.048	0.048	0.046	0.054	0.050	0.046	0.050	0.050	0.051	0.048	0.048	0.047	0.047	0.064	0.051	0.047	0.049	0.046	0.047	0.053	0.055	0.049	0.047	0.047	0.050	0.051	0.049	0.051	0.048	0.048
3:00:08	22.6	0.049	0.048	0.052	0.053	0.062	0.051	0.048	0.048	0.050	0.051	0.052	0.051	0.049	0.048	0.048	0.051	0.057	0.050	0.048	0.049	0.050	0.053	0.056	0.052	0.056	0.048	0.048	0.048	0.053	0.050	0.048	0.050	0.051	0.053	0.051	0.052	0.048	0.048	0.048	0.048	0.048	0.049	0.048	0.051	0.048	0.051	0.050	0.052	0.054	0.053	0.048	0.053	0.051	0.051	0.051	0.048	0.049	0.046	0.049	0.049	0.049	0.056	0.054	0.049	0.051	0.049	0.050	0.050	0.048	0.055	0.053	0.049	0.052	0.052	0.053	0.050	0.050	0.049	0.049	0.066	0.052	0.049	0.051	0.047	0.049	0.055	0.056	0.050	0.049	0.049	0.052	0.053	0.052	0.054	0.050	0.050
4:00:10	22.6	0.050	0.051	0.056	0.056	0.065	0.055	0.052	0.051	0.053	0.054	0.055	0.055	0.052	0.052	0.053	0.054	0.060	0.053	0.052	0.053	0.053	0.056	0.059	0.057	0.058	0.051	0.052	0.051	0.056	0.053	0.051	0.053	0.054	0.056	0.055	0.056	0.053	0.051	0.052	0.051	0.052	0.052	0.049	0.054	0.051	0.054	0.053	0.054	0.056	0.056	0.052	0.057	0.055	0.054	0.055	0.051	0.052	0.048	0.053	0.053	0.052	0.059	0.055	0.052	0.055	0.052	0.054	0.052	0.052	0.057	0.056	0.052	0.055	0.055	0.056	0.052	0.053	0.053	0.052	0.069	0.056	0.052	0.054	0.048	0.052	0.059	0.058	0.053	0.052	0.052	0.056	0.056	0.055	0.057	0.054	0.053
5:00:11	22.5	0.051	0.055	0.060	0.060	0.070	0.060	0.057	0.057	0.058	0.058	0.059	0.061	0.058	0.056	0.058	0.059	0.065	0.059	0.058	0.058	0.058	0.061	0.064	0.063	0.061	0.054	0.056	0.055	0.060	0.056	0.056	0.057	0.058	0.061	0.060	0.061	0.057	0.057	0.057	0.056	0.057	0.058	0.049	0.058	0.056	0.059	0.059	0.059	0.059	0.061	0.055	0.061	0.061	0.059	0.059	0.055	0.057	0.050	0.059	0.058	0.057	0.065	0.059	0.057	0.059	0.057	0.059	0.057	0.057	0.061	0.061	0.058	0.059	0.060	0.060	0.056	0.057	0.057	0.057	0.073	0.059	0.057	0.059	0.050	0.057	0.063	0.062	0.058	0.057	0.056	0.061	0.060	0.060	0.063	0.058	0.059
6:00:12	22.5	0.051	0.059	0.066	0.065	0.075	0.066	0.062	0.063	0.062	0.064	0.065	0.067	0.062	0.061	0.063	0.064	0.068	0.064	0.064	0.064	0.063	0.067	0.069	0.069	0.065	0.059	0.062	0.060	0.065	0.060	0.060	0.062	0.064	0.066	0.065	0.067	0.062	0.063	0.063	0.062	0.062	0.064	0.048	0.062	0.061	0.066	0.064	0.065	0.062	0.065	0.060	0.066	0.067	0.064	0.064	0.058	0.061	0.052	0.065	0.064	0.062	0.070	0.064	0.061	0.064	0.063	0.065	0.061	0.063	0.065	0.066	0.063	0.062	0.065	0.065	0.060	0.061	0.062	0.063	0.077	0.063	0.062	0.065	0.052	0.061	0.067	0.065	0.061	0.061	0.061	0.066	0.064	0.066	0.069	0.064	0.064
15:00:06	22.4	0.054	0.166	0.215	0.204	0.220	0.209	0.209	0.203	0.199	0.222	0.235	0.228	0.225	0.197	0.224	0.203	0.203	0.199	0.210	0.215	0.215	0.207	0.220	0.246	0.173	0.185	0.208	0.199	0.213	0.173	0.210	0.185	0.209	0.220	0.220	0.233	0.228	0.216	0.203	0.213	0.198	0.206	0.050	0.172	0.201	0.202	0.214	0.228	0.215	0.228	0.195	0.222	0.227	0.230	0.198	0.174	0.220	0.062	0.224	0.242	0.241	0.227	0.189	0.203	0.210	0.205	0.218	0.173	0.198	0.165	0.232	0.230	0.244	0.255	0.212	0.215	0.199	0.204	0.233	0.195	0.205	0.212	0.241	0.154	0.238	0.223	0.209	0.236	0.228	0.207	0.229	0.237	0.208	0.247	0.233	0.265
16:00:04	22.4	0.054	0.210	0.258	0.256	0.278	0.266	0.267	0.263	0.265	0.284	0.293	0.289	0.279	0.261	0.282	0.260	0.278	0.253	0.273	0.283	0.279	0.260	0.301	0.320	0.230	0.240	0.264	0.255	0.278	0.222	0.270	0.249	0.270	0.291	0.287	0.312	0.272	0.279	0.264	0.276	0.258	0.268	0.051	0.244	0.253	0.254	0.273	0.290	0.248	0.278	0.255	0.279	0.296	0.300	0.256	0.245	0.294	0.070	0.286	0.311	0.281	0.300	0.257	0.284	0.276	0.268	0.290	0.235	0.254	0.211	0.305	0.304	0.288	0.312	0.278	0.272	0.266	0.269	0.300	0.264	0.261	0.274	0.329	0.176	0.260	0.255	0.276	0.309	0.296	0.277	0.304	0.285	0.277	0.323	0.309	0.324
17:00:05	22.6	0.053	0.237	0.288	0.297	0.322	0.302	0.308	0.300	0.329	0.331	0.338	0.335	0.299	0.301	0.327	0.298	0.340	0.290	0.315	0.332	0.322	0.300	0.363	0.370	0.270	0.278	0.306	0.292	0.329	0.264	0.313	0.294	0.311	0.339	0.339	0.367	0.301	0.322	0.310	0.321	0.303	0.312	0.051	0.299	0.297	0.295	0.319	0.338	0.262	0.307	0.296	0.316	0.346	0.353	0.299	0.302	0.344	0.079	0.333	0.361	0.307	0.353	0.305	0.342	0.319	0.314	0.346	0.293	0.297	0.243	0.358	0.356	0.322	0.348	0.327	0.312	0.315	0.311	0.347	0.322	0.306	0.323	0.389	0.193	0.266	0.262	0.332	0.365	0.347	0.324	0.350	0.303	0.332	0.372	0.362	0.361
18:00:05	22.8	0.051	0.255	0.299	0.316	0.347	0.326	0.334	0.326	0.368	0.356	0.373	0.350	0.312	0.332	0.348	0.324	0.383	0.317	0.345	0.365	0.359	0.337	0.401	0.383	0.288	0.302	0.334	0.313	0.365	0.302	0.339	0.331	0.334	0.356	0.378	0.392	0.306	0.346	0.347	0.354	0.336	0.350	0.050	0.331	0.336	0.330	0.358	0.366	0.266	0.321	0.325	0.342	0.384	0.383	0.326	0.347	0.376	0.086	0.371	0.383	0.307	0.392	0.336	0.375	0.350	0.350	0.385	0.341	0.334	0.262	0.396	0.380	0.338	0.355	0.359	0.340	0.343	0.344	0.376	0.368	0.345	0.362	0.426	0.205	0.255	0.261	0.371	0.386	0.374	0.353	0.369	0.300	0.376	0.386	0.385	0.353
19:00:07	23.2	0.050	0.272	0.306	0.325	0.362	0.338	0.347	0.339	0.401	0.377	0.393	0.356	0.311	0.353	0.358	0.345	0.414	0.335	0.367	0.388	0.386	0.361	0.424	0.390	0.297	0.322	0.354	0.334	0.393	0.334	0.357	0.358	0.352	0.367	0.404	0.408	0.302	0.363	0.372	0.376	0.358	0.375	0.050	0.352	0.364	0.353	0.382	0.382	0.260	0.327	0.344	0.358	0.413	0.410	0.344	0.381	0.398	0.092	0.394	0.398	0.305	0.426	0.360	0.397	0.370	0.376	0.407	0.379	0.360	0.280	0.420	0.394	0.341	0.369	0.382	0.357	0.362	0.365	0.399	0.400	0.371	0.388	0.453	0.209	0.240	0.258	0.398	0.397	0.392	0.367	0.378	0.291	0.402	0.394	0.399	0.352
20:00:08	22.9	0.050	0.289	0.309	0.336	0.363	0.340	0.356	0.342	0.413	0.390	0.411	0.359	0.305	0.362	0.372	0.354	0.430	0.341	0.376	0.403	0.399	0.378	0.442	0.396	0.303	0.331	0.365	0.343	0.407	0.359	0.371	0.376	0.365	0.380	0.422	0.424	0.297	0.376	0.384	0.391	0.370	0.386	0.050	0.371	0.382	0.367	0.399	0.398	0.251	0.321	0.353	0.364	0.432	0.431	0.356	0.406	0.416	0.099	0.409	0.418	0.298	0.443	0.373	0.419	0.380	0.387	0.425	0.405	0.373	0.300	0.441	0.411	0.337	0.372	0.394	0.364	0.374	0.372	0.412	0.420	0.380	0.400	0.475	0.209	0.233	0.260	0.414	0.406	0.407	0.381	0.388	0.294	0.418	0.412	0.413	0.356
21:00:09	22.7	0.050	0.302	0.310	0.340	0.369	0.349	0.358	0.355	0.432	0.401	0.425	0.362	0.302	0.371	0.379	0.363	0.441	0.348	0.384	0.416	0.417	0.396	0.458	0.402	0.306	0.337	0.373	0.349	0.419	0.377	0.386	0.391	0.377	0.396	0.439	0.433	0.290	0.384	0.392	0.400	0.378	0.396	0.049	0.388	0.400	0.382	0.416	0.411	0.247	0.319	0.360	0.371	0.447	0.448	0.365	0.425	0.434	0.104	0.425	0.422	0.290	0.456	0.383	0.436	0.387	0.396	0.438	0.429	0.386	0.309	0.456	0.423	0.336	0.372	0.406	0.371	0.384	0.378	0.424	0.441	0.391	0.417	0.489	0.210	0.228	0.265	0.421	0.406	0.418	0.391	0.395	0.293	0.436	0.420	0.421	0.355
22:00:10	22.6	0.050	0.302	0.305	0.338	0.368	0.355	0.359	0.362	0.434	0.406	0.436	0.357	0.293	0.383	0.378	0.373	0.454	0.357	0.393	0.426	0.432	0.411	0.465	0.402	0.308	0.344	0.383	0.357	0.428	0.393	0.397	0.403	0.387	0.398	0.449	0.434	0.282	0.393	0.402	0.408	0.389	0.407	0.049	0.395	0.414	0.396	0.429	0.413	0.246	0.320	0.370	0.377	0.459	0.464	0.374	0.444	0.446	0.109	0.439	0.426	0.283	0.468	0.392	0.445	0.395	0.405	0.448	0.450	0.399	0.310	0.469	0.425	0.328	0.373	0.414	0.380	0.392	0.386	0.438	0.454	0.402	0.431	0.498	0.211	0.221	0.265	0.425	0.402	0.422	0.399	0.396	0.288	0.450	0.418	0.424	0.348
23:00:11	22.5	0.050	0.300	0.302	0.340	0.366	0.354	0.357	0.363	0.438	0.407	0.442	0.345	0.287	0.389	0.379	0.383	0.461	0.365	0.400	0.433	0.441	0.419	0.469	0.395	0.305	0.353	0.390	0.364	0.438	0.399	0.401	0.412	0.393	0.396	0.460	0.432	0.269	0.400	0.410	0.417	0.396	0.417	0.049	0.395	0.425	0.405	0.439	0.414	0.241	0.318	0.373	0.385	0.470	0.475	0.380	0.454	0.452	0.113	0.447	0.423	0.276	0.478	0.399	0.450	0.400	0.413	0.456	0.467	0.409	0.309	0.475	0.427	0.321	0.373	0.423	0.387	0.391	0.393	0.450	0.464	0.411	0.440	0.499	0.211	0.216	0.262	0.425	0.396	0.428	0.406	0.396	0.283	0.460	0.413	0.425	0.338
24:00:12	22.5	0.049	0.302	0.300	0.340	0.361	0.352	0.353	0.372	0.442	0.406	0.443	0.334	0.277	0.397	0.377	0.393	0.471	0.371	0.404	0.441	0.451	0.428	0.475	0.389	0.303	0.360	0.396	0.373	0.444	0.406	0.405	0.416	0.399	0.391	0.463	0.429	0.260	0.406	0.419	0.424	0.403	0.423	0.049	0.395	0.434	0.413	0.446	0.416	0.240	0.315	0.378	0.392	0.477	0.485	0.386	0.460	0.458	0.117	0.454	0.418	0.267	0.486	0.406	0.456	0.407	0.420	0.460	0.479	0.418	0.305	0.480	0.421	0.309	0.371	0.432	0.393	0.395	0.397	0.456	0.470	0.419	0.447	0.501	0.211	0.210	0.256	0.425	0.390	0.428	0.409	0.391	0.276	0.468	0.411	0.423	0.333
25:00:12	22.4	0.049	0.304	0.299	0.344	0.358	0.349	0.345	0.368	0.441	0.397	0.435	0.320	0.272	0.398	0.374	0.396	0.470	0.378	0.407	0.446	0.456	0.432	0.472	0.377	0.300	0.363	0.402	0.379	0.452	0.412	0.407	0.425	0.399	0.383	0.473	0.420	0.250	0.405	0.424	0.431	0.409	0.430	0.049	0.391	0.442	0.420	0.452	0.408	0.240	0.311	0.379	0.396	0.478	0.489	0.387	0.463	0.464	0.121	0.461	0.409	0.260	0.497	0.407	0.456	0.411	0.426	0.465	0.493	0.427	0.299	0.486	0.416	0.299	0.366	0.436	0.396	0.386	0.404	0.463	0.473	0.426	0.453	0.502	0.213	0.206	0.251	0.419	0.380	0.427	0.407	0.388	0.273	0.478	0.408	0.419	0.327
26:00:13	22.4	0.049	0.290	0.295	0.345	0.350	0.344	0.332	0.362	0.421	0.382	0.413	0.292	0.261	0.396	0.359	0.394	0.457	0.383	0.404	0.445	0.459	0.436	0.454	0.356	0.285	0.353	0.402	0.384	0.448	0.415	0.389	0.429	0.388	0.363	0.468	0.395	0.236	0.393	0.431	0.430	0.411	0.440	0.048	0.373	0.448	0.424	0.445	0.386	0.237	0.304	0.374	0.390	0.473	0.483	0.381	0.456	0.456	0.123	0.463	0.381	0.246	0.502	0.396	0.436	0.408	0.433	0.454	0.502	0.438	0.275	0.473	0.388	0.283	0.344	0.431	0.391	0.370	0.413	0.458	0.474	0.433	0.461	0.487	0.213	0.202	0.236	0.395	0.350	0.406	0.387	0.369	0.255	0.477	0.378	0.389	0.297
27:00:14	22.4	0.049	0.293	0.288	0.340	0.332	0.336	0.320	0.362	0.420	0.379	0.418	0.287	0.252	0.398	0.361	0.399	0.471	0.391	0.408	0.454	0.465	0.441	0.458	0.350	0.283	0.366	0.414	0.392	0.463	0.423	0.393	0.437	0.396	0.359	0.480	0.396	0.229	0.401	0.439	0.436	0.417	0.446	0.049	0.375	0.461	0.431	0.459	0.390	0.237	0.287	0.376	0.397	0.482	0.499	0.388	0.466	0.465	0.128	0.473	0.383	0.240	0.521	0.395	0.444	0.415	0.441	0.463	0.509	0.445	0.280	0.491	0.395	0.271	0.336	0.441	0.404	0.360	0.418	0.469	0.482	0.443	0.468	0.492	0.218	0.199	0.228	0.385	0.338	0.404	0.394	0.371	0.254	0.485	0.386	0.402	0.302
28:00:15	22.5	0.049	0.300	0.288	0.334	0.335	0.336	0.320	0.362	0.419	0.370	0.410	0.287	0.258	0.406	0.357	0.407	0.473	0.405	0.413	0.462	0.474	0.456	0.450	0.348	0.285	0.377	0.428	0.402	0.472	0.434	0.398	0.445	0.396	0.349	0.493	0.392	0.233	0.407	0.450	0.447	0.423	0.453	0.049	0.375	0.469	0.440	0.464	0.390	0.250	0.289	0.381	0.405	0.483	0.510	0.396	0.468	0.470	0.132	0.481	0.382	0.239	0.536	0.399	0.448	0.424	0.454	0.467	0.521	0.453	0.277	0.494	0.389	0.269	0.336	0.454	0.414	0.358	0.434	0.472	0.494	0.452	0.472	0.489	0.220	0.200	0.230	0.386	0.334	0.403	0.394	0.369	0.254	0.492	0.385	0.400	0.300
29:00:16	22.4	0.049	0.300	0.285	0.326	0.332	0.331	0.315	0.360	0.418	0.363	0.399	0.281	0.254	0.400	0.347	0.406	0.466	0.413	0.415	0.466	0.478	0.460	0.445	0.342	0.279	0.376	0.439	0.414	0.471	0.442	0.393	0.451	0.392	0.338	0.503	0.385	0.232	0.404	0.458	0.450	0.429	0.467	0.049	0.367	0.480	0.453	0.471	0.384	0.261	0.285	0.379	0.409	0.487	0.520	0.401	0.471	0.472	0.136	0.491	0.374	0.235	0.538	0.402	0.437	0.428	0.462	0.466	0.530	0.467	0.266	0.493	0.383	0.257	0.324	0.457	0.419	0.345	0.443	0.472	0.496	0.462	0.485	0.487	0.226	0.198	0.226	0.385	0.320	0.394	0.382	0.363	0.254	0.505	0.379	0.397	0.293
30:00:17	22.3	0.049	0.295	0.288	0.323	0.332	0.328	0.312	0.357	0.421	0.359	0.390	0.276	0.257	0.403	0.340	0.411	0.465	0.425	0.416	0.467	0.483	0.468	0.444	0.335	0.282	0.383	0.447	0.422	0.477	0.450	0.387	0.459	0.395	0.335	0.508	0.377	0.235	0.405	0.465	0.452	0.438	0.478	0.049	0.366	0.489	0.468	0.479	0.379	0.279	0.284	0.382	0.417	0.489	0.530	0.401	0.471	0.474	0.140	0.504	0.369	0.234	0.543	0.402	0.432	0.438	0.477	0.466	0.540	0.478	0.265	0.496	0.376	0.253	0.319	0.462	0.425	0.341	0.457	0.472	0.506	0.472	0.491	0.486	0.234	0.198	0.226	0.382	0.309	0.384	0.372	0.361	0.256	0.514	0.374	0.393	0.287
31:00:18	22.3	0.048	0.303	0.294	0.324	0.333	0.321	0.308	0.358	0.422	0.350	0.375	0.271	0.260	0.405	0.334	0.415	0.456	0.433	0.415	0.472	0.493	0.488	0.439	0.327	0.282	0.385	0.456	0.432	0.477	0.456	0.384	0.465	0.395	0.335	0.512	0.369	0.238	0.397	0.478	0.458	0.444	0.492	0.049	0.361	0.496	0.473	0.484	0.372	0.285	0.284	0.381	0.424	0.495	0.537	0.399	0.478	0.474	0.142	0.512	0.365	0.234	0.547	0.402	0.427	0.438	0.489	0.464	0.551	0.491	0.255	0.492	0.366	0.247	0.313	0.465	0.434	0.334	0.466	0.473	0.526	0.483	0.495	0.477	0.243	0.201	0.226	0.385	0.301	0.378	0.364	0.360	0.255	0.526	0.369	0.384	0.283
32:00:20	22.3	0.048	0.315	0.298	0.331	0.329	0.313	0.304	0.354	0.423	0.341	0.359	0.266	0.262	0.404	0.330	0.418	0.452	0.438	0.415	0.467	0.492	0.492	0.434	0.314	0.283	0.386	0.461	0.442	0.475	0.463	0.377	0.467	0.391	0.336	0.513	0.360	0.246	0.396	0.487	0.459	0.442	0.500	0.049	0.357	0.503	0.482	0.481	0.365	0.284	0.290	0.380	0.426	0.497	0.534	0.399	0.478	0.468	0.144	0.520	0.364	0.233	0.541	0.399	0.417	0.439	0.500	0.457	0.557	0.496	0.247	0.490	0.357	0.243	0.310	0.466	0.442	0.334	0.467	0.471	0.537	0.497	0.501	0.466	0.250	0.206	0.224	0.383	0.297	0.373	0.359	0.363	0.261	0.528	0.367	0.377	0.288
33:00:20	22.3	0.049	0.322	0.314	0.339	0.339	0.307	0.316	0.353	0.425	0.344	0.357	0.279	0.271	0.415	0.329	0.424	0.459	0.452	0.421	0.474	0.495	0.502	0.431	0.305	0.289	0.394	0.474	0.453	0.479	0.473	0.380	0.478	0.399	0.348	0.525	0.368	0.259	0.395	0.498	0.468	0.450	0.507	0.049	0.360	0.512	0.487	0.493	0.365	0.286	0.305	0.384	0.434	0.504	0.543	0.406	0.487	0.474	0.145	0.526	0.372	0.236	0.542	0.401	0.419	0.443	0.506	0.457	0.567	0.498	0.244	0.501	0.359	0.247	0.314	0.475	0.449	0.344	0.480	0.475	0.549	0.511	0.513	0.472	0.258	0.218	0.234	0.393	0.299	0.379	0.366	0.371	0.269	0.538	0.375	0.378	0.308
34:00:20	22.3	0.048	0.327	0.329	0.348	0.349	0.303	0.327	0.350	0.423	0.345	0.358	0.292	0.280	0.416	0.320	0.426	0.457	0.445	0.418	0.475	0.501	0.508	0.427	0.296	0.293	0.391	0.472	0.448	0.482	0.479	0.382	0.485	0.400	0.351	0.528	0.380	0.271	0.392	0.503	0.468	0.448	0.506	0.048	0.356	0.533	0.497	0.501	0.372	0.287	0.312	0.384	0.432	0.501	0.551	0.403	0.479	0.470	0.146	0.535	0.379	0.237	0.538	0.410	0.422	0.447	0.512	0.451	0.575	0.501	0.238	0.509	0.362	0.248	0.315	0.478	0.452	0.352	0.484	0.469	0.554	0.526	0.517	0.467	0.262	0.229	0.233	0.397	0.301	0.383	0.367	0.368	0.277	0.549	0.386	0.378	0.311
35:00:22	22.3	0.048	0.328	0.341	0.357	0.353	0.297	0.333	0.347	0.416	0.352	0.357	0.297	0.300	0.416	0.316	0.428	0.450	0.445	0.419	0.467	0.508	0.515	0.420	0.289	0.303	0.394	0.471	0.443	0.489	0.485	0.390	0.500	0.402	0.349	0.535	0.389	0.281	0.389	0.509	0.472	0.456	0.512	0.049	0.358	0.550	0.506	0.518	0.379	0.294	0.320	0.389	0.435	0.502	0.549	0.404	0.474	0.468	0.147	0.547	0.388	0.242	0.540	0.412	0.420	0.441	0.518	0.440	0.576	0.509	0.233	0.506	0.376	0.252	0.319	0.485	0.467	0.363	0.488	0.466	0.558	0.533	0.537	0.460	0.267	0.231	0.241	0.404	0.307	0.383	0.367	0.373	0.280	0.562	0.392	0.383	0.310
36:00:23	22.3	0.048	0.330	0.350	0.361	0.361	0.298	0.345	0.364	0.419	0.364	0.364	0.296	0.312	0.428	0.320	0.433	0.450	0.457	0.422	0.463	0.509	0.534	0.419	0.281	0.317	0.403	0.471	0.460	0.493	0.493	0.401	0.514	0.406	0.350	0.539	0.390	0.285	0.391	0.516	0.476	0.468	0.529	0.049	0.361	0.564	0.523	0.525	0.388	0.300	0.326	0.395	0.445	0.495	0.555	0.404	0.475	0.464	0.147	0.558	0.382	0.249	0.542	0.409	0.425	0.447	0.529	0.431	0.578	0.526	0.230	0.507	0.388	0.258	0.329	0.489	0.471	0.378	0.499	0.459	0.567	0.541	0.548	0.455	0.270	0.240	0.245	0.405	0.315	0.384	0.367	0.383	0.281	0.563	0.397	0.399	0.309
37:00:24	22.5	0.048	0.333	0.347	0.355	0.362	0.293	0.343	0.373	0.416	0.369	0.374	0.297	0.308	0.430	0.324	0.433	0.445	0.464	0.419	0.457	0.504	0.539	0.414	0.271	0.335	0.408	0.464	0.463	0.491	0.487	0.404	0.510	0.407	0.348	0.537	0.383	0.286	0.391	0.524	0.486	0.468	0.536	0.049	0.363	0.580	0.546	0.537	0.386	0.306	0.327	0.393	0.445	0.485	0.550	0.404	0.479	0.461	0.149	0.563	0.380	0.255	0.538	0.415	0.424	0.452	0.543	0.416	0.579	0.545	0.222	0.510	0.383	0.264	0.337	0.486	0.464	0.377	0.505	0.445	0.568	0.544	0.558	0.452	0.274	0.244	0.251	0.397	0.321	0.390	0.366	0.387	0.281	0.568	0.385	0.409	0.309
38:00:25	22.7	0.048	0.337	0.343	0.356	0.362	0.293	0.342	0.374	0.412	0.368	0.378	0.295	0.304	0.444	0.333	0.441	0.441	0.472	0.426	0.454	0.503	0.547	0.412	0.266	0.339	0.422	0.471	0.475	0.492	0.499	0.409	0.521	0.412	0.350	0.549	0.381	0.291	0.398	0.541	0.490	0.482	0.552	0.049	0.366	0.581	0.560	0.541	0.387	0.313	0.335	0.399	0.449	0.488	0.557	0.406	0.480	0.455	0.151	0.560	0.379	0.261	0.535	0.424	0.424	0.457	0.554	0.407	0.584	0.570	0.217	0.519	0.380	0.273	0.344	0.498	0.471	0.375	0.516	0.440	0.563	0.555	0.561	0.454	0.275	0.248	0.261	0.392	0.329	0.400	0.382	0.392	0.286	0.575	0.382	0.398	0.312
39:00:27	22.8	0.048	0.332	0.328	0.349	0.364	0.304	0.339	0.376	0.399	0.351	0.370	0.297	0.310	0.434	0.337	0.439	0.428	0.456	0.415	0.434	0.493	0.533	0.409	0.255	0.346	0.413	0.464	0.459	0.480	0.479	0.393	0.506	0.396	0.346	0.542	0.369	0.291	0.398	0.527	0.476	0.468	0.541	0.048	0.364	0.594	0.565	0.530	0.370	0.323	0.333	0.397	0.441	0.478	0.541	0.394	0.459	0.433	0.151	0.549	0.369	0.264	0.521	0.414	0.414	0.444	0.541	0.377	0.569	0.580	0.204	0.504	0.364	0.281	0.339	0.488	0.461	0.368	0.507	0.408	0.538	0.538	0.558	0.448	0.277	0.247	0.269	0.380	0.325	0.383	0.372	0.373	0.283	0.556	0.370	0.378	0.312
40:00:27	22.7	0.048	0.345	0.340	0.360	0.350	0.293	0.344	0.372	0.414	0.358	0.380	0.303	0.312	0.447	0.356	0.445	0.432	0.463	0.425	0.431	0.499	0.545	0.409	0.253	0.342	0.429	0.477	0.475	0.487	0.483	0.391	0.520	0.412	0.351	0.553	0.371	0.302	0.410	0.554	0.490	0.481	0.554	0.049	0.371	0.591	0.572	0.537	0.374	0.325	0.338	0.410	0.452	0.488	0.555	0.399	0.471	0.435	0.155	0.569	0.370	0.270	0.520	0.425	0.422	0.457	0.555	0.375	0.577	0.586	0.200	0.506	0.364	0.291	0.341	0.501	0.464	0.371	0.513	0.417	0.542	0.547	0.568	0.454	0.290	0.257	0.275	0.379	0.332	0.381	0.370	0.383	0.294	0.564	0.374	0.376	0.319
41:00:28	22.8	0.047	0.345	0.336	0.353	0.358	0.311	0.344	0.369	0.401	0.345	0.351	0.308	0.321	0.445	0.365	0.450	0.424	0.461	0.415	0.411	0.495	0.540	0.408	0.247	0.338	0.425	0.476	0.474	0.479	0.470	0.386	0.517	0.400	0.353	0.541	0.368	0.303	0.408	0.547	0.483	0.479	0.555	0.048	0.375	0.592	0.594	0.546	0.367	0.336	0.343	0.413	0.452	0.480	0.538	0.401	0.457	0.416	0.154	0.556	0.369	0.275	0.512	0.414	0.416	0.453	0.549	0.354	0.557	0.593	0.192	0.488	0.361	0.297	0.339	0.480	0.469	0.368	0.511	0.407	0.532	0.531	0.569	0.446	0.291	0.260	0.279	0.380	0.336	0.372	0.355	0.369	0.294	0.551	0.369	0.367	0.322
42:00:30	23.0	0.048	0.354	0.342	0.362	0.349	0.311	0.344	0.368	0.415	0.360	0.368	0.315	0.324	0.441	0.382	0.457	0.425	0.475	0.435	0.412	0.509	0.563	0.408	0.244	0.335	0.423	0.481	0.493	0.488	0.478	0.391	0.527	0.411	0.357	0.543	0.378	0.315	0.406	0.563	0.500	0.495	0.564	0.049	0.382	0.601	0.600	0.557	0.376	0.339	0.345	0.418	0.459	0.484	0.547	0.410	0.473	0.415	0.156	0.574	0.374	0.280	0.510	0.418	0.427	0.463	0.568	0.350	0.571	0.600	0.191	0.492	0.366	0.303	0.344	0.480	0.472	0.375	0.519	0.420	0.543	0.539	0.593	0.455	0.305	0.269	0.278	0.378	0.344	0.373	0.356	0.375	0.304	0.553	0.374	0.371	0.330
43:00:31	23.3	0.047	0.358	0.352	0.354	0.359	0.324	0.348	0.364	0.405	0.355	0.353	0.320	0.332	0.428	0.393	0.449	0.420	0.462	0.420	0.385	0.494	0.546	0.413	0.237	0.338	0.414	0.476	0.484	0.475	0.463	0.389	0.508	0.399	0.365	0.525	0.373	0.319	0.400	0.553	0.490	0.483	0.541	0.048	0.389	0.601	0.614	0.539	0.372	0.350	0.350	0.414	0.448	0.473	0.533	0.400	0.453	0.393	0.152	0.554	0.372	0.285	0.504	0.406	0.425	0.453	0.549	0.327	0.555	0.601	0.183	0.477	0.364	0.304	0.347	0.463	0.451	0.373	0.509	0.407	0.531	0.520	0.576	0.447	0.300	0.273	0.274	0.385	0.347	0.366	0.349	0.360	0.308	0.530	0.372	0.366	0.332
44:00:31	24.0	0.047	0.370	0.338	0.371	0.349	0.309	0.346	0.360	0.415	0.363	0.361	0.321	0.336	0.424	0.401	0.444	0.420	0.467	0.427	0.377	0.500	0.547	0.408	0.232	0.338	0.411	0.476	0.494	0.482	0.458	0.394	0.518	0.406	0.367	0.530	0.385	0.331	0.396	0.550	0.497	0.491	0.556	0.048	0.392	0.606	0.626	0.544	0.375	0.353	0.356	0.409	0.452	0.477	0.534	0.392	0.467	0.380	0.150	0.549	0.373	0.293	0.502	0.414	0.433	0.452	0.566	0.316	0.567	0.619	0.180	0.484	0.369	0.311	0.352	0.462	0.456	0.379	0.509	0.419	0.538	0.530	0.585	0.455	0.310	0.280	0.291	0.382	0.358	0.367	0.351	0.366	0.318	0.532	0.375	0.367	0.340
45:00:32	24.5	0.047	0.379	0.358	0.363	0.356	0.314	0.356	0.362	0.414	0.355	0.353	0.333	0.346	0.421	0.382	0.431	0.416	0.463	0.409	0.352	0.478	0.523	0.412	0.228	0.339	0.404	0.466	0.482	0.478	0.447	0.388	0.495	0.394	0.372	0.512	0.378	0.335	0.397	0.550	0.485	0.472	0.547	0.048	0.399	0.594	0.636	0.523	0.371	0.362	0.361	0.405	0.439	0.464	0.520	0.376	0.450	0.357	0.144	0.525	0.375	0.300	0.499	0.397	0.427	0.426	0.541	0.289	0.543	0.614	0.170	0.469	0.369	0.313	0.353	0.450	0.438	0.379	0.496	0.405	0.530	0.512	0.552	0.458	0.302	0.286	0.296	0.391	0.363	0.368	0.349	0.355	0.322	0.514	0.380	0.367	0.344
46:00:33	24.9	0.047	0.385	0.357	0.364	0.356	0.310	0.363	0.365	0.418	0.360	0.358	0.337	0.352	0.420	0.376	0.425	0.418	0.459	0.403	0.331	0.475	0.520	0.416	0.220	0.344	0.402	0.458	0.481	0.477	0.442	0.391	0.483	0.391	0.376	0.509	0.379	0.341	0.391	0.529	0.477	0.461	0.538	0.048	0.405	0.601	0.643	0.510	0.376	0.375	0.362	0.404	0.435	0.455	0.508	0.372	0.449	0.337	0.140	0.520	0.374	0.305	0.495	0.396	0.429	0.420	0.531	0.275	0.537	0.609	0.166	0.466	0.373	0.317	0.357	0.436	0.429	0.378	0.481	0.395	0.531	0.504	0.543	0.460	0.319	0.287	0.292	0.394	0.370	0.363	0.349	0.357	0.329	0.509	0.388	0.368	0.351
47:00:34	25.0	0.047	0.394	0.358	0.368	0.360	0.310	0.371	0.366	0.424	0.360	0.357	0.347	0.360	0.420	0.371	0.419	0.421	0.452	0.401	0.312	0.471	0.512	0.417	0.217	0.348	0.399	0.452	0.473	0.479	0.434	0.393	0.477	0.389	0.383	0.502	0.384	0.349	0.389	0.516	0.471	0.456	0.526	0.048	0.411	0.600	0.640	0.497	0.382	0.381	0.364	0.399	0.429	0.450	0.506	0.364	0.445	0.319	0.138	0.507	0.380	0.313	0.490	0.397	0.431	0.407	0.518	0.263	0.532	0.613	0.162	0.467	0.378	0.318	0.363	0.432	0.419	0.383	0.473	0.392	0.532	0.498	0.529	0.464	0.337	0.295	0.308	0.402	0.379	0.370	0.354	0.360	0.337	0.509	0.395	0.371	0.358
48:00:35	25.1	0.047	0.400	0.357	0.375	0.364	0.312	0.379	0.370	0.428	0.364	0.362	0.355	0.370	0.423	0.367	0.416	0.423	0.448	0.398	0.301	0.472	0.511	0.423	0.216	0.355	0.398	0.447	0.469	0.480	0.436	0.398	0.472	0.389	0.388	0.500	0.391	0.360	0.391	0.509	0.469	0.449	0.520	0.048	0.419	0.591	0.642	0.499	0.386	0.390	0.370	0.402	0.430	0.447	0.504	0.363	0.446	0.305	0.135	0.504	0.386	0.323	0.492	0.396	0.434	0.405	0.514	0.258	0.528	0.605	0.161	0.467	0.384	0.324	0.372	0.425	0.420	0.388	0.469	0.387	0.532	0.483	0.525	0.473	0.358	0.302	0.333	0.410	0.391	0.375	0.360	0.367	0.345	0.503	0.398	0.375	0.367
49:00:36	24.9	0.047	0.413	0.364	0.388	0.373	0.318	0.388	0.374	0.439	0.376	0.372	0.364	0.381	0.426	0.371	0.415	0.435	0.451	0.402	0.291	0.478	0.515	0.432	0.217	0.365	0.401	0.445	0.467	0.487	0.439	0.407	0.477	0.393	0.400	0.501	0.399	0.369	0.393	0.509	0.464	0.450	0.524	0.048	0.430	0.594	0.656	0.498	0.395	0.399	0.378	0.408	0.435	0.453	0.509	0.366	0.453	0.298	0.135	0.507	0.394	0.334	0.496	0.397	0.442	0.412	0.516	0.256	0.533	0.608	0.161	0.469	0.390	0.333	0.384	0.431	0.417	0.397	0.466	0.392	0.537	0.478	0.522	0.481	0.381	0.310	0.333	0.420	0.404	0.384	0.366	0.375	0.362	0.507	0.405	0.381	0.375
50:00:36	24.7	0.047	0.418	0.389	0.392	0.389	0.332	0.396	0.369	0.438	0.390	0.376	0.370	0.385	0.412	0.392	0.420	0.453	0.466	0.421	0.290	0.496	0.534	0.452	0.221	0.376	0.424	0.447	0.474	0.494	0.446	0.421	0.502	0.412	0.425	0.517	0.418	0.382	0.398	0.522	0.473	0.468	0.541	0.049	0.441	0.603	0.666	0.516	0.403	0.408	0.389	0.419	0.444	0.460	0.526	0.382	0.466	0.306	0.138	0.521	0.407	0.345	0.511	0.411	0.458	0.441	0.541	0.263	0.554	0.618	0.165	0.487	0.397	0.338	0.400	0.445	0.435	0.400	0.484	0.404	0.562	0.487	0.536	0.492	0.399	0.318	0.322	0.430	0.415	0.395	0.377	0.388	0.373	0.530	0.417	0.393	0.388
51:00:37	24.7	0.047	0.436	0.384	0.418	0.395	0.339	0.406	0.386	0.453	0.391	0.380	0.381	0.402	0.436	0.377	0.423	0.449	0.455	0.410	0.279	0.482	0.516	0.443	0.215	0.386	0.419	0.450	0.470	0.505	0.436	0.422	0.480	0.408	0.434	0.503	0.421	0.393	0.408	0.513	0.465	0.454	0.520	0.048	0.456	0.595	0.659	0.499	0.410	0.414	0.405	0.414	0.443	0.464	0.519	0.378	0.466	0.293	0.135	0.510	0.407	0.356	0.515	0.403	0.459	0.422	0.524	0.253	0.534	0.615	0.160	0.481	0.405	0.343	0.406	0.437	0.424	0.417	0.474	0.395	0.549	0.475	0.531	0.498	0.417	0.330	0.341	0.448	0.428	0.400	0.385	0.381	0.381	0.517	0.421	0.396	0.393
52:00:38	24.8	0.046	0.442	0.392	0.427	0.402	0.347	0.411	0.389	0.457	0.394	0.380	0.385	0.412	0.434	0.380	0.426	0.460	0.456	0.414	0.266	0.478	0.515	0.445	0.211	0.389	0.423	0.442	0.471	0.504	0.435	0.427	0.479	0.409	0.432	0.497	0.425	0.397	0.411	0.498	0.464	0.454	0.523	0.048	0.466	0.583	0.649	0.492	0.414	0.419	0.411	0.417	0.443	0.469	0.519	0.382	0.466	0.282	0.133	0.505	0.411	0.363	0.518	0.408	0.463	0.422	0.521	0.246	0.533	0.605	0.156	0.483	0.409	0.347	0.413	0.444	0.420	0.422	0.468	0.393	0.537	0.471	0.528	0.501	0.430	0.338	0.369	0.457	0.436	0.400	0.385	0.388	0.394	0.507	0.426	0.398	0.400
53:00:39	25.0	0.046	0.450	0.402	0.435	0.416	0.359	0.423	0.393	0.461	0.402	0.387	0.396	0.422	0.434	0.385	0.427	0.462	0.460	0.419	0.256	0.487	0.519	0.452	0.210	0.396	0.431	0.446	0.469	0.510	0.438	0.435	0.483	0.422	0.443	0.500	0.436	0.406	0.414	0.499	0.465	0.461	0.525	0.048	0.474	0.586	0.648	0.497	0.417	0.430	0.416	0.425	0.448	0.471	0.521	0.390	0.472	0.274	0.131	0.507	0.420	0.371	0.522	0.412	0.468	0.427	0.521	0.239	0.532	0.604	0.155	0.486	0.414	0.351	0.422	0.445	0.421	0.427	0.466	0.399	0.542	0.468	0.523	0.512	0.446	0.348	0.375	0.462	0.447	0.408	0.393	0.396	0.398	0.507	0.433	0.404	0.406
54:00:39	25.3	0.046	0.458	0.413	0.440	0.423	0.368	0.433	0.400	0.470	0.409	0.398	0.403	0.430	0.441	0.390	0.433	0.460	0.459	0.426	0.246	0.481	0.513	0.465	0.207	0.405	0.435	0.443	0.472	0.516	0.430	0.439	0.482	0.420	0.451	0.498	0.445	0.416	0.418	0.498	0.463	0.456	0.520	0.048	0.483	0.581	0.634	0.488	0.426	0.440	0.425	0.424	0.442	0.478	0.519	0.392	0.471	0.265	0.128	0.506	0.425	0.382	0.523	0.414	0.476	0.431	0.515	0.231	0.526	0.597	0.152	0.489	0.424	0.357	0.429	0.445	0.426	0.437	0.463	0.403	0.548	0.459	0.526	0.521	0.455	0.358	0.363	0.471	0.456	0.412	0.402	0.402	0.407	0.511	0.442	0.414	0.411
55:00:41	25.5	0.046	0.464	0.424	0.436	0.436	0.380	0.442	0.406	0.471	0.417	0.405	0.408	0.439	0.445	0.392	0.436	0.473	0.460	0.430	0.241	0.486	0.512	0.463	0.204	0.414	0.440	0.446	0.470	0.525	0.429	0.446	0.483	0.433	0.463	0.501	0.453	0.425	0.424	0.494	0.464	0.463	0.517	0.048	0.492	0.579	0.638	0.490	0.431	0.448	0.434	0.430	0.452	0.483	0.525	0.400	0.476	0.258	0.125	0.509	0.431	0.388	0.533	0.422	0.484	0.431	0.513	0.225	0.528	0.584	0.150	0.489	0.426	0.363	0.440	0.452	0.429	0.446	0.464	0.406	0.556	0.458	0.525	0.527	0.472	0.365	0.356	0.485	0.468	0.420	0.408	0.410	0.416	0.512	0.449	0.418	0.415
56:00:42	25.5	0.046	0.481	0.442	0.430	0.421	0.378	0.463	0.404	0.484	0.423	0.409	0.424	0.451	0.449	0.412	0.442	0.498	0.467	0.442	0.240	0.504	0.532	0.493	0.212	0.427	0.462	0.454	0.475	0.528	0.442	0.451	0.502	0.442	0.481	0.515	0.469	0.448	0.435	0.506	0.472	0.472	0.540	0.048	0.510	0.588	0.649	0.509	0.439	0.452	0.438	0.436	0.457	0.484	0.529	0.414	0.485	0.258	0.127	0.521	0.444	0.397	0.550	0.430	0.506	0.448	0.536	0.225	0.542	0.604	0.153	0.507	0.437	0.370	0.454	0.468	0.440	0.445	0.477	0.416	0.555	0.464	0.530	0.542	0.484	0.369	0.369	0.486	0.476	0.430	0.417	0.420	0.431	0.522	0.461	0.432	0.422
57:00:42	25.4	0.046	0.493	0.460	0.440	0.423	0.378	0.473	0.419	0.510	0.436	0.420	0.435	0.463	0.463	0.418	0.453	0.505	0.470	0.445	0.235	0.510	0.536	0.505	0.214	0.440	0.470	0.465	0.480	0.539	0.446	0.457	0.510	0.451	0.494	0.523	0.477	0.460	0.453	0.515	0.480	0.476	0.542	0.048	0.522	0.590	0.636	0.517	0.450	0.465	0.448	0.441	0.463	0.496	0.534	0.426	0.496	0.255	0.127	0.523	0.455	0.408	0.561	0.436	0.523	0.453	0.532	0.224	0.539	0.601	0.152	0.509	0.453	0.380	0.466	0.473	0.449	0.458	0.482	0.422	0.562	0.470	0.537	0.557	0.488	0.380	0.397	0.498	0.492	0.438	0.426	0.426	0.436	0.513	0.464	0.443	0.428
58:00:44	25.3	0.046	0.501	0.470	0.455	0.430	0.384	0.475	0.427	0.519	0.444	0.426	0.442	0.474	0.478	0.419	0.461	0.530	0.468	0.451	0.228	0.515	0.536	0.527	0.214	0.458	0.473	0.474	0.480	0.539	0.452	0.466	0.515	0.456	0.511	0.526	0.485	0.473	0.466	0.519	0.483	0.480	0.548	0.048	0.536	0.592	0.648	0.517	0.458	0.475	0.462	0.448	0.467	0.504	0.547	0.442	0.504	0.253	0.128	0.529	0.468	0.417	0.566	0.449	0.537	0.461	0.538	0.223	0.539	0.601	0.153	0.518	0.460	0.388	0.481	0.483	0.456	0.469	0.488	0.432	0.567	0.472	0.541	0.570	0.501	0.388	0.413	0.512	0.502	0.449	0.436	0.433	0.444	0.514	0.471	0.451	0.438
59:00:45	25.3	0.045	0.508	0.482	0.455	0.462	0.424	0.490	0.434	0.513	0.457	0.437	0.439	0.475	0.483	0.431	0.463	0.514	0.478	0.451	0.226	0.502	0.514	0.511	0.202	0.448	0.485	0.472	0.486	0.556	0.445	0.482	0.496	0.469	0.507	0.519	0.498	0.477	0.457	0.520	0.488	0.481	0.527	0.048	0.540	0.577	0.637	0.500	0.466	0.484	0.473	0.460	0.474	0.517	0.556	0.428	0.512	0.246	0.124	0.518	0.466	0.426	0.570	0.450	0.532	0.459	0.518	0.215	0.527	0.589	0.149	0.518	0.460	0.394	0.487	0.485	0.456	0.474	0.479	0.438	0.577	0.464	0.535	0.562	0.497	0.399	0.421	0.520	0.517	0.455	0.443	0.439	0.452	0.513	0.484	0.450	0.445
60:00:47	25.4	0.046	0.515	0.485	0.472	0.447	0.404	0.487	0.443	0.534	0.458	0.443	0.456	0.489	0.488	0.425	0.468	0.543	0.474	0.461	0.219	0.518	0.536	0.539	0.208	0.475	0.487	0.481	0.481	0.544	0.455	0.482	0.514	0.465	0.536	0.530	0.499	0.490	0.480	0.533	0.494	0.490	0.543	0.048	0.554	0.589	0.642	0.514	0.471	0.489	0.480	0.456	0.475	0.516	0.553	0.445	0.510	0.242	0.123	0.529	0.483	0.431	0.583	0.457	0.555	0.464	0.534	0.214	0.539	0.593	0.150	0.522	0.474	0.399	0.499	0.496	0.465	0.483	0.482	0.443	0.578	0.473	0.537	0.576	0.511	0.403	0.400	0.537	0.524	0.461	0.450	0.448	0.461	0.519	0.489	0.462	0.445
61:00:47	25.4	0.046	0.524	0.514	0.473	0.471	0.432	0.510	0.452	0.537	0.472	0.452	0.455	0.500	0.502	0.450	0.475	0.526	0.486	0.464	0.215	0.508	0.508	0.530	0.199	0.472	0.506	0.486	0.494	0.562	0.454	0.496	0.498	0.477	0.525	0.527	0.514	0.488	0.482	0.523	0.500	0.497	0.535	0.048	0.561	0.577	0.639	0.510	0.477	0.501	0.495	0.471	0.482	0.526	0.564	0.443	0.524	0.239	0.120	0.519	0.486	0.442	0.585	0.462	0.549	0.465	0.523	0.210	0.536	0.581	0.147	0.532	0.480	0.407	0.506	0.498	0.467	0.498	0.483	0.456	0.579	0.468	0.544	0.576	0.525	0.411	0.438	0.540	0.539	0.474	0.456	0.457	0.471	0.527	0.503	0.467	0.461
62:00:48	25.2	0.046	0.529	0.522	0.487	0.477	0.435	0.518	0.462	0.539	0.481	0.456	0.458	0.504	0.513	0.456	0.476	0.540	0.489	0.469	0.212	0.513	0.511	0.534	0.199	0.478	0.506	0.489	0.496	0.566	0.457	0.502	0.500	0.483	0.535	0.525	0.519	0.501	0.490	0.524	0.500	0.494	0.535	0.048	0.569	0.576	0.640	0.506	0.481	0.511	0.504	0.478	0.484	0.528	0.563	0.451	0.529	0.234	0.118	0.520	0.493	0.450	0.588	0.466	0.559	0.467	0.528	0.207	0.539	0.576	0.145	0.529	0.487	0.412	0.521	0.508	0.474	0.503	0.489	0.460	0.577	0.466	0.549	0.582	0.541	0.421	0.454	0.547	0.549	0.478	0.464	0.465	0.482	0.536	0.511	0.475	0.468
63:00:49	25.2	0.045	0.539	0.540	0.493	0.488	0.444	0.525	0.470	0.553	0.491	0.464	0.464	0.519	0.515	0.462	0.489	0.548	0.494	0.479	0.212	0.522	0.518	0.549	0.199	0.491	0.511	0.495	0.503	0.575	0.460	0.512	0.503	0.493	0.545	0.532	0.528	0.513	0.500	0.529	0.507	0.503	0.538	0.048	0.576	0.577	0.641	0.512	0.499	0.518	0.513	0.480	0.497	0.541	0.576	0.460	0.544	0.234	0.117	0.529	0.500	0.457	0.599	0.473	0.570	0.477	0.533	0.207	0.544	0.570	0.145	0.534	0.495	0.423	0.530	0.506	0.480	0.513	0.498	0.468	0.595	0.469	0.550	0.594	0.541	0.427	0.428	0.557	0.560	0.486	0.474	0.472	0.489	0.538	0.517	0.482	0.476
64:00:50	25.3	0.045	0.538	0.523	0.520	0.493	0.444	0.514	0.478	0.575	0.498	0.472	0.485	0.526	0.522	0.452	0.490	0.576	0.491	0.483	0.209	0.537	0.536	0.575	0.204	0.505	0.510	0.517	0.508	0.580	0.471	0.514	0.515	0.493	0.565	0.536	0.537	0.526	0.505	0.537	0.515	0.503	0.556	0.048	0.595	0.590	0.655	0.525	0.507	0.520	0.520	0.489	0.501	0.541	0.575	0.471	0.546	0.236	0.118	0.528	0.517	0.468	0.611	0.488	0.593	0.488	0.545	0.209	0.554	0.584	0.146	0.548	0.511	0.430	0.540	0.524	0.498	0.527	0.506	0.472	0.607	0.485	0.567	0.612	0.541	0.437	0.443	0.566	0.571	0.494	0.477	0.484	0.503	0.536	0.527	0.491	0.483
65:00:50	25.4	0.045	0.549	0.549	0.525	0.503	0.454	0.526	0.496	0.582	0.513	0.484	0.491	0.535	0.539	0.460	0.516	0.577	0.497	0.490	0.208	0.552	0.544	0.572	0.200	0.513	0.530	0.533	0.513	0.592	0.477	0.525	0.528	0.507	0.579	0.555	0.543	0.531	0.523	0.557	0.524	0.512	0.567	0.048	0.609	0.599	0.665	0.538	0.516	0.542	0.537	0.494	0.510	0.552	0.589	0.484	0.544	0.239	0.117	0.546	0.527	0.480	0.626	0.497	0.606	0.497	0.553	0.212	0.564	0.585	0.145	0.561	0.524	0.437	0.550	0.530	0.504	0.528	0.514	0.483	0.607	0.497	0.561	0.627	0.546	0.440	0.463	0.574	0.584	0.503	0.486	0.492	0.510	0.552	0.534	0.502	0.502
66:00:54	25.7	0.045	0.558	0.551	0.535	0.516	0.471	0.539	0.501	0.591	0.516	0.488	0.494	0.541	0.555	0.469	0.505	0.589	0.503	0.498	0.205	0.529	0.528	0.584	0.197	0.518	0.539	0.524	0.529	0.591	0.479	0.536	0.523	0.516	0.586	0.555	0.556	0.534	0.537	0.554	0.526	0.520	0.561	0.048	0.608	0.584	0.645	0.528	0.523	0.554	0.543	0.510	0.513	0.557	0.597	0.479	0.564	0.235	0.113	0.544	0.531	0.476	0.629	0.497	0.601	0.497	0.549	0.207	0.557	0.572	0.141	0.562	0.525	0.444	0.561	0.533	0.508	0.542	0.506	0.495	0.597	0.485	0.544	0.645	0.563	0.448	0.465	0.586	0.588	0.511	0.492	0.494	0.516	0.546	0.542	0.507	0.504
67:00:53	25.8	0.045	0.562	0.558	0.549	0.524	0.478	0.543	0.508	0.598	0.521	0.492	0.498	0.549	0.559	0.470	0.511	0.591	0.508	0.506	0.204	0.538	0.528	0.596	0.196	0.521	0.539	0.534	0.520	0.595	0.483	0.538	0.526	0.515	0.584	0.554	0.563	0.544	0.540	0.551	0.532	0.523	0.559	0.048	0.621	0.581	0.643	0.539	0.530	0.556	0.552	0.512	0.514	0.561	0.600	0.484	0.572	0.232	0.113	0.546	0.537	0.482	0.633	0.505	0.608	0.502	0.550	0.206	0.559	0.569	0.139	0.564	0.532	0.451	0.569	0.540	0.514	0.550	0.511	0.501	0.599	0.484	0.558	0.640	0.573	0.454	0.468	0.592	0.593	0.516	0.501	0.503	0.528	0.542	0.549	0.518	0.510
68:00:53	25.9	0.045	0.559	0.576	0.563	0.543	0.488	0.553	0.518	0.599	0.536	0.508	0.514	0.559	0.564	0.481	0.539	0.589	0.510	0.510	0.205	0.567	0.546	0.603	0.197	0.532	0.557	0.549	0.533	0.611	0.491	0.545	0.542	0.527	0.610	0.567	0.566	0.550	0.547	0.574	0.538	0.526	0.573	0.048	0.636	0.591	0.656	0.550	0.543	0.567	0.564	0.511	0.529	0.572	0.605	0.505	0.570	0.238	0.113	0.556	0.553	0.504	0.645	0.519	0.639	0.514	0.557	0.209	0.577	0.573	0.141	0.579	0.545	0.465	0.573	0.550	0.520	0.549	0.520	0.502	0.623	0.498	0.575	0.669	0.576	0.456	0.482	0.586	0.610	0.527	0.508	0.515	0.534	0.562	0.555	0.528	0.521
69:00:54	26.0	0.045	0.566	0.581	0.581	0.559	0.503	0.566	0.528	0.604	0.548	0.519	0.524	0.564	0.585	0.490	0.545	0.611	0.521	0.521	0.205	0.582	0.544	0.614	0.196	0.540	0.571	0.561	0.536	0.621	0.502	0.561	0.542	0.541	0.621	0.578	0.575	0.554	0.562	0.580	0.549	0.536	0.578	0.048	0.645	0.594	0.657	0.558	0.552	0.588	0.575	0.529	0.537	0.581	0.618	0.515	0.580	0.243	0.112	0.567	0.562	0.515	0.657	0.531	0.650	0.519	0.564	0.210	0.584	0.584	0.140	0.582	0.555	0.474	0.587	0.561	0.532	0.563	0.531	0.516	0.631	0.508	0.568	0.676	0.573	0.459	0.468	0.600	0.615	0.535	0.520	0.522	0.538	0.565	0.567	0.537	0.536
70:00:56	25.9	0.045	0.574	0.580	0.586	0.579	0.523	0.578	0.537	0.599	0.560	0.521	0.532	0.573	0.602	0.501	0.562	0.624	0.533	0.531	0.208	0.580	0.553	0.624	0.194	0.552	0.585	0.566	0.553	0.652	0.507	0.574	0.553	0.547	0.630	0.590	0.582	0.563	0.576	0.597	0.560	0.545	0.584	0.048	0.662	0.601	0.666	0.568	0.560	0.603	0.587	0.532	0.550	0.588	0.627	0.523	0.590	0.250	0.112	0.566	0.573	0.526	0.669	0.539	0.670	0.537	0.574	0.214	0.605	0.587	0.140	0.599	0.568	0.482	0.599	0.573	0.544	0.571	0.543	0.524	0.640	0.520	0.573	0.690	0.578	0.472	0.490	0.593	0.623	0.542	0.526	0.531	0.546	0.576	0.573	0.551	0.547
71:00:56	25.7	0.045	0.578	0.583	0.601	0.592	0.540	0.590	0.542	0.602	0.566	0.530	0.545	0.574	0.622	0.510	0.571	0.629	0.538	0.541	0.210	0.588	0.565	0.638	0.195	0.554	0.598	0.578	0.566	0.663	0.517	0.583	0.561	0.553	0.649	0.600	0.585	0.566	0.589	0.615	0.570	0.562	0.592	0.048	0.666	0.610	0.663	0.581	0.568	0.604	0.596	0.542	0.559	0.599	0.636	0.528	0.602	0.254	0.113	0.586	0.578	0.534	0.679	0.552	0.677	0.537	0.575	0.217	0.611	0.593	0.140	0.611	0.576	0.487	0.611	0.577	0.550	0.582	0.552	0.532	0.639	0.522	0.569	0.681	0.588	0.475	0.506	0.598	0.627	0.550	0.530	0.538	0.553	0.579	0.581	0.558	0.563
72:00:57	25.6	0.045	0.583	0.585	0.611	0.589	0.556	0.603	0.546	0.612	0.569	0.536	0.552	0.582	0.639	0.513	0.581	0.643	0.549	0.548	0.210	0.593	0.565	0.646	0.197	0.559	0.606	0.589	0.581	0.677	0.524	0.592	0.562	0.568	0.662	0.597	0.591	0.569	0.600	0.609	0.578	0.560	0.597	0.048	0.680	0.608	0.666	0.584	0.577	0.602	0.604	0.547	0.570	0.602	0.642	0.536	0.606	0.258	0.112	0.599	0.581	0.538	0.692	0.558	0.690	0.550	0.584	0.218	0.621	0.577	0.139	0.615	0.585	0.490	0.617	0.596	0.558	0.590	0.559	0.542	0.642	0.527	0.590	0.698	0.584	0.481	0.499	0.605	0.632	0.560	0.538	0.544	0.560	0.586	0.585	0.559	0.564
