Time	T° 600	A1	A2	A3	A4	A5	A6	A7	A8	A9	A10	A11	A12	B1	B2	B3	B4	B5	B6	B7	B8	B9	B10	B11	B12	C1	C2	C3	C4	C5	C6	C7	C8	C9	C10	C11	C12	D1	D2	D3	D4	D5	D6	D7	D8	D9	D10	D11	D12	E1	E2	E3	E4	E5	E6	E7	E8	E9	E10	E11	E12	F1	F2	F3	F4	F5	F6	F7	F8	F9	F10	F11	F12	G1	G2	G3	G4	G5	G6	G7	G8	G9	G10	G11	G12	H1	H2	H3	H4	H5	H6	H7	H8	H9	H10	H11	H12
0:00:06	21.1	0.047	0.045	0.049	0.049	0.046	0.048	0.044	0.054	0.046	0.047	0.049	0.046	0.043	0.044	0.044	0.049	0.049	0.062	0.044	0.045	0.046	0.049	0.047	0.049	0.044	0.044	0.044	0.045	0.045	0.046	0.044	0.045	0.046	0.049	0.045	0.049	0.044	0.044	0.046	0.044	0.044	0.058	0.049	0.080	0.044	0.047	0.046	0.047	0.044	0.045	0.046	0.045	0.055	0.048	0.047	0.044	0.056	0.064	0.045	0.052	0.045	0.046	0.048	0.046	0.045	0.044	0.045	0.051	0.044	0.045	0.045	0.045	0.049	0.045	0.050	0.071	0.046	0.044	0.044	0.073	0.049	0.044	0.052	0.045	0.044	0.048	0.044	0.045	0.060	0.044	0.054	0.049	0.048	0.050	0.046	0.047
1:00:04	21.9	0.048	0.045	0.050	0.050	0.047	0.049	0.045	0.053	0.047	0.047	0.050	0.046	0.044	0.044	0.045	0.050	0.050	0.062	0.045	0.046	0.047	0.050	0.048	0.049	0.045	0.044	0.045	0.047	0.045	0.046	0.045	0.045	0.047	0.050	0.046	0.049	0.045	0.045	0.047	0.045	0.044	0.059	0.050	0.071	0.045	0.048	0.047	0.048	0.045	0.046	0.047	0.046	0.056	0.049	0.048	0.045	0.056	0.062	0.045	0.053	0.045	0.046	0.049	0.046	0.046	0.045	0.046	0.049	0.045	0.045	0.046	0.046	0.049	0.046	0.050	0.069	0.047	0.045	0.046	0.076	0.049	0.044	0.055	0.045	0.045	0.049	0.046	0.045	0.062	0.045	0.051	0.049	0.049	0.050	0.047	0.048
2:00:06	22.4	0.049	0.047	0.051	0.051	0.048	0.049	0.046	0.052	0.047	0.048	0.051	0.046	0.046	0.045	0.047	0.051	0.051	0.063	0.046	0.047	0.048	0.051	0.049	0.050	0.046	0.045	0.046	0.048	0.047	0.048	0.046	0.047	0.048	0.051	0.048	0.050	0.046	0.047	0.047	0.046	0.046	0.060	0.050	0.073	0.046	0.049	0.048	0.049	0.046	0.047	0.049	0.047	0.056	0.050	0.049	0.047	0.057	0.062	0.047	0.054	0.047	0.048	0.050	0.048	0.047	0.046	0.048	0.048	0.047	0.046	0.047	0.047	0.050	0.048	0.052	0.068	0.048	0.047	0.047	0.079	0.050	0.045	0.058	0.046	0.047	0.050	0.047	0.046	0.064	0.047	0.050	0.050	0.051	0.051	0.048	0.049
3:00:07	22.6	0.051	0.048	0.053	0.053	0.050	0.051	0.049	0.053	0.047	0.051	0.053	0.046	0.048	0.047	0.048	0.052	0.052	0.065	0.048	0.049	0.050	0.053	0.051	0.053	0.048	0.048	0.048	0.050	0.048	0.049	0.048	0.049	0.050	0.053	0.049	0.052	0.049	0.048	0.047	0.048	0.048	0.062	0.051	0.079	0.049	0.051	0.050	0.051	0.049	0.049	0.050	0.049	0.057	0.052	0.051	0.048	0.058	0.063	0.050	0.056	0.049	0.050	0.052	0.050	0.050	0.047	0.050	0.053	0.048	0.048	0.049	0.049	0.052	0.050	0.053	0.067	0.050	0.049	0.050	0.083	0.051	0.046	0.060	0.047	0.049	0.053	0.049	0.047	0.066	0.049	0.052	0.052	0.053	0.053	0.050	0.052
4:00:09	22.5	0.055	0.050	0.056	0.055	0.053	0.054	0.052	0.055	0.047	0.053	0.057	0.047	0.052	0.049	0.051	0.055	0.055	0.067	0.051	0.053	0.054	0.055	0.054	0.057	0.051	0.051	0.051	0.053	0.050	0.052	0.051	0.051	0.053	0.056	0.052	0.055	0.052	0.053	0.049	0.052	0.051	0.066	0.053	0.079	0.052	0.055	0.054	0.054	0.051	0.052	0.054	0.053	0.057	0.055	0.055	0.052	0.061	0.066	0.053	0.059	0.052	0.053	0.055	0.053	0.053	0.047	0.053	0.054	0.052	0.052	0.052	0.052	0.054	0.053	0.056	0.068	0.052	0.052	0.054	0.086	0.053	0.048	0.063	0.049	0.051	0.056	0.052	0.048	0.069	0.052	0.055	0.055	0.057	0.056	0.054	0.055
5:00:10	22.5	0.059	0.053	0.059	0.058	0.057	0.057	0.056	0.057	0.047	0.058	0.062	0.047	0.056	0.052	0.056	0.059	0.059	0.070	0.056	0.057	0.059	0.059	0.057	0.062	0.054	0.056	0.055	0.055	0.052	0.057	0.056	0.054	0.058	0.060	0.056	0.060	0.056	0.057	0.051	0.056	0.054	0.070	0.054	0.075	0.057	0.060	0.059	0.058	0.056	0.055	0.057	0.057	0.059	0.060	0.058	0.056	0.065	0.069	0.057	0.063	0.056	0.058	0.059	0.058	0.056	0.047	0.058	0.053	0.056	0.055	0.056	0.057	0.056	0.058	0.060	0.068	0.055	0.057	0.058	0.089	0.054	0.049	0.064	0.051	0.054	0.060	0.056	0.048	0.072	0.056	0.059	0.058	0.061	0.059	0.058	0.059
6:00:11	22.5	0.065	0.058	0.064	0.063	0.062	0.061	0.059	0.059	0.048	0.063	0.069	0.048	0.061	0.056	0.061	0.065	0.064	0.074	0.062	0.064	0.065	0.064	0.063	0.068	0.058	0.062	0.060	0.059	0.055	0.063	0.063	0.057	0.065	0.067	0.061	0.067	0.060	0.064	0.055	0.061	0.059	0.075	0.056	0.084	0.063	0.066	0.065	0.063	0.061	0.060	0.062	0.063	0.060	0.065	0.064	0.062	0.071	0.074	0.063	0.068	0.061	0.064	0.063	0.064	0.060	0.048	0.065	0.057	0.063	0.061	0.061	0.064	0.059	0.064	0.065	0.069	0.059	0.063	0.065	0.094	0.056	0.051	0.066	0.055	0.059	0.066	0.061	0.049	0.075	0.062	0.063	0.062	0.069	0.064	0.064	0.065
15:00:06	22.4	0.205	0.173	0.186	0.188	0.212	0.199	0.192	0.177	0.047	0.220	0.240	0.048	0.223	0.174	0.196	0.202	0.218	0.165	0.207	0.211	0.229	0.230	0.205	0.234	0.187	0.213	0.202	0.174	0.100	0.185	0.207	0.131	0.213	0.214	0.195	0.216	0.216	0.238	0.143	0.209	0.194	0.208	0.058	0.107	0.231	0.236	0.218	0.213	0.225	0.189	0.211	0.210	0.128	0.220	0.202	0.214	0.216	0.215	0.247	0.209	0.230	0.220	0.193	0.222	0.198	0.048	0.215	0.192	0.192	0.197	0.209	0.217	0.174	0.223	0.204	0.140	0.181	0.223	0.236	0.084	0.062	0.057	0.126	0.201	0.230	0.217	0.203	0.046	0.093	0.209	0.219	0.220	0.213	0.223	0.247	0.251
16:00:03	22.4	0.248	0.195	0.248	0.228	0.255	0.240	0.248	0.260	0.049	0.270	0.280	0.049	0.256	0.197	0.263	0.258	0.291	0.222	0.259	0.262	0.285	0.301	0.228	0.287	0.234	0.273	0.255	0.226	0.117	0.238	0.274	0.171	0.270	0.265	0.255	0.282	0.282	0.300	0.184	0.280	0.261	0.278	0.063	0.119	0.299	0.309	0.277	0.292	0.255	0.236	0.269	0.273	0.172	0.272	0.257	0.282	0.292	0.292	0.318	0.292	0.247	0.282	0.255	0.285	0.262	0.049	0.273	0.258	0.246	0.255	0.273	0.295	0.190	0.281	0.262	0.193	0.239	0.283	0.301	0.090	0.074	0.066	0.159	0.260	0.255	0.274	0.261	0.047	0.107	0.275	0.284	0.291	0.277	0.293	0.324	0.311
17:00:04	22.6	0.254	0.199	0.285	0.245	0.264	0.246	0.255	0.311	0.048	0.290	0.286	0.048	0.267	0.204	0.303	0.293	0.348	0.272	0.301	0.278	0.298	0.311	0.230	0.302	0.254	0.316	0.290	0.270	0.135	0.281	0.312	0.198	0.314	0.308	0.303	0.332	0.295	0.338	0.215	0.317	0.288	0.336	0.066	0.105	0.339	0.352	0.325	0.345	0.267	0.269	0.296	0.318	0.214	0.316	0.299	0.330	0.354	0.360	0.339	0.356	0.251	0.325	0.302	0.324	0.289	0.049	0.323	0.311	0.293	0.305	0.324	0.351	0.192	0.311	0.302	0.239	0.289	0.326	0.327	0.093	0.088	0.077	0.189	0.299	0.253	0.304	0.300	0.047	0.120	0.327	0.304	0.331	0.326	0.312	0.358	0.328
18:00:05	22.8	0.252	0.198	0.313	0.258	0.263	0.249	0.260	0.349	0.048	0.302	0.286	0.048	0.261	0.204	0.334	0.314	0.389	0.313	0.329	0.285	0.299	0.316	0.228	0.306	0.271	0.344	0.320	0.307	0.151	0.310	0.334	0.216	0.350	0.346	0.345	0.365	0.299	0.360	0.248	0.342	0.306	0.386	0.067	0.112	0.362	0.387	0.362	0.384	0.270	0.297	0.309	0.348	0.248	0.348	0.329	0.367	0.401	0.407	0.345	0.411	0.245	0.357	0.339	0.351	0.308	0.049	0.358	0.345	0.329	0.345	0.363	0.389	0.193	0.329	0.332	0.275	0.330	0.356	0.338	0.097	0.105	0.091	0.222	0.331	0.244	0.319	0.327	0.047	0.137	0.360	0.312	0.355	0.357	0.316	0.373	0.333
19:00:07	23.2	0.255	0.203	0.338	0.266	0.250	0.248	0.256	0.375	0.048	0.309	0.281	0.048	0.258	0.204	0.363	0.332	0.409	0.350	0.347	0.286	0.296	0.323	0.216	0.306	0.286	0.363	0.344	0.340	0.170	0.325	0.347	0.238	0.371	0.366	0.372	0.380	0.299	0.379	0.280	0.364	0.324	0.416	0.067	0.140	0.383	0.412	0.381	0.409	0.273	0.323	0.321	0.368	0.285	0.366	0.348	0.390	0.425	0.442	0.358	0.449	0.243	0.381	0.369	0.371	0.327	0.049	0.378	0.379	0.346	0.366	0.390	0.415	0.201	0.349	0.357	0.313	0.359	0.373	0.348	0.100	0.128	0.109	0.267	0.372	0.240	0.330	0.346	0.047	0.159	0.381	0.324	0.376	0.378	0.322	0.386	0.340
20:00:08	22.9	0.236	0.195	0.347	0.269	0.251	0.247	0.263	0.388	0.048	0.306	0.272	0.047	0.244	0.199	0.371	0.336	0.437	0.368	0.360	0.276	0.288	0.306	0.218	0.297	0.282	0.374	0.359	0.365	0.185	0.338	0.347	0.257	0.392	0.385	0.399	0.403	0.291	0.383	0.296	0.358	0.316	0.447	0.066	0.113	0.382	0.420	0.401	0.424	0.259	0.341	0.314	0.379	0.314	0.383	0.364	0.405	0.452	0.462	0.339	0.485	0.229	0.397	0.386	0.377	0.325	0.048	0.392	0.394	0.358	0.384	0.411	0.432	0.200	0.349	0.367	0.337	0.378	0.383	0.344	0.099	0.151	0.130	0.319	0.382	0.224	0.327	0.351	0.047	0.187	0.389	0.310	0.369	0.386	0.298	0.379	0.324
21:00:08	22.7	0.233	0.190	0.355	0.264	0.237	0.235	0.245	0.402	0.048	0.308	0.266	0.047	0.230	0.190	0.377	0.342	0.455	0.392	0.370	0.272	0.288	0.303	0.206	0.297	0.284	0.381	0.366	0.378	0.204	0.344	0.359	0.280	0.408	0.405	0.418	0.422	0.278	0.389	0.312	0.364	0.316	0.465	0.066	0.135	0.391	0.437	0.416	0.444	0.250	0.348	0.307	0.388	0.343	0.389	0.373	0.417	0.475	0.492	0.348	0.516	0.221	0.404	0.399	0.382	0.327	0.049	0.399	0.413	0.373	0.400	0.429	0.455	0.199	0.353	0.376	0.364	0.381	0.387	0.347	0.105	0.176	0.153	0.364	0.401	0.217	0.321	0.355	0.048	0.220	0.398	0.303	0.377	0.402	0.293	0.386	0.322
22:00:09	22.6	0.231	0.189	0.357	0.261	0.230	0.226	0.237	0.409	0.048	0.306	0.260	0.047	0.225	0.189	0.384	0.351	0.459	0.403	0.380	0.272	0.281	0.285	0.203	0.291	0.286	0.393	0.375	0.392	0.219	0.351	0.365	0.299	0.418	0.411	0.433	0.434	0.266	0.399	0.324	0.365	0.315	0.482	0.065	0.147	0.394	0.449	0.426	0.448	0.245	0.360	0.307	0.396	0.369	0.396	0.381	0.425	0.491	0.505	0.337	0.528	0.215	0.417	0.410	0.390	0.326	0.049	0.406	0.420	0.379	0.408	0.440	0.465	0.200	0.366	0.384	0.385	0.386	0.394	0.348	0.105	0.201	0.180	0.401	0.407	0.210	0.323	0.360	0.047	0.246	0.409	0.298	0.379	0.412	0.282	0.385	0.311
23:00:11	22.5	0.228	0.186	0.356	0.256	0.222	0.218	0.227	0.408	0.048	0.298	0.253	0.047	0.219	0.189	0.389	0.357	0.481	0.415	0.388	0.267	0.274	0.266	0.200	0.283	0.280	0.400	0.379	0.403	0.252	0.360	0.362	0.310	0.428	0.420	0.448	0.441	0.253	0.404	0.325	0.360	0.305	0.493	0.065	0.136	0.396	0.454	0.434	0.443	0.238	0.368	0.304	0.405	0.390	0.404	0.391	0.436	0.505	0.513	0.327	0.527	0.207	0.423	0.417	0.396	0.320	0.049	0.412	0.426	0.390	0.416	0.447	0.467	0.199	0.373	0.387	0.396	0.390	0.399	0.342	0.106	0.232	0.216	0.426	0.405	0.203	0.321	0.358	0.047	0.269	0.414	0.287	0.374	0.420	0.270	0.381	0.295
24:00:11	22.5	0.228	0.181	0.352	0.251	0.213	0.211	0.216	0.408	0.048	0.291	0.247	0.047	0.215	0.188	0.387	0.356	0.483	0.422	0.391	0.261	0.266	0.248	0.196	0.271	0.275	0.406	0.381	0.408	0.275	0.366	0.363	0.306	0.438	0.426	0.463	0.443	0.242	0.408	0.320	0.354	0.296	0.507	0.064	0.130	0.393	0.460	0.439	0.438	0.231	0.367	0.296	0.412	0.405	0.412	0.398	0.439	0.518	0.517	0.315	0.530	0.202	0.431	0.422	0.403	0.311	0.049	0.422	0.439	0.397	0.427	0.458	0.470	0.200	0.377	0.393	0.405	0.393	0.405	0.337	0.105	0.276	0.263	0.446	0.408	0.198	0.314	0.354	0.047	0.286	0.415	0.281	0.366	0.423	0.257	0.374	0.281
25:00:11	22.4	0.223	0.180	0.356	0.247	0.209	0.207	0.210	0.391	0.048	0.283	0.241	0.047	0.210	0.189	0.391	0.360	0.492	0.425	0.399	0.256	0.261	0.238	0.196	0.262	0.271	0.417	0.391	0.416	0.307	0.374	0.360	0.304	0.445	0.429	0.476	0.445	0.232	0.410	0.317	0.349	0.284	0.510	0.063	0.130	0.387	0.459	0.439	0.429	0.227	0.376	0.290	0.415	0.418	0.416	0.403	0.445	0.524	0.520	0.301	0.526	0.200	0.442	0.431	0.410	0.299	0.049	0.425	0.438	0.402	0.431	0.463	0.473	0.202	0.385	0.397	0.413	0.397	0.407	0.329	0.103	0.320	0.308	0.452	0.399	0.195	0.309	0.348	0.047	0.299	0.417	0.277	0.357	0.422	0.247	0.364	0.271
26:00:12	22.4	0.223	0.179	0.353	0.246	0.206	0.205	0.209	0.378	0.048	0.275	0.238	0.047	0.210	0.191	0.393	0.366	0.503	0.426	0.404	0.253	0.255	0.229	0.196	0.256	0.267	0.426	0.399	0.425	0.327	0.383	0.359	0.307	0.453	0.432	0.489	0.450	0.226	0.415	0.311	0.342	0.276	0.521	0.062	0.136	0.384	0.463	0.444	0.419	0.222	0.382	0.287	0.424	0.427	0.422	0.410	0.453	0.531	0.520	0.292	0.524	0.197	0.456	0.439	0.422	0.289	0.049	0.433	0.457	0.409	0.439	0.475	0.478	0.203	0.394	0.407	0.420	0.399	0.414	0.322	0.101	0.355	0.344	0.460	0.397	0.195	0.304	0.349	0.047	0.309	0.423	0.277	0.346	0.424	0.244	0.360	0.264
27:00:13	22.4	0.220	0.180	0.351	0.247	0.204	0.207	0.206	0.363	0.048	0.266	0.235	0.047	0.210	0.194	0.395	0.364	0.513	0.432	0.410	0.252	0.251	0.223	0.197	0.251	0.264	0.434	0.409	0.434	0.343	0.390	0.354	0.306	0.461	0.432	0.503	0.443	0.221	0.413	0.304	0.335	0.265	0.526	0.061	0.137	0.378	0.464	0.448	0.403	0.219	0.386	0.282	0.427	0.434	0.432	0.419	0.457	0.537	0.523	0.287	0.526	0.195	0.464	0.441	0.426	0.279	0.049	0.441	0.469	0.411	0.443	0.484	0.478	0.209	0.399	0.411	0.426	0.394	0.421	0.313	0.100	0.376	0.370	0.461	0.393	0.194	0.299	0.343	0.047	0.320	0.417	0.280	0.336	0.423	0.240	0.354	0.260
28:00:15	22.5	0.224	0.183	0.344	0.247	0.205	0.210	0.207	0.350	0.048	0.263	0.234	0.047	0.212	0.202	0.397	0.365	0.518	0.430	0.419	0.252	0.248	0.220	0.203	0.248	0.258	0.440	0.416	0.441	0.357	0.400	0.348	0.308	0.475	0.444	0.518	0.435	0.218	0.407	0.298	0.328	0.258	0.533	0.061	0.138	0.369	0.465	0.455	0.394	0.217	0.383	0.280	0.432	0.438	0.444	0.427	0.458	0.541	0.523	0.284	0.529	0.196	0.473	0.446	0.431	0.272	0.049	0.447	0.471	0.420	0.445	0.495	0.476	0.217	0.406	0.417	0.430	0.401	0.431	0.305	0.098	0.389	0.387	0.461	0.383	0.195	0.296	0.335	0.047	0.329	0.416	0.286	0.327	0.415	0.237	0.350	0.257
29:00:15	22.4	0.234	0.187	0.339	0.248	0.207	0.213	0.209	0.338	0.048	0.262	0.235	0.047	0.213	0.205	0.397	0.367	0.531	0.427	0.431	0.253	0.247	0.218	0.207	0.248	0.257	0.450	0.431	0.450	0.359	0.416	0.345	0.315	0.490	0.457	0.526	0.430	0.215	0.407	0.291	0.320	0.253	0.540	0.061	0.138	0.360	0.463	0.470	0.381	0.217	0.387	0.278	0.436	0.440	0.452	0.438	0.464	0.550	0.523	0.284	0.521	0.197	0.484	0.448	0.437	0.264	0.049	0.461	0.490	0.434	0.451	0.509	0.473	0.225	0.411	0.422	0.434	0.408	0.442	0.300	0.096	0.397	0.396	0.463	0.383	0.198	0.298	0.330	0.047	0.334	0.404	0.290	0.319	0.411	0.234	0.346	0.256
30:00:16	22.3	0.245	0.191	0.340	0.250	0.212	0.217	0.217	0.332	0.048	0.262	0.240	0.047	0.218	0.207	0.401	0.371	0.521	0.424	0.440	0.254	0.249	0.217	0.211	0.251	0.260	0.455	0.442	0.461	0.367	0.428	0.340	0.320	0.506	0.470	0.542	0.420	0.213	0.405	0.284	0.314	0.252	0.550	0.060	0.122	0.356	0.460	0.480	0.375	0.217	0.390	0.275	0.434	0.443	0.472	0.453	0.470	0.557	0.520	0.291	0.512	0.199	0.493	0.458	0.445	0.260	0.049	0.470	0.502	0.445	0.457	0.523	0.466	0.233	0.414	0.429	0.441	0.409	0.453	0.298	0.094	0.401	0.404	0.467	0.388	0.201	0.299	0.321	0.047	0.337	0.397	0.296	0.318	0.407	0.233	0.345	0.255
31:00:17	22.3	0.248	0.198	0.335	0.256	0.217	0.223	0.226	0.334	0.048	0.260	0.248	0.047	0.226	0.213	0.400	0.371	0.535	0.414	0.447	0.258	0.253	0.218	0.219	0.259	0.258	0.459	0.446	0.464	0.367	0.438	0.341	0.323	0.513	0.484	0.556	0.413	0.213	0.403	0.276	0.308	0.254	0.553	0.060	0.149	0.356	0.456	0.494	0.365	0.221	0.392	0.277	0.434	0.442	0.483	0.458	0.472	0.565	0.517	0.299	0.502	0.203	0.490	0.462	0.447	0.258	0.049	0.482	0.510	0.450	0.465	0.529	0.450	0.241	0.403	0.436	0.440	0.415	0.458	0.300	0.093	0.402	0.405	0.465	0.394	0.206	0.301	0.319	0.047	0.339	0.395	0.297	0.324	0.395	0.232	0.350	0.260
32:00:19	22.3	0.258	0.204	0.333	0.261	0.228	0.232	0.238	0.340	0.048	0.259	0.254	0.047	0.240	0.220	0.405	0.377	0.535	0.406	0.456	0.265	0.264	0.222	0.228	0.268	0.265	0.464	0.456	0.471	0.375	0.451	0.346	0.324	0.519	0.484	0.572	0.403	0.215	0.403	0.273	0.311	0.257	0.553	0.060	0.129	0.364	0.460	0.507	0.363	0.225	0.394	0.280	0.436	0.443	0.488	0.468	0.472	0.567	0.512	0.308	0.494	0.210	0.490	0.462	0.446	0.258	0.049	0.493	0.516	0.460	0.474	0.537	0.438	0.252	0.407	0.442	0.445	0.423	0.472	0.308	0.091	0.406	0.410	0.473	0.395	0.216	0.300	0.323	0.047	0.338	0.398	0.301	0.334	0.391	0.232	0.354	0.269
33:00:19	22.3	0.265	0.214	0.338	0.273	0.238	0.243	0.244	0.340	0.048	0.267	0.262	0.047	0.245	0.232	0.410	0.379	0.533	0.388	0.463	0.274	0.274	0.228	0.238	0.274	0.271	0.466	0.464	0.475	0.371	0.463	0.352	0.327	0.529	0.496	0.581	0.403	0.217	0.399	0.268	0.319	0.266	0.555	0.060	0.137	0.369	0.455	0.515	0.363	0.231	0.397	0.289	0.437	0.444	0.499	0.478	0.478	0.575	0.503	0.314	0.486	0.217	0.491	0.471	0.449	0.262	0.049	0.503	0.540	0.464	0.493	0.548	0.429	0.260	0.409	0.445	0.446	0.430	0.481	0.316	0.090	0.409	0.415	0.480	0.396	0.223	0.305	0.335	0.047	0.335	0.406	0.305	0.338	0.387	0.232	0.356	0.277
34:00:19	22.3	0.271	0.229	0.349	0.283	0.246	0.250	0.251	0.343	0.048	0.278	0.264	0.047	0.251	0.246	0.419	0.379	0.535	0.369	0.468	0.279	0.277	0.239	0.241	0.281	0.285	0.468	0.466	0.483	0.374	0.470	0.360	0.327	0.542	0.513	0.590	0.399	0.225	0.403	0.264	0.331	0.274	0.566	0.060	0.120	0.372	0.452	0.526	0.366	0.244	0.396	0.295	0.441	0.444	0.518	0.484	0.483	0.578	0.490	0.316	0.474	0.229	0.495	0.484	0.454	0.266	0.049	0.510	0.540	0.474	0.503	0.564	0.423	0.266	0.419	0.446	0.444	0.448	0.495	0.324	0.088	0.415	0.412	0.481	0.393	0.228	0.315	0.337	0.047	0.332	0.410	0.309	0.335	0.382	0.232	0.357	0.285
35:00:21	22.2	0.280	0.237	0.353	0.290	0.252	0.259	0.256	0.344	0.048	0.295	0.272	0.047	0.257	0.254	0.426	0.387	0.542	0.349	0.479	0.283	0.283	0.250	0.244	0.286	0.297	0.472	0.471	0.488	0.379	0.471	0.366	0.331	0.552	0.523	0.598	0.404	0.235	0.412	0.261	0.339	0.280	0.567	0.060	0.143	0.374	0.456	0.546	0.377	0.256	0.396	0.298	0.445	0.444	0.543	0.501	0.489	0.582	0.476	0.321	0.469	0.240	0.500	0.482	0.454	0.269	0.049	0.524	0.552	0.481	0.509	0.577	0.425	0.274	0.425	0.446	0.447	0.466	0.512	0.330	0.087	0.414	0.419	0.483	0.393	0.235	0.321	0.335	0.047	0.331	0.405	0.315	0.338	0.386	0.235	0.355	0.295
36:00:22	22.3	0.282	0.243	0.364	0.293	0.256	0.263	0.264	0.345	0.048	0.296	0.270	0.046	0.263	0.251	0.421	0.398	0.518	0.332	0.481	0.284	0.270	0.257	0.250	0.291	0.301	0.460	0.466	0.482	0.374	0.463	0.359	0.331	0.551	0.547	0.595	0.400	0.234	0.413	0.252	0.333	0.283	0.550	0.059	0.124	0.360	0.445	0.552	0.380	0.263	0.400	0.302	0.435	0.430	0.543	0.512	0.478	0.583	0.443	0.316	0.448	0.252	0.494	0.469	0.451	0.275	0.049	0.539	0.543	0.494	0.510	0.574	0.425	0.280	0.414	0.438	0.439	0.463	0.510	0.323	0.084	0.395	0.409	0.471	0.382	0.237	0.315	0.341	0.047	0.323	0.394	0.315	0.334	0.373	0.232	0.353	0.295
37:00:23	22.5	0.295	0.251	0.367	0.296	0.260	0.272	0.267	0.339	0.048	0.302	0.282	0.046	0.270	0.263	0.433	0.404	0.541	0.321	0.488	0.285	0.283	0.256	0.254	0.292	0.304	0.472	0.475	0.492	0.379	0.474	0.363	0.336	0.557	0.570	0.603	0.413	0.239	0.428	0.250	0.334	0.283	0.556	0.059	0.139	0.364	0.452	0.567	0.385	0.270	0.407	0.302	0.443	0.423	0.560	0.530	0.481	0.582	0.421	0.324	0.448	0.266	0.504	0.483	0.456	0.286	0.049	0.559	0.550	0.520	0.522	0.592	0.443	0.287	0.421	0.441	0.449	0.469	0.514	0.323	0.084	0.402	0.417	0.486	0.389	0.247	0.319	0.349	0.047	0.318	0.404	0.323	0.336	0.381	0.236	0.355	0.299
38:00:24	22.7	0.299	0.260	0.372	0.303	0.268	0.279	0.277	0.343	0.048	0.296	0.283	0.047	0.278	0.266	0.423	0.403	0.528	0.313	0.484	0.293	0.281	0.259	0.261	0.307	0.299	0.465	0.482	0.490	0.380	0.464	0.360	0.339	0.549	0.579	0.602	0.401	0.241	0.418	0.245	0.334	0.288	0.552	0.059	0.123	0.359	0.439	0.564	0.375	0.270	0.411	0.312	0.439	0.415	0.564	0.542	0.467	0.583	0.393	0.324	0.438	0.269	0.492	0.472	0.449	0.290	0.049	0.568	0.549	0.545	0.535	0.578	0.433	0.294	0.409	0.439	0.437	0.466	0.507	0.323	0.081	0.383	0.406	0.479	0.380	0.249	0.319	0.342	0.047	0.311	0.401	0.328	0.337	0.378	0.237	0.358	0.302
39:00:26	22.8	0.306	0.266	0.366	0.306	0.273	0.283	0.281	0.340	0.048	0.296	0.285	0.047	0.286	0.269	0.419	0.396	0.528	0.305	0.479	0.297	0.285	0.263	0.266	0.312	0.296	0.470	0.474	0.490	0.377	0.455	0.359	0.340	0.551	0.579	0.600	0.395	0.244	0.411	0.239	0.335	0.291	0.545	0.059	0.126	0.358	0.430	0.558	0.367	0.272	0.412	0.312	0.442	0.396	0.564	0.543	0.450	0.577	0.363	0.326	0.431	0.271	0.481	0.469	0.444	0.289	0.049	0.571	0.544	0.560	0.554	0.583	0.420	0.299	0.397	0.434	0.433	0.462	0.503	0.323	0.080	0.371	0.402	0.481	0.379	0.256	0.320	0.331	0.047	0.298	0.384	0.334	0.337	0.376	0.240	0.360	0.306
40:00:26	22.7	0.317	0.275	0.353	0.315	0.280	0.296	0.290	0.350	0.048	0.304	0.307	0.046	0.293	0.281	0.437	0.409	0.543	0.304	0.493	0.301	0.303	0.271	0.274	0.315	0.302	0.492	0.484	0.505	0.392	0.469	0.371	0.345	0.566	0.599	0.609	0.401	0.256	0.421	0.242	0.345	0.295	0.558	0.059	0.129	0.373	0.441	0.585	0.372	0.280	0.419	0.318	0.459	0.396	0.591	0.556	0.468	0.586	0.344	0.343	0.441	0.274	0.494	0.482	0.463	0.299	0.049	0.587	0.557	0.576	0.580	0.620	0.431	0.311	0.412	0.449	0.446	0.481	0.521	0.336	0.081	0.395	0.417	0.486	0.392	0.265	0.329	0.340	0.046	0.297	0.394	0.346	0.345	0.388	0.249	0.368	0.315
41:00:27	22.7	0.329	0.281	0.357	0.327	0.291	0.305	0.301	0.353	0.048	0.311	0.319	0.046	0.302	0.291	0.449	0.411	0.550	0.304	0.494	0.312	0.308	0.279	0.282	0.324	0.310	0.502	0.497	0.505	0.403	0.473	0.379	0.354	0.573	0.594	0.610	0.402	0.263	0.425	0.244	0.353	0.302	0.557	0.059	0.128	0.379	0.444	0.581	0.378	0.286	0.418	0.328	0.469	0.391	0.599	0.564	0.469	0.586	0.326	0.352	0.441	0.277	0.499	0.479	0.467	0.309	0.050	0.601	0.562	0.586	0.589	0.620	0.427	0.320	0.419	0.453	0.452	0.483	0.515	0.342	0.080	0.390	0.409	0.477	0.398	0.271	0.335	0.346	0.046	0.300	0.389	0.354	0.353	0.384	0.256	0.379	0.321
42:00:29	23.0	0.333	0.292	0.370	0.334	0.298	0.311	0.311	0.361	0.047	0.311	0.318	0.046	0.312	0.292	0.428	0.405	0.536	0.296	0.493	0.317	0.306	0.288	0.290	0.339	0.316	0.478	0.492	0.493	0.394	0.464	0.378	0.361	0.558	0.603	0.604	0.393	0.267	0.411	0.235	0.351	0.309	0.546	0.058	0.128	0.371	0.431	0.565	0.372	0.291	0.408	0.341	0.447	0.377	0.591	0.558	0.449	0.572	0.304	0.350	0.433	0.281	0.482	0.459	0.460	0.315	0.049	0.596	0.563	0.592	0.597	0.592	0.413	0.326	0.406	0.439	0.446	0.471	0.500	0.340	0.077	0.361	0.402	0.460	0.386	0.274	0.338	0.347	0.046	0.293	0.379	0.363	0.354	0.374	0.257	0.381	0.325
43:00:29	23.2	0.342	0.297	0.367	0.334	0.305	0.316	0.315	0.362	0.047	0.317	0.321	0.046	0.320	0.296	0.429	0.401	0.537	0.284	0.488	0.318	0.306	0.294	0.296	0.344	0.315	0.467	0.487	0.487	0.394	0.457	0.379	0.359	0.561	0.597	0.607	0.391	0.274	0.408	0.232	0.348	0.308	0.543	0.058	0.132	0.372	0.431	0.562	0.370	0.296	0.401	0.337	0.444	0.358	0.577	0.563	0.431	0.564	0.286	0.357	0.437	0.286	0.478	0.453	0.451	0.317	0.049	0.597	0.566	0.593	0.599	0.591	0.413	0.332	0.399	0.436	0.441	0.452	0.488	0.338	0.076	0.348	0.399	0.453	0.394	0.280	0.342	0.341	0.046	0.281	0.378	0.366	0.356	0.372	0.263	0.385	0.329
44:00:30	24.0	0.348	0.304	0.366	0.338	0.311	0.323	0.322	0.369	0.047	0.319	0.328	0.047	0.326	0.301	0.427	0.398	0.527	0.271	0.479	0.322	0.317	0.300	0.304	0.350	0.322	0.461	0.483	0.482	0.396	0.453	0.378	0.360	0.558	0.596	0.592	0.385	0.280	0.403	0.234	0.351	0.312	0.540	0.058	0.128	0.370	0.427	0.551	0.371	0.304	0.396	0.341	0.433	0.339	0.566	0.560	0.426	0.547	0.269	0.363	0.438	0.292	0.470	0.444	0.446	0.318	0.049	0.594	0.574	0.602	0.614	0.579	0.407	0.341	0.391	0.430	0.438	0.448	0.484	0.340	0.074	0.337	0.402	0.450	0.393	0.287	0.346	0.341	0.046	0.263	0.376	0.379	0.362	0.371	0.265	0.390	0.332
45:00:30	24.5	0.356	0.313	0.366	0.346	0.320	0.331	0.333	0.376	0.047	0.325	0.338	0.046	0.335	0.308	0.426	0.398	0.526	0.261	0.473	0.326	0.323	0.309	0.315	0.355	0.328	0.459	0.483	0.476	0.395	0.448	0.380	0.365	0.545	0.596	0.585	0.385	0.288	0.404	0.236	0.354	0.319	0.534	0.057	0.121	0.373	0.426	0.540	0.372	0.314	0.392	0.345	0.428	0.327	0.554	0.551	0.425	0.534	0.258	0.368	0.444	0.298	0.468	0.441	0.437	0.323	0.049	0.586	0.574	0.593	0.602	0.570	0.406	0.351	0.394	0.426	0.438	0.443	0.483	0.342	0.073	0.327	0.398	0.449	0.400	0.295	0.355	0.342	0.046	0.247	0.379	0.388	0.368	0.371	0.271	0.397	0.338
46:00:32	24.9	0.365	0.324	0.365	0.354	0.330	0.342	0.344	0.382	0.047	0.331	0.349	0.046	0.345	0.315	0.428	0.397	0.526	0.254	0.467	0.333	0.332	0.316	0.325	0.365	0.336	0.453	0.480	0.472	0.387	0.439	0.382	0.369	0.540	0.583	0.583	0.385	0.296	0.404	0.242	0.359	0.325	0.535	0.057	0.120	0.378	0.426	0.538	0.375	0.322	0.391	0.350	0.427	0.314	0.547	0.554	0.425	0.518	0.250	0.376	0.449	0.303	0.465	0.437	0.436	0.329	0.049	0.586	0.578	0.580	0.604	0.564	0.403	0.359	0.399	0.420	0.436	0.445	0.484	0.347	0.072	0.324	0.399	0.451	0.406	0.303	0.363	0.347	0.046	0.237	0.382	0.399	0.380	0.368	0.278	0.405	0.344
47:00:32	25.0	0.376	0.330	0.366	0.362	0.340	0.350	0.353	0.392	0.047	0.337	0.358	0.046	0.355	0.323	0.428	0.397	0.520	0.247	0.461	0.337	0.342	0.326	0.332	0.375	0.343	0.456	0.479	0.469	0.386	0.436	0.382	0.371	0.532	0.575	0.576	0.389	0.304	0.404	0.252	0.364	0.334	0.534	0.057	0.119	0.387	0.425	0.537	0.382	0.330	0.389	0.357	0.427	0.298	0.546	0.540	0.433	0.493	0.241	0.385	0.456	0.307	0.463	0.430	0.439	0.339	0.049	0.573	0.589	0.586	0.604	0.560	0.407	0.366	0.404	0.416	0.441	0.437	0.484	0.352	0.071	0.318	0.395	0.455	0.412	0.310	0.372	0.353	0.046	0.230	0.388	0.408	0.385	0.367	0.287	0.413	0.352
48:00:33	25.0	0.386	0.343	0.369	0.372	0.351	0.361	0.364	0.399	0.047	0.346	0.372	0.046	0.365	0.333	0.436	0.400	0.525	0.245	0.463	0.346	0.352	0.336	0.342	0.387	0.352	0.460	0.486	0.470	0.396	0.439	0.389	0.381	0.533	0.577	0.574	0.397	0.314	0.411	0.261	0.372	0.343	0.539	0.057	0.123	0.390	0.433	0.542	0.390	0.337	0.392	0.367	0.425	0.288	0.550	0.534	0.431	0.475	0.237	0.398	0.466	0.314	0.463	0.433	0.445	0.349	0.049	0.574	0.594	0.589	0.604	0.560	0.409	0.374	0.410	0.422	0.447	0.442	0.484	0.363	0.071	0.325	0.393	0.459	0.418	0.320	0.382	0.365	0.046	0.226	0.392	0.420	0.398	0.374	0.297	0.423	0.361
49:00:35	24.9	0.397	0.350	0.373	0.381	0.363	0.374	0.374	0.409	0.047	0.354	0.384	0.046	0.375	0.344	0.441	0.402	0.524	0.243	0.464	0.358	0.360	0.349	0.353	0.400	0.359	0.460	0.485	0.470	0.396	0.437	0.396	0.391	0.537	0.577	0.573	0.402	0.323	0.415	0.267	0.382	0.353	0.539	0.057	0.119	0.404	0.440	0.546	0.400	0.344	0.392	0.379	0.432	0.277	0.553	0.530	0.425	0.455	0.234	0.408	0.485	0.320	0.464	0.430	0.451	0.360	0.049	0.570	0.599	0.590	0.604	0.564	0.415	0.380	0.418	0.422	0.455	0.445	0.483	0.372	0.071	0.332	0.394	0.465	0.427	0.327	0.391	0.375	0.046	0.223	0.398	0.429	0.408	0.377	0.306	0.432	0.368
50:00:35	24.7	0.409	0.359	0.383	0.392	0.375	0.386	0.389	0.418	0.047	0.363	0.396	0.046	0.385	0.355	0.452	0.404	0.525	0.241	0.468	0.366	0.368	0.359	0.363	0.406	0.373	0.464	0.489	0.476	0.400	0.440	0.405	0.400	0.537	0.579	0.574	0.410	0.331	0.422	0.272	0.393	0.368	0.550	0.057	0.121	0.416	0.446	0.549	0.401	0.352	0.397	0.389	0.440	0.269	0.552	0.526	0.419	0.436	0.232	0.422	0.475	0.327	0.465	0.438	0.459	0.371	0.049	0.566	0.605	0.579	0.599	0.563	0.421	0.389	0.424	0.424	0.463	0.447	0.484	0.385	0.071	0.334	0.395	0.467	0.433	0.336	0.398	0.383	0.046	0.223	0.406	0.437	0.417	0.381	0.317	0.441	0.376
51:00:36	24.6	0.433	0.365	0.399	0.412	0.387	0.399	0.391	0.423	0.047	0.366	0.411	0.046	0.391	0.370	0.477	0.417	0.544	0.241	0.480	0.377	0.391	0.369	0.375	0.420	0.385	0.473	0.509	0.476	0.411	0.455	0.420	0.419	0.549	0.591	0.587	0.426	0.340	0.440	0.286	0.417	0.383	0.559	0.057	0.130	0.421	0.455	0.566	0.401	0.362	0.410	0.404	0.458	0.271	0.576	0.554	0.429	0.429	0.232	0.437	0.501	0.332	0.485	0.454	0.474	0.383	0.049	0.586	0.616	0.596	0.613	0.587	0.441	0.397	0.442	0.443	0.476	0.460	0.497	0.392	0.070	0.348	0.405	0.480	0.451	0.345	0.408	0.394	0.046	0.227	0.406	0.449	0.429	0.391	0.328	0.456	0.382
52:00:37	24.8	0.433	0.376	0.403	0.416	0.400	0.410	0.410	0.438	0.047	0.378	0.414	0.046	0.405	0.377	0.472	0.418	0.526	0.241	0.476	0.388	0.388	0.383	0.384	0.430	0.393	0.478	0.503	0.483	0.408	0.445	0.430	0.422	0.531	0.581	0.569	0.426	0.350	0.437	0.287	0.422	0.394	0.557	0.057	0.118	0.438	0.460	0.549	0.412	0.367	0.414	0.415	0.445	0.273	0.558	0.526	0.425	0.407	0.229	0.444	0.510	0.341	0.477	0.449	0.480	0.396	0.049	0.576	0.616	0.596	0.603	0.557	0.430	0.404	0.444	0.438	0.485	0.457	0.489	0.408	0.069	0.344	0.396	0.479	0.451	0.354	0.416	0.404	0.046	0.224	0.418	0.456	0.444	0.395	0.335	0.460	0.388
53:00:38	25.0	0.444	0.383	0.408	0.422	0.410	0.420	0.418	0.447	0.047	0.387	0.423	0.046	0.413	0.387	0.478	0.423	0.529	0.237	0.477	0.394	0.395	0.394	0.393	0.440	0.402	0.478	0.507	0.483	0.414	0.446	0.436	0.431	0.534	0.584	0.564	0.430	0.359	0.443	0.289	0.429	0.402	0.560	0.057	0.126	0.445	0.464	0.553	0.420	0.376	0.418	0.421	0.441	0.265	0.563	0.529	0.424	0.381	0.224	0.456	0.502	0.347	0.483	0.450	0.484	0.404	0.049	0.571	0.616	0.590	0.602	0.556	0.432	0.411	0.449	0.441	0.487	0.459	0.490	0.413	0.069	0.342	0.398	0.483	0.457	0.364	0.424	0.412	0.046	0.220	0.429	0.462	0.452	0.401	0.344	0.466	0.396
54:00:38	25.3	0.453	0.391	0.419	0.430	0.418	0.426	0.425	0.454	0.046	0.394	0.430	0.046	0.420	0.396	0.482	0.427	0.528	0.229	0.477	0.402	0.402	0.403	0.399	0.447	0.411	0.480	0.512	0.482	0.419	0.444	0.440	0.437	0.530	0.579	0.558	0.433	0.366	0.446	0.295	0.435	0.411	0.554	0.057	0.128	0.448	0.464	0.552	0.425	0.382	0.423	0.426	0.444	0.260	0.568	0.530	0.422	0.354	0.220	0.463	0.519	0.354	0.482	0.452	0.485	0.411	0.048	0.571	0.620	0.579	0.597	0.554	0.432	0.419	0.453	0.444	0.492	0.450	0.493	0.417	0.068	0.342	0.397	0.482	0.464	0.375	0.430	0.417	0.046	0.215	0.424	0.468	0.452	0.406	0.353	0.472	0.403
55:00:40	25.5	0.460	0.401	0.430	0.439	0.431	0.437	0.435	0.465	0.047	0.401	0.437	0.046	0.432	0.406	0.492	0.432	0.524	0.227	0.479	0.413	0.413	0.414	0.409	0.459	0.420	0.489	0.513	0.487	0.425	0.448	0.449	0.446	0.526	0.581	0.555	0.443	0.376	0.454	0.300	0.444	0.421	0.559	0.057	0.133	0.460	0.468	0.545	0.429	0.390	0.427	0.436	0.446	0.252	0.570	0.529	0.423	0.333	0.218	0.473	0.513	0.361	0.487	0.459	0.490	0.421	0.049	0.567	0.622	0.589	0.594	0.552	0.435	0.428	0.464	0.450	0.498	0.461	0.495	0.426	0.068	0.344	0.402	0.489	0.473	0.385	0.440	0.429	0.046	0.211	0.434	0.478	0.465	0.413	0.361	0.480	0.411
56:00:40	25.5	0.491	0.416	0.440	0.466	0.443	0.448	0.439	0.460	0.047	0.407	0.452	0.046	0.435	0.422	0.510	0.446	0.550	0.227	0.485	0.420	0.438	0.420	0.420	0.471	0.441	0.496	0.532	0.488	0.434	0.468	0.467	0.463	0.539	0.601	0.570	0.452	0.381	0.472	0.310	0.463	0.425	0.569	0.057	0.123	0.459	0.483	0.568	0.435	0.396	0.434	0.449	0.464	0.247	0.591	0.552	0.427	0.317	0.219	0.481	0.520	0.368	0.505	0.476	0.503	0.432	0.048	0.587	0.640	0.607	0.613	0.574	0.457	0.440	0.476	0.464	0.505	0.474	0.510	0.429	0.067	0.355	0.416	0.507	0.492	0.394	0.448	0.437	0.046	0.213	0.443	0.491	0.480	0.423	0.375	0.492	0.422
57:00:41	25.4	0.477	0.423	0.448	0.459	0.454	0.458	0.451	0.485	0.046	0.416	0.451	0.046	0.450	0.429	0.513	0.448	0.541	0.226	0.488	0.437	0.430	0.433	0.435	0.479	0.447	0.509	0.530	0.499	0.440	0.461	0.474	0.468	0.531	0.578	0.557	0.457	0.391	0.476	0.321	0.467	0.445	0.573	0.057	0.122	0.477	0.488	0.554	0.445	0.405	0.447	0.459	0.463	0.244	0.589	0.535	0.429	0.305	0.218	0.495	0.528	0.374	0.507	0.476	0.506	0.448	0.048	0.578	0.637	0.590	0.601	0.559	0.452	0.445	0.484	0.468	0.516	0.465	0.501	0.448	0.067	0.358	0.416	0.504	0.494	0.407	0.453	0.450	0.046	0.209	0.456	0.497	0.479	0.430	0.380	0.500	0.428
58:00:42	25.3	0.480	0.433	0.459	0.466	0.464	0.469	0.462	0.494	0.046	0.426	0.454	0.046	0.460	0.440	0.523	0.456	0.549	0.223	0.493	0.445	0.441	0.445	0.443	0.491	0.450	0.509	0.537	0.504	0.449	0.465	0.481	0.479	0.534	0.581	0.557	0.464	0.398	0.480	0.326	0.475	0.446	0.576	0.057	0.117	0.489	0.496	0.545	0.451	0.410	0.453	0.466	0.464	0.237	0.556	0.536	0.435	0.290	0.216	0.503	0.538	0.382	0.512	0.478	0.516	0.457	0.048	0.579	0.645	0.597	0.600	0.558	0.464	0.452	0.493	0.471	0.519	0.467	0.505	0.456	0.066	0.362	0.418	0.519	0.500	0.416	0.458	0.455	0.046	0.208	0.457	0.505	0.488	0.437	0.391	0.508	0.437
59:00:44	25.3	0.506	0.454	0.473	0.495	0.476	0.478	0.472	0.489	0.047	0.440	0.480	0.045	0.467	0.455	0.524	0.473	0.571	0.221	0.492	0.449	0.462	0.451	0.449	0.504	0.484	0.510	0.556	0.508	0.452	0.479	0.495	0.489	0.548	0.600	0.572	0.468	0.404	0.490	0.334	0.486	0.454	0.593	0.057	0.129	0.485	0.504	0.567	0.468	0.418	0.455	0.473	0.481	0.233	0.622	0.556	0.439	0.281	0.216	0.513	0.553	0.390	0.521	0.495	0.523	0.463	0.048	0.595	0.657	0.608	0.619	0.579	0.483	0.468	0.501	0.483	0.527	0.495	0.513	0.457	0.066	0.370	0.429	0.527	0.518	0.424	0.469	0.460	0.045	0.209	0.465	0.517	0.500	0.445	0.403	0.518	0.448
60:00:46	25.4	0.501	0.450	0.487	0.489	0.486	0.488	0.480	0.522	0.046	0.440	0.461	0.045	0.478	0.462	0.543	0.477	0.558	0.222	0.504	0.467	0.461	0.464	0.465	0.505	0.473	0.525	0.553	0.522	0.463	0.473	0.500	0.495	0.537	0.582	0.562	0.474	0.417	0.500	0.348	0.494	0.472	0.586	0.057	0.118	0.507	0.512	0.556	0.467	0.426	0.469	0.487	0.478	0.229	0.561	0.539	0.440	0.276	0.214	0.526	0.558	0.395	0.527	0.497	0.528	0.482	0.048	0.577	0.653	0.593	0.602	0.560	0.480	0.470	0.511	0.488	0.534	0.484	0.516	0.476	0.065	0.377	0.430	0.520	0.519	0.435	0.475	0.472	0.046	0.207	0.474	0.521	0.503	0.452	0.407	0.528	0.455
61:00:46	25.4	0.509	0.462	0.495	0.500	0.498	0.496	0.488	0.533	0.046	0.448	0.467	0.045	0.487	0.467	0.549	0.480	0.562	0.220	0.510	0.474	0.468	0.473	0.472	0.513	0.481	0.529	0.560	0.521	0.468	0.487	0.507	0.506	0.541	0.573	0.560	0.481	0.428	0.511	0.356	0.503	0.479	0.596	0.057	0.120	0.512	0.515	0.559	0.473	0.435	0.475	0.495	0.486	0.223	0.563	0.539	0.445	0.269	0.211	0.533	0.575	0.404	0.528	0.492	0.533	0.490	0.048	0.577	0.656	0.596	0.601	0.565	0.488	0.479	0.521	0.491	0.542	0.492	0.522	0.479	0.065	0.384	0.435	0.529	0.527	0.444	0.485	0.478	0.046	0.203	0.482	0.529	0.517	0.455	0.416	0.534	0.462
62:00:47	25.2	0.521	0.473	0.507	0.509	0.513	0.505	0.498	0.537	0.046	0.455	0.473	0.045	0.497	0.478	0.555	0.487	0.566	0.218	0.508	0.484	0.480	0.482	0.481	0.519	0.491	0.531	0.562	0.528	0.472	0.483	0.516	0.517	0.542	0.577	0.560	0.489	0.436	0.511	0.364	0.512	0.489	0.600	0.057	0.118	0.516	0.524	0.547	0.485	0.444	0.481	0.503	0.482	0.217	0.561	0.539	0.448	0.264	0.210	0.543	0.575	0.411	0.536	0.498	0.538	0.497	0.047	0.583	0.658	0.593	0.605	0.563	0.496	0.488	0.528	0.500	0.546	0.490	0.522	0.487	0.064	0.391	0.445	0.534	0.535	0.454	0.490	0.484	0.045	0.202	0.490	0.537	0.523	0.465	0.426	0.542	0.473
63:00:47	25.1	0.524	0.480	0.524	0.518	0.518	0.525	0.516	0.541	0.046	0.470	0.510	0.045	0.508	0.490	0.560	0.509	0.586	0.222	0.507	0.493	0.507	0.485	0.490	0.538	0.551	0.530	0.584	0.543	0.482	0.499	0.534	0.541	0.561	0.589	0.579	0.505	0.445	0.526	0.378	0.529	0.498	0.613	0.058	0.131	0.527	0.543	0.566	0.490	0.457	0.493	0.516	0.496	0.215	0.597	0.568	0.460	0.270	0.215	0.561	0.605	0.421	0.550	0.521	0.563	0.508	0.048	0.581	0.674	0.614	0.627	0.586	0.513	0.501	0.541	0.520	0.570	0.517	0.553	0.494	0.064	0.403	0.462	0.552	0.549	0.463	0.497	0.494	0.046	0.206	0.499	0.547	0.542	0.476	0.440	0.550	0.486
64:00:48	25.2	0.533	0.493	0.553	0.531	0.527	0.534	0.521	0.571	0.046	0.481	0.508	0.045	0.518	0.506	0.566	0.518	0.613	0.222	0.519	0.505	0.511	0.496	0.504	0.544	0.548	0.541	0.599	0.549	0.495	0.514	0.550	0.544	0.569	0.588	0.587	0.515	0.456	0.538	0.387	0.536	0.507	0.620	0.058	0.123	0.533	0.548	0.575	0.500	0.465	0.499	0.523	0.507	0.216	0.607	0.564	0.469	0.272	0.214	0.562	0.621	0.430	0.562	0.523	0.566	0.523	0.048	0.580	0.680	0.610	0.628	0.590	0.523	0.510	0.550	0.524	0.572	0.524	0.544	0.509	0.063	0.410	0.458	0.554	0.559	0.475	0.506	0.502	0.045	0.204	0.506	0.552	0.551	0.483	0.447	0.560	0.507
65:00:49	25.4	0.560	0.509	0.531	0.542	0.541	0.536	0.530	0.568	0.046	0.479	0.491	0.045	0.527	0.514	0.580	0.519	0.596	0.220	0.532	0.519	0.507	0.510	0.513	0.541	0.529	0.554	0.596	0.555	0.499	0.511	0.547	0.548	0.558	0.563	0.581	0.516	0.463	0.538	0.394	0.543	0.519	0.614	0.059	0.119	0.554	0.553	0.569	0.509	0.469	0.507	0.536	0.510	0.212	0.581	0.545	0.474	0.270	0.209	0.571	0.607	0.439	0.564	0.524	0.570	0.534	0.047	0.574	0.674	0.602	0.595	0.582	0.520	0.513	0.561	0.529	0.576	0.519	0.551	0.518	0.062	0.418	0.463	0.562	0.562	0.482	0.512	0.505	0.045	0.202	0.513	0.559	0.554	0.485	0.448	0.562	0.502
66:00:53	25.6	0.565	0.511	0.533	0.555	0.553	0.549	0.536	0.578	0.045	0.486	0.505	0.045	0.536	0.521	0.582	0.526	0.607	0.222	0.537	0.530	0.531	0.518	0.522	0.550	0.534	0.556	0.603	0.557	0.503	0.519	0.553	0.555	0.561	0.585	0.585	0.523	0.469	0.547	0.402	0.551	0.531	0.615	0.059	0.118	0.560	0.559	0.568	0.513	0.478	0.512	0.542	0.514	0.206	0.575	0.556	0.477	0.266	0.207	0.577	0.619	0.444	0.568	0.532	0.573	0.539	0.047	0.574	0.681	0.602	0.606	0.584	0.524	0.522	0.566	0.536	0.578	0.523	0.549	0.524	0.061	0.422	0.468	0.567	0.564	0.486	0.518	0.510	0.045	0.198	0.515	0.565	0.559	0.490	0.457	0.568	0.513
67:00:51	25.8	0.570	0.515	0.538	0.563	0.565	0.559	0.545	0.584	0.045	0.495	0.518	0.045	0.548	0.531	0.588	0.539	0.623	0.226	0.537	0.538	0.541	0.528	0.530	0.559	0.547	0.561	0.608	0.567	0.506	0.523	0.561	0.566	0.565	0.568	0.590	0.532	0.475	0.557	0.411	0.559	0.537	0.631	0.062	0.119	0.563	0.566	0.574	0.518	0.485	0.523	0.553	0.521	0.206	0.594	0.549	0.481	0.268	0.208	0.588	0.627	0.452	0.576	0.542	0.582	0.547	0.047	0.592	0.686	0.604	0.592	0.588	0.533	0.528	0.574	0.546	0.586	0.532	0.559	0.532	0.060	0.427	0.473	0.573	0.568	0.497	0.520	0.517	0.045	0.198	0.521	0.570	0.564	0.499	0.463	0.575	0.525
68:00:52	25.9	0.555	0.530	0.581	0.556	0.575	0.559	0.578	0.637	0.046	0.505	0.548	0.045	0.551	0.534	0.603	0.556	0.622	0.230	0.539	0.546	0.550	0.534	0.544	0.576	0.592	0.575	0.609	0.586	0.517	0.533	0.576	0.589	0.581	0.582	0.611	0.534	0.493	0.580	0.426	0.583	0.542	0.640	0.064	0.122	0.574	0.587	0.586	0.520	0.500	0.529	0.564	0.529	0.207	0.605	0.558	0.486	0.276	0.214	0.604	0.657	0.459	0.587	0.554	0.601	0.558	0.047	0.599	0.689	0.612	0.600	0.612	0.545	0.539	0.581	0.558	0.607	0.536	0.562	0.537	0.060	0.432	0.483	0.586	0.580	0.498	0.529	0.525	0.045	0.197	0.531	0.581	0.577	0.508	0.477	0.580	0.536
69:00:53	25.9	0.564	0.527	0.559	0.578	0.591	0.573	0.561	0.599	0.046	0.507	0.527	0.045	0.567	0.554	0.606	0.554	0.635	0.242	0.552	0.560	0.556	0.547	0.549	0.567	0.573	0.580	0.636	0.580	0.519	0.538	0.582	0.584	0.582	0.577	0.605	0.546	0.490	0.577	0.430	0.579	0.558	0.639	0.068	0.118	0.588	0.587	0.584	0.536	0.501	0.541	0.570	0.534	0.204	0.597	0.549	0.496	0.276	0.211	0.607	0.643	0.469	0.594	0.560	0.601	0.570	0.047	0.588	0.692	0.579	0.594	0.602	0.548	0.542	0.589	0.565	0.603	0.549	0.573	0.556	0.059	0.443	0.488	0.586	0.585	0.503	0.533	0.532	0.045	0.198	0.536	0.587	0.581	0.516	0.479	0.588	0.535
70:00:54	25.9	0.555	0.562	0.593	0.585	0.596	0.576	0.572	0.635	0.046	0.528	0.568	0.045	0.567	0.557	0.616	0.573	0.636	0.254	0.548	0.563	0.566	0.557	0.567	0.585	0.609	0.589	0.625	0.606	0.533	0.544	0.594	0.608	0.584	0.597	0.625	0.551	0.508	0.598	0.442	0.599	0.563	0.656	0.074	0.118	0.591	0.607	0.603	0.551	0.510	0.546	0.576	0.544	0.204	0.617	0.573	0.495	0.285	0.216	0.622	0.668	0.477	0.604	0.564	0.614	0.578	0.048	0.596	0.697	0.590	0.606	0.627	0.561	0.553	0.600	0.571	0.614	0.558	0.585	0.553	0.059	0.442	0.494	0.603	0.593	0.495	0.543	0.538	0.045	0.196	0.544	0.595	0.586	0.521	0.491	0.592	0.533
71:00:55	25.7	0.584	0.562	0.613	0.597	0.611	0.585	0.598	0.622	0.046	0.532	0.573	0.045	0.583	0.570	0.629	0.586	0.648	0.270	0.560	0.578	0.578	0.568	0.586	0.593	0.596	0.600	0.644	0.619	0.544	0.559	0.609	0.624	0.595	0.603	0.633	0.559	0.508	0.608	0.453	0.608	0.575	0.660	0.081	0.118	0.606	0.615	0.609	0.550	0.516	0.558	0.587	0.557	0.204	0.634	0.579	0.503	0.293	0.219	0.632	0.679	0.486	0.621	0.574	0.625	0.590	0.048	0.600	0.702	0.618	0.607	0.635	0.571	0.561	0.603	0.587	0.626	0.560	0.585	0.569	0.058	0.452	0.507	0.615	0.609	0.507	0.551	0.548	0.045	0.198	0.559	0.602	0.603	0.532	0.494	0.602	0.543
72:00:56	25.5	0.550	0.585	0.600	0.625	0.623	0.601	0.580	0.649	0.045	0.548	0.582	0.045	0.583	0.579	0.642	0.591	0.659	0.277	0.575	0.587	0.591	0.588	0.594	0.599	0.613	0.609	0.649	0.626	0.559	0.565	0.617	0.625	0.602	0.615	0.649	0.566	0.520	0.629	0.460	0.621	0.591	0.687	0.091	0.117	0.621	0.631	0.626	0.596	0.522	0.570	0.606	0.576	0.205	0.636	0.575	0.512	0.302	0.223	0.651	0.694	0.493	0.637	0.587	0.641	0.603	0.048	0.611	0.712	0.597	0.622	0.642	0.581	0.568	0.618	0.598	0.637	0.572	0.592	0.578	0.057	0.464	0.518	0.624	0.611	0.502	0.559	0.553	0.045	0.198	0.567	0.608	0.610	0.538	0.532	0.611	0.539