Time	T° 600	A1	A2	A3	A4	A5	A6	A7	A8	A9	A10	A11	A12	B1	B2	B3	B4	B5	B6	B7	B8	B9	B10	B11	B12	C1	C2	C3	C4	C5	C6	C7	C8	C9	C10	C11	C12	D1	D2	D3	D4	D5	D6	D7	D8	D9	D10	D11	D12	E1	E2	E3	E4	E5	E6	E7	E8	E9	E10	E11	E12	F1	F2	F3	F4	F5	F6	F7	F8	F9	F10	F11	F12	G1	G2	G3	G4	G5	G6	G7	G8	G9	G10	G11	G12	H1	H2	H3	H4	H5	H6	H7	H8	H9	H10	H11	H12
0:00:06	24.0	0.049	0.046	0.051	0.052	0.048	0.049	0.046	0.047	0.047	0.051	0.050	0.048	0.047	0.046	0.047	0.051	0.050	0.050	0.047	0.048	0.048	0.053	0.054	0.050	0.045	0.046	0.047	0.046	0.045	0.049	0.113	0.047	0.049	0.053	0.051	0.049	0.047	0.047	0.047	0.047	0.045	0.048	0.048	0.047	0.048	0.051	0.050	0.048	0.047	0.051	0.048	0.051	0.049	0.048	0.051	0.046	0.046	0.048	0.048	0.048	0.050	0.051	0.051	0.048	0.051	0.044	0.048	0.049	0.048	0.047	0.048	0.046	0.051	0.052	0.052	0.050	0.049	0.049	0.048	0.048	0.051	0.047	0.049	0.047	0.052	0.052	0.049	0.045	0.046	0.048	0.052	0.052	0.049	0.053	0.049	0.050
1:00:04	24.2	0.058	0.055	0.059	0.062	0.058	0.060	0.058	0.061	0.047	0.064	0.061	0.055	0.053	0.055	0.057	0.061	0.056	0.057	0.057	0.057	0.059	0.058	0.070	0.066	0.052	0.055	0.054	0.054	0.052	0.056	0.128	0.054	0.058	0.061	0.055	0.056	0.056	0.056	0.055	0.054	0.053	0.059	0.050	0.049	0.060	0.064	0.058	0.058	0.053	0.061	0.060	0.060	0.051	0.056	0.058	0.057	0.049	0.063	0.057	0.062	0.056	0.063	0.059	0.060	0.057	0.046	0.057	0.059	0.058	0.059	0.059	0.057	0.059	0.064	0.061	0.058	0.059	0.057	0.057	0.050	0.060	0.056	0.060	0.060	0.057	0.062	0.060	0.047	0.054	0.060	0.063	0.063	0.058	0.064	0.062	0.062
2:00:04	24.2	0.059	0.064	0.068	0.066	0.065	0.064	0.062	0.063	0.048	0.068	0.061	0.065	0.054	0.061	0.061	0.069	0.056	0.058	0.059	0.059	0.065	0.060	0.069	0.070	0.056	0.059	0.068	0.059	0.063	0.066	0.138	0.063	0.058	0.062	0.056	0.064	0.062	0.062	0.066	0.068	0.067	0.069	0.055	0.049	0.065	0.067	0.056	0.060	0.056	0.064	0.070	0.066	0.060	0.061	0.063	0.060	0.055	0.066	0.057	0.064	0.058	0.066	0.059	0.065	0.057	0.046	0.058	0.059	0.060	0.059	0.059	0.061	0.062	0.066	0.062	0.058	0.060	0.059	0.059	0.053	0.060	0.056	0.060	0.061	0.056	0.064	0.063	0.051	0.063	0.064	0.065	0.064	0.062	0.067	0.063	0.062
3:00:06	24.4	0.064	0.063	0.066	0.068	0.069	0.062	0.059	0.066	0.048	0.068	0.063	0.068	0.054	0.069	0.061	0.076	0.057	0.060	0.056	0.059	0.060	0.062	0.069	0.071	0.057	0.059	0.074	0.060	0.070	0.072	0.141	0.058	0.061	0.063	0.058	0.065	0.063	0.069	0.072	0.080	0.068	0.068	0.055	0.049	0.066	0.070	0.059	0.062	0.058	0.064	0.064	0.070	0.069	0.060	0.064	0.058	0.056	0.070	0.063	0.064	0.059	0.069	0.061	0.064	0.059	0.045	0.060	0.060	0.064	0.059	0.061	0.061	0.068	0.065	0.064	0.061	0.060	0.060	0.060	0.056	0.062	0.058	0.062	0.064	0.061	0.064	0.063	0.056	0.067	0.065	0.067	0.062	0.061	0.068	0.063	0.063
4:00:07	24.6	0.073	0.072	0.079	0.076	0.078	0.067	0.066	0.069	0.048	0.075	0.070	0.060	0.060	0.071	0.071	0.091	0.062	0.063	0.062	0.063	0.064	0.070	0.076	0.074	0.060	0.066	0.075	0.061	0.074	0.067	0.128	0.061	0.065	0.067	0.066	0.070	0.068	0.071	0.084	0.090	0.068	0.074	0.054	0.048	0.068	0.068	0.065	0.067	0.064	0.066	0.073	0.080	0.062	0.064	0.069	0.062	0.056	0.070	0.069	0.071	0.063	0.076	0.066	0.074	0.065	0.044	0.065	0.065	0.074	0.062	0.069	0.066	0.071	0.068	0.074	0.067	0.070	0.064	0.064	0.057	0.069	0.065	0.070	0.073	0.070	0.071	0.070	0.057	0.068	0.070	0.069	0.069	0.060	0.077	0.072	0.072
5:00:07	24.4	0.084	0.081	0.087	0.085	0.082	0.083	0.078	0.080	0.048	0.088	0.083	0.058	0.070	0.081	0.086	0.097	0.072	0.075	0.070	0.074	0.076	0.081	0.090	0.085	0.072	0.070	0.076	0.068	0.080	0.076	0.106	0.069	0.078	0.075	0.077	0.084	0.077	0.076	0.088	0.100	0.075	0.091	0.053	0.048	0.082	0.082	0.079	0.083	0.073	0.076	0.085	0.086	0.065	0.073	0.077	0.072	0.059	0.083	0.080	0.084	0.074	0.085	0.081	0.086	0.075	0.044	0.079	0.075	0.083	0.072	0.085	0.079	0.079	0.080	0.081	0.081	0.079	0.075	0.077	0.058	0.083	0.075	0.083	0.085	0.083	0.082	0.080	0.056	0.063	0.079	0.088	0.081	0.063	0.095	0.087	0.087
6:00:07	24.3	0.086	0.094	0.101	0.105	0.095	0.093	0.096	0.088	0.048	0.108	0.099	0.057	0.081	0.095	0.100	0.114	0.083	0.094	0.079	0.089	0.088	0.101	0.101	0.098	0.083	0.083	0.084	0.081	0.098	0.085	0.100	0.081	0.090	0.088	0.090	0.100	0.089	0.091	0.103	0.115	0.083	0.112	0.052	0.048	0.092	0.098	0.088	0.100	0.083	0.090	0.095	0.104	0.079	0.090	0.091	0.085	0.068	0.091	0.096	0.092	0.085	0.105	0.093	0.111	0.089	0.044	0.088	0.092	0.099	0.091	0.095	0.089	0.095	0.091	0.102	0.098	0.101	0.087	0.090	0.058	0.095	0.091	0.095	0.091	0.099	0.096	0.098	0.055	0.058	0.095	0.092	0.092	0.066	0.108	0.101	0.095
7:00:09	23.9	0.097	0.105	0.110	0.125	0.100	0.105	0.109	0.108	0.047	0.126	0.105	0.056	0.086	0.114	0.115	0.135	0.098	0.111	0.101	0.095	0.104	0.107	0.108	0.112	0.091	0.093	0.100	0.094	0.115	0.099	0.090	0.097	0.109	0.102	0.099	0.114	0.098	0.107	0.120	0.124	0.109	0.125	0.051	0.048	0.110	0.106	0.099	0.115	0.093	0.111	0.113	0.126	0.087	0.109	0.110	0.094	0.073	0.106	0.108	0.106	0.094	0.122	0.111	0.132	0.101	0.044	0.124	0.122	0.124	0.122	0.136	0.091	0.118	0.113	0.124	0.129	0.125	0.101	0.111	0.057	0.109	0.110	0.114	0.095	0.113	0.107	0.121	0.053	0.057	0.117	0.101	0.103	0.069	0.117	0.103	0.106
8:00:09	23.7	0.103	0.123	0.126	0.138	0.120	0.126	0.125	0.114	0.047	0.147	0.120	0.055	0.090	0.136	0.142	0.160	0.102	0.145	0.110	0.115	0.128	0.108	0.114	0.124	0.107	0.112	0.119	0.117	0.134	0.119	0.099	0.114	0.131	0.131	0.103	0.131	0.115	0.123	0.143	0.144	0.130	0.149	0.051	0.048	0.142	0.147	0.120	0.133	0.103	0.129	0.131	0.144	0.103	0.138	0.143	0.102	0.088	0.129	0.118	0.110	0.105	0.142	0.134	0.159	0.113	0.044	0.161	0.155	0.152	0.143	0.159	0.112	0.135	0.140	0.150	0.164	0.151	0.137	0.144	0.057	0.118	0.140	0.156	0.105	0.120	0.135	0.152	0.052	0.056	0.128	0.112	0.105	0.079	0.133	0.124	0.111
9:00:11	23.4	0.122	0.147	0.153	0.160	0.148	0.145	0.153	0.142	0.048	0.174	0.138	0.052	0.094	0.163	0.163	0.170	0.124	0.168	0.138	0.150	0.147	0.116	0.145	0.172	0.132	0.133	0.141	0.138	0.158	0.139	0.119	0.140	0.200	0.156	0.122	0.161	0.132	0.144	0.159	0.158	0.163	0.172	0.051	0.048	0.171	0.180	0.182	0.147	0.124	0.149	0.160	0.165	0.124	0.163	0.168	0.139	0.104	0.147	0.117	0.114	0.128	0.168	0.161	0.176	0.108	0.044	0.170	0.175	0.180	0.177	0.185	0.147	0.150	0.163	0.175	0.191	0.176	0.140	0.170	0.057	0.151	0.168	0.192	0.124	0.126	0.161	0.174	0.052	0.058	0.164	0.122	0.111	0.079	0.141	0.143	0.136
10:00:12	23.1	0.215	0.176	0.183	0.194	0.207	0.163	0.186	0.184	0.047	0.197	0.185	0.051	0.160	0.175	0.189	0.168	0.160	0.181	0.189	0.174	0.190	0.130	0.186	0.204	0.149	0.160	0.163	0.162	0.178	0.153	0.141	0.157	0.214	0.180	0.108	0.190	0.146	0.171	0.170	0.161	0.176	0.193	0.051	0.047	0.184	0.198	0.198	0.201	0.152	0.173	0.179	0.174	0.144	0.182	0.180	0.147	0.122	0.182	0.150	0.228	0.146	0.177	0.185	0.183	0.118	0.044	0.182	0.187	0.189	0.192	0.189	0.220	0.189	0.197	0.191	0.198	0.185	0.186	0.188	0.056	0.209	0.193	0.206	0.155	0.156	0.196	0.201	0.050	0.060	0.197	0.142	0.135	0.072	0.138	0.225	0.125
11:00:13	22.8	0.290	0.203	0.205	0.222	0.271	0.194	0.210	0.219	0.047	0.205	0.217	0.051	0.216	0.189	0.207	0.174	0.204	0.194	0.197	0.195	0.200	0.156	0.239	0.246	0.188	0.183	0.180	0.184	0.191	0.168	0.169	0.186	0.216	0.194	0.202	0.212	0.166	0.187	0.180	0.168	0.197	0.199	0.050	0.047	0.187	0.203	0.207	0.220	0.194	0.193	0.189	0.186	0.168	0.186	0.188	0.177	0.134	0.223	0.191	0.273	0.161	0.185	0.202	0.190	0.211	0.044	0.190	0.190	0.188	0.195	0.200	0.234	0.222	0.223	0.201	0.205	0.189	0.215	0.197	0.055	0.219	0.195	0.210	0.228	0.344	0.220	0.225	0.050	0.063	0.223	0.211	0.196	0.115	0.224	0.242	0.200
12:00:14	22.6	0.368	0.224	0.223	0.228	0.289	0.223	0.221	0.224	0.047	0.213	0.227	0.050	0.242	0.191	0.221	0.185	0.222	0.209	0.203	0.201	0.210	0.325	0.245	0.252	0.226	0.204	0.192	0.195	0.203	0.178	0.199	0.202	0.223	0.205	0.291	0.232	0.216	0.198	0.185	0.169	0.207	0.201	0.050	0.047	0.191	0.204	0.202	0.228	0.223	0.206	0.196	0.192	0.188	0.192	0.193	0.217	0.148	0.232	0.249	0.316	0.190	0.188	0.216	0.195	0.210	0.044	0.195	0.202	0.195	0.191	0.200	0.251	0.249	0.238	0.212	0.210	0.188	0.231	0.210	0.055	0.219	0.205	0.220	0.252	0.388	0.243	0.240	0.050	0.068	0.240	0.256	0.233	0.074	0.385	0.294	0.307
13:00:14	22.5	0.356	0.230	0.232	0.240	0.277	0.236	0.225	0.247	0.047	0.224	0.234	0.050	0.246	0.194	0.237	0.197	0.231	0.210	0.214	0.214	0.223	0.392	0.257	0.260	0.251	0.211	0.200	0.201	0.218	0.195	0.223	0.215	0.235	0.217	0.278	0.235	0.262	0.202	0.190	0.175	0.218	0.205	0.050	0.047	0.196	0.211	0.217	0.225	0.233	0.208	0.201	0.194	0.204	0.201	0.202	0.228	0.158	0.240	0.421	0.304	0.244	0.195	0.221	0.201	0.196	0.044	0.204	0.205	0.202	0.198	0.210	0.263	0.261	0.248	0.215	0.220	0.195	0.240	0.218	0.055	0.216	0.212	0.223	0.258	0.369	0.254	0.252	0.049	0.074	0.250	0.266	0.273	0.112	0.420	0.297	0.357
14:00:16	22.4	0.402	0.238	0.242	0.262	0.311	0.248	0.234	0.270	0.048	0.241	0.280	0.050	0.253	0.198	0.247	0.204	0.238	0.212	0.228	0.225	0.235	0.438	0.284	0.281	0.266	0.220	0.207	0.208	0.226	0.212	0.236	0.220	0.248	0.229	0.283	0.242	0.286	0.209	0.195	0.183	0.226	0.214	0.050	0.047	0.205	0.225	0.224	0.232	0.255	0.212	0.203	0.196	0.218	0.210	0.209	0.240	0.172	0.247	0.408	0.317	0.270	0.203	0.231	0.209	0.266	0.044	0.212	0.207	0.211	0.209	0.218	0.270	0.270	0.260	0.218	0.229	0.204	0.242	0.215	0.054	0.226	0.223	0.240	0.266	0.381	0.270	0.271	0.049	0.081	0.267	0.279	0.293	0.106	0.473	0.297	0.394
15:00:16	22.4	0.445	0.244	0.244	0.261	0.329	0.249	0.238	0.298	0.047	0.254	0.311	0.049	0.258	0.208	0.254	0.209	0.251	0.222	0.240	0.237	0.243	0.464	0.305	0.303	0.273	0.230	0.214	0.210	0.237	0.223	0.247	0.237	0.257	0.241	0.296	0.262	0.291	0.215	0.202	0.190	0.239	0.216	0.050	0.047	0.211	0.242	0.241	0.246	0.284	0.219	0.206	0.197	0.233	0.218	0.214	0.258	0.208	0.259	0.418	0.349	0.306	0.207	0.235	0.215	0.303	0.043	0.221	0.212	0.224	0.209	0.224	0.276	0.282	0.278	0.223	0.240	0.206	0.242	0.224	0.053	0.240	0.233	0.249	0.285	0.344	0.287	0.285	0.048	0.094	0.284	0.292	0.290	0.090	0.493	0.331	0.446
16:00:17	22.5	0.472	0.261	0.255	0.285	0.349	0.256	0.244	0.346	0.048	0.267	0.330	0.048	0.267	0.220	0.251	0.216	0.256	0.225	0.254	0.254	0.251	0.508	0.327	0.332	0.268	0.247	0.227	0.219	0.253	0.229	0.262	0.250	0.263	0.252	0.315	0.276	0.328	0.224	0.210	0.201	0.242	0.225	0.050	0.047	0.221	0.259	0.253	0.260	0.309	0.225	0.213	0.202	0.242	0.226	0.223	0.269	0.255	0.273	0.470	0.361	0.314	0.214	0.242	0.220	0.320	0.044	0.228	0.221	0.237	0.211	0.228	0.300	0.302	0.304	0.224	0.250	0.211	0.251	0.231	0.053	0.258	0.242	0.259	0.298	0.372	0.301	0.281	0.048	0.107	0.295	0.303	0.306	0.097	0.517	0.351	0.476
17:00:18	22.4	0.489	0.278	0.273	0.305	0.392	0.279	0.258	0.379	0.048	0.283	0.360	0.048	0.284	0.237	0.264	0.223	0.261	0.234	0.267	0.267	0.258	0.528	0.336	0.351	0.281	0.259	0.240	0.231	0.264	0.234	0.272	0.262	0.279	0.252	0.311	0.297	0.334	0.233	0.219	0.210	0.246	0.233	0.050	0.047	0.227	0.270	0.264	0.279	0.326	0.224	0.217	0.209	0.245	0.231	0.231	0.279	0.244	0.287	0.432	0.446	0.324	0.220	0.245	0.224	0.342	0.044	0.237	0.232	0.246	0.218	0.234	0.308	0.323	0.314	0.227	0.261	0.220	0.261	0.245	0.053	0.265	0.258	0.274	0.321	0.382	0.321	0.300	0.048	0.120	0.293	0.311	0.320	0.090	0.543	0.354	0.546
18:00:19	22.5	0.518	0.290	0.294	0.342	0.442	0.318	0.277	0.398	0.048	0.304	0.401	0.048	0.321	0.255	0.269	0.229	0.274	0.248	0.289	0.284	0.268	0.533	0.396	0.387	0.292	0.272	0.251	0.241	0.275	0.247	0.279	0.266	0.334	0.263	0.341	0.312	0.390	0.239	0.226	0.218	0.252	0.241	0.049	0.047	0.234	0.280	0.266	0.299	0.331	0.227	0.224	0.219	0.253	0.234	0.239	0.285	0.315	0.301	0.442	0.480	0.361	0.223	0.253	0.227	0.355	0.043	0.245	0.244	0.246	0.227	0.245	0.320	0.362	0.329	0.238	0.274	0.234	0.281	0.253	0.053	0.283	0.273	0.289	0.353	0.336	0.339	0.319	0.048	0.171	0.301	0.330	0.343	0.258	0.558	0.415	0.573
19:00:20	22.4	0.570	0.300	0.314	0.347	0.458	0.344	0.271	0.417	0.048	0.321	0.434	0.048	0.333	0.267	0.311	0.238	0.291	0.260	0.312	0.300	0.285	0.489	0.414	0.404	0.329	0.284	0.263	0.256	0.296	0.271	0.285	0.278	0.349	0.286	0.372	0.332	0.388	0.248	0.234	0.230	0.258	0.253	0.050	0.047	0.245	0.290	0.283	0.322	0.343	0.236	0.231	0.230	0.263	0.241	0.249	0.299	0.361	0.316	0.421	0.542	0.387	0.229	0.264	0.243	0.378	0.043	0.261	0.253	0.258	0.245	0.262	0.347	0.390	0.349	0.253	0.292	0.249	0.302	0.262	0.052	0.304	0.289	0.292	0.372	0.427	0.353	0.321	0.047	0.175	0.320	0.343	0.359	0.121	0.586	0.417	0.542
20:00:21	22.4	0.611	0.313	0.347	0.410	0.501	0.376	0.314	0.472	0.048	0.341	0.498	0.047	0.366	0.278	0.328	0.250	0.313	0.279	0.330	0.312	0.304	0.545	0.456	0.442	0.345	0.309	0.269	0.268	0.317	0.288	0.295	0.285	0.377	0.301	0.397	0.354	0.470	0.250	0.243	0.238	0.267	0.267	0.049	0.046	0.260	0.298	0.328	0.366	0.374	0.241	0.239	0.239	0.265	0.252	0.253	0.312	0.367	0.337	0.381	0.574	0.471	0.243	0.280	0.260	0.403	0.043	0.281	0.269	0.280	0.267	0.283	0.413	0.429	0.360	0.269	0.311	0.264	0.323	0.273	0.052	0.326	0.309	0.318	0.404	0.361	0.381	0.347	0.047	0.239	0.345	0.363	0.390	0.176	0.301	0.469	0.329
21:00:21	22.4	0.692	0.334	0.368	0.456	0.517	0.408	0.359	0.509	0.048	0.353	0.517	0.047	0.387	0.290	0.361	0.261	0.325	0.296	0.345	0.335	0.331	0.499	0.503	0.483	0.390	0.331	0.281	0.276	0.349	0.300	0.319	0.300	0.405	0.316	0.407	0.381	0.516	0.254	0.253	0.246	0.279	0.284	0.049	0.046	0.279	0.316	0.359	0.409	0.401	0.245	0.247	0.251	0.262	0.262	0.264	0.322	0.345	0.352	0.354	0.603	0.520	0.255	0.293	0.273	0.443	0.043	0.295	0.287	0.294	0.287	0.310	0.459	0.439	0.357	0.284	0.331	0.276	0.338	0.275	0.052	0.345	0.325	0.336	0.426	0.369	0.398	0.379	0.047	0.260	0.374	0.385	0.408	0.255	0.325	0.537	0.362
22:00:23	22.4	0.687	0.355	0.396	0.478	0.551	0.423	0.390	0.554	0.048	0.375	0.558	0.048	0.414	0.307	0.415	0.272	0.342	0.317	0.376	0.360	0.365	0.285	0.541	0.521	0.417	0.350	0.300	0.287	0.366	0.296	0.343	0.316	0.425	0.330	0.443	0.394	0.532	0.258	0.266	0.255	0.292	0.296	0.049	0.047	0.300	0.333	0.384	0.434	0.425	0.269	0.256	0.267	0.271	0.273	0.278	0.371	0.378	0.373	0.308	0.614	0.529	0.271	0.309	0.289	0.460	0.044	0.302	0.302	0.313	0.304	0.335	0.479	0.460	0.367	0.299	0.357	0.289	0.365	0.282	0.052	0.367	0.338	0.361	0.450	0.326	0.413	0.407	0.047	0.272	0.402	0.403	0.420	0.244	0.372	0.583	0.394
23:00:24	22.4	0.596	0.366	0.426	0.490	0.621	0.457	0.431	0.600	0.048	0.407	0.611	0.048	0.446	0.325	0.449	0.285	0.369	0.336	0.400	0.377	0.392	0.287	0.565	0.579	0.432	0.365	0.322	0.309	0.385	0.301	0.369	0.336	0.413	0.351	0.456	0.413	0.525	0.266	0.276	0.259	0.314	0.309	0.049	0.047	0.317	0.361	0.403	0.467	0.451	0.297	0.273	0.283	0.283	0.283	0.295	0.399	0.386	0.395	0.287	0.624	0.574	0.287	0.334	0.303	0.492	0.043	0.317	0.315	0.335	0.318	0.361	0.531	0.535	0.380	0.318	0.391	0.307	0.395	0.307	0.052	0.389	0.355	0.376	0.533	0.315	0.424	0.429	0.047	0.305	0.434	0.440	0.438	0.259	0.395	0.618	0.423
24:00:24	22.4	0.582	0.403	0.457	0.551	0.665	0.523	0.505	0.642	0.048	0.455	0.649	0.047	0.428	0.345	0.459	0.302	0.411	0.360	0.433	0.389	0.416	0.348	0.607	0.630	0.437	0.393	0.352	0.334	0.386	0.333	0.397	0.354	0.398	0.372	0.422	0.442	0.508	0.280	0.288	0.264	0.336	0.326	0.049	0.046	0.339	0.400	0.432	0.534	0.568	0.313	0.294	0.300	0.301	0.302	0.315	0.418	0.415	0.423	0.338	0.524	0.606	0.306	0.364	0.323	0.545	0.043	0.346	0.334	0.359	0.334	0.392	0.589	0.572	0.415	0.344	0.422	0.325	0.422	0.341	0.052	0.417	0.374	0.390	0.649	0.350	0.427	0.439	0.046	0.312	0.474	0.450	0.533	0.230	0.401	0.566	0.451
25:00:24	22.4	0.598	0.450	0.471	0.605	0.685	0.537	0.542	0.687	0.048	0.489	0.705	0.047	0.428	0.371	0.451	0.323	0.437	0.377	0.451	0.408	0.436	0.368	0.671	0.658	0.446	0.421	0.379	0.360	0.445	0.351	0.418	0.379	0.368	0.402	0.333	0.461	0.366	0.297	0.301	0.272	0.363	0.346	0.049	0.046	0.364	0.422	0.453	0.569	0.585	0.323	0.319	0.316	0.327	0.326	0.337	0.425	0.433	0.448	0.354	0.424	0.628	0.328	0.402	0.337	0.552	0.043	0.378	0.354	0.374	0.353	0.412	0.631	0.609	0.439	0.370	0.449	0.349	0.443	0.360	0.052	0.438	0.396	0.419	0.644	0.341	0.427	0.457	0.046	0.323	0.527	0.458	0.482	0.247	0.418	0.359	0.450
26:00:26	22.4	0.508	0.480	0.466	0.635	0.685	0.551	0.574	0.717	0.048	0.542	0.718	0.047	0.413	0.397	0.476	0.346	0.464	0.398	0.442	0.436	0.467	0.369	0.654	0.693	0.438	0.449	0.406	0.391	0.448	0.376	0.442	0.409	0.380	0.423	0.322	0.492	0.344	0.318	0.322	0.285	0.394	0.370	0.049	0.046	0.378	0.445	0.448	0.624	0.570	0.345	0.331	0.336	0.351	0.351	0.355	0.443	0.477	0.464	0.388	0.407	0.627	0.347	0.430	0.366	0.574	0.043	0.395	0.378	0.397	0.373	0.439	0.593	0.597	0.472	0.412	0.468	0.370	0.462	0.377	0.052	0.457	0.420	0.447	0.569	0.381	0.436	0.476	0.046	0.333	0.515	0.423	0.411	0.270	0.443	0.381	0.480
27:00:26	22.5	0.389	0.474	0.439	0.691	0.624	0.543	0.615	0.726	0.048	0.568	0.701	0.047	0.223	0.416	0.472	0.370	0.473	0.427	0.438	0.460	0.483	0.408	0.562	0.732	0.403	0.462	0.418	0.429	0.486	0.393	0.441	0.437	0.413	0.447	0.330	0.476	0.398	0.341	0.341	0.300	0.406	0.393	0.049	0.047	0.406	0.456	0.421	0.655	0.513	0.372	0.343	0.354	0.375	0.380	0.380	0.413	0.490	0.475	0.438	0.435	0.570	0.369	0.454	0.391	0.593	0.043	0.403	0.410	0.414	0.392	0.457	0.476	0.561	0.474	0.449	0.485	0.394	0.475	0.394	0.051	0.450	0.450	0.463	0.433	0.404	0.432	0.482	0.045	0.343	0.539	0.328	0.409	0.325	0.459	0.419	0.511
28:00:28	22.5	0.391	0.472	0.457	0.743	0.432	0.607	0.693	0.674	0.048	0.615	0.664	0.047	0.246	0.433	0.462	0.403	0.431	0.454	0.455	0.468	0.481	0.433	0.440	0.636	0.341	0.468	0.432	0.459	0.468	0.417	0.431	0.448	0.398	0.453	0.379	0.495	0.375	0.369	0.363	0.309	0.408	0.411	0.049	0.046	0.426	0.497	0.420	0.662	0.347	0.382	0.365	0.367	0.397	0.406	0.409	0.415	0.500	0.487	0.463	0.442	0.516	0.386	0.453	0.405	0.572	0.043	0.424	0.446	0.445	0.419	0.449	0.415	0.428	0.434	0.468	0.499	0.417	0.475	0.415	0.051	0.452	0.457	0.452	0.482	0.414	0.406	0.436	0.046	0.338	0.594	0.425	0.471	0.384	0.484	0.441	0.507
29:00:29	22.5	0.286	0.482	0.458	0.670	0.308	0.526	0.726	0.479	0.048	0.628	0.563	0.047	0.327	0.454	0.462	0.432	0.422	0.469	0.441	0.427	0.490	0.464	0.344	0.469	0.319	0.463	0.454	0.480	0.494	0.430	0.443	0.467	0.394	0.450	0.413	0.500	0.399	0.400	0.384	0.318	0.438	0.433	0.049	0.046	0.441	0.511	0.427	0.559	0.438	0.403	0.387	0.383	0.423	0.434	0.440	0.430	0.527	0.505	0.483	0.486	0.452	0.409	0.494	0.430	0.452	0.043	0.459	0.474	0.460	0.450	0.453	0.365	0.410	0.454	0.494	0.485	0.445	0.448	0.445	0.051	0.455	0.474	0.439	0.472	0.452	0.390	0.434	0.046	0.346	0.510	0.355	0.452	0.476	0.493	0.471	0.533
30:00:30	22.5	0.311	0.484	0.426	0.539	0.332	0.380	0.724	0.314	0.048	0.700	0.326	0.047	0.318	0.486	0.401	0.462	0.389	0.462	0.384	0.416	0.447	0.444	0.358	0.339	0.307	0.461	0.462	0.479	0.456	0.413	0.438	0.426	0.427	0.453	0.417	0.401	0.433	0.432	0.404	0.332	0.457	0.450	0.049	0.046	0.472	0.509	0.350	0.320	0.380	0.425	0.419	0.391	0.435	0.463	0.471	0.415	0.566	0.491	0.507	0.500	0.377	0.436	0.505	0.480	0.358	0.043	0.445	0.495	0.479	0.459	0.475	0.430	0.407	0.429	0.516	0.523	0.467	0.452	0.467	0.051	0.465	0.493	0.401	0.472	0.466	0.376	0.407	0.045	0.371	0.401	0.423	0.447	0.522	0.525	0.488	0.536
31:00:31	22.5	0.332	0.361	0.351	0.339	0.352	0.315	0.663	0.361	0.048	0.685	0.397	0.047	0.349	0.497	0.408	0.483	0.350	0.495	0.319	0.379	0.363	0.486	0.416	0.360	0.315	0.478	0.507	0.506	0.466	0.408	0.432	0.439	0.465	0.465	0.450	0.397	0.448	0.477	0.429	0.350	0.510	0.460	0.049	0.047	0.502	0.478	0.363	0.349	0.410	0.438	0.448	0.422	0.458	0.489	0.502	0.350	0.602	0.469	0.536	0.506	0.400	0.459	0.536	0.512	0.360	0.043	0.509	0.494	0.525	0.474	0.478	0.433	0.438	0.406	0.535	0.554	0.482	0.431	0.491	0.051	0.425	0.477	0.448	0.463	0.481	0.428	0.437	0.046	0.383	0.460	0.475	0.483	0.481	0.523	0.484	0.615
32:00:32	22.5	0.351	0.304	0.316	0.365	0.383	0.294	0.458	0.368	0.048	0.579	0.404	0.047	0.372	0.501	0.436	0.488	0.333	0.469	0.324	0.331	0.337	0.507	0.413	0.354	0.339	0.455	0.505	0.522	0.472	0.437	0.435	0.420	0.515	0.443	0.473	0.473	0.463	0.512	0.454	0.373	0.509	0.458	0.049	0.047	0.483	0.438	0.374	0.363	0.454	0.448	0.463	0.467	0.440	0.514	0.520	0.375	0.591	0.450	0.562	0.498	0.416	0.477	0.542	0.510	0.416	0.043	0.516	0.472	0.512	0.447	0.411	0.460	0.448	0.414	0.535	0.481	0.488	0.375	0.463	0.051	0.442	0.468	0.449	0.454	0.515	0.460	0.471	0.045	0.384	0.444	0.455	0.463	0.498	0.550	0.527	0.639
33:00:33	22.4	0.361	0.273	0.267	0.339	0.370	0.329	0.321	0.367	0.048	0.352	0.441	0.047	0.400	0.539	0.419	0.498	0.331	0.441	0.345	0.374	0.347	0.511	0.420	0.368	0.322	0.374	0.489	0.526	0.453	0.432	0.464	0.428	0.547	0.396	0.495	0.529	0.473	0.533	0.474	0.401	0.505	0.510	0.049	0.047	0.483	0.429	0.382	0.406	0.477	0.458	0.493	0.490	0.438	0.539	0.519	0.391	0.608	0.442	0.576	0.530	0.454	0.493	0.509	0.525	0.448	0.043	0.521	0.511	0.513	0.478	0.397	0.507	0.473	0.361	0.520	0.422	0.505	0.390	0.502	0.051	0.425	0.408	0.444	0.487	0.514	0.475	0.514	0.045	0.384	0.485	0.460	0.532	0.421	0.554	0.547	0.688
34:00:33	22.4	0.358	0.293	0.295	0.335	0.406	0.330	0.320	0.427	0.048	0.367	0.459	0.047	0.425	0.541	0.412	0.533	0.361	0.406	0.361	0.388	0.353	0.508	0.468	0.389	0.332	0.379	0.486	0.472	0.411	0.422	0.414	0.452	0.573	0.408	0.475	0.527	0.461	0.545	0.485	0.429	0.506	0.532	0.048	0.048	0.472	0.436	0.427	0.433	0.471	0.460	0.510	0.497	0.445	0.558	0.561	0.410	0.627	0.443	0.587	0.555	0.465	0.492	0.459	0.516	0.480	0.043	0.480	0.509	0.461	0.446	0.409	0.495	0.469	0.401	0.443	0.425	0.522	0.386	0.453	0.051	0.434	0.428	0.449	0.481	0.552	0.500	0.505	0.045	0.390	0.480	0.471	0.532	0.493	0.562	0.550	0.705
35:00:35	22.4	0.374	0.317	0.296	0.362	0.439	0.355	0.323	0.388	0.048	0.413	0.469	0.046	0.447	0.519	0.479	0.513	0.387	0.359	0.365	0.389	0.384	0.497	0.475	0.397	0.379	0.371	0.467	0.516	0.442	0.414	0.398	0.462	0.542	0.385	0.491	0.517	0.471	0.501	0.509	0.464	0.519	0.539	0.048	0.048	0.425	0.466	0.441	0.465	0.474	0.443	0.524	0.538	0.461	0.542	0.561	0.418	0.661	0.458	0.592	0.562	0.461	0.518	0.422	0.429	0.525	0.043	0.483	0.444	0.448	0.396	0.375	0.483	0.499	0.429	0.413	0.454	0.496	0.413	0.389	0.050	0.445	0.422	0.489	0.523	0.615	0.501	0.534	0.045	0.404	0.465	0.505	0.538	0.338	0.608	0.605	0.745
36:00:35	22.4	0.372	0.294	0.315	0.362	0.368	0.345	0.340	0.429	0.047	0.373	0.435	0.046	0.435	0.355	0.478	0.479	0.375	0.348	0.375	0.352	0.366	0.554	0.467	0.403	0.396	0.378	0.450	0.454	0.425	0.396	0.415	0.434	0.514	0.365	0.499	0.433	0.483	0.441	0.530	0.500	0.505	0.539	0.048	0.049	0.388	0.407	0.429	0.464	0.448	0.458	0.537	0.527	0.431	0.523	0.554	0.410	0.670	0.446	0.622	0.560	0.417	0.507	0.430	0.414	0.495	0.043	0.465	0.357	0.422	0.384	0.394	0.529	0.529	0.379	0.415	0.455	0.475	0.401	0.403	0.050	0.474	0.448	0.474	0.519	0.576	0.536	0.532	0.045	0.410	0.493	0.494	0.525	0.354	0.605	0.579	0.747
37:00:36	22.4	0.382	0.328	0.334	0.399	0.427	0.396	0.360	0.424	0.048	0.415	0.480	0.047	0.453	0.361	0.505	0.478	0.396	0.372	0.398	0.389	0.454	0.528	0.489	0.460	0.397	0.380	0.465	0.467	0.451	0.411	0.423	0.402	0.574	0.463	0.492	0.544	0.476	0.421	0.527	0.518	0.501	0.494	0.048	0.051	0.410	0.505	0.476	0.457	0.486	0.452	0.557	0.512	0.446	0.522	0.595	0.444	0.712	0.504	0.638	0.623	0.489	0.452	0.446	0.456	0.503	0.043	0.462	0.404	0.450	0.454	0.443	0.568	0.510	0.464	0.459	0.482	0.449	0.440	0.427	0.050	0.497	0.480	0.516	0.549	0.675	0.572	0.539	0.045	0.521	0.488	0.546	0.564	0.299	0.617	0.588	0.813
38:00:37	22.5	0.388	0.339	0.343	0.406	0.422	0.402	0.405	0.420	0.047	0.414	0.485	0.046	0.468	0.388	0.483	0.440	0.381	0.343	0.390	0.396	0.464	0.546	0.483	0.459	0.387	0.408	0.533	0.469	0.444	0.415	0.430	0.412	0.635	0.452	0.497	0.519	0.507	0.405	0.519	0.518	0.454	0.482	0.048	0.052	0.421	0.478	0.481	0.477	0.487	0.462	0.571	0.450	0.419	0.469	0.577	0.454	0.644	0.491	0.623	0.641	0.490	0.401	0.466	0.479	0.539	0.043	0.444	0.435	0.476	0.437	0.461	0.546	0.540	0.477	0.486	0.483	0.436	0.464	0.445	0.050	0.500	0.517	0.528	0.548	0.741	0.570	0.565	0.045	0.582	0.516	0.540	0.560	0.303	0.655	0.573	0.824
39:00:38	22.5	0.412	0.332	0.359	0.409	0.415	0.398	0.410	0.458	0.047	0.461	0.474	0.047	0.478	0.390	0.539	0.401	0.426	0.402	0.422	0.418	0.487	0.634	0.479	0.434	0.427	0.432	0.580	0.450	0.498	0.468	0.438	0.514	0.663	0.482	0.521	0.543	0.523	0.431	0.502	0.546	0.495	0.466	0.048	0.057	0.448	0.514	0.479	0.465	0.515	0.467	0.514	0.433	0.446	0.431	0.596	0.475	0.737	0.522	0.649	0.732	0.508	0.467	0.503	0.476	0.531	0.043	0.491	0.452	0.483	0.468	0.471	0.560	0.530	0.473	0.481	0.476	0.441	0.480	0.447	0.050	0.504	0.500	0.530	0.568	0.746	0.565	0.558	0.045	0.592	0.537	0.538	0.556	0.327	0.640	0.624	0.877
40:00:38	22.6	0.412	0.352	0.370	0.423	0.412	0.404	0.406	0.426	0.048	0.453	0.505	0.047	0.475	0.395	0.507	0.415	0.445	0.416	0.443	0.436	0.450	0.672	0.453	0.498	0.450	0.456	0.581	0.500	0.495	0.465	0.422	0.460	0.688	0.485	0.555	0.546	0.518	0.458	0.472	0.545	0.521	0.456	0.048	0.063	0.462	0.514	0.485	0.507	0.531	0.445	0.499	0.417	0.436	0.379	0.612	0.501	0.775	0.531	0.653	0.790	0.515	0.425	0.502	0.509	0.510	0.043	0.475	0.457	0.497	0.477	0.476	0.558	0.540	0.509	0.482	0.506	0.453	0.478	0.465	0.050	0.537	0.526	0.536	0.570	0.677	0.580	0.588	0.045	0.545	0.513	0.570	0.565	0.387	0.663	0.630	0.903
41:00:40	22.7	0.430	0.357	0.371	0.435	0.419	0.420	0.415	0.489	0.047	0.438	0.541	0.046	0.500	0.413	0.548	0.417	0.438	0.439	0.434	0.450	0.489	0.737	0.513	0.460	0.436	0.437	0.602	0.480	0.481	0.473	0.535	0.486	0.717	0.476	0.623	0.554	0.611	0.451	0.495	0.580	0.474	0.455	0.048	0.069	0.503	0.497	0.512	0.491	0.542	0.352	0.490	0.429	0.449	0.440	0.648	0.502	0.754	0.550	0.676	0.803	0.532	0.456	0.528	0.500	0.542	0.043	0.500	0.443	0.534	0.471	0.499	0.600	0.599	0.477	0.520	0.516	0.484	0.468	0.496	0.050	0.510	0.537	0.544	0.581	0.711	0.585	0.570	0.045	0.575	0.525	0.549	0.555	0.395	0.687	0.686	0.862
42:00:41	22.7	0.446	0.352	0.382	0.448	0.451	0.436	0.445	0.483	0.047	0.468	0.567	0.046	0.478	0.419	0.522	0.412	0.472	0.454	0.433	0.480	0.529	0.773	0.535	0.508	0.444	0.448	0.572	0.501	0.486	0.450	0.558	0.455	0.684	0.507	0.653	0.560	0.742	0.494	0.467	0.552	0.556	0.480	0.048	0.076	0.533	0.564	0.508	0.491	0.560	0.342	0.476	0.424	0.498	0.436	0.600	0.513	0.737	0.556	0.737	0.852	0.516	0.445	0.539	0.510	0.590	0.042	0.611	0.468	0.566	0.501	0.497	0.580	0.583	0.493	0.504	0.501	0.501	0.481	0.522	0.049	0.532	0.539	0.578	0.593	0.797	0.582	0.591	0.045	0.453	0.566	0.559	0.587	0.398	0.728	0.689	0.802
43:00:42	22.6	0.417	0.387	0.389	0.413	0.495	0.422	0.430	0.498	0.047	0.476	0.485	0.046	0.491	0.421	0.600	0.406	0.444	0.396	0.433	0.477	0.449	0.825	0.555	0.530	0.487	0.447	0.596	0.492	0.439	0.472	0.558	0.514	0.709	0.462	0.740	0.563	0.760	0.450	0.457	0.499	0.478	0.505	0.047	0.085	0.483	0.475	0.480	0.530	0.527	0.371	0.471	0.455	0.443	0.436	0.573	0.523	0.774	0.559	0.733	0.793	0.517	0.438	0.506	0.445	0.553	0.043	0.507	0.459	0.503	0.471	0.447	0.588	0.559	0.468	0.501	0.495	0.495	0.515	0.467	0.049	0.583	0.536	0.567	0.595	0.776	0.591	0.606	0.045	0.449	0.570	0.584	0.564	0.462	0.705	0.710	0.784
44:00:41	22.6	0.484	0.397	0.391	0.415	0.491	0.450	0.453	0.541	0.047	0.493	0.524	0.046	0.496	0.454	0.673	0.460	0.476	0.446	0.479	0.502	0.533	0.804	0.633	0.556	0.505	0.447	0.642	0.473	0.476	0.452	0.531	0.531	0.696	0.528	0.782	0.615	0.846	0.505	0.499	0.516	0.537	0.486	0.047	0.074	0.502	0.570	0.539	0.502	0.533	0.410	0.501	0.451	0.528	0.483	0.656	0.551	0.791	0.590	0.800	0.857	0.588	0.476	0.572	0.541	0.623	0.043	0.554	0.529	0.548	0.515	0.506	0.574	0.555	0.517	0.553	0.536	0.522	0.532	0.535	0.049	0.603	0.563	0.599	0.637	0.831	0.658	0.582	0.045	0.441	0.624	0.557	0.616	0.440	0.750	0.739	0.774
45:00:42	22.5	0.480	0.413	0.421	0.469	0.541	0.462	0.467	0.520	0.047	0.536	0.529	0.046	0.530	0.463	0.731	0.444	0.535	0.484	0.480	0.520	0.529	0.825	0.655	0.588	0.550	0.463	0.634	0.490	0.478	0.466	0.602	0.574	0.732	0.495	0.822	0.641	0.849	0.502	0.476	0.497	0.528	0.525	0.047	0.090	0.535	0.586	0.581	0.509	0.566	0.421	0.515	0.470	0.534	0.497	0.670	0.566	0.736	0.601	0.825	0.907	0.570	0.488	0.555	0.559	0.631	0.043	0.612	0.532	0.575	0.526	0.552	0.645	0.548	0.516	0.566	0.560	0.515	0.521	0.531	0.049	0.611	0.542	0.602	0.684	0.807	0.662	0.618	0.045	0.375	0.629	0.577	0.659	0.454	0.825	0.823	0.789
46:00:44	22.5	0.437	0.421	0.425	0.466	0.557	0.475	0.485	0.531	0.047	0.528	0.563	0.046	0.560	0.454	0.826	0.430	0.541	0.476	0.510	0.529	0.612	0.903	0.701	0.629	0.539	0.476	0.638	0.575	0.502	0.460	0.604	0.529	0.717	0.568	0.810	0.690	0.800	0.510	0.487	0.522	0.561	0.578	0.048	0.096	0.552	0.656	0.583	0.555	0.567	0.467	0.537	0.449	0.556	0.510	0.711	0.584	0.783	0.611	0.841	0.882	0.617	0.506	0.530	0.521	0.674	0.043	0.622	0.506	0.581	0.526	0.557	0.727	0.623	0.542	0.558	0.548	0.529	0.566	0.540	0.049	0.612	0.587	0.613	0.712	0.843	0.676	0.628	0.045	0.396	0.580	0.622	0.770	0.468	0.842	0.829	0.805
47:00:44	22.4	0.409	0.435	0.429	0.472	0.517	0.507	0.483	0.530	0.047	0.566	0.545	0.046	0.546	0.467	0.858	0.437	0.541	0.476	0.528	0.553	0.653	0.883	0.663	0.651	0.537	0.495	0.637	0.551	0.486	0.440	0.631	0.521	0.659	0.555	0.827	0.605	0.770	0.487	0.484	0.473	0.523	0.560	0.047	0.097	0.538	0.592	0.598	0.539	0.553	0.469	0.496	0.502	0.515	0.460	0.685	0.583	0.761	0.628	0.819	0.861	0.540	0.463	0.535	0.596	0.652	0.043	0.600	0.511	0.587	0.544	0.516	0.709	0.617	0.517	0.588	0.550	0.531	0.563	0.515	0.049	0.601	0.582	0.630	0.666	0.795	0.653	0.599	0.045	0.461	0.596	0.597	0.738	0.481	0.807	0.786	0.820
48:00:46	22.5	0.441	0.442	0.443	0.460	0.558	0.509	0.527	0.567	0.047	0.485	0.611	0.046	0.570	0.479	0.847	0.471	0.511	0.512	0.535	0.597	0.664	0.926	0.859	0.713	0.547	0.482	0.689	0.545	0.518	0.543	0.685	0.652	0.734	0.579	0.879	0.671	0.808	0.518	0.522	0.476	0.571	0.560	0.047	0.109	0.550	0.596	0.652	0.562	0.581	0.474	0.533	0.487	0.574	0.556	0.763	0.566	0.847	0.683	0.904	0.911	0.580	0.498	0.561	0.596	0.742	0.043	0.731	0.554	0.605	0.581	0.601	0.770	0.715	0.564	0.558	0.574	0.529	0.560	0.574	0.049	0.638	0.576	0.649	0.705	0.738	0.716	0.707	0.045	0.458	0.601	0.674	0.857	0.494	0.899	0.881	0.842
49:00:47	22.5	0.436	0.462	0.471	0.533	0.576	0.585	0.488	0.612	0.047	0.546	0.620	0.046	0.680	0.488	0.888	0.493	0.540	0.543	0.578	0.602	0.814	0.954	0.867	0.755	0.519	0.532	0.685	0.657	0.543	0.626	0.725	0.650	0.757	0.655	0.868	0.708	0.845	0.557	0.549	0.532	0.609	0.630	0.047	0.114	0.570	0.731	0.651	0.614	0.619	0.481	0.542	0.529	0.556	0.543	0.833	0.591	0.841	0.704	0.874	0.950	0.596	0.521	0.590	0.587	0.766	0.043	0.778	0.584	0.619	0.586	0.590	0.765	0.735	0.590	0.594	0.587	0.568	0.582	0.593	0.049	0.663	0.600	0.631	0.816	0.752	0.792	0.694	0.045	0.485	0.675	0.680	0.855	0.507	0.932	0.943	0.864
50:00:48	22.5	0.402	0.458	0.473	0.549	0.527	0.581	0.504	0.606	0.047	0.582	0.603	0.046	0.656	0.488	0.925	0.464	0.604	0.520	0.538	0.609	0.799	0.929	0.821	0.728	0.559	0.518	0.630	0.660	0.509	0.664	0.678	0.639	0.751	0.657	0.832	0.694	0.857	0.551	0.529	0.465	0.608	0.589	0.047	0.094	0.571	0.776	0.668	0.574	0.554	0.514	0.528	0.527	0.544	0.506	0.811	0.632	0.848	0.599	0.827	0.948	0.604	0.515	0.585	0.612	0.762	0.043	0.732	0.576	0.608	0.575	0.576	0.765	0.696	0.583	0.576	0.586	0.590	0.573	0.574	0.048	0.652	0.609	0.635	0.735	0.655	0.744	0.650	0.045	0.497	0.629	0.658	0.861	0.519	0.926	0.887	0.870
51:00:48	22.5	0.422	0.484	0.485	0.590	0.648	0.578	0.545	0.643	0.047	0.585	0.658	0.046	0.811	0.533	0.893	0.504	0.658	0.596	0.600	0.698	0.894	0.812	0.983	0.840	0.610	0.523	0.660	0.739	0.560	0.710	0.747	0.693	0.764	0.689	0.829	0.816	0.899	0.562	0.606	0.531	0.674	0.717	0.048	0.121	0.570	0.811	0.715	0.731	0.630	0.524	0.553	0.544	0.570	0.549	0.864	0.759	0.824	0.759	0.938	0.961	0.698	0.548	0.587	0.612	0.783	0.043	0.817	0.583	0.616	0.598	0.636	0.878	0.772	0.629	0.623	0.591	0.597	0.594	0.631	0.049	0.708	0.645	0.672	0.852	0.630	0.894	0.693	0.045	0.390	0.713	0.750	0.798	0.581	0.918	0.902	0.869
52:00:50	22.6	0.388	0.507	0.508	0.531	0.766	0.562	0.551	0.701	0.047	0.591	0.633	0.046	0.850	0.540	0.937	0.510	0.663	0.562	0.609	0.827	0.935	0.929	0.985	0.820	0.588	0.534	0.655	0.760	0.560	0.755	0.740	0.703	0.775	0.770	0.789	0.782	0.900	0.583	0.554	0.525	0.680	0.760	0.047	0.110	0.576	0.832	0.734	0.691	0.556	0.542	0.566	0.546	0.598	0.560	0.859	0.838	0.811	0.789	0.925	0.908	0.606	0.528	0.592	0.599	0.808	0.043	0.835	0.598	0.610	0.621	0.624	0.845	0.737	0.607	0.607	0.595	0.601	0.547	0.620	0.048	0.655	0.582	0.653	0.814	0.559	0.894	0.673	0.044	0.450	0.657	0.716	0.766	0.540	0.986	0.938	0.858
53:00:50	22.6	0.438	0.517	0.545	0.571	0.745	0.590	0.566	0.701	0.047	0.613	0.759	0.046	0.904	0.558	0.921	0.529	0.707	0.590	0.733	0.839	0.980	0.944	1.028	0.897	0.631	0.577	0.717	0.804	0.573	0.771	0.825	0.798	0.757	0.787	0.789	0.827	0.915	0.556	0.617	0.587	0.761	0.808	0.047	0.122	0.648	0.894	0.843	0.790	0.709	0.547	0.593	0.556	0.565	0.641	0.888	0.935	0.846	0.849	0.838	0.915	0.679	0.559	0.621	0.640	0.874	0.043	0.858	0.624	0.650	0.631	0.626	0.970	0.868	0.635	0.643	0.587	0.628	0.627	0.650	0.049	0.795	0.709	0.717	0.867	0.594	0.962	0.811	0.045	0.436	0.695	0.856	0.796	0.541	1.024	0.955	0.879
54:00:51	22.5	0.432	0.528	0.556	0.571	0.745	0.625	0.610	0.807	0.047	0.705	0.804	0.046	0.941	0.585	0.955	0.536	0.818	0.625	0.722	0.904	0.970	0.969	1.039	0.987	0.690	0.568	0.791	0.856	0.608	0.854	0.851	0.836	0.769	0.853	0.836	0.863	0.930	0.583	0.611	0.608	0.807	0.886	0.047	0.129	0.677	0.928	0.945	0.767	0.721	0.552	0.598	0.573	0.616	0.640	0.910	0.954	0.840	0.889	0.874	0.909	0.736	0.579	0.614	0.664	0.897	0.043	0.867	0.640	0.703	0.640	0.659	1.009	0.885	0.686	0.662	0.623	0.619	0.598	0.647	0.048	0.871	0.779	0.787	0.893	0.613	0.998	0.892	0.045	0.463	0.727	0.912	0.853	0.551	0.899	0.959	0.911
55:00:52	22.5	0.475	0.526	0.576	0.577	0.748	0.638	0.593	0.829	0.047	0.706	0.850	0.046	0.941	0.609	0.950	0.563	0.817	0.683	0.768	0.976	0.965	0.994	1.022	0.973	0.691	0.598	0.773	0.851	0.655	0.876	0.845	0.821	0.781	0.888	0.807	0.913	0.939	0.615	0.635	0.630	0.806	0.897	0.047	0.149	0.690	0.932	0.967	0.800	0.681	0.542	0.604	0.589	0.613	0.674	0.905	0.938	0.837	0.872	1.020	0.913	0.769	0.584	0.629	0.675	0.895	0.043	0.846	0.655	0.709	0.650	0.686	1.044	0.857	0.632	0.660	0.621	0.618	0.609	0.651	0.048	0.870	0.893	0.875	0.874	0.559	1.022	0.910	0.045	0.454	0.774	0.917	0.884	0.577	0.981	0.975	0.949
56:00:53	22.4	0.454	0.553	0.578	0.607	0.831	0.716	0.642	0.934	0.047	0.685	0.995	0.046	1.008	0.603	0.960	0.586	0.883	0.782	0.937	0.976	0.992	0.951	0.985	1.080	0.848	0.673	0.811	0.884	0.678	0.883	0.895	0.890	0.773	0.936	0.796	0.941	0.960	0.620	0.649	0.659	0.856	0.924	0.047	0.126	0.795	0.966	0.968	0.850	0.767	0.558	0.632	0.596	0.652	0.737	0.890	0.920	0.831	0.915	1.036	0.907	0.748	0.602	0.713	0.756	0.887	0.043	0.849	0.731	0.833	0.691	0.748	1.033	0.926	0.681	0.730	0.711	0.607	0.666	0.663	0.048	0.929	0.923	0.924	0.877	0.538	1.037	0.951	0.045	0.429	0.866	0.921	0.890	0.652	0.958	1.014	0.979
57:00:53	22.3	0.395	0.550	0.565	0.606	0.856	0.756	0.582	0.931	0.046	0.684	1.037	0.046	0.999	0.608	0.983	0.574	0.927	0.728	0.962	0.967	0.966	0.979	0.993	1.072	0.744	0.639	0.822	0.867	0.677	0.856	0.850	0.870	0.791	0.908	0.839	0.933	0.965	0.612	0.635	0.668	0.837	0.935	0.047	0.126	0.824	0.984	0.924	0.875	0.863	0.571	0.635	0.602	0.620	0.685	0.896	0.928	0.836	0.923	0.991	0.877	0.725	0.623	0.737	0.735	0.848	0.042	0.850	0.671	0.792	0.660	0.677	1.045	0.928	0.656	0.706	0.695	0.652	0.605	0.621	0.048	0.930	0.922	0.948	0.859	0.463	0.992	0.963	0.045	0.469	0.856	0.923	0.884	0.600	1.004	1.005	0.991
58:00:55	22.3	0.410	0.580	0.584	0.698	0.846	0.754	0.641	0.995	0.046	0.728	1.067	0.046	1.024	0.654	0.983	0.622	0.949	0.896	0.995	1.020	0.970	0.967	1.007	1.111	0.872	0.782	0.860	0.913	0.666	0.887	0.878	0.892	0.795	0.965	0.884	1.006	1.001	0.669	0.682	0.718	0.905	0.930	0.047	0.173	0.914	0.983	0.979	0.972	0.890	0.617	0.687	0.638	0.687	0.759	0.898	0.951	0.863	0.969	0.989	0.876	0.825	0.615	0.792	0.865	0.916	0.043	0.852	0.786	0.908	0.764	0.819	1.083	0.962	0.717	0.798	0.788	0.730	0.698	0.685	0.048	0.948	0.963	0.982	0.863	0.536	1.029	0.974	0.045	0.414	0.961	0.954	0.904	0.691	0.963	1.044	1.013
59:00:56	22.1	0.427	0.592	0.605	0.655	0.941	0.845	0.692	1.045	0.046	0.812	1.116	0.046	1.017	0.758	0.998	0.642	0.932	0.951	1.041	1.018	0.985	1.008	1.020	1.115	0.980	0.845	0.875	0.925	0.686	0.923	0.886	0.910	0.805	0.975	0.915	1.010	1.024	0.717	0.746	0.811	0.918	0.964	0.051	0.195	0.938	0.946	0.992	0.985	0.951	0.631	0.735	0.735	0.716	0.849	0.892	0.981	0.881	0.972	1.015	0.883	0.842	0.614	0.891	0.928	0.947	0.042	0.853	0.854	0.955	0.859	0.931	1.069	1.021	0.765	0.873	0.816	0.780	0.784	0.786	0.048	0.964	0.948	1.004	0.890	0.527	1.026	1.004	0.044	0.418	0.974	0.979	0.896	0.718	0.942	1.075	1.037
60:00:56	22.2	0.450	0.640	0.693	0.763	0.927	0.923	0.745	1.078	0.047	0.857	1.127	0.046	1.010	0.768	1.008	0.612	0.986	0.981	1.058	0.990	0.995	1.050	1.014	1.155	1.010	0.904	0.870	0.939	0.680	0.913	0.905	0.915	0.791	0.977	0.912	1.009	1.049	0.746	0.783	0.845	0.920	0.952	0.047	0.177	0.956	0.965	0.964	1.049	0.956	0.660	0.760	0.715	0.741	0.923	0.908	0.977	0.900	0.980	1.054	0.876	0.864	0.653	0.918	0.948	0.906	0.043	0.847	0.905	0.972	0.913	0.996	1.069	1.006	0.795	0.929	0.806	0.836	0.797	0.796	0.048	0.964	0.967	1.012	0.883	0.562	1.060	1.015	0.045	0.436	0.980	1.015	0.893	0.800	0.974	1.099	1.045
61:00:57	22.3	0.455	0.635	0.664	0.818	0.910	0.877	0.776	1.088	0.046	0.886	1.087	0.046	1.042	0.848	1.028	0.686	1.007	1.020	1.043	0.986	1.012	0.979	1.011	1.173	1.053	0.927	0.906	0.935	0.718	0.905	0.910	0.917	0.795	0.943	0.869	1.007	1.074	0.749	0.814	0.865	0.926	0.970	0.049	0.157	0.961	0.985	0.962	1.071	0.970	0.658	0.777	0.792	0.767	0.962	0.933	0.938	0.900	0.990	1.091	0.870	0.939	0.646	0.954	0.966	0.926	0.043	0.812	0.947	1.002	0.949	1.019	1.092	1.020	0.813	0.926	0.830	0.884	0.905	0.872	0.048	1.007	0.981	1.000	0.880	0.524	1.077	1.025	0.045	0.434	0.974	1.023	0.900	0.875	1.036	1.123	1.060
62:00:59	22.2	0.498	0.653	0.722	0.829	0.862	0.931	0.772	1.113	0.046	0.933	1.141	0.046	1.036	0.823	1.028	0.718	0.993	1.051	1.059	1.024	1.036	1.025	1.017	1.178	1.049	0.941	0.930	0.960	0.747	0.936	0.896	0.917	0.816	0.950	0.810	1.037	1.086	0.780	0.860	0.891	0.925	0.974	0.055	0.171	0.969	1.009	1.006	1.046	0.945	0.693	0.782	0.830	0.842	0.981	0.959	0.949	0.936	1.004	1.042	0.866	0.934	0.655	0.981	0.979	0.926	0.043	0.805	0.976	1.025	0.960	1.039	1.108	0.990	0.835	0.944	0.843	0.901	0.941	0.911	0.048	1.031	0.973	1.025	0.884	0.521	1.097	1.042	0.044	0.451	0.986	1.017	0.927	0.909	1.104	1.142	1.069
63:00:59	22.3	0.484	0.693	0.786	0.905	0.862	0.918	0.851	1.136	0.047	0.964	1.182	0.046	1.083	0.881	1.009	0.717	1.019	1.058	1.069	1.032	1.041	1.055	1.023	1.155	1.088	0.976	0.955	0.977	0.756	0.953	0.888	0.922	0.825	0.951	0.762	1.043	1.091	0.852	0.932	0.923	0.922	0.979	0.050	0.193	0.973	0.995	1.026	1.078	0.930	0.727	0.788	0.906	0.885	0.997	0.973	0.958	0.942	1.033	1.089	0.869	0.913	0.701	1.004	0.983	0.935	0.043	0.799	0.996	1.015	0.986	1.041	1.143	0.936	0.897	0.968	0.899	0.947	0.971	0.940	0.048	1.005	0.977	1.009	0.885	0.547	1.113	1.063	0.045	0.464	1.017	1.001	0.928	0.962	1.129	1.161	1.069
64:00:59	22.3	0.490	0.701	0.750	0.985	0.834	0.994	0.900	1.144	0.046	1.022	1.203	0.045	1.113	0.950	1.029	0.740	1.039	1.042	1.091	1.029	1.044	1.051	1.020	1.117	1.110	0.916	0.978	0.981	0.772	0.961	0.899	0.942	0.844	0.973	0.754	1.029	1.089	0.823	0.916	0.920	0.929	0.988	0.049	0.191	0.967	0.987	1.042	1.105	0.925	0.740	0.804	0.904	0.854	1.013	0.994	0.964	0.926	1.038	1.027	0.868	0.839	0.713	1.006	0.980	0.954	0.043	0.817	1.022	0.983	1.006	1.011	1.175	0.948	0.805	0.962	0.902	0.971	0.927	0.925	0.047	0.976	0.985	0.998	0.874	0.517	1.134	1.039	0.045	0.489	1.018	0.955	0.929	0.988	1.104	1.176	1.078
65:01:01	22.6	0.537	0.862	0.832	1.032	0.873	1.072	1.029	1.164	0.046	1.098	1.207	0.045	1.138	1.005	1.034	0.833	1.061	1.077	1.082	1.015	1.050	1.044	1.005	1.116	1.117	0.964	0.981	0.964	0.829	0.944	0.899	0.923	0.835	0.976	0.785	1.034	1.117	0.926	0.981	0.935	0.940	0.996	0.049	0.196	0.979	0.990	1.066	1.135	0.981	0.810	0.900	0.977	0.952	1.021	0.987	0.956	0.919	1.018	1.053	0.858	0.883	0.805	1.022	1.000	0.946	0.043	0.801	1.047	1.001	1.025	1.041	1.189	1.004	0.965	0.987	0.991	1.009	1.001	0.991	0.048	0.996	0.984	1.044	0.901	0.574	1.148	1.062	0.044	0.536	1.062	0.961	0.950	0.999	1.102	1.178	1.088
66:01:01	22.9	0.539	0.973	0.919	1.039	0.920	1.002	0.994	1.178	0.046	1.129	1.211	0.045	1.155	1.013	1.032	0.843	1.054	1.099	1.069	1.001	1.049	1.016	0.984	1.107	1.116	0.936	0.986	0.948	0.883	0.961	0.897	0.925	0.848	0.988	0.763	1.048	1.133	0.959	0.984	0.938	0.973	1.002	0.052	0.185	0.993	0.992	1.061	1.150	0.967	0.830	0.916	0.950	0.970	1.016	0.991	0.960	0.936	1.015	1.043	0.858	0.927	0.822	1.022	0.994	0.935	0.042	0.819	1.066	1.013	1.033	1.064	1.196	1.004	0.985	0.988	0.995	1.019	1.011	0.991	0.048	1.003	0.971	1.069	0.924	0.563	1.158	1.064	0.044	0.532	1.087	0.954	0.963	0.979	1.043	1.181	1.092
67:01:03	23.0	0.508	0.911	0.912	0.972	0.946	1.077	1.027	1.201	0.045	1.146	1.212	0.045	1.142	0.991	1.022	0.840	1.028	1.103	1.057	0.989	1.060	1.065	0.968	1.093	1.117	0.933	0.984	0.939	0.867	0.977	0.904	0.913	0.862	0.995	0.750	1.047	1.142	0.975	0.956	0.935	0.992	1.000	0.053	0.159	1.012	0.993	1.016	1.155	0.982	0.882	0.915	0.955	0.954	0.999	0.998	0.970	0.928	0.993	1.012	0.819	0.935	0.785	1.011	0.989	0.924	0.042	0.843	1.074	1.031	1.029	1.076	1.184	0.968	0.947	1.002	1.052	1.022	1.026	1.002	0.047	1.001	0.969	1.071	0.930	0.508	1.178	1.058	0.044	0.541	1.070	0.914	0.968	0.949	0.989	1.184	1.104
68:01:03	22.9	0.539	0.966	1.036	1.035	0.942	1.043	0.998	1.194	0.045	1.162	1.237	0.045	1.150	1.025	1.023	0.976	0.989	1.097	1.006	1.000	1.057	1.073	0.956	1.101	1.162	0.951	0.944	0.931	0.936	0.985	0.889	0.937	0.870	0.987	0.774	1.075	1.163	1.013	0.950	0.951	0.981	0.997	0.057	0.197	1.013	0.988	1.050	1.167	1.009	0.968	0.983	0.939	0.977	0.994	0.986	0.975	0.911	1.022	1.089	0.829	0.984	0.931	1.009	1.002	0.917	0.042	0.830	1.060	1.032	1.019	1.095	1.170	0.995	1.037	1.027	1.089	1.043	1.056	1.017	0.047	0.976	0.959	1.086	0.938	0.543	1.185	1.080	0.044	0.533	1.110	0.954	0.992	0.957	1.018	1.191	1.109
69:01:05	22.9	0.509	1.010	1.045	1.073	0.980	1.073	1.104	1.219	0.046	1.191	1.236	0.045	1.165	1.053	1.039	1.018	0.960	1.084	0.978	0.996	1.061	1.031	0.956	1.102	1.181	1.001	0.913	0.933	1.028	0.996	0.891	0.942	0.886	0.986	0.773	1.095	1.177	1.039	0.974	0.962	0.976	1.017	0.061	0.234	1.007	0.989	1.065	1.165	1.037	1.021	1.006	0.944	1.005	1.009	0.987	0.994	0.913	1.046	1.102	0.827	1.034	0.982	1.012	0.985	0.915	0.042	0.844	1.069	1.047	1.018	1.080	1.163	0.988	1.031	1.042	1.107	1.058	1.076	0.992	0.047	0.971	0.958	1.097	0.957	0.527	1.192	1.100	0.044	0.565	1.124	0.967	1.014	0.899	1.056	1.196	1.126
70:01:06	22.8	0.528	1.003	1.064	1.058	0.960	1.027	1.059	1.224	0.046	1.204	1.253	0.045	1.167	1.065	1.025	1.053	0.997	1.072	0.955	0.995	1.065	0.991	0.946	1.116	1.194	1.026	0.893	0.929	1.102	0.998	0.892	0.957	0.909	0.987	0.780	1.111	1.186	1.040	0.997	0.972	0.960	1.030	0.065	0.207	0.974	0.987	1.066	1.144	1.043	1.042	1.018	0.951	0.994	1.019	0.992	1.014	0.926	1.058	1.146	0.821	1.038	1.012	1.022	0.959	0.870	0.043	0.861	1.083	1.061	1.019	1.078	1.170	0.990	1.044	1.054	1.127	1.052	1.089	0.989	0.047	0.969	0.956	1.099	0.944	0.555	1.205	1.114	0.045	0.587	1.129	0.999	1.029	0.850	1.111	1.191	1.141
71:01:07	22.7	0.571	1.059	1.083	1.049	0.980	1.061	1.126	1.228	0.045	1.203	1.259	0.045	1.156	1.089	0.982	1.089	1.026	1.051	0.946	0.994	1.079	1.047	0.934	1.124	1.187	1.041	0.883	0.921	1.118	0.990	0.896	0.955	0.934	0.976	0.783	1.127	1.191	1.033	1.013	0.964	0.957	1.032	0.068	0.216	0.959	0.983	1.071	1.138	1.052	1.053	1.043	0.970	1.008	1.032	0.999	1.029	0.948	1.060	1.145	0.826	1.014	1.044	1.017	0.937	0.875	0.042	0.864	1.092	1.056	1.020	1.075	1.182	1.017	1.096	1.059	1.141	1.051	1.100	1.000	0.047	0.992	0.954	1.106	0.975	0.544	1.209	1.118	0.044	0.578	1.124	1.027	1.058	0.845	1.131	1.182	1.151
72:01:07	22.7	0.571	1.111	1.119	1.076	1.023	1.066	1.121	1.230	0.045	1.210	1.270	0.045	1.145	1.085	0.954	1.106	1.051	1.046	0.946	0.992	1.089	1.058	0.941	1.125	1.198	1.055	0.861	0.924	1.136	0.989	0.906	0.952	0.957	0.970	0.796	1.140	1.199	1.033	1.012	0.963	0.965	1.039	0.073	0.211	0.962	0.980	1.072	1.137	1.043	1.046	1.061	0.992	1.016	1.042	1.006	1.056	0.961	1.065	1.176	0.835	1.034	1.049	1.005	0.942	0.903	0.043	0.874	1.099	1.054	1.019	1.068	1.191	1.035	1.124	1.071	1.149	1.054	1.099	1.019	0.047	1.024	0.959	1.115	0.981	0.542	1.217	1.127	0.045	0.588	1.120	1.024	1.076	0.842	1.157	1.176	1.160

