Time	T° 600	A1	A2	A3	A4	A5	A6	A7	A8	A9	A10	A11	A12	B1	B2	B3	B4	B5	B6	B7	B8	B9	B10	B11	B12	C1	C2	C3	C4	C5	C6	C7	C8	C9	C10	C11	C12	D1	D2	D3	D4	D5	D6	D7	D8	D9	D10	D11	D12	E1	E2	E3	E4	E5	E6	E7	E8	E9	E10	E11	E12	F1	F2	F3	F4	F5	F6	F7	F8	F9	F10	F11	F12	G1	G2	G3	G4	G5	G6	G7	G8	G9	G10	G11	G12	H1	H2	H3	H4	H5	H6	H7	H8	H9	H10	H11	H12
0:00:06	24.0	0.049	0.048	0.052	0.051	0.050	0.050	0.046	0.046	0.048	0.051	0.050	0.052	0.046	0.049	0.048	0.052	0.054	0.048	0.048	0.051	0.048	0.052	0.048	0.051	0.054	0.048	0.044	0.047	0.046	0.049	0.053	0.048	0.048	0.052	0.049	0.049	0.047	0.048	0.047	0.047	0.047	0.049	0.055	0.049	0.048	0.050	0.048	0.049	0.047	0.047	0.050	0.048	0.048	0.051	0.054	0.045	0.048	0.051	0.052	0.048	0.048	0.048	0.053	0.051	0.047	0.047	0.050	0.049	0.047	0.046	0.049	0.046	0.052	0.054	0.053	0.049	0.050	0.048	0.049	0.053	0.053	0.050	0.048	0.044	0.050	0.053	0.048	0.049	0.047	0.047	0.051	0.051	0.050	0.052	0.048	0.050
1:00:05	24.3	0.060	0.057	0.065	0.062	0.062	0.059	0.059	0.057	0.060	0.065	0.062	0.064	0.052	0.056	0.057	0.063	0.065	0.059	0.057	0.062	0.058	0.058	0.064	0.061	0.060	0.058	0.045	0.054	0.055	0.058	0.065	0.058	0.059	0.064	0.062	0.057	0.052	0.057	0.057	0.056	0.053	0.057	0.067	0.057	0.059	0.056	0.062	0.060	0.053	0.056	0.060	0.054	0.058	0.059	0.062	0.047	0.058	0.059	0.065	0.061	0.054	0.055	0.064	0.063	0.055	0.055	0.058	0.059	0.052	0.057	0.059	0.055	0.060	0.064	0.063	0.060	0.059	0.056	0.059	0.063	0.065	0.063	0.064	0.046	0.054	0.060	0.060	0.062	0.057	0.057	0.059	0.062	0.062	0.064	0.060	0.059
2:00:05	24.2	0.062	0.064	0.077	0.073	0.068	0.072	0.073	0.073	0.073	0.082	0.086	0.072	0.053	0.065	0.069	0.064	0.077	0.070	0.066	0.070	0.060	0.055	0.066	0.061	0.058	0.064	0.047	0.063	0.062	0.066	0.073	0.068	0.070	0.064	0.064	0.059	0.055	0.060	0.065	0.064	0.067	0.064	0.073	0.063	0.059	0.061	0.061	0.063	0.056	0.066	0.069	0.064	0.072	0.065	0.075	0.051	0.058	0.060	0.067	0.064	0.056	0.062	0.066	0.063	0.062	0.066	0.060	0.061	0.052	0.057	0.058	0.057	0.058	0.065	0.071	0.064	0.063	0.060	0.063	0.064	0.066	0.063	0.066	0.049	0.054	0.064	0.064	0.070	0.058	0.063	0.066	0.062	0.064	0.067	0.062	0.061
3:00:06	24.5	0.062	0.073	0.077	0.074	0.071	0.073	0.071	0.089	0.078	0.080	0.103	0.075	0.055	0.073	0.079	0.065	0.082	0.077	0.069	0.067	0.061	0.055	0.060	0.063	0.061	0.073	0.049	0.067	0.070	0.063	0.071	0.072	0.074	0.064	0.061	0.059	0.056	0.060	0.065	0.068	0.072	0.064	0.077	0.062	0.060	0.060	0.063	0.061	0.057	0.061	0.080	0.075	0.085	0.069	0.081	0.058	0.059	0.063	0.069	0.066	0.057	0.062	0.067	0.064	0.063	0.065	0.060	0.061	0.049	0.058	0.060	0.058	0.060	0.063	0.072	0.068	0.063	0.060	0.062	0.065	0.067	0.061	0.065	0.051	0.055	0.065	0.062	0.076	0.060	0.061	0.064	0.062	0.060	0.067	0.063	0.064
4:00:08	24.6	0.067	0.085	0.094	0.079	0.093	0.082	0.084	0.096	0.080	0.092	0.116	0.079	0.060	0.080	0.083	0.069	0.079	0.077	0.077	0.079	0.066	0.062	0.071	0.074	0.064	0.079	0.051	0.072	0.075	0.076	0.073	0.076	0.070	0.070	0.066	0.066	0.063	0.063	0.074	0.076	0.083	0.072	0.087	0.070	0.064	0.058	0.066	0.070	0.062	0.082	0.085	0.087	0.095	0.079	0.081	0.070	0.065	0.070	0.072	0.074	0.061	0.069	0.075	0.067	0.067	0.072	0.065	0.069	0.048	0.063	0.068	0.064	0.071	0.068	0.079	0.072	0.070	0.065	0.067	0.071	0.070	0.067	0.067	0.052	0.061	0.072	0.069	0.088	0.069	0.072	0.069	0.068	0.059	0.073	0.070	0.070
5:00:08	24.4	0.077	0.092	0.107	0.089	0.100	0.093	0.097	0.106	0.097	0.100	0.128	0.092	0.068	0.084	0.095	0.074	0.084	0.089	0.079	0.088	0.072	0.072	0.098	0.092	0.069	0.093	0.051	0.080	0.081	0.086	0.082	0.087	0.077	0.079	0.079	0.076	0.072	0.064	0.085	0.085	0.089	0.084	0.091	0.080	0.076	0.056	0.078	0.083	0.070	0.086	0.092	0.091	0.104	0.084	0.109	0.083	0.076	0.082	0.087	0.089	0.071	0.080	0.078	0.077	0.074	0.086	0.074	0.077	0.047	0.073	0.076	0.075	0.077	0.085	0.090	0.075	0.080	0.077	0.076	0.087	0.081	0.081	0.081	0.052	0.072	0.078	0.078	0.090	0.083	0.078	0.078	0.082	0.059	0.085	0.083	0.081
6:00:08	24.2	0.083	0.100	0.113	0.097	0.113	0.104	0.105	0.113	0.107	0.117	0.134	0.107	0.082	0.094	0.106	0.091	0.098	0.105	0.095	0.108	0.088	0.082	0.109	0.096	0.080	0.105	0.052	0.094	0.091	0.098	0.092	0.106	0.092	0.096	0.092	0.090	0.086	0.070	0.099	0.090	0.093	0.097	0.101	0.094	0.091	0.056	0.092	0.095	0.082	0.101	0.102	0.100	0.110	0.102	0.122	0.091	0.086	0.088	0.097	0.102	0.084	0.090	0.098	0.094	0.089	0.101	0.089	0.093	0.047	0.088	0.091	0.085	0.091	0.090	0.100	0.095	0.097	0.094	0.088	0.097	0.099	0.089	0.090	0.052	0.085	0.093	0.093	0.099	0.094	0.089	0.093	0.092	0.058	0.099	0.101	0.094
7:00:10	23.9	0.094	0.104	0.131	0.112	0.121	0.123	0.123	0.127	0.122	0.130	0.149	0.118	0.092	0.109	0.119	0.100	0.115	0.120	0.114	0.133	0.099	0.086	0.135	0.107	0.086	0.119	0.052	0.108	0.106	0.109	0.113	0.120	0.108	0.121	0.109	0.098	0.094	0.082	0.117	0.112	0.113	0.121	0.110	0.113	0.116	0.053	0.105	0.107	0.092	0.118	0.117	0.113	0.121	0.124	0.141	0.063	0.098	0.116	0.115	0.111	0.092	0.112	0.117	0.114	0.112	0.122	0.114	0.107	0.046	0.098	0.091	0.090	0.104	0.104	0.120	0.096	0.123	0.115	0.102	0.109	0.122	0.106	0.105	0.051	0.093	0.115	0.110	0.109	0.112	0.106	0.105	0.109	0.059	0.108	0.107	0.102
8:00:10	23.6	0.105	0.116	0.144	0.132	0.149	0.130	0.141	0.144	0.148	0.156	0.172	0.129	0.101	0.117	0.136	0.115	0.141	0.146	0.134	0.161	0.128	0.089	0.161	0.110	0.100	0.132	0.052	0.122	0.129	0.134	0.138	0.141	0.126	0.147	0.131	0.116	0.115	0.094	0.133	0.138	0.128	0.142	0.125	0.140	0.140	0.054	0.124	0.132	0.098	0.134	0.137	0.134	0.138	0.143	0.155	0.073	0.115	0.142	0.122	0.118	0.100	0.134	0.150	0.139	0.134	0.145	0.138	0.127	0.046	0.112	0.094	0.091	0.107	0.136	0.144	0.105	0.159	0.141	0.132	0.129	0.161	0.106	0.115	0.050	0.099	0.133	0.148	0.134	0.127	0.127	0.134	0.132	0.058	0.117	0.118	0.110
9:00:12	23.5	0.116	0.138	0.166	0.157	0.176	0.154	0.164	0.166	0.184	0.185	0.176	0.141	0.118	0.139	0.156	0.142	0.166	0.162	0.155	0.175	0.166	0.097	0.176	0.093	0.113	0.158	0.052	0.144	0.153	0.163	0.158	0.155	0.155	0.175	0.154	0.126	0.141	0.108	0.150	0.155	0.150	0.167	0.121	0.163	0.165	0.054	0.158	0.145	0.117	0.159	0.157	0.149	0.159	0.160	0.185	0.114	0.119	0.142	0.149	0.120	0.125	0.149	0.170	0.169	0.154	0.164	0.166	0.158	0.046	0.110	0.107	0.114	0.114	0.162	0.165	0.109	0.177	0.167	0.152	0.130	0.180	0.111	0.134	0.049	0.108	0.149	0.176	0.163	0.186	0.160	0.164	0.169	0.058	0.119	0.130	0.129
10:00:13	23.1	0.123	0.165	0.173	0.177	0.188	0.174	0.185	0.177	0.198	0.208	0.176	0.158	0.145	0.163	0.167	0.165	0.184	0.173	0.170	0.175	0.187	0.109	0.176	0.113	0.127	0.178	0.052	0.162	0.170	0.178	0.174	0.171	0.174	0.188	0.175	0.165	0.166	0.123	0.166	0.171	0.166	0.177	0.130	0.177	0.177	0.054	0.190	0.182	0.150	0.176	0.174	0.162	0.171	0.169	0.208	0.115	0.161	0.187	0.186	0.134	0.153	0.171	0.174	0.190	0.170	0.177	0.183	0.177	0.046	0.108	0.180	0.142	0.138	0.184	0.177	0.165	0.190	0.186	0.176	0.133	0.190	0.209	0.149	0.049	0.107	0.175	0.204	0.188	0.208	0.185	0.193	0.191	0.059	0.148	0.168	0.132
11:00:13	22.8	0.148	0.182	0.206	0.195	0.200	0.194	0.205	0.188	0.207	0.218	0.180	0.218	0.174	0.183	0.178	0.198	0.193	0.179	0.178	0.179	0.203	0.150	0.186	0.255	0.144	0.188	0.052	0.175	0.175	0.195	0.194	0.178	0.195	0.191	0.188	0.182	0.196	0.138	0.177	0.180	0.181	0.184	0.213	0.178	0.190	0.054	0.203	0.227	0.198	0.188	0.182	0.171	0.182	0.174	0.226	0.151	0.204	0.195	0.220	0.238	0.169	0.183	0.202	0.204	0.179	0.180	0.197	0.211	0.047	0.134	0.216	0.192	0.145	0.201	0.182	0.154	0.193	0.192	0.202	0.181	0.192	0.235	0.148	0.049	0.118	0.197	0.220	0.227	0.221	0.210	0.217	0.221	0.061	0.199	0.218	0.152
12:00:15	22.6	0.197	0.194	0.233	0.216	0.209	0.198	0.217	0.193	0.208	0.235	0.186	0.236	0.211	0.199	0.183	0.225	0.202	0.187	0.187	0.190	0.210	0.202	0.185	0.322	0.171	0.193	0.051	0.182	0.182	0.201	0.209	0.179	0.200	0.201	0.195	0.205	0.213	0.144	0.185	0.181	0.191	0.191	0.202	0.185	0.192	0.056	0.200	0.219	0.227	0.193	0.189	0.176	0.194	0.178	0.239	0.167	0.211	0.202	0.235	0.272	0.217	0.191	0.226	0.216	0.185	0.184	0.199	0.217	0.047	0.129	0.244	0.226	0.179	0.213	0.189	0.193	0.197	0.196	0.225	0.221	0.193	0.258	0.165	0.049	0.158	0.222	0.236	0.245	0.222	0.227	0.230	0.229	0.061	0.279	0.236	0.204
13:00:15	22.4	0.261	0.205	0.245	0.231	0.218	0.212	0.229	0.198	0.218	0.248	0.196	0.258	0.223	0.206	0.186	0.239	0.202	0.196	0.190	0.198	0.225	0.252	0.190	0.406	0.213	0.201	0.051	0.190	0.186	0.208	0.223	0.187	0.209	0.203	0.199	0.231	0.232	0.151	0.189	0.188	0.201	0.191	0.261	0.189	0.197	0.055	0.203	0.225	0.235	0.201	0.192	0.179	0.203	0.177	0.251	0.182	0.212	0.210	0.231	0.426	0.231	0.200	0.236	0.220	0.192	0.188	0.200	0.216	0.046	0.239	0.256	0.245	0.250	0.226	0.187	0.227	0.199	0.206	0.237	0.312	0.197	0.275	0.213	0.048	0.191	0.229	0.241	0.270	0.226	0.240	0.235	0.236	0.062	0.322	0.278	0.255
14:00:16	22.5	0.281	0.218	0.254	0.245	0.224	0.224	0.243	0.208	0.231	0.247	0.206	0.257	0.235	0.215	0.197	0.247	0.207	0.203	0.198	0.206	0.239	0.293	0.200	0.426	0.234	0.205	0.051	0.197	0.196	0.219	0.238	0.199	0.214	0.212	0.205	0.242	0.234	0.164	0.193	0.194	0.209	0.193	0.270	0.198	0.204	0.055	0.218	0.234	0.242	0.206	0.196	0.182	0.213	0.181	0.273	0.205	0.220	0.214	0.238	0.447	0.253	0.203	0.251	0.231	0.196	0.195	0.202	0.218	0.046	0.319	0.256	0.250	0.266	0.242	0.192	0.241	0.204	0.205	0.239	0.290	0.208	0.289	0.225	0.048	0.229	0.236	0.263	0.276	0.241	0.249	0.245	0.241	0.063	0.308	0.293	0.282
15:00:17	22.4	0.299	0.230	0.268	0.257	0.231	0.232	0.257	0.222	0.233	0.262	0.218	0.277	0.237	0.223	0.205	0.259	0.211	0.205	0.204	0.211	0.255	0.340	0.211	0.438	0.251	0.208	0.050	0.199	0.204	0.222	0.246	0.209	0.221	0.220	0.212	0.265	0.243	0.172	0.197	0.200	0.216	0.195	0.285	0.207	0.208	0.057	0.230	0.255	0.244	0.212	0.203	0.188	0.224	0.188	0.279	0.217	0.241	0.222	0.242	0.471	0.266	0.207	0.273	0.238	0.200	0.206	0.207	0.224	0.046	0.367	0.257	0.255	0.297	0.253	0.203	0.249	0.213	0.214	0.255	0.385	0.218	0.303	0.366	0.048	0.282	0.243	0.281	0.295	0.250	0.266	0.255	0.248	0.064	0.335	0.316	0.320
16:00:18	22.5	0.322	0.239	0.283	0.281	0.239	0.240	0.271	0.233	0.236	0.269	0.233	0.302	0.244	0.233	0.211	0.269	0.220	0.215	0.207	0.223	0.266	0.356	0.226	0.480	0.277	0.221	0.050	0.203	0.211	0.226	0.256	0.219	0.234	0.227	0.220	0.283	0.255	0.250	0.203	0.206	0.221	0.197	0.277	0.219	0.215	0.058	0.240	0.272	0.243	0.222	0.209	0.195	0.234	0.200	0.281	0.225	0.257	0.229	0.247	0.524	0.296	0.216	0.281	0.251	0.208	0.215	0.214	0.226	0.046	0.396	0.277	0.281	0.334	0.261	0.210	0.246	0.224	0.224	0.269	0.409	0.233	0.329	0.433	0.048	0.329	0.267	0.297	0.315	0.259	0.275	0.267	0.262	0.066	0.351	0.330	0.429
17:00:19	22.4	0.332	0.240	0.296	0.296	0.249	0.252	0.280	0.245	0.239	0.283	0.244	0.342	0.247	0.242	0.216	0.268	0.229	0.224	0.214	0.234	0.268	0.377	0.241	0.505	0.291	0.230	0.049	0.209	0.218	0.235	0.269	0.229	0.244	0.237	0.229	0.314	0.277	0.350	0.209	0.212	0.230	0.202	0.288	0.229	0.222	0.059	0.244	0.291	0.262	0.224	0.214	0.201	0.245	0.209	0.287	0.239	0.271	0.243	0.257	0.561	0.308	0.224	0.294	0.256	0.214	0.219	0.221	0.246	0.046	0.417	0.278	0.301	0.342	0.269	0.216	0.253	0.236	0.238	0.290	0.401	0.247	0.342	0.417	0.048	0.400	0.289	0.308	0.307	0.277	0.281	0.274	0.273	0.070	0.369	0.347	0.467
18:00:20	22.5	0.335	0.247	0.320	0.317	0.267	0.261	0.293	0.258	0.256	0.293	0.253	0.391	0.272	0.254	0.221	0.279	0.242	0.236	0.224	0.246	0.268	0.380	0.265	0.532	0.300	0.237	0.049	0.215	0.221	0.247	0.286	0.235	0.255	0.244	0.243	0.330	0.301	0.357	0.219	0.217	0.241	0.213	0.332	0.240	0.232	0.058	0.252	0.311	0.290	0.230	0.221	0.206	0.253	0.218	0.287	0.260	0.286	0.254	0.279	0.536	0.317	0.234	0.303	0.262	0.221	0.223	0.233	0.265	0.046	0.437	0.316	0.323	0.392	0.281	0.228	0.263	0.247	0.251	0.300	0.453	0.257	0.350	0.471	0.048	0.460	0.306	0.308	0.322	0.288	0.286	0.298	0.285	0.070	0.390	0.358	0.544
19:00:21	22.4	0.336	0.260	0.349	0.330	0.281	0.263	0.306	0.272	0.270	0.309	0.262	0.424	0.281	0.266	0.230	0.294	0.253	0.247	0.235	0.261	0.296	0.394	0.282	0.545	0.315	0.247	0.049	0.220	0.226	0.264	0.301	0.244	0.271	0.258	0.262	0.359	0.327	0.373	0.231	0.225	0.255	0.218	0.372	0.252	0.247	0.060	0.276	0.340	0.318	0.239	0.230	0.214	0.268	0.229	0.301	0.262	0.297	0.263	0.305	0.548	0.327	0.246	0.332	0.267	0.228	0.231	0.250	0.288	0.046	0.470	0.327	0.343	0.460	0.296	0.238	0.279	0.258	0.267	0.312	0.434	0.264	0.359	0.435	0.048	0.495	0.308	0.317	0.355	0.299	0.289	0.297	0.303	0.080	0.415	0.379	0.574
20:00:22	22.4	0.299	0.272	0.377	0.344	0.299	0.272	0.324	0.286	0.283	0.340	0.268	0.472	0.323	0.270	0.241	0.304	0.269	0.254	0.251	0.278	0.331	0.397	0.298	0.580	0.337	0.267	0.048	0.226	0.233	0.281	0.309	0.260	0.300	0.268	0.276	0.382	0.348	0.294	0.241	0.232	0.269	0.229	0.352	0.263	0.261	0.066	0.304	0.357	0.331	0.247	0.240	0.220	0.289	0.238	0.321	0.274	0.299	0.273	0.316	0.548	0.346	0.255	0.344	0.275	0.236	0.242	0.265	0.304	0.046	0.427	0.351	0.359	0.486	0.309	0.248	0.296	0.268	0.280	0.311	0.393	0.282	0.370	0.387	0.047	0.521	0.331	0.329	0.374	0.309	0.324	0.300	0.323	0.075	0.441	0.416	0.603
21:00:22	22.4	0.280	0.286	0.409	0.361	0.316	0.290	0.345	0.300	0.307	0.368	0.292	0.513	0.338	0.276	0.252	0.330	0.284	0.262	0.265	0.301	0.348	0.472	0.315	0.582	0.345	0.289	0.048	0.234	0.242	0.294	0.324	0.275	0.315	0.286	0.290	0.397	0.364	0.319	0.248	0.239	0.278	0.236	0.398	0.276	0.283	0.065	0.327	0.395	0.350	0.252	0.248	0.226	0.302	0.249	0.349	0.295	0.322	0.301	0.331	0.561	0.367	0.264	0.366	0.288	0.249	0.255	0.278	0.331	0.046	0.382	0.388	0.375	0.511	0.329	0.254	0.327	0.277	0.289	0.351	0.430	0.301	0.382	0.363	0.047	0.506	0.343	0.349	0.395	0.327	0.342	0.331	0.341	0.078	0.471	0.435	0.588
22:00:24	22.4	0.280	0.292	0.446	0.381	0.335	0.306	0.378	0.316	0.335	0.397	0.322	0.559	0.365	0.296	0.268	0.372	0.309	0.274	0.278	0.316	0.375	0.511	0.337	0.525	0.365	0.304	0.048	0.244	0.254	0.311	0.346	0.293	0.327	0.305	0.308	0.427	0.385	0.348	0.257	0.248	0.290	0.249	0.415	0.289	0.299	0.064	0.347	0.431	0.372	0.266	0.257	0.237	0.326	0.263	0.358	0.300	0.348	0.327	0.341	0.321	0.389	0.275	0.403	0.312	0.261	0.273	0.291	0.355	0.046	0.318	0.379	0.403	0.549	0.352	0.261	0.348	0.288	0.306	0.359	0.390	0.329	0.391	0.360	0.047	0.516	0.356	0.366	0.400	0.350	0.364	0.355	0.358	0.077	0.523	0.494	0.572
23:00:25	22.4	0.274	0.295	0.466	0.408	0.358	0.322	0.426	0.334	0.369	0.432	0.355	0.613	0.394	0.312	0.283	0.404	0.329	0.289	0.293	0.339	0.406	0.519	0.366	0.575	0.383	0.320	0.048	0.257	0.266	0.337	0.357	0.309	0.346	0.325	0.335	0.463	0.403	0.358	0.268	0.256	0.307	0.262	0.427	0.305	0.313	0.065	0.372	0.483	0.399	0.278	0.267	0.246	0.346	0.277	0.389	0.329	0.367	0.352	0.362	0.317	0.417	0.285	0.421	0.331	0.281	0.287	0.303	0.379	0.046	0.363	0.401	0.424	0.563	0.372	0.269	0.365	0.306	0.325	0.391	0.375	0.351	0.424	0.391	0.047	0.469	0.388	0.381	0.414	0.371	0.366	0.374	0.379	0.080	0.510	0.556	0.536
24:00:24	22.4	0.220	0.305	0.450	0.429	0.396	0.362	0.492	0.362	0.402	0.463	0.395	0.657	0.418	0.338	0.303	0.413	0.343	0.310	0.315	0.364	0.449	0.524	0.404	0.462	0.398	0.332	0.048	0.270	0.285	0.355	0.373	0.325	0.367	0.348	0.355	0.502	0.427	0.380	0.288	0.264	0.335	0.274	0.429	0.319	0.336	0.065	0.400	0.551	0.415	0.294	0.280	0.259	0.359	0.292	0.410	0.346	0.368	0.373	0.401	0.377	0.434	0.301	0.419	0.351	0.292	0.307	0.313	0.377	0.046	0.317	0.437	0.461	0.525	0.387	0.277	0.381	0.324	0.343	0.408	0.412	0.370	0.414	0.456	0.047	0.405	0.402	0.409	0.451	0.394	0.373	0.394	0.413	0.099	0.463	0.621	0.353
25:00:25	22.4	0.246	0.324	0.458	0.445	0.445	0.395	0.527	0.382	0.434	0.544	0.437	0.694	0.430	0.369	0.322	0.449	0.364	0.327	0.345	0.391	0.463	0.551	0.439	0.398	0.405	0.350	0.048	0.294	0.302	0.370	0.396	0.348	0.394	0.366	0.366	0.556	0.445	0.409	0.308	0.279	0.364	0.293	0.445	0.337	0.354	0.067	0.431	0.611	0.440	0.308	0.289	0.274	0.374	0.310	0.420	0.365	0.375	0.390	0.431	0.411	0.489	0.325	0.452	0.370	0.309	0.326	0.323	0.395	0.047	0.322	0.459	0.530	0.518	0.407	0.297	0.401	0.344	0.367	0.445	0.447	0.387	0.409	0.441	0.047	0.361	0.432	0.432	0.475	0.415	0.421	0.426	0.439	0.085	0.416	0.658	0.359
26:00:27	22.5	0.242	0.339	0.456	0.457	0.499	0.433	0.563	0.407	0.461	0.551	0.489	0.741	0.439	0.390	0.341	0.441	0.391	0.350	0.377	0.423	0.424	0.548	0.473	0.356	0.405	0.365	0.047	0.318	0.313	0.387	0.429	0.377	0.411	0.381	0.400	0.597	0.458	0.439	0.328	0.297	0.380	0.311	0.426	0.352	0.380	0.068	0.440	0.644	0.454	0.321	0.305	0.290	0.392	0.325	0.438	0.393	0.412	0.427	0.430	0.440	0.495	0.346	0.465	0.393	0.330	0.349	0.338	0.412	0.046	0.368	0.426	0.536	0.487	0.418	0.323	0.421	0.365	0.390	0.449	0.486	0.398	0.417	0.472	0.047	0.307	0.450	0.456	0.471	0.438	0.440	0.454	0.447	0.090	0.427	0.600	0.402
27:00:27	22.5	0.274	0.352	0.418	0.471	0.533	0.466	0.625	0.431	0.491	0.556	0.536	0.768	0.442	0.404	0.361	0.429	0.419	0.371	0.409	0.458	0.447	0.323	0.495	0.350	0.411	0.387	0.047	0.339	0.332	0.398	0.452	0.405	0.440	0.403	0.422	0.637	0.498	0.464	0.346	0.314	0.395	0.329	0.393	0.372	0.408	0.063	0.429	0.633	0.485	0.343	0.320	0.307	0.420	0.342	0.446	0.406	0.431	0.452	0.438	0.478	0.531	0.370	0.441	0.421	0.356	0.367	0.367	0.454	0.046	0.390	0.406	0.607	0.417	0.454	0.344	0.429	0.385	0.414	0.449	0.523	0.418	0.418	0.484	0.047	0.318	0.443	0.485	0.473	0.446	0.445	0.454	0.467	0.098	0.428	0.433	0.401
28:00:29	22.5	0.284	0.377	0.361	0.455	0.580	0.455	0.641	0.466	0.489	0.574	0.587	0.768	0.444	0.431	0.378	0.434	0.435	0.394	0.429	0.488	0.411	0.376	0.497	0.388	0.397	0.408	0.047	0.365	0.359	0.400	0.471	0.438	0.450	0.421	0.439	0.537	0.494	0.461	0.362	0.334	0.412	0.348	0.338	0.403	0.429	0.068	0.434	0.593	0.475	0.384	0.339	0.325	0.485	0.359	0.450	0.414	0.449	0.450	0.434	0.493	0.439	0.393	0.433	0.457	0.382	0.383	0.397	0.450	0.046	0.416	0.349	0.476	0.349	0.461	0.372	0.466	0.408	0.436	0.449	0.511	0.448	0.400	0.522	0.046	0.332	0.424	0.482	0.425	0.439	0.436	0.459	0.465	0.091	0.442	0.396	0.452
29:00:30	22.5	0.316	0.396	0.300	0.416	0.630	0.466	0.716	0.502	0.589	0.495	0.645	0.555	0.439	0.463	0.403	0.415	0.450	0.422	0.431	0.521	0.349	0.374	0.485	0.412	0.365	0.430	0.047	0.390	0.383	0.437	0.488	0.470	0.483	0.450	0.441	0.386	0.476	0.486	0.376	0.351	0.427	0.357	0.375	0.427	0.454	0.065	0.447	0.389	0.442	0.416	0.361	0.344	0.528	0.378	0.485	0.416	0.461	0.475	0.418	0.501	0.358	0.417	0.430	0.465	0.409	0.396	0.426	0.444	0.046	0.453	0.355	0.426	0.412	0.457	0.402	0.488	0.430	0.460	0.437	0.538	0.478	0.453	0.526	0.046	0.366	0.392	0.474	0.446	0.462	0.479	0.484	0.444	0.092	0.467	0.432	0.434
30:00:31	22.5	0.292	0.413	0.246	0.346	0.592	0.434	0.633	0.511	0.502	0.333	0.701	0.422	0.413	0.475	0.432	0.335	0.465	0.455	0.464	0.530	0.322	0.394	0.488	0.390	0.310	0.459	0.047	0.416	0.409	0.462	0.480	0.496	0.467	0.471	0.434	0.373	0.360	0.484	0.405	0.365	0.458	0.370	0.399	0.450	0.484	0.068	0.409	0.438	0.392	0.448	0.385	0.361	0.575	0.402	0.477	0.439	0.452	0.463	0.406	0.460	0.332	0.444	0.449	0.454	0.431	0.414	0.460	0.482	0.046	0.473	0.387	0.362	0.411	0.442	0.431	0.467	0.445	0.487	0.391	0.533	0.514	0.459	0.537	0.046	0.402	0.339	0.405	0.386	0.548	0.425	0.395	0.396	0.098	0.465	0.447	0.444
31:00:32	22.5	0.344	0.428	0.285	0.322	0.707	0.458	0.556	0.508	0.478	0.289	0.726	0.406	0.348	0.492	0.451	0.326	0.475	0.490	0.482	0.523	0.371	0.417	0.505	0.437	0.300	0.476	0.046	0.429	0.444	0.486	0.485	0.507	0.481	0.514	0.421	0.473	0.372	0.523	0.414	0.402	0.478	0.393	0.442	0.476	0.519	0.066	0.359	0.371	0.299	0.459	0.412	0.381	0.568	0.421	0.511	0.472	0.452	0.459	0.400	0.504	0.433	0.460	0.483	0.460	0.436	0.420	0.474	0.491	0.046	0.484	0.412	0.421	0.449	0.447	0.451	0.441	0.460	0.514	0.430	0.586	0.523	0.523	0.542	0.046	0.430	0.415	0.358	0.438	0.457	0.404	0.430	0.396	0.096	0.498	0.464	0.494
32:00:33	22.5	0.362	0.450	0.320	0.283	0.733	0.416	0.314	0.570	0.353	0.347	0.704	0.438	0.328	0.495	0.459	0.340	0.494	0.507	0.499	0.544	0.393	0.473	0.406	0.431	0.309	0.506	0.046	0.433	0.476	0.481	0.506	0.511	0.482	0.491	0.378	0.440	0.324	0.584	0.422	0.444	0.473	0.449	0.482	0.496	0.516	0.066	0.351	0.417	0.305	0.474	0.433	0.403	0.558	0.440	0.505	0.454	0.435	0.407	0.410	0.551	0.421	0.464	0.461	0.405	0.444	0.446	0.502	0.432	0.046	0.523	0.427	0.462	0.452	0.402	0.468	0.403	0.494	0.523	0.425	0.632	0.506	0.489	0.554	0.046	0.441	0.403	0.367	0.419	0.456	0.364	0.414	0.408	0.099	0.524	0.491	0.524
33:00:34	22.5	0.367	0.473	0.334	0.278	0.678	0.338	0.366	0.547	0.303	0.368	0.616	0.477	0.277	0.519	0.478	0.353	0.511	0.535	0.511	0.533	0.403	0.533	0.376	0.461	0.331	0.527	0.046	0.461	0.501	0.518	0.504	0.521	0.444	0.483	0.350	0.470	0.310	0.578	0.449	0.489	0.500	0.486	0.493	0.485	0.520	0.067	0.379	0.455	0.326	0.495	0.458	0.424	0.559	0.449	0.568	0.478	0.428	0.369	0.400	0.569	0.450	0.501	0.487	0.403	0.460	0.469	0.516	0.400	0.046	0.588	0.432	0.471	0.460	0.423	0.466	0.370	0.521	0.514	0.459	0.676	0.472	0.531	0.619	0.046	0.465	0.448	0.386	0.447	0.421	0.391	0.420	0.421	0.101	0.525	0.493	0.518
34:00:34	22.4	0.386	0.497	0.333	0.319	0.458	0.277	0.342	0.496	0.338	0.383	0.327	0.421	0.319	0.526	0.509	0.357	0.481	0.520	0.492	0.507	0.414	0.509	0.401	0.438	0.353	0.529	0.046	0.491	0.517	0.531	0.517	0.512	0.443	0.436	0.334	0.470	0.289	0.592	0.481	0.515	0.528	0.532	0.477	0.523	0.480	0.069	0.354	0.450	0.402	0.511	0.475	0.453	0.578	0.468	0.533	0.491	0.370	0.399	0.399	0.551	0.469	0.496	0.558	0.433	0.476	0.507	0.505	0.439	0.046	0.529	0.446	0.477	0.475	0.430	0.495	0.357	0.506	0.426	0.438	0.701	0.408	0.535	0.612	0.046	0.505	0.466	0.411	0.456	0.416	0.374	0.451	0.444	0.103	0.504	0.511	0.542
35:00:35	22.4	0.388	0.531	0.362	0.327	0.346	0.297	0.353	0.435	0.382	0.451	0.402	0.486	0.337	0.507	0.554	0.370	0.524	0.530	0.490	0.550	0.422	0.550	0.455	0.477	0.359	0.535	0.046	0.512	0.518	0.542	0.504	0.485	0.449	0.417	0.369	0.515	0.332	0.608	0.515	0.484	0.532	0.553	0.587	0.520	0.404	0.067	0.401	0.468	0.390	0.554	0.495	0.474	0.616	0.488	0.586	0.513	0.477	0.406	0.466	0.614	0.495	0.531	0.559	0.449	0.496	0.539	0.516	0.440	0.046	0.594	0.505	0.496	0.505	0.468	0.530	0.373	0.521	0.424	0.458	0.698	0.410	0.614	0.658	0.045	0.518	0.504	0.417	0.488	0.433	0.411	0.498	0.475	0.104	0.541	0.518	0.523
36:00:36	22.4	0.413	0.566	0.351	0.345	0.356	0.315	0.389	0.317	0.421	0.404	0.421	0.499	0.340	0.486	0.569	0.367	0.415	0.449	0.425	0.574	0.447	0.565	0.407	0.488	0.362	0.497	0.046	0.506	0.494	0.550	0.562	0.458	0.445	0.431	0.394	0.502	0.374	0.673	0.507	0.504	0.457	0.574	0.629	0.497	0.373	0.067	0.373	0.469	0.411	0.534	0.500	0.501	0.627	0.516	0.578	0.511	0.447	0.434	0.470	0.667	0.474	0.509	0.567	0.436	0.515	0.533	0.449	0.478	0.046	0.571	0.514	0.497	0.535	0.513	0.541	0.420	0.482	0.463	0.503	0.715	0.449	0.575	0.716	0.046	0.518	0.496	0.440	0.513	0.441	0.447	0.542	0.493	0.105	0.582	0.534	0.529
37:00:37	22.4	0.387	0.579	0.365	0.343	0.344	0.348	0.391	0.372	0.371	0.439	0.427	0.486	0.362	0.498	0.605	0.387	0.451	0.455	0.425	0.515	0.493	0.558	0.455	0.492	0.374	0.460	0.046	0.500	0.506	0.524	0.596	0.422	0.411	0.396	0.398	0.558	0.393	0.679	0.509	0.532	0.523	0.580	0.629	0.432	0.370	0.068	0.450	0.464	0.429	0.502	0.502	0.524	0.665	0.544	0.602	0.460	0.428	0.418	0.469	0.681	0.506	0.524	0.581	0.483	0.536	0.546	0.416	0.504	0.046	0.606	0.537	0.520	0.504	0.520	0.560	0.432	0.415	0.469	0.502	0.724	0.453	0.641	0.751	0.046	0.491	0.534	0.446	0.500	0.474	0.459	0.509	0.523	0.108	0.569	0.556	0.546
38:00:38	22.5	0.397	0.587	0.363	0.365	0.373	0.342	0.423	0.391	0.424	0.440	0.426	0.484	0.373	0.448	0.559	0.404	0.374	0.420	0.394	0.457	0.509	0.592	0.525	0.506	0.409	0.397	0.046	0.490	0.509	0.547	0.595	0.456	0.502	0.408	0.412	0.484	0.396	0.715	0.526	0.520	0.505	0.584	0.620	0.442	0.382	0.068	0.478	0.456	0.439	0.469	0.516	0.544	0.687	0.558	0.623	0.473	0.457	0.510	0.533	0.713	0.553	0.444	0.608	0.476	0.543	0.521	0.450	0.528	0.046	0.631	0.549	0.555	0.550	0.504	0.563	0.485	0.438	0.470	0.535	0.745	0.470	0.652	0.794	0.046	0.492	0.538	0.470	0.486	0.443	0.463	0.537	0.561	0.110	0.632	0.582	0.558
39:00:38	22.5	0.427	0.596	0.345	0.364	0.411	0.342	0.438	0.438	0.429	0.444	0.441	0.504	0.384	0.423	0.559	0.413	0.396	0.429	0.421	0.508	0.484	0.593	0.483	0.517	0.402	0.395	0.046	0.462	0.468	0.590	0.624	0.410	0.445	0.398	0.417	0.576	0.435	0.757	0.535	0.527	0.545	0.571	0.635	0.426	0.415	0.068	0.480	0.453	0.464	0.484	0.519	0.562	0.688	0.543	0.634	0.462	0.539	0.513	0.521	0.784	0.492	0.438	0.637	0.508	0.559	0.550	0.453	0.581	0.046	0.692	0.548	0.560	0.555	0.543	0.522	0.488	0.459	0.461	0.520	0.724	0.468	0.672	0.815	0.045	0.512	0.520	0.456	0.578	0.483	0.487	0.519	0.541	0.113	0.655	0.574	0.546
40:00:39	22.7	0.453	0.616	0.361	0.362	0.389	0.366	0.409	0.389	0.437	0.406	0.421	0.522	0.410	0.430	0.460	0.421	0.377	0.415	0.360	0.476	0.496	0.597	0.503	0.508	0.433	0.426	0.046	0.391	0.419	0.586	0.634	0.414	0.432	0.409	0.423	0.470	0.419	0.755	0.459	0.420	0.553	0.462	0.627	0.428	0.395	0.070	0.441	0.506	0.465	0.456	0.455	0.559	0.691	0.478	0.655	0.480	0.480	0.484	0.504	0.738	0.484	0.429	0.638	0.486	0.595	0.532	0.470	0.527	0.046	0.673	0.581	0.525	0.553	0.514	0.465	0.459	0.457	0.470	0.509	0.710	0.437	0.658	0.752	0.045	0.513	0.548	0.499	0.512	0.516	0.500	0.545	0.509	0.115	0.572	0.582	0.535
41:00:41	22.7	0.446	0.640	0.385	0.375	0.428	0.366	0.428	0.404	0.432	0.450	0.475	0.525	0.412	0.453	0.462	0.411	0.412	0.452	0.409	0.510	0.507	0.677	0.633	0.512	0.410	0.420	0.045	0.405	0.403	0.574	0.680	0.461	0.534	0.465	0.449	0.594	0.446	0.841	0.434	0.510	0.564	0.511	0.722	0.388	0.447	0.069	0.462	0.473	0.478	0.451	0.443	0.561	0.697	0.468	0.708	0.547	0.519	0.472	0.535	0.806	0.504	0.417	0.662	0.547	0.601	0.539	0.463	0.552	0.046	0.721	0.649	0.604	0.507	0.535	0.527	0.507	0.489	0.490	0.556	0.739	0.492	0.751	0.766	0.045	0.642	0.540	0.497	0.556	0.508	0.523	0.551	0.552	0.118	0.685	0.606	0.702
42:00:42	22.7	0.440	0.644	0.402	0.371	0.440	0.373	0.445	0.411	0.446	0.444	0.469	0.547	0.421	0.434	0.450	0.435	0.408	0.437	0.424	0.502	0.528	0.705	0.640	0.530	0.432	0.440	0.046	0.394	0.431	0.607	0.676	0.454	0.509	0.439	0.441	0.600	0.459	0.866	0.393	0.484	0.585	0.450	0.705	0.422	0.438	0.069	0.506	0.488	0.456	0.468	0.418	0.559	0.682	0.432	0.728	0.506	0.549	0.487	0.524	0.800	0.548	0.477	0.693	0.517	0.618	0.555	0.499	0.542	0.046	0.715	0.640	0.600	0.533	0.562	0.499	0.497	0.500	0.507	0.548	0.778	0.499	0.721	0.763	0.045	0.630	0.530	0.526	0.581	0.523	0.512	0.558	0.584	0.119	0.724	0.588	0.734
43:00:43	22.7	0.416	0.675	0.387	0.369	0.433	0.398	0.443	0.404	0.464	0.460	0.449	0.513	0.414	0.488	0.470	0.463	0.408	0.438	0.435	0.489	0.487	0.723	0.589	0.566	0.435	0.435	0.045	0.397	0.384	0.644	0.721	0.459	0.471	0.472	0.447	0.496	0.467	0.888	0.431	0.429	0.613	0.420	0.680	0.437	0.417	0.070	0.489	0.522	0.515	0.434	0.423	0.555	0.714	0.440	0.736	0.493	0.547	0.500	0.557	0.755	0.541	0.472	0.718	0.519	0.627	0.526	0.506	0.567	0.046	0.690	0.554	0.557	0.535	0.531	0.528	0.516	0.491	0.489	0.538	0.762	0.480	0.720	0.759	0.045	0.604	0.557	0.517	0.552	0.534	0.500	0.581	0.536	0.121	0.704	0.575	0.693
44:00:42	22.6	0.507	0.710	0.418	0.435	0.471	0.419	0.463	0.475	0.476	0.479	0.494	0.554	0.430	0.493	0.452	0.493	0.466	0.475	0.473	0.549	0.552	0.746	0.725	0.665	0.475	0.471	0.046	0.428	0.445	0.684	0.745	0.484	0.553	0.498	0.501	0.627	0.466	0.873	0.428	0.488	0.604	0.478	0.746	0.447	0.481	0.069	0.514	0.502	0.496	0.524	0.465	0.574	0.685	0.428	0.765	0.518	0.595	0.523	0.571	0.817	0.557	0.487	0.741	0.530	0.657	0.575	0.532	0.664	0.046	0.730	0.727	0.588	0.682	0.590	0.548	0.507	0.541	0.538	0.590	0.792	0.562	0.786	0.768	0.045	0.631	0.570	0.545	0.601	0.528	0.532	0.575	0.571	0.123	0.778	0.715	0.690
45:00:43	22.6	0.523	0.731	0.439	0.450	0.480	0.423	0.490	0.457	0.468	0.468	0.498	0.562	0.441	0.499	0.464	0.516	0.463	0.480	0.445	0.530	0.545	0.750	0.810	0.764	0.476	0.457	0.045	0.421	0.451	0.705	0.791	0.470	0.533	0.487	0.499	0.604	0.479	0.886	0.494	0.481	0.626	0.495	0.725	0.483	0.487	0.068	0.529	0.519	0.523	0.564	0.432	0.591	0.701	0.470	0.792	0.552	0.595	0.520	0.573	0.808	0.578	0.484	0.718	0.574	0.667	0.619	0.488	0.632	0.046	0.748	0.753	0.586	0.691	0.589	0.510	0.544	0.533	0.533	0.574	0.818	0.528	0.793	0.775	0.045	0.637	0.589	0.541	0.642	0.568	0.553	0.573	0.565	0.125	0.860	0.726	0.703
46:00:45	22.5	0.511	0.715	0.421	0.436	0.487	0.435	0.485	0.462	0.487	0.527	0.490	0.577	0.472	0.501	0.468	0.535	0.471	0.511	0.475	0.573	0.561	0.753	0.897	0.809	0.482	0.475	0.045	0.445	0.436	0.770	0.782	0.515	0.577	0.532	0.501	0.640	0.496	0.939	0.448	0.462	0.623	0.455	0.750	0.456	0.500	0.069	0.560	0.534	0.528	0.541	0.457	0.541	0.710	0.473	0.768	0.553	0.657	0.515	0.573	0.834	0.566	0.488	0.739	0.512	0.662	0.528	0.558	0.698	0.046	0.726	0.803	0.578	0.703	0.576	0.561	0.664	0.562	0.565	0.606	0.812	0.571	0.800	0.793	0.045	0.678	0.595	0.551	0.668	0.558	0.563	0.624	0.561	0.126	0.816	0.750	0.716
47:00:45	22.5	0.643	0.687	0.441	0.464	0.494	0.443	0.515	0.469	0.519	0.547	0.501	0.580	0.469	0.535	0.463	0.541	0.452	0.493	0.519	0.587	0.583	0.756	0.968	0.834	0.510	0.499	0.045	0.458	0.465	0.793	0.820	0.522	0.607	0.466	0.523	0.654	0.486	0.924	0.492	0.501	0.635	0.503	0.744	0.499	0.500	0.069	0.539	0.593	0.542	0.592	0.460	0.531	0.731	0.482	0.746	0.653	0.630	0.578	0.586	0.821	0.604	0.508	0.746	0.567	0.728	0.576	0.533	0.723	0.046	0.737	0.859	0.670	0.689	0.589	0.555	0.693	0.554	0.542	0.651	0.852	0.533	0.808	0.843	0.045	0.715	0.610	0.560	0.774	0.574	0.598	0.659	0.612	0.127	0.779	0.803	0.817
48:00:46	22.5	0.672	0.663	0.477	0.501	0.496	0.463	0.549	0.494	0.527	0.502	0.508	0.583	0.469	0.508	0.486	0.544	0.503	0.497	0.495	0.616	0.613	0.780	0.987	0.831	0.545	0.493	0.045	0.467	0.464	0.853	0.820	0.542	0.608	0.522	0.539	0.672	0.488	0.935	0.500	0.501	0.646	0.528	0.715	0.488	0.506	0.069	0.586	0.605	0.550	0.669	0.482	0.554	0.724	0.484	0.714	0.646	0.680	0.619	0.632	0.851	0.618	0.521	0.737	0.562	0.751	0.594	0.600	0.817	0.046	0.788	0.874	0.699	0.754	0.614	0.521	0.701	0.573	0.548	0.623	0.873	0.608	0.865	0.867	0.045	0.731	0.621	0.616	0.742	0.589	0.594	0.690	0.662	0.129	0.825	0.779	0.846
49:00:48	22.5	0.705	0.662	0.465	0.521	0.493	0.452	0.508	0.469	0.510	0.580	0.488	0.574	0.473	0.515	0.516	0.561	0.485	0.510	0.511	0.652	0.658	0.808	0.986	0.865	0.536	0.473	0.045	0.472	0.499	0.856	0.868	0.538	0.655	0.511	0.498	0.606	0.499	0.947	0.518	0.479	0.628	0.541	0.748	0.461	0.494	0.071	0.531	0.580	0.532	0.683	0.482	0.566	0.742	0.513	0.724	0.596	0.647	0.588	0.618	0.846	0.582	0.538	0.725	0.566	0.769	0.673	0.574	0.830	0.046	0.819	0.876	0.626	0.684	0.584	0.542	0.774	0.554	0.576	0.657	0.878	0.585	0.879	0.912	0.044	0.775	0.615	0.566	0.748	0.578	0.589	0.679	0.604	0.129	0.852	0.766	0.829
50:00:49	22.5	0.678	0.644	0.503	0.546	0.484	0.455	0.503	0.476	0.520	0.589	0.487	0.579	0.495	0.515	0.502	0.557	0.479	0.528	0.478	0.599	0.613	0.834	1.014	0.857	0.527	0.501	0.045	0.480	0.469	0.853	0.901	0.513	0.654	0.514	0.528	0.618	0.491	0.925	0.496	0.511	0.604	0.510	0.712	0.509	0.501	0.070	0.628	0.633	0.530	0.726	0.495	0.523	0.727	0.533	0.715	0.610	0.651	0.569	0.627	0.841	0.583	0.539	0.768	0.572	0.798	0.619	0.574	0.834	0.046	0.848	0.899	0.657	0.788	0.603	0.547	0.754	0.572	0.612	0.628	0.886	0.604	0.854	0.919	0.044	0.781	0.649	0.590	0.796	0.619	0.614	0.675	0.608	0.130	0.890	0.753	0.831
51:00:49	22.6	0.785	0.658	0.501	0.551	0.502	0.480	0.534	0.509	0.550	0.642	0.489	0.660	0.508	0.549	0.553	0.589	0.477	0.527	0.515	0.576	0.700	0.831	1.025	0.951	0.543	0.504	0.045	0.510	0.491	0.858	0.902	0.528	0.657	0.550	0.566	0.648	0.492	0.917	0.516	0.548	0.652	0.531	0.753	0.496	0.522	0.071	0.596	0.659	0.567	0.765	0.514	0.485	0.739	0.543	0.749	0.691	0.746	0.595	0.687	0.785	0.604	0.562	0.771	0.574	0.835	0.648	0.643	0.853	0.046	0.857	0.942	0.610	0.769	0.606	0.576	0.779	0.612	0.585	0.753	0.904	0.597	0.794	0.890	0.044	0.766	0.652	0.617	0.843	0.602	0.618	0.686	0.652	0.131	0.883	0.867	0.852
52:00:51	22.6	0.793	0.660	0.489	0.594	0.516	0.491	0.567	0.512	0.566	0.594	0.500	0.685	0.519	0.544	0.593	0.617	0.526	0.523	0.571	0.654	0.794	0.859	1.040	0.912	0.594	0.519	0.045	0.536	0.528	0.852	0.896	0.549	0.725	0.555	0.549	0.660	0.477	0.923	0.536	0.509	0.664	0.569	0.779	0.502	0.542	0.070	0.660	0.622	0.592	0.813	0.526	0.533	0.761	0.577	0.762	0.715	0.772	0.629	0.755	0.802	0.648	0.560	0.798	0.558	0.845	0.651	0.644	0.899	0.046	0.856	0.976	0.632	0.744	0.619	0.562	0.798	0.611	0.614	0.784	0.934	0.628	0.798	0.885	0.044	0.765	0.647	0.639	0.856	0.613	0.640	0.729	0.659	0.131	0.878	0.863	0.890
53:00:51	22.6	0.874	0.649	0.527	0.594	0.514	0.504	0.605	0.534	0.604	0.702	0.501	0.684	0.534	0.567	0.599	0.620	0.504	0.549	0.579	0.675	0.885	0.890	1.036	0.968	0.591	0.524	0.045	0.522	0.522	0.844	0.916	0.584	0.802	0.556	0.547	0.688	0.513	0.933	0.546	0.588	0.693	0.567	0.786	0.546	0.535	0.070	0.725	0.595	0.559	0.831	0.509	0.544	0.784	0.545	0.790	0.715	0.831	0.673	0.854	0.883	0.702	0.577	0.812	0.596	0.853	0.728	0.674	0.935	0.046	0.854	0.992	0.735	0.796	0.619	0.558	0.802	0.613	0.643	0.853	0.926	0.638	0.814	0.876	0.045	0.728	0.654	0.625	0.901	0.646	0.649	0.732	0.688	0.132	0.894	0.884	0.889
54:00:52	22.5	0.970	0.726	0.554	0.639	0.576	0.561	0.637	0.599	0.676	0.664	0.568	0.788	0.515	0.605	0.629	0.646	0.529	0.616	0.580	0.781	0.962	0.856	1.038	1.009	0.599	0.562	0.045	0.602	0.578	0.852	0.920	0.655	0.889	0.690	0.631	0.802	0.529	0.970	0.561	0.628	0.782	0.683	0.834	0.642	0.609	0.069	0.858	0.789	0.620	0.872	0.515	0.545	0.814	0.584	0.777	0.818	0.895	0.684	0.928	0.962	0.819	0.605	0.834	0.628	0.875	0.843	0.848	0.962	0.046	0.848	0.983	0.865	0.892	0.770	0.718	0.846	0.630	0.624	0.909	0.933	0.660	0.873	0.890	0.044	0.699	0.697	0.731	0.935	0.667	0.663	0.887	0.771	0.136	0.948	0.832	0.889
55:00:52	22.5	0.925	0.711	0.534	0.647	0.558	0.562	0.630	0.615	0.695	0.741	0.581	0.812	0.574	0.576	0.668	0.685	0.576	0.618	0.633	0.827	0.988	0.920	1.044	0.945	0.608	0.572	0.045	0.608	0.600	0.863	0.940	0.711	0.911	0.718	0.653	0.876	0.511	0.993	0.573	0.639	0.794	0.691	0.854	0.620	0.653	0.069	0.913	0.798	0.647	0.865	0.566	0.633	0.838	0.610	0.793	0.829	0.892	0.712	0.948	0.968	0.843	0.590	0.833	0.690	0.888	0.870	0.892	0.955	0.046	0.863	0.948	0.911	0.855	0.800	0.786	0.817	0.663	0.646	0.926	0.928	0.665	0.900	0.884	0.044	0.704	0.739	0.721	0.935	0.669	0.745	0.923	0.802	0.136	0.990	0.774	0.900
56:00:54	22.4	0.992	0.734	0.546	0.714	0.583	0.579	0.610	0.609	0.745	0.924	0.610	0.939	0.584	0.659	0.728	0.700	0.555	0.662	0.713	0.913	1.049	0.922	1.050	0.956	0.649	0.559	0.045	0.674	0.717	0.859	0.957	0.791	0.932	0.803	0.692	0.929	0.551	0.954	0.586	0.665	0.846	0.698	0.804	0.664	0.694	0.069	0.960	0.933	0.699	0.864	0.563	0.648	0.852	0.607	0.808	0.847	0.922	0.757	0.969	0.975	0.890	0.641	0.811	0.691	0.888	0.871	0.911	0.918	0.046	0.864	0.887	0.960	0.855	0.835	0.832	0.841	0.680	0.693	0.952	0.928	0.697	0.916	0.898	0.044	0.738	0.793	0.763	0.921	0.685	0.849	0.961	0.876	0.139	1.018	0.792	0.900
57:00:54	22.3	0.998	0.745	0.557	0.750	0.578	0.584	0.654	0.592	0.714	0.765	0.595	0.876	0.578	0.608	0.621	0.700	0.613	0.597	0.706	0.924	1.019	0.913	1.050	0.951	0.665	0.569	0.045	0.696	0.659	0.877	0.981	0.774	0.894	0.763	0.669	0.976	0.502	0.945	0.596	0.671	0.842	0.647	0.782	0.641	0.631	0.070	0.953	0.939	0.664	0.871	0.577	0.578	0.866	0.591	0.830	0.829	0.919	0.765	0.979	0.951	0.800	0.559	0.837	0.679	0.894	0.875	0.903	0.904	0.046	0.844	0.907	1.016	0.797	0.787	0.777	0.831	0.620	0.637	0.973	0.911	0.669	0.918	0.913	0.045	0.742	0.685	0.733	0.897	0.675	0.762	0.975	0.846	0.136	1.028	0.812	0.881
58:00:56	22.3	1.002	0.811	0.628	0.866	0.598	0.610	0.692	0.585	0.816	0.925	0.648	0.953	0.597	0.671	0.789	0.761	0.673	0.699	0.840	0.985	1.055	0.998	1.031	0.966	0.702	0.652	0.045	0.769	0.798	0.874	0.982	0.877	0.912	0.927	0.827	0.999	0.612	0.947	0.617	0.789	0.854	0.804	0.832	0.842	0.812	0.069	0.973	0.968	0.767	0.834	0.583	0.684	0.860	0.669	0.827	0.871	0.919	0.860	1.009	0.936	0.846	0.696	0.855	0.804	0.884	0.906	0.916	0.953	0.046	0.833	0.931	1.047	0.811	0.882	0.876	0.881	0.746	0.761	0.984	0.920	0.733	0.940	0.936	0.044	0.771	0.826	0.792	0.886	0.729	0.875	1.038	0.940	0.136	1.051	0.832	0.926
59:00:57	22.2	1.055	0.812	0.654	0.890	0.626	0.653	0.702	0.614	0.824	1.039	0.688	1.058	0.634	0.738	0.818	0.809	0.749	0.676	0.900	0.980	1.026	0.996	1.034	1.000	0.786	0.623	0.045	0.842	0.819	0.892	0.993	0.898	0.921	0.961	0.903	1.003	0.588	0.955	0.644	0.826	0.842	0.852	0.846	0.880	0.843	0.069	0.984	1.019	0.793	0.843	0.589	0.741	0.871	0.657	0.836	0.894	0.951	0.890	0.977	0.939	0.868	0.675	0.896	0.833	0.876	0.924	0.912	0.996	0.046	0.852	0.935	1.067	0.836	0.897	0.889	0.913	0.806	0.851	0.985	0.934	0.789	0.972	0.965	0.044	0.763	0.859	0.837	0.957	0.784	0.941	1.075	0.986	0.135	1.067	0.882	0.969
60:00:57	22.2	1.089	0.859	0.662	0.952	0.629	0.634	0.691	0.635	0.861	1.099	0.749	1.062	0.665	0.732	0.901	0.862	0.743	0.806	0.964	0.993	1.046	0.973	1.033	1.000	0.854	0.672	0.045	0.894	0.875	0.904	0.991	0.938	0.942	0.980	0.929	1.032	0.610	0.950	0.675	0.863	0.815	0.926	0.854	0.943	0.916	0.069	0.982	1.016	0.839	0.854	0.622	0.722	0.871	0.708	0.843	0.893	0.931	0.924	0.940	0.945	0.894	0.723	0.920	0.887	0.861	0.942	0.922	1.023	0.046	0.890	0.949	1.091	0.851	0.916	0.911	0.934	0.835	0.884	0.960	0.947	0.855	0.976	0.976	0.044	0.794	0.860	0.869	0.987	0.835	0.966	1.089	1.035	0.135	1.074	0.931	0.985
61:00:58	22.3	1.093	0.879	0.672	0.999	0.610	0.704	0.761	0.671	0.940	1.134	0.755	1.016	0.704	0.802	0.964	0.936	0.827	0.774	0.996	1.046	1.057	1.016	1.035	0.962	0.927	0.726	0.045	0.913	0.925	0.906	0.992	0.984	0.963	1.002	0.976	1.083	0.611	0.955	0.692	0.919	0.828	0.967	0.852	0.934	0.938	0.069	0.989	1.039	0.848	0.855	0.621	0.802	0.869	0.752	0.835	0.897	0.959	0.970	0.945	0.959	0.866	0.739	0.919	0.927	0.869	0.939	0.944	1.023	0.046	0.916	0.948	1.103	0.888	0.953	0.937	0.936	0.893	0.910	0.962	0.959	0.934	0.965	0.986	0.044	0.799	0.862	0.888	0.967	0.895	0.970	1.102	1.053	0.134	1.076	0.938	0.925
62:01:00	22.3	1.083	0.872	0.715	0.994	0.648	0.737	0.850	0.675	0.973	1.179	0.844	1.019	0.720	0.828	0.990	0.939	0.828	0.886	1.012	1.072	1.026	0.992	1.042	0.939	0.941	0.742	0.045	0.913	0.926	0.918	0.998	0.982	0.999	1.026	1.016	1.097	0.601	0.957	0.696	0.957	0.847	0.992	0.856	0.959	0.958	0.069	0.996	1.061	0.912	0.853	0.641	0.816	0.874	0.715	0.812	0.917	0.978	0.997	0.971	0.968	0.901	0.772	0.889	0.948	0.884	0.939	0.959	1.007	0.046	0.906	0.947	1.119	0.875	0.949	0.960	0.927	0.927	0.919	0.995	0.976	0.962	0.946	0.979	0.044	0.705	0.876	0.886	0.955	0.895	0.987	1.132	1.038	0.134	1.084	0.917	0.866
63:01:00	22.3	1.087	0.908	0.764	1.061	0.696	0.816	0.792	0.688	1.084	1.187	0.902	1.032	0.841	0.901	0.995	1.029	0.902	0.890	1.004	1.086	0.990	1.041	1.046	0.892	1.025	0.827	0.045	0.944	0.947	0.926	1.002	1.024	1.040	1.030	1.045	1.115	0.666	0.967	0.728	0.957	0.845	0.994	0.865	0.967	0.994	0.069	1.007	1.102	0.945	0.846	0.675	0.853	0.877	0.816	0.776	0.944	0.974	1.019	0.947	0.999	0.934	0.864	0.876	0.961	0.888	0.928	0.962	1.005	0.046	0.910	0.947	1.134	0.877	0.987	0.954	0.935	0.969	0.953	1.003	0.986	1.013	0.923	0.976	0.044	0.675	0.863	0.936	0.991	0.970	1.024	1.150	1.033	0.134	1.100	0.933	0.847
64:01:00	22.4	1.078	0.923	0.808	1.071	0.757	0.913	0.907	0.718	1.117	1.198	0.866	1.015	0.885	0.949	0.993	1.058	0.885	0.968	1.009	1.084	1.018	1.005	1.053	0.802	1.031	0.840	0.044	0.947	0.954	0.943	1.007	1.026	1.040	1.022	1.063	1.114	0.705	0.975	0.780	0.962	0.844	0.982	0.881	0.974	1.016	0.070	1.019	1.115	0.946	0.863	0.695	0.838	0.885	0.821	0.716	0.944	0.946	1.042	0.909	0.991	0.938	0.884	0.876	0.950	0.891	0.920	0.956	1.025	0.045	0.906	0.941	1.141	0.882	0.970	0.908	0.896	0.971	0.951	1.022	0.964	1.005	0.862	0.968	0.044	0.644	0.850	0.920	1.008	0.965	0.991	1.150	1.039	0.133	1.097	0.921	0.759
65:01:02	22.7	1.071	0.915	0.842	1.075	0.780	0.890	0.903	0.738	1.142	1.207	0.965	1.025	0.942	0.968	0.960	1.086	0.936	0.994	1.003	1.065	1.033	0.972	1.062	0.819	1.029	0.895	0.045	0.945	0.973	0.938	1.004	1.034	1.055	1.017	1.042	1.093	0.835	0.992	0.836	0.956	0.842	0.988	0.872	0.980	1.027	0.070	1.023	1.142	0.992	0.850	0.749	0.873	0.872	0.920	0.721	0.955	0.957	1.040	0.916	0.991	0.937	0.945	0.872	0.945	0.883	0.906	0.949	1.031	0.046	0.921	0.945	1.134	0.889	0.982	0.943	0.920	0.986	0.963	1.015	1.006	1.049	0.864	0.954	0.044	0.685	0.912	0.964	1.031	1.012	1.025	1.150	1.066	0.133	1.108	0.917	0.809
66:01:02	22.9	1.089	0.940	0.871	1.072	0.855	0.936	0.997	0.771	1.142	1.138	0.929	1.039	0.943	0.986	0.998	1.117	0.917	0.977	0.986	1.060	1.024	0.938	1.071	0.756	1.058	0.928	0.044	0.961	0.978	0.952	1.003	1.053	1.057	1.001	1.019	1.073	0.845	1.004	0.839	0.975	0.836	0.999	0.903	1.003	1.016	0.070	1.042	1.156	0.975	0.872	0.757	0.854	0.888	0.944	0.707	0.942	0.963	1.049	0.926	0.985	0.920	0.915	0.891	0.962	0.893	0.912	0.971	1.032	0.045	0.856	0.952	1.121	0.892	0.980	0.920	0.926	0.988	0.925	1.037	0.984	1.074	0.877	0.979	0.044	0.704	0.886	0.897	1.004	1.011	1.014	1.154	1.097	0.132	1.111	0.909	0.574
67:01:04	23.0	1.089	0.913	0.877	1.056	0.893	0.969	0.909	0.802	1.176	1.137	0.983	1.040	0.925	0.997	0.991	1.127	0.960	0.952	0.984	1.017	1.025	0.952	1.074	0.697	1.081	0.964	0.045	0.983	0.996	0.951	1.002	1.061	1.075	0.987	1.021	1.051	0.851	1.036	0.876	0.982	0.834	1.000	0.912	1.014	1.020	0.071	1.061	1.140	0.968	0.888	0.751	0.878	0.883	0.945	0.698	0.934	0.947	1.045	0.970	1.004	0.933	0.947	0.878	0.982	0.890	0.920	0.979	1.001	0.046	0.876	0.948	1.112	0.887	0.987	0.946	0.928	0.968	0.933	1.051	0.991	1.083	0.900	0.978	0.044	0.655	0.873	0.930	0.985	1.021	0.978	1.160	1.051	0.132	1.121	0.852	0.566
68:01:04	22.9	1.069	0.903	0.945	1.044	0.951	1.009	0.911	0.850	1.194	1.165	1.032	1.095	0.970	0.978	1.025	1.138	1.017	1.006	0.997	1.067	1.049	0.992	1.085	0.772	1.093	0.997	0.044	1.009	1.022	0.953	1.003	1.077	1.088	0.999	1.078	1.044	0.952	1.056	0.953	0.973	0.848	1.018	0.914	1.022	1.020	0.069	1.078	1.146	1.016	0.899	0.817	0.910	0.868	0.963	0.722	0.949	0.958	1.056	0.991	1.021	0.983	0.971	0.900	0.978	0.886	0.939	0.991	0.985	0.045	0.961	0.946	1.111	0.876	0.996	0.960	0.902	0.964	0.982	1.063	1.019	1.063	0.917	0.975	0.044	0.735	0.919	0.969	0.984	1.017	1.010	1.168	1.045	0.133	1.142	0.830	0.607
69:01:06	22.9	1.051	0.862	0.965	1.042	0.962	1.067	0.915	0.943	1.221	1.184	1.050	1.077	1.003	1.016	1.037	1.145	1.028	1.022	1.015	1.089	1.061	0.984	1.092	0.723	1.128	1.041	0.044	1.020	1.020	0.948	1.004	1.084	1.086	0.988	1.104	1.056	0.969	1.062	0.983	0.963	0.844	1.031	0.946	1.028	1.026	0.069	1.083	1.161	1.075	0.912	0.893	0.939	0.861	0.952	0.734	0.956	0.953	1.072	1.006	1.030	1.008	0.994	0.908	0.991	0.884	0.949	1.000	0.960	0.045	1.021	0.949	1.120	0.888	1.015	0.959	0.914	0.971	1.010	1.064	1.021	1.083	0.931	0.989	0.044	0.660	0.939	1.015	0.991	1.046	1.046	1.173	1.058	0.133	1.164	0.842	0.662
70:01:07	22.8	1.072	0.934	1.073	1.098	1.100	1.107	0.925	0.986	1.240	1.218	1.092	1.073	1.044	1.046	1.059	1.167	1.058	1.043	1.027	1.103	1.082	1.004	1.098	0.668	1.152	1.057	0.044	1.026	1.026	0.951	1.009	1.093	1.083	0.994	1.113	1.086	0.981	1.097	1.025	0.965	0.845	1.038	0.960	1.031	1.039	0.069	1.090	1.162	1.085	0.927	0.968	0.957	0.864	1.000	0.724	0.959	0.948	1.068	1.020	1.029	1.013	1.012	0.919	0.999	0.888	0.952	1.009	0.960	0.045	1.043	0.966	1.132	0.881	1.036	0.971	0.960	1.033	1.044	1.067	1.027	1.110	0.923	1.013	0.044	0.659	0.942	0.991	0.998	1.065	1.073	1.170	1.078	0.132	1.181	0.837	0.688
71:01:08	22.7	1.104	0.940	1.081	1.153	1.132	1.088	0.899	1.082	1.231	1.233	1.105	1.032	1.064	1.047	1.064	1.180	1.084	1.051	1.026	1.112	1.096	1.027	1.109	0.697	1.170	1.063	0.044	1.011	1.031	0.951	1.013	1.097	1.053	1.004	1.115	1.091	0.963	1.114	1.038	0.990	0.847	1.035	0.969	1.033	1.050	0.070	1.097	1.162	1.058	0.944	0.991	0.973	0.862	0.994	0.723	0.974	0.923	1.070	1.032	1.026	1.013	1.024	0.895	1.021	0.892	0.949	1.015	0.962	0.045	1.060	0.973	1.138	0.863	1.052	0.977	0.966	1.074	1.067	1.067	1.029	1.129	0.924	1.035	0.044	0.699	0.907	1.015	1.003	1.089	1.098	1.164	1.097	0.131	1.195	0.852	0.734
72:01:08	22.7	1.120	0.920	1.042	1.160	1.119	1.077	0.962	1.115	1.232	1.250	1.128	1.059	1.063	1.041	1.062	1.199	1.106	1.067	1.018	1.111	1.107	1.055	1.118	0.739	1.181	1.067	0.044	0.988	1.028	0.948	1.022	1.102	1.027	1.020	1.114	1.081	0.964	1.126	1.041	1.001	0.853	1.034	0.969	1.037	1.059	0.069	1.101	1.174	0.985	0.960	1.014	0.974	0.864	1.001	0.722	0.984	0.906	1.056	1.040	1.040	1.022	1.025	0.864	1.019	0.898	0.943	1.025	0.977	0.046	1.061	0.978	1.141	0.846	1.061	0.984	0.959	1.099	1.068	1.048	1.031	1.147	0.923	1.064	0.044	0.675	0.928	1.013	1.017	1.096	1.103	1.169	1.109	0.131	1.202	0.860	0.768

