Time	T° 600	A1	A2	A3	A4	A5	A6	A7	A8	A9	A10	A11	A12	B1	B2	B3	B4	B5	B6	B7	B8	B9	B10	B11	B12	C1	C2	C3	C4	C5	C6	C7	C8	C9	C10	C11	C12	D1	D2	D3	D4	D5	D6	D7	D8	D9	D10	D11	D12	E1	E2	E3	E4	E5	E6	E7	E8	E9	E10	E11	E12	F1	F2	F3	F4	F5	F6	F7	F8	F9	F10	F11	F12	G1	G2	G3	G4	G5	G6	G7	G8	G9	G10	G11	G12	H1	H2	H3	H4	H5	H6	H7	H8	H9	H10	H11	H12
0:00:06	24.0	0.045	0.049	0.052	0.052	0.054	0.050	0.046	0.048	0.049	0.049	0.052	0.051	0.048	0.048	0.047	0.050	0.055	0.050	0.047	0.046	0.050	0.052	0.050	0.052	0.048	0.048	0.045	0.132	0.064	0.046	0.047	0.049	0.052	0.049	0.049	0.049	0.046	0.047	0.048	0.046	0.046	0.080	0.047	0.052	0.051	0.050	0.049	0.049	0.047	0.050	0.051	0.046	0.161	0.051	0.048	0.047	0.047	0.044	0.049	0.047	0.049	0.053	0.053	0.050	0.048	0.047	0.051	0.050	0.051	0.047	0.049	0.048	0.052	0.051	0.051	0.052	0.055	0.049	0.064	0.054	0.051	0.049	0.050	0.045	0.051	0.053	0.049	0.051	0.050	0.048	0.050	0.056	0.055	0.053	0.050	0.048
1:00:05	24.3	0.048	0.060	0.062	0.061	0.069	0.058	0.060	0.060	0.061	0.059	0.063	0.063	0.051	0.056	0.058	0.059	0.063	0.059	0.055	0.052	0.063	0.064	0.063	0.065	0.056	0.056	0.053	0.141	0.070	0.048	0.058	0.057	0.063	0.058	0.061	0.058	0.056	0.058	0.056	0.055	0.053	0.055	0.049	0.063	0.060	0.057	0.057	0.059	0.053	0.060	0.057	0.055	0.053	0.058	0.053	0.059	0.059	0.047	0.060	0.059	0.057	0.064	0.061	0.060	0.057	0.055	0.062	0.061	0.061	0.057	0.061	0.058	0.066	0.062	0.061	0.060	0.058	0.056	0.060	0.063	0.061	0.059	0.063	0.054	0.058	0.063	0.061	0.061	0.059	0.058	0.059	0.059	0.066	0.064	0.063	0.060
2:00:05	24.3	0.049	0.064	0.064	0.063	0.075	0.056	0.074	0.061	0.069	0.061	0.070	0.070	0.053	0.060	0.074	0.064	0.074	0.061	0.065	0.058	0.074	0.066	0.067	0.069	0.054	0.063	0.059	0.142	0.076	0.051	0.068	0.059	0.069	0.069	0.072	0.059	0.057	0.057	0.061	0.060	0.052	0.060	0.048	0.066	0.060	0.060	0.058	0.060	0.055	0.067	0.065	0.059	0.061	0.062	0.058	0.063	0.064	0.050	0.056	0.063	0.059	0.069	0.063	0.070	0.063	0.063	0.063	0.078	0.063	0.060	0.060	0.057	0.065	0.064	0.066	0.061	0.060	0.064	0.066	0.066	0.063	0.061	0.066	0.061	0.056	0.065	0.067	0.061	0.058	0.062	0.061	0.059	0.067	0.065	0.062	0.060
3:00:06	24.5	0.049	0.066	0.066	0.066	0.080	0.059	0.067	0.062	0.077	0.065	0.075	0.071	0.058	0.065	0.080	0.068	0.086	0.064	0.076	0.057	0.070	0.068	0.069	0.069	0.057	0.066	0.059	0.137	0.080	0.054	0.073	0.058	0.071	0.070	0.078	0.063	0.057	0.059	0.061	0.061	0.053	0.061	0.046	0.065	0.060	0.060	0.059	0.059	0.054	0.064	0.073	0.059	0.062	0.064	0.057	0.064	0.066	0.052	0.059	0.066	0.060	0.069	0.065	0.069	0.066	0.063	0.063	0.079	0.064	0.061	0.060	0.059	0.064	0.064	0.065	0.062	0.058	0.064	0.066	0.066	0.062	0.066	0.065	0.064	0.058	0.062	0.067	0.061	0.058	0.060	0.062	0.059	0.067	0.064	0.062	0.061
4:00:08	24.7	0.048	0.077	0.073	0.070	0.085	0.064	0.076	0.068	0.089	0.069	0.075	0.083	0.076	0.067	0.081	0.077	0.102	0.071	0.081	0.054	0.078	0.074	0.078	0.070	0.064	0.075	0.064	0.121	0.087	0.061	0.071	0.063	0.075	0.083	0.088	0.073	0.062	0.064	0.072	0.066	0.058	0.065	0.046	0.071	0.068	0.066	0.065	0.065	0.061	0.075	0.079	0.061	0.065	0.072	0.060	0.065	0.073	0.052	0.063	0.067	0.066	0.080	0.076	0.077	0.076	0.070	0.062	0.082	0.072	0.065	0.068	0.068	0.068	0.070	0.070	0.069	0.064	0.070	0.071	0.072	0.065	0.067	0.071	0.069	0.065	0.064	0.070	0.067	0.064	0.068	0.067	0.067	0.075	0.073	0.071	0.067
5:00:08	24.4	0.048	0.085	0.083	0.080	0.090	0.071	0.085	0.088	0.088	0.082	0.087	0.094	0.076	0.071	0.095	0.086	0.104	0.087	0.090	0.053	0.096	0.087	0.085	0.074	0.071	0.082	0.073	0.103	0.096	0.072	0.087	0.076	0.077	0.093	0.103	0.084	0.075	0.071	0.078	0.080	0.070	0.073	0.047	0.079	0.077	0.077	0.074	0.078	0.071	0.079	0.089	0.069	0.075	0.086	0.072	0.072	0.077	0.051	0.078	0.077	0.075	0.084	0.079	0.084	0.090	0.085	0.062	0.106	0.081	0.074	0.078	0.079	0.077	0.077	0.078	0.077	0.075	0.082	0.087	0.089	0.078	0.079	0.085	0.082	0.078	0.073	0.080	0.077	0.077	0.081	0.079	0.076	0.088	0.085	0.085	0.080
6:00:08	24.2	0.047	0.103	0.099	0.096	0.102	0.083	0.102	0.095	0.099	0.091	0.103	0.104	0.092	0.086	0.108	0.100	0.110	0.108	0.105	0.052	0.107	0.098	0.094	0.083	0.083	0.090	0.081	0.093	0.102	0.092	0.092	0.088	0.092	0.100	0.122	0.090	0.080	0.079	0.098	0.089	0.082	0.095	0.046	0.092	0.085	0.086	0.087	0.089	0.083	0.089	0.099	0.080	0.088	0.096	0.081	0.084	0.089	0.051	0.087	0.090	0.089	0.104	0.100	0.101	0.105	0.100	0.060	0.112	0.096	0.088	0.095	0.090	0.090	0.087	0.091	0.096	0.096	0.097	0.107	0.096	0.090	0.092	0.095	0.097	0.088	0.084	0.092	0.089	0.090	0.095	0.092	0.088	0.102	0.096	0.091	0.093
7:00:10	23.9	0.047	0.109	0.117	0.114	0.123	0.089	0.114	0.106	0.111	0.109	0.120	0.109	0.106	0.099	0.125	0.121	0.124	0.125	0.123	0.052	0.140	0.117	0.119	0.094	0.093	0.106	0.096	0.109	0.115	0.104	0.102	0.108	0.107	0.105	0.144	0.102	0.098	0.090	0.116	0.114	0.090	0.117	0.046	0.105	0.105	0.106	0.092	0.099	0.088	0.095	0.114	0.098	0.106	0.106	0.098	0.095	0.097	0.050	0.106	0.095	0.096	0.108	0.121	0.124	0.128	0.120	0.060	0.132	0.109	0.116	0.121	0.095	0.101	0.110	0.108	0.101	0.120	0.119	0.131	0.106	0.115	0.107	0.111	0.116	0.100	0.099	0.102	0.102	0.098	0.116	0.104	0.093	0.117	0.109	0.097	0.105
8:00:10	23.6	0.046	0.124	0.129	0.122	0.143	0.095	0.134	0.126	0.131	0.123	0.134	0.132	0.120	0.117	0.140	0.141	0.135	0.143	0.142	0.051	0.150	0.138	0.146	0.109	0.107	0.124	0.111	0.126	0.133	0.069	0.128	0.124	0.127	0.122	0.162	0.109	0.106	0.110	0.139	0.131	0.098	0.136	0.046	0.109	0.106	0.126	0.113	0.101	0.102	0.110	0.133	0.122	0.131	0.123	0.117	0.104	0.111	0.050	0.134	0.102	0.108	0.128	0.152	0.149	0.147	0.141	0.059	0.156	0.125	0.141	0.135	0.109	0.105	0.148	0.129	0.122	0.142	0.138	0.158	0.118	0.138	0.137	0.113	0.135	0.120	0.102	0.133	0.125	0.117	0.140	0.124	0.099	0.126	0.109	0.102	0.109
9:00:12	23.5	0.046	0.142	0.152	0.143	0.169	0.100	0.153	0.154	0.154	0.153	0.155	0.160	0.112	0.134	0.155	0.161	0.161	0.166	0.161	0.053	0.186	0.163	0.173	0.121	0.120	0.147	0.131	0.144	0.148	0.063	0.152	0.152	0.144	0.117	0.178	0.110	0.122	0.129	0.162	0.156	0.097	0.164	0.046	0.112	0.123	0.156	0.130	0.100	0.129	0.102	0.151	0.141	0.154	0.135	0.136	0.143	0.111	0.049	0.162	0.111	0.129	0.169	0.172	0.164	0.164	0.158	0.060	0.179	0.175	0.166	0.171	0.174	0.121	0.141	0.151	0.159	0.166	0.154	0.182	0.161	0.172	0.165	0.122	0.159	0.122	0.108	0.164	0.147	0.141	0.175	0.156	0.097	0.137	0.129	0.135	0.116
10:00:13	23.1	0.046	0.170	0.175	0.173	0.194	0.104	0.170	0.200	0.174	0.182	0.176	0.165	0.127	0.157	0.175	0.175	0.186	0.185	0.172	0.051	0.200	0.187	0.197	0.136	0.150	0.164	0.151	0.162	0.173	0.086	0.182	0.175	0.172	0.118	0.195	0.107	0.169	0.138	0.178	0.174	0.143	0.186	0.046	0.116	0.201	0.178	0.163	0.140	0.159	0.149	0.168	0.158	0.176	0.138	0.164	0.180	0.184	0.049	0.184	0.138	0.138	0.186	0.189	0.184	0.178	0.174	0.059	0.201	0.194	0.184	0.197	0.210	0.137	0.178	0.175	0.173	0.186	0.175	0.193	0.190	0.201	0.189	0.130	0.175	0.176	0.118	0.189	0.165	0.173	0.201	0.192	0.109	0.217	0.230	0.184	0.170
11:00:13	22.8	0.045	0.194	0.201	0.201	0.211	0.127	0.203	0.212	0.188	0.210	0.200	0.208	0.123	0.178	0.186	0.181	0.207	0.196	0.175	0.051	0.204	0.196	0.209	0.152	0.185	0.178	0.177	0.171	0.196	0.113	0.201	0.186	0.198	0.200	0.207	0.147	0.210	0.161	0.184	0.192	0.191	0.194	0.046	0.139	0.199	0.195	0.183	0.218	0.187	0.181	0.179	0.179	0.196	0.176	0.180	0.205	0.179	0.049	0.211	0.209	0.177	0.207	0.197	0.193	0.182	0.179	0.062	0.212	0.210	0.193	0.207	0.239	0.173	0.196	0.191	0.205	0.195	0.188	0.194	0.216	0.209	0.205	0.211	0.192	0.265	0.139	0.207	0.188	0.212	0.211	0.227	0.113	0.219	0.228	0.240	0.149
12:00:15	22.6	0.045	0.225	0.221	0.227	0.227	0.173	0.222	0.221	0.201	0.227	0.222	0.250	0.277	0.189	0.194	0.184	0.227	0.199	0.180	0.052	0.214	0.200	0.207	0.163	0.215	0.185	0.199	0.178	0.223	0.125	0.212	0.198	0.211	0.218	0.209	0.230	0.236	0.205	0.191	0.198	0.201	0.193	0.046	0.273	0.212	0.202	0.192	0.215	0.216	0.200	0.188	0.189	0.209	0.220	0.187	0.222	0.236	0.049	0.210	0.268	0.208	0.234	0.203	0.198	0.185	0.180	0.063	0.223	0.205	0.196	0.211	0.246	0.231	0.218	0.200	0.208	0.203	0.194	0.200	0.240	0.207	0.206	0.269	0.201	0.304	0.182	0.221	0.228	0.228	0.227	0.241	0.216	0.232	0.272	0.242	0.188
13:00:15	22.4	0.045	0.229	0.233	0.238	0.231	0.242	0.227	0.233	0.211	0.226	0.230	0.258	0.313	0.193	0.195	0.187	0.249	0.209	0.185	0.053	0.220	0.212	0.219	0.183	0.229	0.192	0.220	0.184	0.248	0.139	0.220	0.209	0.217	0.224	0.213	0.283	0.252	0.226	0.197	0.211	0.207	0.200	0.046	0.306	0.216	0.210	0.196	0.231	0.226	0.218	0.194	0.201	0.217	0.273	0.190	0.234	0.249	0.049	0.215	0.235	0.245	0.241	0.207	0.203	0.190	0.183	0.066	0.232	0.214	0.196	0.218	0.252	0.251	0.229	0.205	0.210	0.204	0.198	0.203	0.254	0.206	0.212	0.297	0.208	0.297	0.216	0.242	0.247	0.240	0.225	0.244	0.263	0.234	0.283	0.263	0.211
14:00:16	22.5	0.045	0.246	0.247	0.250	0.237	0.249	0.241	0.243	0.224	0.253	0.252	0.264	0.337	0.197	0.199	0.196	0.273	0.213	0.188	0.054	0.230	0.222	0.231	0.205	0.240	0.196	0.231	0.192	0.262	0.164	0.227	0.217	0.226	0.233	0.223	0.312	0.267	0.231	0.203	0.220	0.216	0.204	0.046	0.364	0.224	0.215	0.215	0.227	0.235	0.232	0.200	0.206	0.219	0.322	0.196	0.246	0.257	0.049	0.228	0.269	0.264	0.261	0.214	0.213	0.195	0.190	0.067	0.238	0.218	0.200	0.227	0.264	0.273	0.234	0.214	0.222	0.209	0.206	0.210	0.265	0.208	0.221	0.295	0.213	0.326	0.259	0.260	0.264	0.242	0.234	0.265	0.251	0.237	0.286	0.261	0.225
15:00:16	22.4	0.045	0.249	0.263	0.264	0.252	0.255	0.258	0.257	0.234	0.264	0.262	0.293	0.354	0.197	0.208	0.204	0.281	0.224	0.192	0.053	0.246	0.232	0.236	0.214	0.263	0.200	0.250	0.200	0.269	0.185	0.238	0.224	0.235	0.246	0.230	0.326	0.278	0.235	0.214	0.228	0.221	0.212	0.046	0.419	0.239	0.223	0.230	0.239	0.244	0.242	0.202	0.215	0.220	0.358	0.207	0.256	0.270	0.048	0.237	0.287	0.283	0.271	0.223	0.225	0.200	0.196	0.068	0.246	0.231	0.206	0.239	0.274	0.291	0.244	0.220	0.232	0.219	0.219	0.220	0.275	0.213	0.240	0.309	0.219	0.386	0.300	0.268	0.276	0.242	0.250	0.284	0.274	0.245	0.320	0.289	0.306
16:00:18	22.5	0.045	0.261	0.282	0.276	0.265	0.273	0.285	0.263	0.252	0.282	0.282	0.333	0.366	0.206	0.217	0.213	0.287	0.237	0.199	0.054	0.261	0.240	0.240	0.246	0.271	0.208	0.263	0.208	0.270	0.210	0.246	0.233	0.251	0.269	0.242	0.343	0.293	0.249	0.222	0.231	0.229	0.217	0.046	0.445	0.250	0.227	0.242	0.264	0.245	0.262	0.205	0.226	0.225	0.332	0.214	0.272	0.300	0.048	0.254	0.292	0.295	0.284	0.231	0.235	0.203	0.201	0.070	0.249	0.246	0.216	0.254	0.291	0.307	0.257	0.226	0.248	0.227	0.231	0.231	0.288	0.225	0.249	0.326	0.229	0.436	0.337	0.273	0.292	0.264	0.256	0.299	0.319	0.262	0.320	0.299	0.312
17:00:18	22.4	0.045	0.275	0.300	0.280	0.268	0.300	0.299	0.263	0.275	0.302	0.302	0.360	0.409	0.220	0.229	0.220	0.293	0.252	0.207	0.054	0.273	0.249	0.246	0.265	0.289	0.214	0.274	0.215	0.273	0.228	0.248	0.241	0.265	0.289	0.251	0.338	0.317	0.260	0.230	0.235	0.245	0.227	0.046	0.436	0.261	0.225	0.257	0.288	0.255	0.269	0.207	0.234	0.236	0.337	0.221	0.281	0.312	0.048	0.261	0.308	0.321	0.296	0.237	0.241	0.209	0.210	0.073	0.256	0.260	0.222	0.268	0.306	0.321	0.259	0.230	0.261	0.240	0.239	0.242	0.307	0.231	0.257	0.349	0.237	0.474	0.343	0.283	0.296	0.285	0.271	0.308	0.338	0.278	0.316	0.336	0.397
18:00:20	22.5	0.045	0.287	0.318	0.282	0.277	0.329	0.328	0.275	0.286	0.330	0.332	0.405	0.456	0.233	0.245	0.230	0.305	0.266	0.220	0.055	0.284	0.265	0.254	0.283	0.302	0.221	0.286	0.222	0.287	0.238	0.256	0.250	0.281	0.306	0.263	0.373	0.329	0.277	0.237	0.236	0.263	0.235	0.046	0.485	0.283	0.233	0.268	0.315	0.269	0.276	0.212	0.240	0.255	0.381	0.232	0.283	0.317	0.048	0.275	0.350	0.351	0.305	0.248	0.246	0.218	0.219	0.077	0.270	0.280	0.229	0.278	0.340	0.327	0.264	0.242	0.277	0.256	0.247	0.254	0.314	0.244	0.264	0.359	0.245	0.500	0.367	0.294	0.315	0.302	0.293	0.318	0.341	0.301	0.392	0.355	0.501
19:00:21	22.5	0.044	0.296	0.336	0.321	0.306	0.340	0.343	0.293	0.301	0.346	0.364	0.440	0.484	0.248	0.251	0.240	0.319	0.281	0.233	0.056	0.304	0.287	0.269	0.321	0.316	0.230	0.299	0.226	0.314	0.251	0.271	0.259	0.291	0.330	0.282	0.419	0.362	0.288	0.241	0.237	0.283	0.247	0.046	0.515	0.306	0.252	0.275	0.336	0.279	0.285	0.223	0.247	0.272	0.371	0.242	0.316	0.333	0.048	0.291	0.386	0.370	0.316	0.259	0.249	0.228	0.228	0.078	0.296	0.302	0.244	0.289	0.350	0.341	0.272	0.252	0.289	0.263	0.254	0.266	0.323	0.267	0.269	0.360	0.264	0.503	0.358	0.296	0.334	0.313	0.321	0.339	0.360	0.320	0.407	0.365	0.528
20:00:21	22.4	0.044	0.314	0.368	0.350	0.337	0.365	0.365	0.320	0.325	0.388	0.397	0.484	0.439	0.265	0.254	0.249	0.340	0.299	0.245	0.056	0.321	0.297	0.284	0.335	0.327	0.239	0.308	0.231	0.332	0.268	0.278	0.265	0.308	0.364	0.301	0.441	0.373	0.298	0.250	0.245	0.298	0.261	0.046	0.527	0.330	0.270	0.289	0.358	0.303	0.308	0.236	0.258	0.293	0.403	0.251	0.348	0.363	0.048	0.307	0.397	0.394	0.332	0.273	0.259	0.241	0.242	0.081	0.322	0.319	0.264	0.307	0.372	0.363	0.291	0.265	0.309	0.278	0.266	0.278	0.349	0.290	0.288	0.407	0.281	0.510	0.337	0.309	0.343	0.337	0.324	0.361	0.442	0.332	0.455	0.395	0.568
21:00:22	22.4	0.044	0.326	0.388	0.383	0.357	0.387	0.383	0.337	0.350	0.428	0.436	0.526	0.456	0.280	0.266	0.261	0.362	0.315	0.257	0.057	0.344	0.314	0.312	0.384	0.347	0.249	0.343	0.241	0.358	0.289	0.304	0.282	0.317	0.399	0.326	0.510	0.397	0.316	0.257	0.255	0.313	0.279	0.046	0.549	0.340	0.286	0.320	0.384	0.341	0.320	0.251	0.265	0.310	0.432	0.262	0.365	0.358	0.048	0.325	0.462	0.408	0.340	0.282	0.269	0.251	0.257	0.083	0.337	0.334	0.276	0.334	0.412	0.381	0.314	0.280	0.328	0.284	0.279	0.286	0.367	0.308	0.308	0.415	0.294	0.496	0.368	0.338	0.372	0.358	0.329	0.384	0.394	0.355	0.505	0.416	0.588
22:00:24	22.4	0.044	0.349	0.422	0.407	0.390	0.411	0.444	0.359	0.382	0.483	0.464	0.568	0.487	0.299	0.287	0.273	0.388	0.333	0.268	0.058	0.370	0.338	0.364	0.392	0.389	0.265	0.377	0.249	0.377	0.310	0.331	0.302	0.336	0.440	0.347	0.560	0.400	0.344	0.265	0.268	0.327	0.295	0.046	0.595	0.354	0.315	0.346	0.419	0.381	0.345	0.264	0.282	0.330	0.444	0.280	0.388	0.369	0.048	0.341	0.554	0.416	0.357	0.294	0.281	0.264	0.277	0.089	0.369	0.349	0.296	0.359	0.514	0.403	0.336	0.298	0.349	0.299	0.295	0.297	0.388	0.328	0.333	0.450	0.304	0.469	0.330	0.348	0.401	0.390	0.354	0.414	0.432	0.385	0.582	0.436	0.547
23:00:25	22.4	0.044	0.372	0.457	0.419	0.417	0.410	0.454	0.367	0.400	0.517	0.536	0.609	0.492	0.308	0.304	0.288	0.409	0.354	0.282	0.064	0.401	0.356	0.407	0.408	0.396	0.280	0.409	0.264	0.396	0.319	0.350	0.320	0.354	0.467	0.361	0.530	0.391	0.354	0.278	0.281	0.339	0.315	0.046	0.562	0.391	0.331	0.369	0.433	0.406	0.369	0.272	0.292	0.342	0.430	0.294	0.416	0.374	0.048	0.345	0.598	0.444	0.372	0.304	0.293	0.279	0.289	0.091	0.393	0.363	0.318	0.383	0.579	0.429	0.344	0.312	0.374	0.306	0.312	0.310	0.403	0.358	0.361	0.468	0.308	0.415	0.294	0.377	0.442	0.416	0.379	0.434	0.458	0.411	0.631	0.473	0.507
24:00:24	22.4	0.044	0.396	0.504	0.440	0.442	0.402	0.482	0.401	0.439	0.559	0.604	0.655	0.450	0.315	0.330	0.310	0.431	0.379	0.298	0.058	0.434	0.391	0.432	0.438	0.420	0.295	0.445	0.282	0.424	0.328	0.376	0.348	0.377	0.476	0.379	0.486	0.395	0.362	0.298	0.295	0.375	0.340	0.046	0.515	0.434	0.350	0.391	0.449	0.430	0.382	0.279	0.316	0.360	0.466	0.309	0.419	0.373	0.048	0.388	0.620	0.476	0.400	0.316	0.319	0.298	0.304	0.092	0.424	0.403	0.341	0.406	0.618	0.433	0.387	0.333	0.401	0.333	0.337	0.324	0.437	0.384	0.390	0.460	0.322	0.435	0.357	0.398	0.469	0.448	0.410	0.462	0.484	0.439	0.627	0.496	0.292
25:00:25	22.5	0.044	0.428	0.552	0.458	0.453	0.396	0.470	0.415	0.457	0.596	0.641	0.697	0.380	0.325	0.338	0.328	0.463	0.408	0.320	0.060	0.460	0.419	0.420	0.467	0.437	0.309	0.473	0.299	0.445	0.352	0.399	0.374	0.405	0.469	0.398	0.313	0.437	0.392	0.322	0.313	0.390	0.364	0.046	0.335	0.436	0.364	0.406	0.455	0.442	0.399	0.282	0.333	0.388	0.472	0.321	0.445	0.367	0.048	0.423	0.534	0.474	0.415	0.340	0.334	0.314	0.319	0.095	0.463	0.435	0.362	0.430	0.633	0.405	0.425	0.355	0.422	0.364	0.358	0.347	0.427	0.400	0.417	0.449	0.352	0.342	0.310	0.421	0.480	0.470	0.440	0.470	0.460	0.462	0.582	0.484	0.334
26:00:26	22.5	0.044	0.458	0.546	0.428	0.458	0.333	0.576	0.441	0.525	0.637	0.642	0.769	0.295	0.338	0.349	0.346	0.475	0.441	0.350	0.059	0.498	0.444	0.434	0.495	0.434	0.327	0.476	0.323	0.465	0.388	0.414	0.411	0.428	0.431	0.427	0.330	0.435	0.409	0.340	0.338	0.400	0.402	0.046	0.394	0.453	0.370	0.420	0.393	0.452	0.423	0.289	0.357	0.419	0.462	0.347	0.423	0.414	0.048	0.429	0.417	0.511	0.465	0.371	0.353	0.333	0.336	0.099	0.471	0.470	0.387	0.450	0.606	0.447	0.450	0.374	0.438	0.390	0.375	0.373	0.463	0.421	0.439	0.437	0.377	0.325	0.335	0.431	0.537	0.472	0.461	0.462	0.434	0.489	0.500	0.491	0.379
27:00:27	22.5	0.044	0.468	0.573	0.404	0.472	0.331	0.567	0.466	0.582	0.708	0.679	0.832	0.273	0.358	0.385	0.369	0.457	0.471	0.378	0.059	0.499	0.438	0.466	0.500	0.440	0.344	0.486	0.341	0.463	0.414	0.432	0.435	0.438	0.399	0.459	0.320	0.433	0.420	0.369	0.366	0.414	0.431	0.046	0.406	0.446	0.388	0.405	0.352	0.454	0.447	0.303	0.380	0.436	0.451	0.375	0.431	0.417	0.047	0.430	0.360	0.521	0.488	0.403	0.368	0.351	0.352	0.102	0.479	0.498	0.411	0.474	0.522	0.470	0.456	0.398	0.441	0.409	0.390	0.396	0.440	0.462	0.446	0.428	0.391	0.413	0.367	0.459	0.564	0.515	0.473	0.432	0.392	0.483	0.412	0.468	0.427
28:00:29	22.5	0.044	0.487	0.655	0.353	0.485	0.280	0.523	0.491	0.597	0.737	0.664	0.792	0.299	0.398	0.407	0.395	0.428	0.504	0.406	0.060	0.480	0.448	0.500	0.523	0.461	0.362	0.458	0.363	0.508	0.430	0.467	0.445	0.457	0.400	0.475	0.394	0.334	0.441	0.403	0.415	0.426	0.459	0.046	0.406	0.406	0.422	0.434	0.287	0.470	0.470	0.328	0.413	0.458	0.477	0.403	0.420	0.400	0.048	0.453	0.417	0.476	0.478	0.440	0.390	0.369	0.374	0.104	0.493	0.507	0.441	0.479	0.407	0.388	0.482	0.426	0.453	0.427	0.431	0.423	0.450	0.468	0.440	0.419	0.403	0.413	0.397	0.464	0.505	0.536	0.480	0.414	0.386	0.456	0.386	0.437	0.419
29:00:30	22.5	0.044	0.490	0.625	0.271	0.458	0.258	0.382	0.461	0.570	0.759	0.482	0.551	0.357	0.436	0.418	0.426	0.465	0.523	0.429	0.061	0.471	0.460	0.483	0.536	0.451	0.378	0.441	0.380	0.493	0.404	0.473	0.460	0.473	0.388	0.477	0.417	0.331	0.410	0.437	0.453	0.412	0.477	0.046	0.432	0.405	0.470	0.405	0.296	0.435	0.469	0.356	0.429	0.440	0.485	0.421	0.449	0.434	0.048	0.441	0.444	0.386	0.456	0.471	0.419	0.385	0.405	0.161	0.492	0.493	0.471	0.443	0.425	0.434	0.489	0.453	0.491	0.439	0.465	0.444	0.393	0.446	0.452	0.415	0.420	0.422	0.405	0.471	0.421	0.502	0.479	0.388	0.414	0.417	0.411	0.436	0.494
30:00:31	22.5	0.044	0.476	0.527	0.271	0.410	0.273	0.314	0.372	0.428	0.740	0.313	0.396	0.366	0.455	0.465	0.459	0.481	0.524	0.453	0.061	0.479	0.472	0.433	0.543	0.409	0.400	0.463	0.394	0.535	0.453	0.480	0.490	0.464	0.520	0.449	0.478	0.351	0.421	0.473	0.514	0.463	0.487	0.046	0.452	0.327	0.468	0.361	0.333	0.348	0.463	0.380	0.446	0.479	0.504	0.446	0.427	0.428	0.048	0.422	0.454	0.357	0.472	0.489	0.448	0.399	0.423	0.111	0.507	0.484	0.458	0.421	0.438	0.452	0.476	0.476	0.498	0.490	0.482	0.471	0.395	0.461	0.487	0.446	0.443	0.441	0.400	0.479	0.439	0.425	0.464	0.395	0.433	0.401	0.435	0.470	0.486
31:00:31	22.5	0.044	0.445	0.373	0.290	0.383	0.276	0.303	0.300	0.308	0.667	0.390	0.400	0.371	0.458	0.494	0.493	0.470	0.533	0.482	0.062	0.395	0.465	0.351	0.568	0.317	0.422	0.508	0.413	0.469	0.434	0.485	0.503	0.462	0.539	0.479	0.474	0.364	0.392	0.504	0.540	0.444	0.448	0.046	0.420	0.352	0.484	0.338	0.328	0.449	0.444	0.405	0.470	0.509	0.525	0.477	0.406	0.435	0.047	0.399	0.466	0.461	0.380	0.505	0.480	0.428	0.434	0.123	0.452	0.409	0.499	0.413	0.443	0.490	0.489	0.498	0.503	0.486	0.499	0.503	0.329	0.449	0.472	0.451	0.475	0.459	0.415	0.444	0.397	0.429	0.432	0.374	0.461	0.419	0.461	0.510	0.464
32:00:33	22.5	0.044	0.380	0.326	0.314	0.324	0.329	0.322	0.316	0.352	0.398	0.379	0.419	0.376	0.517	0.492	0.525	0.527	0.530	0.508	0.062	0.380	0.420	0.370	0.550	0.291	0.445	0.558	0.443	0.569	0.443	0.519	0.523	0.415	0.529	0.476	0.490	0.399	0.378	0.524	0.501	0.309	0.519	0.046	0.451	0.364	0.466	0.366	0.371	0.463	0.429	0.430	0.481	0.469	0.564	0.502	0.435	0.438	0.047	0.417	0.519	0.515	0.427	0.527	0.485	0.459	0.441	0.129	0.476	0.438	0.494	0.409	0.453	0.436	0.464	0.525	0.493	0.479	0.498	0.516	0.406	0.420	0.420	0.466	0.486	0.468	0.438	0.458	0.420	0.436	0.384	0.435	0.500	0.449	0.498	0.496	0.474
33:00:34	22.5	0.044	0.285	0.322	0.314	0.326	0.332	0.361	0.314	0.346	0.376	0.371	0.453	0.416	0.516	0.515	0.540	0.520	0.509	0.522	0.067	0.413	0.350	0.353	0.543	0.319	0.468	0.579	0.466	0.566	0.479	0.527	0.478	0.446	0.550	0.488	0.486	0.404	0.413	0.535	0.545	0.315	0.547	0.046	0.458	0.383	0.448	0.421	0.388	0.484	0.376	0.451	0.451	0.410	0.580	0.517	0.389	0.464	0.047	0.410	0.521	0.518	0.385	0.571	0.522	0.482	0.460	0.138	0.499	0.404	0.507	0.439	0.495	0.441	0.434	0.516	0.379	0.425	0.471	0.556	0.387	0.442	0.407	0.502	0.507	0.469	0.438	0.420	0.434	0.429	0.435	0.449	0.546	0.466	0.488	0.494	0.520
34:00:34	22.4	0.044	0.276	0.318	0.339	0.280	0.363	0.377	0.327	0.376	0.362	0.418	0.441	0.429	0.484	0.522	0.533	0.546	0.475	0.541	0.063	0.447	0.398	0.393	0.578	0.351	0.488	0.606	0.469	0.567	0.469	0.532	0.484	0.398	0.605	0.464	0.490	0.423	0.445	0.518	0.563	0.346	0.528	0.046	0.457	0.421	0.420	0.394	0.403	0.494	0.337	0.470	0.426	0.445	0.580	0.505	0.475	0.525	0.047	0.402	0.537	0.525	0.422	0.550	0.567	0.498	0.508	0.126	0.552	0.484	0.471	0.447	0.506	0.435	0.453	0.490	0.424	0.377	0.488	0.583	0.405	0.445	0.433	0.547	0.500	0.493	0.451	0.438	0.497	0.480	0.476	0.473	0.574	0.490	0.515	0.534	0.553
35:00:35	22.4	0.044	0.278	0.341	0.347	0.330	0.360	0.371	0.318	0.376	0.387	0.372	0.452	0.422	0.457	0.515	0.498	0.520	0.508	0.541	0.063	0.492	0.374	0.401	0.633	0.359	0.510	0.620	0.499	0.608	0.536	0.551	0.481	0.457	0.613	0.465	0.523	0.442	0.442	0.521	0.543	0.364	0.515	0.046	0.492	0.527	0.425	0.426	0.407	0.458	0.334	0.489	0.476	0.454	0.652	0.516	0.499	0.526	0.047	0.410	0.559	0.489	0.452	0.477	0.559	0.528	0.510	0.149	0.562	0.456	0.474	0.485	0.488	0.474	0.439	0.469	0.445	0.420	0.465	0.602	0.453	0.443	0.425	0.521	0.495	0.473	0.484	0.460	0.481	0.494	0.486	0.504	0.593	0.495	0.515	0.556	0.533
36:00:36	22.4	0.044	0.312	0.350	0.355	0.318	0.400	0.434	0.339	0.394	0.403	0.428	0.484	0.451	0.416	0.413	0.513	0.540	0.491	0.500	0.064	0.467	0.405	0.345	0.672	0.387	0.535	0.625	0.539	0.599	0.490	0.540	0.462	0.508	0.625	0.447	0.506	0.460	0.437	0.499	0.479	0.363	0.440	0.046	0.461	0.490	0.394	0.434	0.430	0.498	0.362	0.518	0.441	0.511	0.637	0.523	0.507	0.555	0.047	0.424	0.559	0.540	0.467	0.438	0.562	0.554	0.527	0.137	0.587	0.494	0.418	0.516	0.535	0.488	0.425	0.420	0.457	0.403	0.390	0.614	0.430	0.456	0.452	0.580	0.530	0.488	0.484	0.495	0.496	0.472	0.496	0.504	0.617	0.515	0.530	0.595	0.582
37:00:37	22.4	0.044	0.329	0.373	0.393	0.361	0.400	0.432	0.360	0.423	0.414	0.456	0.499	0.454	0.375	0.428	0.413	0.598	0.458	0.546	0.063	0.521	0.423	0.389	0.752	0.401	0.548	0.572	0.562	0.662	0.533	0.572	0.479	0.453	0.640	0.489	0.572	0.460	0.473	0.488	0.519	0.407	0.474	0.046	0.542	0.471	0.409	0.428	0.424	0.529	0.367	0.533	0.391	0.462	0.709	0.522	0.526	0.580	0.047	0.500	0.557	0.566	0.528	0.461	0.544	0.549	0.520	0.136	0.593	0.468	0.519	0.501	0.511	0.499	0.451	0.388	0.476	0.435	0.421	0.626	0.423	0.463	0.487	0.601	0.547	0.480	0.495	0.509	0.491	0.500	0.528	0.499	0.637	0.532	0.532	0.555	0.606
38:00:38	22.5	0.044	0.343	0.387	0.402	0.359	0.420	0.420	0.360	0.455	0.431	0.478	0.495	0.455	0.393	0.395	0.416	0.614	0.545	0.477	0.063	0.521	0.449	0.440	0.856	0.423	0.548	0.647	0.572	0.660	0.603	0.570	0.487	0.519	0.616	0.479	0.538	0.496	0.445	0.484	0.475	0.408	0.470	0.046	0.533	0.496	0.418	0.470	0.427	0.501	0.401	0.551	0.398	0.478	0.710	0.514	0.504	0.550	0.047	0.459	0.569	0.568	0.460	0.446	0.457	0.551	0.551	0.140	0.583	0.479	0.453	0.521	0.548	0.555	0.480	0.408	0.506	0.486	0.438	0.657	0.459	0.490	0.491	0.634	0.527	0.498	0.518	0.526	0.497	0.533	0.524	0.533	0.660	0.517	0.514	0.572	0.585
39:00:39	22.5	0.044	0.345	0.395	0.407	0.354	0.426	0.422	0.364	0.437	0.483	0.461	0.500	0.476	0.373	0.427	0.381	0.636	0.585	0.439	0.063	0.547	0.436	0.456	0.894	0.443	0.496	0.626	0.542	0.642	0.570	0.619	0.498	0.489	0.674	0.486	0.538	0.509	0.451	0.483	0.469	0.439	0.449	0.045	0.645	0.551	0.443	0.488	0.446	0.468	0.363	0.548	0.385	0.536	0.648	0.521	0.508	0.675	0.046	0.490	0.556	0.575	0.481	0.469	0.520	0.525	0.533	0.141	0.633	0.499	0.464	0.538	0.550	0.537	0.493	0.471	0.514	0.465	0.469	0.688	0.478	0.515	0.501	0.606	0.526	0.496	0.538	0.548	0.501	0.525	0.541	0.525	0.671	0.540	0.547	0.602	0.614
40:00:39	22.7	0.044	0.356	0.388	0.413	0.381	0.440	0.456	0.365	0.453	0.462	0.433	0.473	0.468	0.409	0.436	0.410	0.591	0.574	0.489	0.063	0.604	0.407	0.474	0.946	0.451	0.495	0.713	0.538	0.669	0.646	0.630	0.520	0.448	0.738	0.509	0.608	0.522	0.478	0.530	0.462	0.453	0.522	0.046	0.627	0.554	0.454	0.518	0.434	0.534	0.410	0.552	0.422	0.555	0.756	0.545	0.557	0.652	0.047	0.512	0.555	0.572	0.498	0.483	0.534	0.520	0.559	0.148	0.630	0.474	0.569	0.567	0.542	0.589	0.475	0.474	0.513	0.494	0.470	0.684	0.499	0.550	0.520	0.706	0.509	0.503	0.547	0.541	0.524	0.535	0.545	0.547	0.670	0.566	0.536	0.624	0.605
41:00:41	22.7	0.044	0.367	0.405	0.406	0.397	0.437	0.453	0.368	0.466	0.485	0.461	0.520	0.472	0.406	0.505	0.429	0.662	0.527	0.461	0.063	0.523	0.484	0.446	0.960	0.449	0.458	0.719	0.571	0.678	0.600	0.639	0.464	0.592	0.720	0.497	0.625	0.542	0.498	0.476	0.509	0.438	0.508	0.046	0.635	0.503	0.515	0.500	0.438	0.530	0.413	0.516	0.435	0.665	0.740	0.545	0.602	0.703	0.047	0.515	0.561	0.561	0.555	0.526	0.436	0.461	0.508	0.152	0.668	0.524	0.503	0.603	0.566	0.550	0.538	0.497	0.521	0.493	0.483	0.656	0.488	0.546	0.526	0.732	0.521	0.566	0.576	0.578	0.587	0.537	0.576	0.551	0.699	0.574	0.581	0.607	0.581
42:00:42	22.7	0.044	0.372	0.412	0.485	0.436	0.456	0.486	0.402	0.425	0.555	0.488	0.506	0.481	0.416	0.483	0.409	0.634	0.509	0.521	0.063	0.602	0.483	0.471	1.003	0.471	0.428	0.777	0.527	0.660	0.652	0.657	0.466	0.544	0.728	0.524	0.671	0.508	0.468	0.538	0.521	0.432	0.556	0.046	0.704	0.525	0.474	0.538	0.451	0.511	0.413	0.456	0.416	0.652	0.704	0.532	0.624	0.646	0.047	0.522	0.592	0.589	0.578	0.499	0.456	0.449	0.515	0.155	0.668	0.516	0.499	0.608	0.562	0.557	0.552	0.506	0.528	0.518	0.512	0.665	0.507	0.550	0.527	0.771	0.541	0.679	0.594	0.569	0.554	0.544	0.573	0.568	0.744	0.568	0.597	0.608	0.629
43:00:43	22.7	0.043	0.379	0.430	0.443	0.476	0.456	0.512	0.402	0.442	0.514	0.508	0.511	0.446	0.466	0.491	0.409	0.720	0.629	0.533	0.064	0.599	0.448	0.518	1.043	0.479	0.447	0.784	0.580	0.671	0.645	0.689	0.544	0.574	0.719	0.529	0.755	0.524	0.499	0.568	0.513	0.495	0.490	0.046	0.699	0.641	0.468	0.565	0.463	0.532	0.458	0.430	0.433	0.645	0.732	0.559	0.601	0.720	0.047	0.494	0.656	0.564	0.620	0.499	0.471	0.465	0.505	0.161	0.661	0.528	0.507	0.666	0.611	0.584	0.566	0.514	0.552	0.530	0.519	0.698	0.542	0.574	0.548	0.788	0.610	0.670	0.592	0.628	0.549	0.574	0.576	0.563	0.739	0.575	0.608	0.599	0.625
44:00:42	22.6	0.044	0.403	0.441	0.501	0.491	0.472	0.523	0.442	0.502	0.577	0.525	0.566	0.499	0.461	0.521	0.433	0.697	0.585	0.606	0.064	0.685	0.487	0.560	1.067	0.487	0.439	0.769	0.568	0.677	0.686	0.722	0.556	0.657	0.703	0.563	0.780	0.555	0.526	0.594	0.636	0.485	0.538	0.046	0.729	0.678	0.494	0.519	0.518	0.556	0.471	0.437	0.428	0.695	0.745	0.569	0.666	0.743	0.047	0.524	0.668	0.564	0.610	0.508	0.472	0.477	0.499	0.167	0.687	0.569	0.556	0.764	0.576	0.574	0.577	0.516	0.515	0.533	0.549	0.727	0.493	0.593	0.555	0.815	0.637	0.628	0.596	0.594	0.574	0.633	0.579	0.602	0.760	0.616	0.628	0.645	0.687
45:00:43	22.6	0.044	0.411	0.461	0.487	0.545	0.478	0.503	0.427	0.468	0.554	0.549	0.565	0.572	0.445	0.482	0.441	0.732	0.624	0.640	0.063	0.684	0.505	0.525	1.005	0.486	0.399	0.729	0.585	0.689	0.648	0.723	0.588	0.700	0.703	0.549	0.766	0.656	0.520	0.567	0.619	0.481	0.630	0.046	0.754	0.662	0.518	0.518	0.538	0.571	0.486	0.434	0.442	0.777	0.743	0.588	0.640	0.787	0.046	0.511	0.683	0.559	0.693	0.518	0.489	0.512	0.576	0.171	0.697	0.545	0.562	0.801	0.580	0.540	0.577	0.521	0.569	0.563	0.539	0.741	0.562	0.618	0.556	0.846	0.670	0.653	0.606	0.612	0.557	0.630	0.621	0.598	0.792	0.609	0.611	0.635	0.728
46:00:45	22.5	0.044	0.415	0.460	0.507	0.518	0.489	0.503	0.464	0.506	0.623	0.563	0.562	0.609	0.466	0.467	0.448	0.713	0.683	0.697	0.064	0.630	0.520	0.535	0.997	0.478	0.421	0.746	0.468	0.741	0.693	0.753	0.611	0.716	0.689	0.571	0.809	0.694	0.543	0.587	0.668	0.463	0.658	0.045	0.782	0.735	0.510	0.535	0.544	0.607	0.464	0.451	0.468	0.820	0.712	0.649	0.675	0.828	0.046	0.531	0.766	0.583	0.674	0.538	0.546	0.490	0.564	0.177	0.724	0.554	0.608	0.867	0.598	0.561	0.578	0.529	0.579	0.538	0.579	0.770	0.548	0.623	0.577	0.857	0.696	0.622	0.622	0.630	0.587	0.628	0.608	0.618	0.770	0.636	0.656	0.684	0.790
47:00:45	22.5	0.044	0.439	0.441	0.520	0.499	0.504	0.525	0.472	0.550	0.603	0.553	0.634	0.816	0.433	0.508	0.453	0.740	0.614	0.648	0.064	0.748	0.611	0.568	0.969	0.508	0.434	0.761	0.517	0.758	0.700	0.742	0.628	0.706	0.730	0.604	0.782	0.768	0.537	0.561	0.748	0.515	0.608	0.046	0.723	0.760	0.519	0.544	0.589	0.574	0.487	0.452	0.440	0.830	0.737	0.610	0.684	0.827	0.047	0.576	0.811	0.636	0.699	0.591	0.488	0.552	0.543	0.185	0.771	0.549	0.625	0.857	0.676	0.566	0.578	0.571	0.518	0.537	0.577	0.787	0.673	0.632	0.553	0.821	0.720	0.646	0.650	0.606	0.643	0.651	0.587	0.653	0.802	0.676	0.708	0.740	0.812
48:00:46	22.5	0.043	0.454	0.451	0.546	0.566	0.524	0.579	0.481	0.535	0.629	0.578	0.660	0.825	0.465	0.524	0.466	0.752	0.603	0.647	0.064	0.782	0.663	0.594	1.017	0.510	0.461	0.765	0.516	0.768	0.738	0.770	0.662	0.747	0.713	0.613	0.792	0.784	0.582	0.591	0.775	0.502	0.715	0.046	0.751	0.798	0.563	0.591	0.568	0.581	0.526	0.456	0.461	0.818	0.773	0.652	0.696	0.830	0.047	0.557	0.807	0.659	0.755	0.558	0.521	0.517	0.602	0.188	0.788	0.640	0.671	0.823	0.661	0.599	0.587	0.548	0.575	0.558	0.543	0.819	0.680	0.646	0.581	0.850	0.735	0.743	0.674	0.621	0.689	0.652	0.608	0.643	0.821	0.676	0.761	0.742	0.832
49:00:48	22.5	0.043	0.458	0.464	0.580	0.596	0.484	0.564	0.490	0.527	0.714	0.623	0.668	0.788	0.503	0.491	0.476	0.761	0.656	0.683	0.064	0.818	0.591	0.616	1.092	0.520	0.457	0.757	0.505	0.785	0.730	0.762	0.588	0.781	0.748	0.619	0.764	0.832	0.582	0.618	0.783	0.510	0.698	0.045	0.773	0.797	0.522	0.668	0.536	0.663	0.514	0.469	0.476	0.798	0.799	0.669	0.672	0.809	0.046	0.593	0.807	0.654	0.809	0.605	0.578	0.545	0.543	0.190	0.815	0.560	0.708	0.825	0.683	0.668	0.556	0.581	0.572	0.565	0.576	0.838	0.682	0.660	0.596	0.874	0.729	0.698	0.694	0.646	0.706	0.664	0.649	0.648	0.814	0.717	0.773	0.738	0.874
50:00:49	22.6	0.043	0.517	0.484	0.592	0.568	0.473	0.606	0.526	0.551	0.604	0.577	0.679	0.791	0.509	0.510	0.510	0.783	0.696	0.642	0.063	0.856	0.584	0.514	1.134	0.487	0.485	0.776	0.493	0.789	0.780	0.777	0.627	0.784	0.768	0.599	0.809	0.827	0.538	0.663	0.809	0.524	0.662	0.045	0.797	0.847	0.556	0.699	0.548	0.665	0.490	0.479	0.485	0.821	0.824	0.681	0.712	0.802	0.046	0.550	0.775	0.580	0.820	0.603	0.473	0.523	0.513	0.190	0.822	0.599	0.744	0.816	0.595	0.624	0.564	0.559	0.530	0.546	0.565	0.829	0.643	0.681	0.574	0.888	0.778	0.640	0.684	0.639	0.633	0.641	0.658	0.672	0.800	0.659	0.748	0.769	0.894
51:00:49	22.6	0.043	0.536	0.526	0.608	0.595	0.498	0.594	0.562	0.564	0.751	0.636	0.811	0.756	0.527	0.592	0.546	0.819	0.892	0.595	0.063	0.903	0.670	0.640	1.125	0.511	0.478	0.798	0.574	0.769	0.775	0.819	0.726	0.864	0.756	0.630	0.827	0.888	0.590	0.706	0.837	0.522	0.784	0.045	0.853	0.870	0.645	0.779	0.624	0.796	0.575	0.490	0.482	0.842	0.834	0.772	0.790	0.802	0.046	0.583	0.832	0.695	0.870	0.637	0.578	0.565	0.565	0.188	0.840	0.626	0.815	0.843	0.648	0.725	0.619	0.595	0.613	0.595	0.606	0.860	0.839	0.617	0.657	0.918	0.766	0.721	0.699	0.748	0.685	0.742	0.670	0.706	0.840	0.668	0.792	0.885	0.957
52:00:51	22.6	0.044	0.488	0.524	0.649	0.671	0.512	0.619	0.538	0.576	0.737	0.612	0.755	0.744	0.519	0.590	0.518	0.805	0.804	0.667	0.063	0.887	0.736	0.662	1.129	0.469	0.499	0.805	0.570	0.768	0.741	0.797	0.746	0.888	0.788	0.635	0.878	0.895	0.592	0.715	0.844	0.527	0.821	0.045	0.873	0.888	0.632	0.762	0.659	0.852	0.558	0.492	0.491	0.865	0.861	0.729	0.783	0.799	0.046	0.575	0.918	0.645	0.848	0.590	0.634	0.569	0.587	0.196	0.881	0.657	0.818	0.891	0.712	0.645	0.606	0.619	0.604	0.588	0.598	0.839	0.830	0.660	0.635	0.877	0.772	0.767	0.678	0.681	0.689	0.727	0.666	0.674	0.791	0.693	0.775	0.925	0.915
53:00:51	22.6	0.044	0.544	0.573	0.708	0.725	0.542	0.633	0.556	0.546	0.871	0.602	0.808	0.780	0.526	0.557	0.547	0.814	0.767	0.690	0.062	0.908	0.679	0.662	1.133	0.521	0.516	0.802	0.568	0.775	0.784	0.822	0.724	0.885	0.834	0.644	0.905	0.864	0.591	0.687	0.826	0.569	0.810	0.045	0.812	0.895	0.639	0.772	0.598	0.903	0.544	0.512	0.520	0.860	0.868	0.758	0.795	0.799	0.046	0.569	0.908	0.685	0.844	0.598	0.574	0.548	0.605	0.198	0.887	0.702	0.814	0.903	0.685	0.687	0.619	0.559	0.567	0.573	0.610	0.826	0.804	0.676	0.608	0.859	0.789	0.778	0.658	0.647	0.684	0.722	0.677	0.677	0.828	0.700	0.829	0.934	0.971
54:00:52	22.5	0.043	0.574	0.582	0.745	0.732	0.602	0.632	0.577	0.604	0.934	0.700	0.865	0.680	0.549	0.653	0.577	0.813	0.912	0.770	0.063	0.914	0.819	0.809	1.130	0.572	0.534	0.809	0.625	0.787	0.801	0.858	0.793	0.925	0.859	0.676	0.882	0.807	0.597	0.778	0.857	0.621	0.898	0.046	0.849	0.884	0.774	0.878	0.817	0.949	0.677	0.565	0.529	0.850	0.865	0.864	0.879	0.814	0.046	0.642	0.934	0.718	0.862	0.654	0.692	0.603	0.686	0.198	0.878	0.863	0.885	0.913	0.768	0.757	0.689	0.629	0.725	0.646	0.643	0.878	0.885	0.717	0.758	0.908	0.796	0.794	0.717	0.883	0.800	0.772	0.674	0.707	0.876	0.819	0.855	0.964	1.017
55:00:52	22.6	0.044	0.571	0.595	0.820	0.830	0.589	0.648	0.553	0.677	0.927	0.723	0.915	0.727	0.570	0.644	0.652	0.831	0.951	0.861	0.063	0.959	0.925	0.916	1.190	0.577	0.536	0.817	0.650	0.790	0.815	0.859	0.855	0.906	0.869	0.706	0.869	0.838	0.658	0.818	0.878	0.631	0.896	0.045	0.900	0.904	0.821	0.914	0.887	0.936	0.765	0.559	0.573	0.859	0.853	0.897	0.890	0.814	0.046	0.638	0.911	0.693	0.902	0.698	0.743	0.671	0.760	0.204	0.877	0.909	0.906	0.916	0.849	0.792	0.813	0.648	0.813	0.691	0.694	0.911	0.898	0.792	0.856	0.929	0.811	0.813	0.742	0.939	0.802	0.834	0.696	0.751	0.905	0.857	0.866	0.972	1.011
56:00:54	22.5	0.043	0.566	0.603	0.876	0.913	0.614	0.665	0.582	0.710	0.898	0.786	0.960	0.709	0.579	0.850	0.665	0.834	0.935	0.872	0.063	0.968	0.939	0.973	1.172	0.589	0.553	0.830	0.733	0.794	0.842	0.885	0.876	0.921	0.838	0.781	0.823	0.841	0.691	0.875	0.872	0.686	0.924	0.045	0.908	0.880	0.859	0.953	0.995	0.933	0.802	0.586	0.599	0.876	0.814	0.905	0.868	0.814	0.045	0.673	0.773	0.773	0.926	0.691	0.813	0.685	0.808	0.208	0.880	0.945	0.929	0.932	0.872	0.809	0.851	0.664	0.900	0.768	0.767	0.879	0.929	0.822	0.909	0.922	0.838	0.792	0.778	0.954	0.851	0.880	0.744	0.795	0.886	0.899	0.961	0.968	1.019
57:00:54	22.4	0.043	0.585	0.615	0.878	0.915	0.646	0.732	0.569	0.761	0.913	0.847	1.038	0.778	0.592	0.867	0.697	0.848	0.954	0.921	0.063	0.966	0.973	1.040	1.205	0.612	0.591	0.843	0.727	0.803	0.831	0.893	0.921	0.938	0.801	0.704	0.805	0.885	0.728	0.896	0.869	0.707	0.899	0.045	0.915	0.929	0.887	0.988	1.020	0.922	0.789	0.626	0.618	0.904	0.810	0.913	0.900	0.815	0.045	0.689	0.721	0.794	0.909	0.708	0.855	0.733	0.845	0.212	0.879	0.974	0.908	0.961	0.854	0.823	0.865	0.686	0.935	0.820	0.849	0.866	0.948	0.908	0.925	0.922	0.836	0.733	0.797	0.984	0.859	0.943	0.803	0.808	0.854	0.903	0.959	0.996	1.025
58:00:56	22.3	0.043	0.549	0.607	0.929	0.963	0.657	0.767	0.607	0.763	0.940	0.910	1.061	0.785	0.620	0.927	0.799	0.828	0.955	0.922	0.063	0.965	1.014	1.056	1.248	0.640	0.598	0.856	0.784	0.819	0.808	0.889	0.939	0.954	0.830	0.798	0.735	0.871	0.818	0.908	0.851	0.750	0.878	0.045	0.945	0.949	0.942	0.973	1.003	0.852	0.853	0.650	0.643	0.923	0.789	0.900	0.895	0.807	0.046	0.706	0.712	0.851	0.878	0.712	0.850	0.795	0.903	0.216	0.895	0.969	0.900	0.980	0.882	0.858	0.908	0.726	0.956	0.870	0.887	0.884	0.961	0.945	0.957	0.925	0.837	0.749	0.829	1.001	0.905	0.958	0.886	0.877	0.860	0.974	0.999	0.981	1.044
59:00:57	22.2	0.044	0.651	0.661	1.053	1.041	0.830	0.840	0.771	0.868	1.027	1.067	1.041	0.814	0.668	0.954	0.917	0.847	0.977	0.974	0.064	0.980	1.028	1.048	1.280	0.722	0.626	0.870	0.857	0.824	0.812	0.885	0.922	0.957	0.850	0.947	0.650	0.925	0.863	0.878	0.859	0.809	0.891	0.046	0.988	0.940	0.949	0.953	1.006	0.874	0.906	0.724	0.698	0.925	0.806	0.909	0.908	0.810	0.046	0.767	0.721	0.925	0.911	0.792	0.853	0.895	0.927	0.224	0.923	0.960	0.890	0.994	0.891	0.864	0.935	0.809	0.980	0.931	0.920	0.875	0.970	0.971	0.971	0.919	0.844	0.770	0.879	1.017	0.920	0.997	0.963	0.932	0.891	0.978	0.899	1.032	1.065
60:00:57	22.2	0.043	0.708	0.698	1.027	1.081	0.945	0.833	0.876	0.880	1.078	1.059	1.035	0.776	0.703	0.952	0.921	0.856	0.977	1.001	0.064	0.990	1.037	1.080	1.294	0.805	0.713	0.884	0.863	0.829	0.799	0.873	0.916	0.964	0.855	0.960	0.658	0.957	0.890	0.876	0.862	0.884	0.903	0.045	0.966	0.913	0.939	0.950	0.984	0.891	0.903	0.731	0.777	0.921	0.821	0.878	0.927	0.805	0.046	0.867	0.754	0.939	0.888	0.804	0.834	0.919	0.941	0.223	0.912	0.999	0.890	1.012	0.888	0.893	0.937	0.858	0.986	0.944	0.927	0.907	0.953	0.988	0.984	0.929	0.845	0.801	0.915	1.045	0.891	1.014	0.993	0.959	0.886	1.026	0.970	1.063	1.093
61:00:58	22.3	0.044	0.656	0.687	1.030	1.079	0.967	0.830	0.825	0.897	1.118	1.097	1.086	0.705	0.758	0.949	0.953	0.877	0.994	1.017	0.063	0.955	1.037	1.115	1.310	0.817	0.746	0.903	0.845	0.826	0.813	0.869	0.938	0.976	0.886	0.969	0.646	0.951	0.888	0.877	0.843	0.896	0.932	0.045	1.005	0.918	0.957	0.952	0.975	0.897	0.898	0.788	0.810	0.919	0.849	0.887	0.946	0.804	0.046	0.946	0.808	0.963	0.885	0.828	0.866	0.915	0.939	0.223	0.903	1.024	0.898	1.025	0.923	0.926	0.943	0.891	1.005	0.920	0.948	0.944	0.931	0.964	0.996	0.928	0.851	0.761	0.925	1.073	0.862	1.003	0.975	0.962	0.915	1.056	1.033	1.074	1.124
62:01:00	22.3	0.043	0.657	0.675	1.015	1.095	0.946	0.882	0.852	0.949	1.113	1.097	1.083	0.626	0.741	0.990	0.997	0.904	1.025	1.030	0.063	0.955	1.046	1.125	1.283	0.913	0.794	0.917	0.882	0.819	0.826	0.880	0.952	0.979	0.923	1.008	0.641	0.965	0.910	0.859	0.869	0.937	0.946	0.045	1.009	0.899	0.978	0.984	1.003	0.957	0.922	0.824	0.809	0.927	0.849	0.890	0.926	0.807	0.045	0.997	0.823	0.950	0.911	0.851	0.885	0.956	0.934	0.223	0.910	1.035	0.902	1.032	0.980	0.921	0.963	0.916	1.019	0.917	0.916	0.961	0.956	0.975	1.005	0.931	0.852	0.757	0.979	1.067	0.854	0.999	1.017	1.001	0.937	1.070	1.024	1.073	1.146
63:01:00	22.3	0.043	0.710	0.702	1.070	1.123	0.958	0.912	0.897	1.006	1.115	1.133	1.130	0.672	0.848	0.990	1.003	0.894	1.044	1.031	0.063	0.961	1.058	1.135	1.295	0.955	0.842	0.933	0.905	0.815	0.839	0.909	0.948	0.986	0.918	1.018	0.643	0.977	0.959	0.864	0.899	0.961	0.938	0.046	1.016	0.903	1.000	0.991	1.043	0.995	0.962	0.868	0.885	0.934	0.844	0.905	0.944	0.814	0.046	1.032	0.843	0.943	0.935	0.927	0.915	0.973	0.948	0.228	0.917	1.030	0.908	1.036	0.986	0.950	0.953	0.925	1.035	0.926	0.923	0.966	0.963	0.972	1.008	0.947	0.865	0.741	0.988	1.072	0.860	1.014	1.055	1.016	0.934	1.098	1.030	1.087	1.154
64:01:00	22.4	0.044	0.772	0.740	1.098	1.134	1.004	0.975	0.907	1.075	1.153	1.146	1.115	0.750	0.916	1.000	1.031	0.885	1.037	1.042	0.063	0.953	1.053	1.143	1.315	0.984	0.898	0.945	0.926	0.814	0.843	0.924	0.948	0.991	0.947	1.029	0.653	0.966	0.963	0.879	0.929	0.992	0.937	0.045	0.944	0.910	1.005	0.997	1.056	1.007	0.982	0.904	0.926	0.941	0.858	0.911	0.961	0.815	0.045	1.039	0.847	0.968	0.931	0.958	0.936	0.990	0.942	0.228	0.936	1.014	0.913	1.033	0.992	0.951	0.909	0.943	1.034	0.926	0.946	0.961	0.960	0.974	1.003	0.965	0.876	0.747	0.998	1.084	0.855	1.020	1.058	1.041	0.944	1.116	1.031	1.120	1.172
65:01:02	22.7	0.043	0.794	0.803	1.091	1.131	1.069	1.031	0.957	1.102	1.188	1.165	1.105	0.709	0.906	1.009	1.018	0.881	0.999	1.046	0.062	0.951	1.036	1.128	1.333	1.007	0.918	0.962	0.933	0.803	0.856	0.933	0.975	0.997	0.985	1.023	0.641	0.928	0.968	0.888	0.935	0.999	0.962	0.045	0.920	0.917	1.008	1.006	1.030	1.006	0.917	0.912	0.875	0.954	0.866	0.917	0.942	0.818	0.045	1.019	0.861	0.947	0.949	0.957	0.938	0.994	0.957	0.229	0.939	1.004	0.928	1.022	0.946	0.894	0.871	0.955	1.026	0.905	0.949	0.983	0.920	0.980	0.976	0.979	0.898	0.744	0.954	1.026	0.879	1.003	1.068	1.000	0.962	1.123	0.894	1.141	1.178
66:01:02	22.9	0.043	0.778	0.784	1.107	1.101	1.024	1.004	0.982	1.126	1.215	1.185	1.115	0.815	0.927	0.993	1.014	0.856	0.977	1.037	0.062	0.938	1.021	1.108	1.331	1.031	0.920	0.976	0.936	0.801	0.863	0.939	0.982	1.005	0.997	1.038	0.641	0.888	0.982	0.880	0.941	1.018	0.973	0.045	0.881	0.911	0.997	1.019	1.012	1.005	0.852	0.922	0.917	0.960	0.869	0.912	0.959	0.796	0.045	1.065	0.836	0.968	0.979	0.984	0.961	0.990	0.981	0.227	0.927	0.985	0.944	1.015	0.920	0.887	0.920	0.963	1.027	0.893	0.932	0.991	0.867	0.948	0.961	0.992	0.903	0.720	0.984	1.035	0.882	0.989	1.065	0.990	0.972	1.117	0.868	1.136	1.169
67:01:04	23.0	0.043	0.922	0.924	1.144	1.051	1.033	1.049	0.994	1.137	1.234	1.188	1.105	0.773	0.972	0.972	1.013	0.879	0.977	1.025	0.062	0.938	1.044	1.090	1.313	1.043	0.967	0.982	0.944	0.811	0.860	0.932	0.987	1.012	0.998	1.046	0.671	0.895	0.986	0.874	0.952	1.006	0.963	0.045	0.863	0.885	0.959	1.043	1.023	1.022	0.894	0.964	0.965	0.955	0.881	0.905	0.979	0.778	0.045	1.085	0.866	0.991	0.994	1.039	0.959	0.984	1.003	0.232	0.942	0.974	0.955	1.003	0.947	0.942	0.939	0.995	1.033	0.914	0.919	0.986	0.906	0.912	0.944	1.003	0.896	0.753	1.041	1.090	0.930	1.001	1.077	1.030	0.969	1.121	0.917	1.125	1.139
68:01:04	22.9	0.043	0.913	0.912	1.155	1.065	1.075	1.047	0.976	1.170	1.244	1.163	1.081	0.808	0.997	0.982	1.019	0.895	1.004	1.034	0.062	0.946	1.038	1.071	1.296	1.055	0.965	0.991	0.960	0.811	0.869	0.931	0.982	1.028	1.002	1.051	0.687	0.858	0.962	0.885	0.965	0.983	0.966	0.045	0.851	0.879	0.967	1.049	1.041	1.038	0.917	0.940	0.922	0.963	0.890	0.914	0.984	0.766	0.045	1.092	0.877	1.030	1.005	1.081	0.977	0.993	1.021	0.244	0.963	0.976	0.961	1.000	0.957	0.993	0.956	0.998	1.057	0.923	0.885	0.992	0.876	0.934	0.973	1.009	0.907	0.663	0.995	1.129	0.953	1.031	1.091	1.029	0.979	1.127	0.923	1.127	1.160
69:01:06	22.9	0.043	0.983	0.974	1.157	1.090	1.128	1.123	1.006	1.188	1.241	1.112	1.094	0.767	1.008	0.994	1.040	0.897	1.023	1.041	0.062	0.962	1.046	1.049	1.302	1.086	0.984	1.005	0.964	0.813	0.873	0.913	0.966	1.041	0.991	1.051	0.689	0.872	0.945	0.904	0.979	0.962	0.968	0.045	0.877	0.870	0.973	1.046	1.051	1.033	0.966	0.954	0.936	0.973	0.906	0.928	0.986	0.750	0.045	1.100	0.886	1.069	0.996	1.091	0.976	1.009	1.014	0.252	0.989	0.974	0.967	0.994	0.940	0.954	0.995	0.983	1.077	0.957	0.915	0.972	0.828	0.959	0.983	1.004	0.933	0.658	0.961	1.116	0.961	1.044	1.089	1.058	0.982	1.145	0.864	1.125	1.153
70:01:06	22.8	0.043	0.960	0.969	1.141	1.058	1.166	1.132	0.969	1.198	1.234	1.129	1.116	0.776	1.010	0.997	1.058	0.906	1.023	1.037	0.062	0.975	1.050	1.042	1.316	1.031	0.979	1.008	0.952	0.826	0.885	0.905	0.956	1.052	0.977	1.060	0.705	0.870	0.949	0.910	0.978	0.999	0.980	0.045	0.872	0.826	0.954	1.040	1.063	1.042	1.021	0.974	0.944	0.968	0.920	0.924	0.970	0.758	0.045	1.108	0.897	1.097	1.007	1.087	0.970	1.017	0.997	0.263	1.007	0.953	0.956	0.989	0.954	0.960	1.025	0.992	1.080	1.014	0.925	0.959	0.883	0.957	0.988	1.008	0.916	0.660	1.050	1.134	0.977	1.051	1.105	1.074	0.986	1.157	0.960	1.140	1.150
71:01:08	22.7	0.043	1.002	0.996	1.140	1.052	1.163	1.138	1.012	1.223	1.230	1.185	1.149	0.833	1.000	1.004	1.083	0.917	1.026	1.030	0.063	0.991	1.059	1.013	1.341	1.051	0.999	1.018	0.945	0.837	0.895	0.900	0.953	1.058	0.945	1.054	0.723	0.877	0.948	0.918	0.982	1.027	0.980	0.045	0.945	0.838	0.946	1.027	1.078	1.044	1.045	0.987	0.931	0.966	0.932	0.928	0.947	0.749	0.045	1.113	0.906	1.114	1.004	1.115	0.969	1.017	0.994	0.287	1.034	0.953	0.964	0.989	0.952	0.968	1.043	1.008	1.072	1.052	0.955	0.949	0.879	0.938	0.990	1.010	0.924	0.739	1.056	1.147	0.991	1.079	1.138	1.085	0.975	1.173	0.983	1.148	1.147
72:01:08	22.7	0.043	1.046	1.028	1.150	1.029	1.180	1.151	1.015	1.236	1.203	1.221	1.143	0.845	1.038	1.013	1.102	0.925	1.031	1.018	0.063	1.006	1.066	0.951	1.330	1.080	1.027	1.024	0.940	0.845	0.902	0.883	0.944	1.064	0.947	1.050	0.756	0.919	0.938	0.933	0.992	1.024	0.980	0.045	0.992	0.861	0.934	1.026	1.065	1.045	1.057	1.002	0.958	0.964	0.943	0.931	0.939	0.752	0.045	1.115	0.904	1.079	0.956	1.140	0.971	1.019	0.999	0.301	1.051	0.950	0.974	0.985	0.955	1.008	1.031	1.035	1.069	1.076	0.964	0.941	0.874	0.939	0.979	1.012	0.928	0.751	1.087	1.171	1.000	1.104	1.163	1.121	1.000	1.188	0.974	1.157	1.119

