Time	T° 600	A1	A2	A3	A4	A5	A6	A7	A8	A9	A10	A11	A12	B1	B2	B3	B4	B5	B6	B7	B8	B9	B10	B11	B12	C1	C2	C3	C4	C5	C6	C7	C8	C9	C10	C11	C12	D1	D2	D3	D4	D5	D6	D7	D8	D9	D10	D11	D12	E1	E2	E3	E4	E5	E6	E7	E8	E9	E10	E11	E12	F1	F2	F3	F4	F5	F6	F7	F8	F9	F10	F11	F12	G1	G2	G3	G4	G5	G6	G7	G8	G9	G10	G11	G12	H1	H2	H3	H4	H5	H6	H7	H8	H9	H10	H11	H12
0:00:06	24.0	0.051	0.047	0.056	0.049	0.053	0.052	0.049	0.048	0.050	0.049	0.062	0.048	0.048	0.048	0.048	0.052	0.049	0.046	0.048	0.049	0.049	0.051	0.050	0.052	0.051	0.048	0.047	0.048	0.048	0.050	0.048	0.044	0.050	0.053	0.053	0.052	0.049	0.050	0.048	0.049	0.048	0.050	0.053	0.051	0.049	0.052	0.051	0.055	0.050	0.048	0.051	0.049	0.050	0.055	0.050	0.051	0.050	0.046	0.052	0.048	0.053	0.048	0.054	0.051	0.049	0.049	0.050	0.052	0.049	0.049	0.051	0.051	0.051	0.053	0.058	0.051	0.051	0.050	0.051	0.051	0.053	0.050	0.044	0.054	0.052	0.054	0.052	0.047	0.049	0.048	0.051	0.052	0.052	0.055	0.053	0.054
1:00:05	24.3	0.060	0.054	0.074	0.051	0.070	0.065	0.060	0.059	0.060	0.058	0.072	0.059	0.055	0.058	0.059	0.066	0.051	0.054	0.062	0.061	0.063	0.061	0.067	0.064	0.058	0.058	0.059	0.058	0.061	0.059	0.063	0.046	0.061	0.067	0.066	0.065	0.055	0.060	0.058	0.061	0.058	0.064	0.065	0.063	0.061	0.064	0.065	0.067	0.058	0.057	0.062	0.059	0.063	0.068	0.057	0.057	0.060	0.054	0.069	0.063	0.065	0.059	0.065	0.062	0.060	0.053	0.061	0.063	0.063	0.060	0.057	0.060	0.056	0.063	0.069	0.062	0.063	0.058	0.063	0.061	0.067	0.061	0.047	0.057	0.057	0.062	0.066	0.059	0.060	0.055	0.062	0.061	0.061	0.061	0.060	0.060
2:00:05	24.3	0.060	0.058	0.086	0.055	0.071	0.068	0.062	0.067	0.070	0.070	0.087	0.062	0.056	0.069	0.066	0.078	0.051	0.056	0.075	0.065	0.068	0.066	0.074	0.065	0.057	0.058	0.066	0.060	0.071	0.059	0.072	0.048	0.075	0.067	0.066	0.069	0.056	0.063	0.067	0.074	0.067	0.074	0.068	0.069	0.071	0.066	0.082	0.069	0.057	0.059	0.068	0.067	0.068	0.070	0.066	0.059	0.061	0.066	0.075	0.065	0.067	0.060	0.067	0.067	0.067	0.054	0.067	0.062	0.065	0.060	0.057	0.058	0.056	0.066	0.069	0.064	0.064	0.060	0.065	0.065	0.069	0.061	0.050	0.056	0.057	0.064	0.069	0.062	0.061	0.055	0.063	0.062	0.064	0.061	0.060	0.058
3:00:06	24.5	0.068	0.064	0.090	0.066	0.074	0.079	0.069	0.073	0.079	0.076	0.096	0.067	0.058	0.081	0.076	0.095	0.050	0.056	0.090	0.073	0.079	0.072	0.075	0.067	0.060	0.062	0.076	0.071	0.084	0.060	0.081	0.051	0.087	0.068	0.067	0.069	0.056	0.069	0.076	0.087	0.071	0.078	0.067	0.079	0.079	0.070	0.094	0.071	0.060	0.062	0.073	0.069	0.073	0.073	0.070	0.060	0.064	0.084	0.071	0.067	0.066	0.065	0.065	0.069	0.076	0.054	0.073	0.066	0.067	0.063	0.058	0.060	0.059	0.066	0.071	0.064	0.067	0.060	0.067	0.067	0.068	0.061	0.054	0.059	0.059	0.065	0.070	0.067	0.063	0.053	0.064	0.063	0.067	0.061	0.063	0.061
4:00:07	24.7	0.070	0.076	0.104	0.087	0.083	0.079	0.077	0.081	0.094	0.094	0.108	0.074	0.060	0.091	0.082	0.106	0.049	0.060	0.089	0.082	0.089	0.079	0.106	0.077	0.065	0.066	0.079	0.070	0.091	0.068	0.089	0.053	0.105	0.074	0.081	0.076	0.064	0.078	0.087	0.101	0.064	0.096	0.078	0.098	0.093	0.079	0.106	0.075	0.065	0.073	0.082	0.092	0.095	0.083	0.082	0.066	0.073	0.097	0.081	0.075	0.073	0.079	0.081	0.083	0.093	0.057	0.081	0.074	0.079	0.069	0.069	0.066	0.066	0.076	0.077	0.074	0.072	0.067	0.073	0.073	0.079	0.069	0.053	0.071	0.066	0.070	0.079	0.087	0.068	0.052	0.071	0.070	0.077	0.067	0.072	0.072
5:00:08	24.5	0.078	0.091	0.106	0.108	0.103	0.091	0.085	0.089	0.103	0.115	0.118	0.093	0.070	0.098	0.095	0.113	0.049	0.069	0.103	0.089	0.102	0.090	0.111	0.080	0.078	0.076	0.086	0.077	0.097	0.081	0.098	0.055	0.123	0.088	0.091	0.089	0.082	0.082	0.096	0.109	0.064	0.105	0.093	0.105	0.111	0.089	0.117	0.092	0.076	0.078	0.091	0.100	0.103	0.102	0.086	0.075	0.090	0.105	0.105	0.086	0.081	0.096	0.098	0.097	0.096	0.068	0.100	0.080	0.086	0.079	0.080	0.081	0.076	0.083	0.091	0.084	0.085	0.077	0.083	0.085	0.087	0.080	0.053	0.085	0.079	0.086	0.087	0.093	0.081	0.052	0.084	0.080	0.085	0.073	0.084	0.084
6:00:08	24.3	0.088	0.101	0.113	0.098	0.113	0.109	0.102	0.105	0.113	0.128	0.131	0.102	0.088	0.108	0.111	0.127	0.049	0.079	0.123	0.105	0.119	0.108	0.126	0.092	0.089	0.092	0.100	0.083	0.115	0.091	0.118	0.056	0.129	0.097	0.106	0.100	0.089	0.095	0.108	0.118	0.066	0.119	0.113	0.118	0.128	0.106	0.127	0.098	0.087	0.096	0.105	0.111	0.122	0.121	0.100	0.084	0.092	0.112	0.124	0.097	0.089	0.111	0.106	0.113	0.115	0.074	0.119	0.095	0.116	0.090	0.085	0.094	0.088	0.096	0.106	0.104	0.090	0.095	0.093	0.103	0.103	0.099	0.052	0.094	0.093	0.093	0.101	0.110	0.098	0.050	0.094	0.091	0.100	0.085	0.097	0.097
7:00:09	23.9	0.104	0.121	0.132	0.100	0.128	0.123	0.116	0.103	0.129	0.148	0.145	0.102	0.103	0.122	0.126	0.141	0.049	0.087	0.141	0.122	0.138	0.124	0.151	0.104	0.103	0.105	0.116	0.110	0.141	0.106	0.145	0.056	0.141	0.122	0.149	0.103	0.098	0.116	0.122	0.133	0.070	0.137	0.134	0.130	0.144	0.131	0.153	0.108	0.098	0.117	0.119	0.125	0.137	0.136	0.114	0.092	0.122	0.127	0.128	0.117	0.096	0.125	0.127	0.129	0.132	0.077	0.141	0.099	0.146	0.103	0.089	0.109	0.095	0.108	0.123	0.125	0.100	0.119	0.117	0.130	0.129	0.125	0.052	0.102	0.105	0.110	0.102	0.141	0.127	0.050	0.103	0.106	0.122	0.099	0.102	0.112
8:00:10	23.6	0.131	0.141	0.153	0.099	0.155	0.136	0.129	0.130	0.157	0.161	0.156	0.110	0.109	0.140	0.141	0.157	0.049	0.096	0.157	0.145	0.159	0.150	0.170	0.108	0.120	0.125	0.138	0.148	0.152	0.119	0.165	0.057	0.156	0.162	0.157	0.110	0.109	0.135	0.139	0.149	0.062	0.157	0.154	0.145	0.160	0.160	0.176	0.111	0.101	0.140	0.137	0.144	0.154	0.152	0.133	0.165	0.146	0.151	0.191	0.144	0.104	0.146	0.142	0.148	0.147	0.080	0.159	0.113	0.163	0.135	0.096	0.120	0.100	0.125	0.146	0.149	0.121	0.141	0.139	0.152	0.157	0.151	0.051	0.108	0.114	0.135	0.115	0.158	0.155	0.051	0.106	0.125	0.179	0.116	0.107	0.107
9:00:11	23.5	0.170	0.166	0.177	0.109	0.181	0.166	0.147	0.152	0.185	0.183	0.167	0.122	0.124	0.157	0.158	0.168	0.049	0.108	0.165	0.163	0.168	0.163	0.181	0.108	0.141	0.146	0.163	0.125	0.160	0.144	0.193	0.057	0.167	0.186	0.184	0.120	0.128	0.154	0.153	0.162	0.063	0.171	0.171	0.159	0.169	0.170	0.189	0.110	0.129	0.161	0.157	0.165	0.168	0.169	0.154	0.165	0.166	0.164	0.217	0.118	0.122	0.164	0.158	0.170	0.168	0.086	0.173	0.164	0.173	0.181	0.173	0.146	0.124	0.151	0.171	0.173	0.139	0.163	0.160	0.172	0.185	0.182	0.051	0.114	0.120	0.156	0.117	0.182	0.170	0.051	0.118	0.152	0.190	0.135	0.116	0.115
10:00:13	23.1	0.235	0.190	0.202	0.139	0.195	0.185	0.178	0.174	0.191	0.211	0.179	0.244	0.151	0.176	0.169	0.176	0.049	0.119	0.171	0.175	0.170	0.166	0.190	0.119	0.173	0.174	0.180	0.182	0.168	0.180	0.205	0.058	0.173	0.194	0.193	0.108	0.152	0.182	0.167	0.168	0.067	0.183	0.182	0.168	0.170	0.170	0.193	0.122	0.131	0.183	0.173	0.178	0.176	0.186	0.169	0.191	0.195	0.167	0.202	0.156	0.145	0.185	0.176	0.182	0.184	0.086	0.175	0.226	0.176	0.199	0.239	0.179	0.153	0.170	0.189	0.181	0.203	0.178	0.183	0.183	0.197	0.204	0.050	0.152	0.147	0.177	0.116	0.197	0.189	0.052	0.191	0.185	0.204	0.168	0.110	0.171
11:00:13	22.8	0.282	0.205	0.231	0.161	0.205	0.197	0.207	0.207	0.202	0.225	0.191	0.251	0.185	0.185	0.173	0.180	0.049	0.152	0.173	0.181	0.174	0.172	0.206	0.199	0.195	0.188	0.191	0.206	0.172	0.201	0.208	0.056	0.176	0.195	0.197	0.308	0.189	0.194	0.177	0.171	0.075	0.188	0.181	0.174	0.175	0.175	0.190	0.185	0.174	0.192	0.183	0.183	0.182	0.200	0.176	0.195	0.206	0.171	0.209	0.253	0.179	0.194	0.189	0.186	0.188	0.107	0.176	0.231	0.176	0.211	0.234	0.123	0.205	0.195	0.201	0.191	0.214	0.188	0.195	0.184	0.201	0.205	0.050	0.172	0.185	0.210	0.229	0.206	0.199	0.052	0.211	0.220	0.208	0.215	0.179	0.260
12:00:15	22.6	0.326	0.215	0.254	0.186	0.210	0.212	0.228	0.235	0.213	0.233	0.201	0.233	0.205	0.193	0.180	0.181	0.049	0.208	0.180	0.187	0.183	0.181	0.218	0.250	0.205	0.197	0.201	0.220	0.177	0.215	0.215	0.056	0.177	0.201	0.202	0.334	0.219	0.206	0.181	0.175	0.067	0.193	0.184	0.182	0.183	0.180	0.194	0.208	0.210	0.197	0.187	0.184	0.186	0.211	0.179	0.196	0.216	0.174	0.215	0.301	0.236	0.205	0.197	0.193	0.186	0.142	0.178	0.239	0.182	0.218	0.239	0.340	0.223	0.204	0.211	0.199	0.216	0.197	0.201	0.191	0.203	0.207	0.049	0.222	0.221	0.229	0.247	0.212	0.201	0.053	0.238	0.228	0.207	0.193	0.194	0.161
13:00:15	22.5	0.356	0.228	0.270	0.202	0.223	0.225	0.244	0.257	0.215	0.242	0.214	0.264	0.221	0.199	0.184	0.194	0.049	0.205	0.189	0.196	0.192	0.190	0.231	0.227	0.223	0.203	0.211	0.229	0.185	0.226	0.232	0.055	0.187	0.209	0.214	0.370	0.235	0.218	0.185	0.184	0.069	0.200	0.191	0.189	0.193	0.188	0.203	0.290	0.236	0.204	0.192	0.187	0.190	0.222	0.185	0.207	0.213	0.178	0.224	0.310	0.265	0.213	0.202	0.198	0.194	0.150	0.184	0.233	0.192	0.227	0.251	0.310	0.228	0.211	0.224	0.203	0.224	0.200	0.203	0.194	0.211	0.209	0.049	0.250	0.369	0.236	0.290	0.214	0.211	0.057	0.244	0.233	0.210	0.252	0.270	0.292
14:00:16	22.5	0.385	0.231	0.268	0.219	0.228	0.232	0.251	0.279	0.228	0.249	0.228	0.280	0.230	0.202	0.189	0.199	0.049	0.266	0.191	0.198	0.198	0.196	0.246	0.318	0.234	0.209	0.219	0.233	0.193	0.231	0.237	0.054	0.192	0.212	0.219	0.382	0.241	0.228	0.187	0.189	0.074	0.202	0.199	0.195	0.199	0.198	0.210	0.326	0.246	0.211	0.198	0.191	0.189	0.224	0.186	0.213	0.217	0.182	0.228	0.329	0.284	0.212	0.209	0.203	0.196	0.176	0.192	0.237	0.200	0.234	0.260	0.398	0.244	0.222	0.232	0.206	0.234	0.203	0.210	0.200	0.220	0.219	0.049	0.279	0.387	0.236	0.307	0.220	0.214	0.058	0.252	0.238	0.220	0.248	0.294	0.257
15:00:16	22.4	0.382	0.239	0.291	0.234	0.230	0.237	0.268	0.313	0.244	0.268	0.248	0.314	0.243	0.205	0.194	0.203	0.049	0.251	0.196	0.200	0.203	0.206	0.268	0.349	0.239	0.212	0.224	0.246	0.198	0.231	0.255	0.054	0.199	0.219	0.227	0.405	0.259	0.235	0.189	0.194	0.075	0.208	0.204	0.205	0.204	0.207	0.216	0.335	0.269	0.214	0.200	0.194	0.196	0.225	0.187	0.215	0.229	0.191	0.249	0.328	0.293	0.214	0.217	0.211	0.203	0.192	0.199	0.247	0.210	0.245	0.271	0.446	0.259	0.235	0.244	0.213	0.243	0.214	0.219	0.210	0.233	0.229	0.048	0.310	0.413	0.253	0.345	0.230	0.227	0.061	0.264	0.250	0.228	0.320	0.307	0.393
16:00:18	22.5	0.421	0.252	0.300	0.251	0.238	0.239	0.284	0.335	0.255	0.287	0.260	0.340	0.255	0.210	0.203	0.205	0.049	0.298	0.203	0.204	0.210	0.219	0.282	0.340	0.246	0.216	0.228	0.264	0.200	0.237	0.275	0.053	0.206	0.231	0.237	0.411	0.281	0.243	0.193	0.200	0.086	0.213	0.207	0.215	0.212	0.217	0.224	0.378	0.281	0.219	0.204	0.199	0.204	0.225	0.196	0.224	0.238	0.199	0.266	0.382	0.296	0.224	0.225	0.217	0.213	0.231	0.207	0.269	0.219	0.250	0.279	0.493	0.280	0.241	0.257	0.231	0.256	0.220	0.230	0.218	0.241	0.243	0.048	0.337	0.429	0.264	0.323	0.237	0.230	0.056	0.284	0.263	0.231	0.312	0.332	0.451
17:00:18	22.5	0.477	0.274	0.320	0.255	0.253	0.248	0.297	0.345	0.262	0.309	0.282	0.400	0.264	0.219	0.212	0.210	0.049	0.336	0.211	0.211	0.219	0.230	0.298	0.374	0.264	0.224	0.232	0.279	0.203	0.243	0.295	0.053	0.214	0.244	0.250	0.434	0.310	0.252	0.199	0.207	0.081	0.220	0.213	0.224	0.218	0.225	0.232	0.392	0.289	0.227	0.214	0.207	0.214	0.229	0.203	0.234	0.248	0.205	0.289	0.432	0.318	0.227	0.233	0.223	0.226	0.275	0.219	0.287	0.226	0.264	0.298	0.490	0.296	0.249	0.262	0.252	0.265	0.225	0.242	0.224	0.248	0.259	0.048	0.385	0.420	0.273	0.336	0.241	0.240	0.056	0.295	0.277	0.250	0.320	0.355	0.498
18:00:20	22.5	0.499	0.291	0.328	0.284	0.264	0.265	0.324	0.367	0.287	0.327	0.304	0.484	0.266	0.225	0.219	0.216	0.049	0.344	0.224	0.216	0.229	0.238	0.311	0.385	0.284	0.233	0.242	0.295	0.210	0.257	0.303	0.053	0.229	0.261	0.267	0.463	0.346	0.257	0.206	0.214	0.087	0.231	0.222	0.227	0.228	0.234	0.243	0.429	0.314	0.235	0.225	0.217	0.221	0.242	0.215	0.248	0.260	0.211	0.305	0.465	0.350	0.239	0.239	0.232	0.239	0.312	0.230	0.296	0.231	0.287	0.319	0.535	0.308	0.260	0.270	0.261	0.284	0.230	0.255	0.229	0.256	0.274	0.048	0.384	0.416	0.293	0.369	0.254	0.250	0.058	0.303	0.293	0.273	0.320	0.364	0.528
19:00:21	22.5	0.543	0.316	0.361	0.290	0.281	0.283	0.327	0.413	0.311	0.356	0.324	0.540	0.270	0.230	0.228	0.223	0.049	0.384	0.236	0.228	0.242	0.253	0.322	0.403	0.299	0.243	0.250	0.311	0.217	0.266	0.308	0.052	0.236	0.270	0.282	0.496	0.392	0.268	0.212	0.220	0.089	0.246	0.229	0.237	0.238	0.240	0.254	0.472	0.345	0.246	0.238	0.230	0.232	0.254	0.227	0.266	0.272	0.217	0.318	0.501	0.366	0.250	0.247	0.239	0.245	0.360	0.241	0.310	0.239	0.290	0.337	0.476	0.342	0.274	0.272	0.262	0.300	0.238	0.273	0.245	0.258	0.284	0.047	0.480	0.439	0.301	0.376	0.260	0.269	0.057	0.339	0.305	0.301	0.320	0.426	0.529
20:00:21	22.4	0.565	0.350	0.385	0.309	0.320	0.315	0.334	0.460	0.324	0.407	0.337	0.574	0.305	0.237	0.236	0.238	0.050	0.436	0.254	0.243	0.259	0.269	0.366	0.465	0.323	0.254	0.261	0.333	0.226	0.279	0.337	0.052	0.245	0.287	0.298	0.512	0.436	0.274	0.221	0.227	0.091	0.258	0.237	0.253	0.249	0.249	0.269	0.491	0.354	0.258	0.252	0.244	0.244	0.273	0.240	0.292	0.282	0.225	0.325	0.547	0.416	0.257	0.259	0.254	0.252	0.387	0.255	0.327	0.252	0.302	0.359	0.487	0.366	0.289	0.283	0.263	0.314	0.245	0.292	0.259	0.273	0.299	0.048	0.542	0.407	0.321	0.410	0.270	0.283	0.059	0.370	0.318	0.328	0.356	0.515	0.548
21:00:22	22.5	0.612	0.387	0.389	0.331	0.352	0.325	0.353	0.493	0.346	0.434	0.362	0.624	0.331	0.240	0.241	0.252	0.049	0.434	0.267	0.254	0.272	0.279	0.391	0.482	0.354	0.265	0.265	0.357	0.237	0.297	0.368	0.052	0.249	0.299	0.313	0.566	0.451	0.286	0.229	0.233	0.099	0.265	0.243	0.262	0.261	0.260	0.281	0.544	0.363	0.270	0.265	0.256	0.252	0.292	0.253	0.310	0.309	0.231	0.355	0.590	0.428	0.275	0.270	0.267	0.254	0.404	0.267	0.360	0.265	0.309	0.382	0.347	0.393	0.302	0.301	0.271	0.332	0.258	0.312	0.273	0.288	0.323	0.048	0.525	0.451	0.337	0.436	0.286	0.295	0.058	0.390	0.335	0.340	0.370	0.554	0.591
22:00:24	22.4	0.603	0.435	0.416	0.336	0.405	0.375	0.397	0.529	0.383	0.493	0.396	0.629	0.353	0.256	0.252	0.269	0.049	0.490	0.281	0.271	0.286	0.294	0.464	0.621	0.389	0.287	0.287	0.382	0.250	0.326	0.412	0.051	0.263	0.313	0.333	0.585	0.510	0.299	0.240	0.243	0.103	0.273	0.260	0.275	0.276	0.279	0.296	0.636	0.442	0.289	0.275	0.269	0.265	0.310	0.270	0.329	0.324	0.234	0.379	0.566	0.493	0.289	0.284	0.283	0.269	0.418	0.283	0.385	0.286	0.344	0.413	0.279	0.408	0.319	0.306	0.285	0.360	0.277	0.327	0.294	0.313	0.351	0.047	0.562	0.405	0.355	0.424	0.305	0.316	0.059	0.414	0.374	0.361	0.395	0.580	0.589
23:00:25	22.5	0.561	0.485	0.429	0.361	0.438	0.405	0.390	0.526	0.415	0.556	0.440	0.653	0.384	0.268	0.267	0.279	0.049	0.499	0.299	0.282	0.302	0.315	0.476	0.558	0.422	0.304	0.299	0.401	0.263	0.354	0.436	0.051	0.275	0.338	0.354	0.584	0.546	0.311	0.247	0.254	0.113	0.282	0.276	0.289	0.290	0.299	0.304	0.669	0.513	0.308	0.282	0.283	0.275	0.327	0.284	0.351	0.342	0.239	0.397	0.572	0.495	0.303	0.297	0.296	0.284	0.436	0.292	0.404	0.298	0.357	0.446	0.320	0.428	0.341	0.319	0.300	0.395	0.291	0.340	0.308	0.336	0.372	0.047	0.567	0.333	0.375	0.441	0.325	0.339	0.058	0.437	0.390	0.389	0.413	0.579	0.545
24:00:24	22.4	0.560	0.523	0.416	0.373	0.468	0.452	0.400	0.456	0.467	0.618	0.506	0.667	0.420	0.282	0.283	0.295	0.049	0.434	0.319	0.304	0.322	0.335	0.486	0.328	0.444	0.325	0.327	0.435	0.275	0.381	0.459	0.051	0.291	0.371	0.373	0.685	0.598	0.330	0.258	0.269	0.117	0.292	0.297	0.313	0.306	0.309	0.321	0.617	0.516	0.329	0.291	0.297	0.286	0.344	0.297	0.377	0.372	0.247	0.432	0.549	0.509	0.325	0.319	0.309	0.304	0.413	0.305	0.414	0.315	0.376	0.456	0.344	0.455	0.369	0.337	0.322	0.421	0.313	0.356	0.324	0.360	0.390	0.047	0.588	0.328	0.410	0.454	0.354	0.367	0.059	0.458	0.410	0.423	0.434	0.568	0.499
25:00:25	22.5	0.397	0.589	0.342	0.389	0.505	0.488	0.464	0.341	0.517	0.640	0.571	0.631	0.429	0.291	0.300	0.311	0.049	0.349	0.337	0.332	0.345	0.352	0.528	0.308	0.467	0.345	0.354	0.461	0.287	0.410	0.465	0.051	0.306	0.400	0.410	0.669	0.626	0.348	0.275	0.281	0.128	0.313	0.318	0.331	0.320	0.327	0.338	0.431	0.574	0.353	0.308	0.310	0.295	0.370	0.312	0.405	0.399	0.256	0.457	0.575	0.561	0.349	0.345	0.317	0.325	0.423	0.326	0.435	0.328	0.398	0.442	0.376	0.475	0.392	0.356	0.342	0.427	0.341	0.383	0.344	0.397	0.401	0.047	0.523	0.348	0.434	0.390	0.380	0.404	0.059	0.472	0.441	0.451	0.459	0.541	0.419
26:00:26	22.5	0.360	0.607	0.346	0.437	0.559	0.497	0.494	0.292	0.547	0.645	0.601	0.471	0.450	0.316	0.319	0.330	0.049	0.292	0.360	0.351	0.365	0.385	0.479	0.288	0.481	0.372	0.390	0.474	0.297	0.434	0.500	0.051	0.321	0.428	0.444	0.623	0.637	0.378	0.292	0.296	0.133	0.337	0.335	0.351	0.340	0.357	0.366	0.356	0.578	0.376	0.329	0.328	0.311	0.390	0.326	0.426	0.435	0.265	0.483	0.552	0.580	0.376	0.368	0.332	0.346	0.467	0.350	0.447	0.345	0.412	0.458	0.405	0.479	0.410	0.384	0.363	0.441	0.367	0.408	0.368	0.424	0.417	0.047	0.483	0.354	0.441	0.366	0.389	0.436	0.062	0.471	0.456	0.470	0.478	0.471	0.393
27:00:27	22.5	0.285	0.645	0.341	0.465	0.604	0.561	0.519	0.317	0.618	0.672	0.658	0.360	0.449	0.342	0.336	0.348	0.049	0.321	0.386	0.385	0.384	0.407	0.451	0.367	0.493	0.406	0.427	0.463	0.303	0.448	0.490	0.051	0.333	0.455	0.475	0.476	0.622	0.406	0.314	0.311	0.144	0.352	0.359	0.366	0.364	0.393	0.392	0.396	0.647	0.397	0.352	0.345	0.323	0.415	0.343	0.454	0.465	0.273	0.500	0.300	0.582	0.406	0.390	0.349	0.370	0.493	0.376	0.479	0.360	0.448	0.462	0.443	0.445	0.407	0.411	0.384	0.451	0.399	0.430	0.397	0.444	0.437	0.047	0.435	0.373	0.454	0.410	0.398	0.457	0.088	0.490	0.489	0.483	0.490	0.398	0.420
28:00:29	22.5	0.342	0.701	0.294	0.470	0.627	0.606	0.387	0.319	0.632	0.592	0.686	0.377	0.457	0.370	0.344	0.360	0.049	0.335	0.411	0.400	0.402	0.435	0.466	0.402	0.467	0.434	0.452	0.502	0.310	0.467	0.527	0.051	0.346	0.466	0.493	0.342	0.546	0.422	0.334	0.323	0.144	0.390	0.380	0.385	0.391	0.414	0.417	0.383	0.508	0.425	0.375	0.360	0.336	0.449	0.359	0.478	0.496	0.282	0.516	0.391	0.489	0.435	0.411	0.364	0.399	0.455	0.393	0.483	0.380	0.442	0.369	0.460	0.401	0.434	0.413	0.404	0.435	0.423	0.441	0.426	0.473	0.454	0.047	0.441	0.380	0.463	0.449	0.414	0.469	0.062	0.425	0.500	0.471	0.528	0.431	0.421
29:00:29	22.5	0.358	0.731	0.310	0.466	0.669	0.652	0.304	0.397	0.618	0.322	0.690	0.414	0.423	0.392	0.352	0.379	0.049	0.410	0.436	0.424	0.427	0.476	0.397	0.408	0.449	0.463	0.462	0.536	0.324	0.453	0.510	0.050	0.365	0.467	0.485	0.381	0.361	0.453	0.355	0.339	0.152	0.413	0.400	0.411	0.417	0.435	0.431	0.431	0.395	0.449	0.403	0.377	0.355	0.462	0.381	0.492	0.496	0.292	0.546	0.439	0.359	0.464	0.437	0.380	0.412	0.414	0.409	0.441	0.397	0.468	0.404	0.459	0.325	0.458	0.466	0.434	0.445	0.448	0.438	0.454	0.472	0.487	0.047	0.455	0.402	0.461	0.452	0.457	0.492	0.061	0.391	0.491	0.466	0.533	0.457	0.463
30:00:31	22.5	0.348	0.745	0.348	0.517	0.713	0.728	0.329	0.472	0.600	0.334	0.711	0.385	0.401	0.420	0.372	0.397	0.049	0.409	0.451	0.439	0.475	0.503	0.408	0.424	0.441	0.486	0.465	0.510	0.347	0.473	0.500	0.050	0.400	0.474	0.477	0.439	0.392	0.471	0.379	0.356	0.157	0.446	0.424	0.431	0.442	0.465	0.464	0.468	0.466	0.466	0.431	0.390	0.377	0.484	0.403	0.500	0.512	0.300	0.521	0.470	0.437	0.474	0.462	0.402	0.419	0.353	0.435	0.421	0.437	0.460	0.450	0.477	0.322	0.461	0.496	0.458	0.457	0.473	0.427	0.479	0.488	0.486	0.047	0.484	0.441	0.402	0.469	0.488	0.500	0.062	0.415	0.404	0.495	0.555	0.444	0.441
31:00:32	22.5	0.383	0.686	0.368	0.547	0.712	0.743	0.352	0.459	0.486	0.360	0.598	0.429	0.367	0.439	0.396	0.418	0.049	0.447	0.456	0.482	0.508	0.503	0.392	0.448	0.381	0.493	0.486	0.517	0.381	0.459	0.516	0.049	0.424	0.453	0.464	0.436	0.355	0.467	0.396	0.378	0.164	0.448	0.444	0.449	0.465	0.485	0.504	0.434	0.465	0.477	0.459	0.416	0.406	0.493	0.417	0.479	0.512	0.311	0.478	0.486	0.436	0.472	0.469	0.415	0.439	0.384	0.462	0.385	0.463	0.446	0.487	0.519	0.363	0.447	0.493	0.467	0.400	0.483	0.460	0.495	0.478	0.432	0.047	0.505	0.425	0.356	0.489	0.491	0.488	0.062	0.458	0.415	0.391	0.595	0.484	0.501
32:00:33	22.5	0.407	0.577	0.361	0.604	0.635	0.686	0.359	0.541	0.346	0.429	0.446	0.438	0.327	0.452	0.427	0.441	0.048	0.457	0.473	0.491	0.528	0.469	0.542	0.442	0.320	0.512	0.512	0.534	0.408	0.462	0.559	0.049	0.453	0.405	0.387	0.468	0.418	0.479	0.409	0.402	0.171	0.489	0.464	0.475	0.473	0.494	0.521	0.513	0.428	0.508	0.484	0.439	0.427	0.475	0.433	0.476	0.507	0.324	0.438	0.480	0.459	0.477	0.475	0.449	0.439	0.420	0.475	0.403	0.507	0.417	0.475	0.502	0.408	0.432	0.527	0.472	0.401	0.492	0.431	0.501	0.484	0.382	0.047	0.516	0.463	0.365	0.500	0.490	0.442	0.062	0.471	0.446	0.427	0.619	0.492	0.489
33:00:34	22.5	0.392	0.355	0.389	0.519	0.438	0.546	0.361	0.487	0.375	0.426	0.359	0.459	0.353	0.479	0.454	0.466	0.049	0.453	0.492	0.503	0.521	0.439	0.535	0.469	0.357	0.510	0.476	0.541	0.435	0.385	0.503	0.049	0.472	0.380	0.391	0.458	0.431	0.490	0.429	0.431	0.176	0.497	0.518	0.505	0.481	0.482	0.513	0.530	0.419	0.511	0.497	0.473	0.457	0.499	0.460	0.397	0.487	0.339	0.417	0.522	0.475	0.481	0.479	0.493	0.490	0.434	0.503	0.405	0.468	0.410	0.505	0.502	0.426	0.458	0.475	0.489	0.387	0.540	0.363	0.503	0.446	0.407	0.046	0.519	0.475	0.414	0.519	0.423	0.395	0.062	0.458	0.481	0.459	0.656	0.516	0.519
34:00:34	22.4	0.409	0.356	0.440	0.488	0.319	0.385	0.386	0.669	0.401	0.446	0.460	0.489	0.364	0.505	0.485	0.493	0.049	0.453	0.525	0.508	0.550	0.422	0.495	0.458	0.351	0.512	0.506	0.522	0.452	0.371	0.552	0.049	0.493	0.409	0.400	0.484	0.436	0.499	0.446	0.435	0.192	0.511	0.524	0.502	0.527	0.508	0.520	0.487	0.451	0.498	0.493	0.508	0.477	0.497	0.484	0.403	0.501	0.350	0.453	0.526	0.503	0.475	0.522	0.520	0.515	0.489	0.527	0.460	0.493	0.435	0.481	0.520	0.425	0.395	0.485	0.484	0.397	0.531	0.409	0.506	0.425	0.449	0.046	0.552	0.499	0.429	0.518	0.442	0.408	0.063	0.489	0.504	0.491	0.675	0.541	0.549
35:00:35	22.5	0.397	0.336	0.476	0.437	0.380	0.360	0.385	0.700	0.411	0.477	0.463	0.476	0.393	0.499	0.513	0.516	0.049	0.462	0.558	0.488	0.526	0.371	0.514	0.494	0.377	0.491	0.462	0.541	0.479	0.364	0.538	0.049	0.502	0.421	0.420	0.486	0.446	0.448	0.466	0.463	0.181	0.560	0.513	0.524	0.531	0.513	0.499	0.480	0.454	0.469	0.522	0.498	0.514	0.507	0.495	0.412	0.520	0.363	0.493	0.524	0.490	0.435	0.512	0.544	0.533	0.526	0.496	0.447	0.487	0.446	0.484	0.538	0.421	0.416	0.421	0.501	0.422	0.522	0.427	0.500	0.466	0.440	0.046	0.576	0.499	0.461	0.536	0.396	0.429	0.063	0.499	0.465	0.510	0.739	0.553	0.526
36:00:36	22.4	0.404	0.362	0.406	0.375	0.391	0.337	0.369	0.722	0.427	0.470	0.466	0.528	0.418	0.501	0.532	0.511	0.049	0.491	0.546	0.475	0.522	0.348	0.540	0.513	0.372	0.454	0.413	0.577	0.495	0.397	0.600	0.049	0.533	0.456	0.457	0.482	0.453	0.431	0.490	0.484	0.231	0.583	0.541	0.534	0.568	0.440	0.484	0.503	0.448	0.438	0.526	0.511	0.508	0.478	0.503	0.424	0.512	0.379	0.467	0.524	0.465	0.390	0.432	0.525	0.521	0.556	0.541	0.473	0.455	0.459	0.530	0.539	0.462	0.496	0.464	0.503	0.447	0.502	0.433	0.451	0.482	0.490	0.046	0.579	0.492	0.467	0.600	0.414	0.417	0.063	0.519	0.484	0.525	0.769	0.572	0.570
37:00:37	22.4	0.408	0.385	0.414	0.339	0.378	0.323	0.408	0.723	0.429	0.483	0.449	0.512	0.406	0.502	0.505	0.501	0.049	0.490	0.530	0.390	0.413	0.370	0.596	0.494	0.400	0.439	0.440	0.606	0.530	0.417	0.638	0.049	0.554	0.478	0.432	0.501	0.473	0.362	0.519	0.517	0.232	0.577	0.520	0.517	0.551	0.442	0.432	0.519	0.451	0.381	0.517	0.533	0.511	0.449	0.486	0.408	0.556	0.397	0.532	0.507	0.482	0.427	0.428	0.482	0.518	0.573	0.548	0.495	0.406	0.495	0.524	0.537	0.476	0.437	0.442	0.462	0.456	0.429	0.452	0.428	0.461	0.490	0.046	0.588	0.512	0.499	0.568	0.427	0.462	0.063	0.560	0.520	0.532	0.803	0.594	0.551
38:00:38	22.5	0.419	0.405	0.566	0.346	0.382	0.356	0.410	0.745	0.467	0.468	0.479	0.491	0.436	0.511	0.494	0.481	0.049	0.655	0.524	0.434	0.443	0.375	0.621	0.508	0.395	0.444	0.417	0.667	0.552	0.422	0.650	0.049	0.526	0.441	0.458	0.546	0.466	0.432	0.542	0.524	0.198	0.581	0.513	0.561	0.579	0.499	0.475	0.562	0.474	0.377	0.492	0.535	0.563	0.460	0.498	0.465	0.599	0.415	0.523	0.524	0.488	0.427	0.407	0.438	0.559	0.607	0.560	0.522	0.462	0.558	0.526	0.531	0.462	0.459	0.466	0.420	0.472	0.464	0.465	0.460	0.487	0.520	0.046	0.623	0.531	0.499	0.641	0.449	0.472	0.064	0.538	0.547	0.570	0.831	0.557	0.567
39:00:38	22.5	0.400	0.398	0.463	0.343	0.379	0.374	0.406	0.799	0.474	0.504	0.476	0.525	0.451	0.457	0.446	0.405	0.048	0.589	0.465	0.391	0.423	0.356	0.619	0.432	0.408	0.418	0.393	0.621	0.512	0.449	0.654	0.048	0.525	0.477	0.422	0.498	0.554	0.390	0.543	0.533	0.201	0.577	0.501	0.533	0.511	0.474	0.438	0.500	0.490	0.400	0.461	0.527	0.527	0.507	0.515	0.451	0.579	0.442	0.530	0.584	0.467	0.442	0.416	0.427	0.494	0.631	0.509	0.492	0.432	0.521	0.519	0.544	0.495	0.441	0.484	0.432	0.481	0.479	0.479	0.444	0.466	0.507	0.046	0.565	0.501	0.535	0.637	0.488	0.447	0.063	0.552	0.499	0.513	0.841	0.572	0.593
40:00:39	22.7	0.399	0.423	0.625	0.366	0.421	0.401	0.414	0.794	0.475	0.450	0.498	0.562	0.440	0.446	0.398	0.416	0.049	0.666	0.557	0.392	0.395	0.412	0.756	0.504	0.430	0.471	0.453	0.635	0.518	0.439	0.700	0.049	0.525	0.478	0.489	0.530	0.516	0.380	0.539	0.590	0.237	0.576	0.542	0.534	0.630	0.521	0.531	0.625	0.486	0.415	0.452	0.523	0.569	0.556	0.498	0.504	0.623	0.453	0.590	0.561	0.515	0.462	0.462	0.446	0.580	0.631	0.544	0.495	0.462	0.549	0.531	0.560	0.500	0.519	0.470	0.488	0.499	0.453	0.472	0.494	0.541	0.542	0.046	0.589	0.572	0.524	0.722	0.496	0.482	0.064	0.537	0.520	0.577	0.875	0.582	0.573
41:00:41	22.7	0.422	0.410	0.657	0.388	0.422	0.414	0.435	0.796	0.475	0.483	0.503	0.620	0.446	0.415	0.405	0.391	0.048	0.714	0.611	0.410	0.433	0.390	0.735	0.517	0.422	0.392	0.461	0.645	0.490	0.458	0.733	0.048	0.485	0.496	0.495	0.560	0.456	0.407	0.506	0.579	0.237	0.596	0.538	0.560	0.617	0.500	0.488	0.626	0.497	0.440	0.410	0.454	0.518	0.513	0.468	0.485	0.633	0.468	0.605	0.598	0.527	0.468	0.468	0.442	0.543	0.666	0.540	0.498	0.504	0.572	0.567	0.562	0.524	0.532	0.504	0.482	0.487	0.478	0.494	0.512	0.534	0.563	0.046	0.618	0.542	0.506	0.700	0.524	0.497	0.064	0.554	0.543	0.573	0.919	0.590	0.620
42:00:42	22.7	0.412	0.423	0.734	0.384	0.419	0.407	0.471	0.824	0.484	0.506	0.463	0.560	0.495	0.391	0.407	0.391	0.048	0.710	0.600	0.392	0.420	0.422	0.665	0.578	0.441	0.431	0.485	0.672	0.420	0.452	0.737	0.048	0.569	0.476	0.481	0.612	0.531	0.412	0.399	0.541	0.232	0.634	0.564	0.501	0.639	0.485	0.451	0.731	0.505	0.444	0.482	0.409	0.441	0.453	0.493	0.474	0.616	0.483	0.547	0.644	0.513	0.475	0.443	0.469	0.514	0.687	0.454	0.505	0.466	0.560	0.564	0.543	0.515	0.507	0.517	0.500	0.520	0.458	0.501	0.505	0.541	0.550	0.045	0.608	0.569	0.577	0.702	0.587	0.520	0.063	0.587	0.542	0.571	0.866	0.596	0.625
43:00:43	22.7	0.466	0.445	0.774	0.406	0.517	0.428	0.485	0.819	0.523	0.583	0.505	0.684	0.527	0.391	0.445	0.410	0.049	0.740	0.628	0.427	0.455	0.420	0.713	0.667	0.432	0.509	0.439	0.647	0.447	0.471	0.767	0.048	0.541	0.498	0.532	0.677	0.497	0.395	0.457	0.523	0.248	0.642	0.553	0.549	0.610	0.525	0.507	0.821	0.490	0.423	0.518	0.435	0.506	0.552	0.537	0.517	0.621	0.483	0.620	0.697	0.557	0.489	0.488	0.462	0.532	0.698	0.483	0.548	0.512	0.591	0.563	0.729	0.532	0.504	0.516	0.537	0.496	0.502	0.514	0.535	0.564	0.601	0.046	0.602	0.554	0.517	0.741	0.519	0.518	0.064	0.629	0.587	0.607	0.936	0.666	0.705
44:00:42	22.6	0.652	0.466	0.772	0.418	0.491	0.450	0.555	0.834	0.527	0.710	0.511	0.744	0.541	0.428	0.459	0.431	0.049	0.782	0.695	0.469	0.455	0.446	0.794	0.716	0.461	0.513	0.462	0.701	0.478	0.539	0.791	0.048	0.577	0.510	0.590	0.781	0.505	0.424	0.451	0.535	0.256	0.642	0.606	0.521	0.636	0.570	0.499	0.826	0.507	0.480	0.478	0.416	0.502	0.625	0.575	0.521	0.654	0.493	0.663	0.764	0.619	0.509	0.530	0.501	0.543	0.705	0.551	0.538	0.531	0.607	0.603	0.778	0.497	0.513	0.516	0.544	0.508	0.508	0.530	0.569	0.587	0.608	0.046	0.630	0.613	0.533	0.773	0.534	0.555	0.064	0.586	0.571	0.580	0.940	0.679	0.789
45:00:43	22.6	0.646	0.482	0.721	0.446	0.524	0.467	0.567	0.876	0.527	0.706	0.529	0.860	0.537	0.423	0.477	0.423	0.048	0.828	0.611	0.477	0.443	0.463	0.761	0.718	0.478	0.539	0.477	0.695	0.449	0.490	0.767	0.048	0.553	0.554	0.522	0.806	0.530	0.455	0.440	0.501	0.257	0.686	0.530	0.539	0.613	0.538	0.540	0.886	0.533	0.484	0.497	0.463	0.521	0.666	0.509	0.518	0.677	0.506	0.638	0.792	0.605	0.509	0.519	0.492	0.591	0.687	0.508	0.607	0.516	0.608	0.588	0.778	0.528	0.548	0.536	0.544	0.547	0.487	0.537	0.567	0.620	0.634	0.046	0.657	0.679	0.557	0.788	0.570	0.546	0.063	0.641	0.570	0.579	0.958	0.666	0.770
46:00:45	22.5	0.627	0.501	0.815	0.452	0.518	0.474	0.589	0.884	0.548	0.742	0.520	0.893	0.567	0.425	0.435	0.431	0.048	0.765	0.653	0.461	0.506	0.479	0.849	0.832	0.471	0.548	0.470	0.730	0.447	0.518	0.756	0.048	0.560	0.556	0.569	0.774	0.561	0.444	0.445	0.484	0.267	0.658	0.560	0.528	0.617	0.546	0.587	0.854	0.539	0.503	0.451	0.441	0.508	0.725	0.493	0.533	0.694	0.526	0.697	0.828	0.617	0.513	0.524	0.508	0.539	0.663	0.550	0.596	0.539	0.586	0.601	0.817	0.516	0.534	0.552	0.563	0.548	0.498	0.553	0.590	0.586	0.609	0.046	0.720	0.719	0.580	0.742	0.560	0.544	0.063	0.659	0.599	0.607	0.996	0.795	0.796
47:00:45	22.5	0.755	0.493	0.857	0.455	0.525	0.485	0.615	0.901	0.573	0.876	0.529	0.944	0.607	0.468	0.475	0.445	0.049	0.833	0.592	0.494	0.519	0.518	0.844	0.920	0.513	0.696	0.539	0.768	0.458	0.637	0.772	0.048	0.581	0.548	0.575	0.822	0.615	0.478	0.452	0.525	0.261	0.675	0.578	0.598	0.683	0.582	0.596	0.877	0.569	0.530	0.470	0.494	0.496	0.707	0.542	0.593	0.700	0.545	0.709	0.863	0.620	0.504	0.566	0.506	0.596	0.711	0.597	0.621	0.580	0.671	0.636	0.879	0.549	0.528	0.549	0.549	0.564	0.504	0.587	0.567	0.601	0.678	0.046	0.785	0.734	0.578	0.740	0.574	0.545	0.063	0.642	0.644	0.656	1.053	0.844	0.833
48:00:46	22.5	0.818	0.516	0.840	0.469	0.551	0.483	0.700	0.904	0.584	0.920	0.546	0.924	0.671	0.461	0.515	0.479	0.048	0.811	0.675	0.519	0.488	0.483	0.847	0.881	0.517	0.754	0.503	0.814	0.464	0.688	0.785	0.048	0.609	0.581	0.570	0.847	0.599	0.470	0.482	0.491	0.265	0.709	0.557	0.620	0.740	0.597	0.588	0.854	0.552	0.501	0.459	0.466	0.509	0.730	0.572	0.585	0.746	0.554	0.686	0.867	0.619	0.491	0.547	0.529	0.551	0.676	0.666	0.635	0.563	0.705	0.657	0.892	0.538	0.530	0.574	0.566	0.560	0.551	0.585	0.554	0.622	0.717	0.045	0.867	0.722	0.589	0.777	0.570	0.559	0.063	0.698	0.679	0.679	1.087	0.913	0.884
49:00:48	22.5	0.843	0.499	0.798	0.470	0.493	0.497	0.719	0.920	0.581	0.923	0.577	1.023	0.695	0.471	0.498	0.449	0.048	0.808	0.645	0.477	0.478	0.512	0.812	0.848	0.526	0.769	0.527	0.808	0.458	0.602	0.758	0.048	0.544	0.565	0.571	0.837	0.544	0.449	0.463	0.496	0.273	0.636	0.565	0.601	0.713	0.552	0.598	0.826	0.535	0.509	0.491	0.496	0.502	0.711	0.555	0.545	0.747	0.568	0.664	0.864	0.558	0.496	0.555	0.497	0.548	0.705	0.556	0.566	0.567	0.795	0.638	0.892	0.522	0.518	0.570	0.610	0.602	0.497	0.607	0.571	0.627	0.702	0.045	0.857	0.730	0.573	0.778	0.565	0.592	0.063	0.666	0.607	0.616	1.034	0.914	0.836
50:00:49	22.6	0.871	0.552	0.808	0.505	0.541	0.516	0.721	0.923	0.616	0.929	0.533	1.077	0.737	0.507	0.502	0.509	0.048	0.842	0.711	0.499	0.525	0.522	0.883	0.876	0.542	0.834	0.547	0.813	0.494	0.708	0.771	0.048	0.525	0.574	0.628	0.863	0.676	0.518	0.497	0.519	0.282	0.689	0.540	0.644	0.728	0.639	0.606	0.854	0.556	0.521	0.499	0.505	0.526	0.769	0.568	0.592	0.772	0.588	0.781	0.900	0.644	0.560	0.581	0.544	0.561	0.681	0.641	0.666	0.580	0.881	0.752	1.007	0.570	0.582	0.589	0.601	0.580	0.570	0.622	0.617	0.623	0.803	0.045	0.869	0.731	0.616	0.806	0.588	0.586	0.063	0.774	0.683	0.688	1.054	0.886	0.838
51:00:49	22.6	0.871	0.552	0.715	0.509	0.592	0.527	0.766	0.912	0.593	0.967	0.545	1.047	0.829	0.491	0.534	0.493	0.048	0.850	0.783	0.555	0.551	0.535	0.876	0.871	0.513	0.850	0.554	0.823	0.521	0.790	0.813	0.048	0.630	0.664	0.652	0.903	0.665	0.473	0.485	0.528	0.298	0.719	0.584	0.625	0.794	0.716	0.629	0.888	0.609	0.545	0.504	0.507	0.537	0.814	0.578	0.603	0.782	0.602	0.795	0.947	0.718	0.542	0.591	0.553	0.609	0.743	0.660	0.656	0.606	0.916	0.790	1.056	0.561	0.614	0.579	0.584	0.617	0.605	0.630	0.600	0.667	0.832	0.046	0.807	0.753	0.640	0.819	0.601	0.614	0.062	0.836	0.704	0.721	1.057	0.923	0.830
52:00:51	22.6	0.810	0.519	0.785	0.531	0.539	0.569	0.707	0.961	0.605	0.999	0.619	1.018	0.838	0.529	0.509	0.508	0.048	0.829	0.746	0.555	0.527	0.544	0.879	0.836	0.506	0.865	0.526	0.852	0.485	0.810	0.832	0.047	0.543	0.594	0.623	0.912	0.640	0.507	0.478	0.512	0.315	0.712	0.630	0.610	0.688	0.713	0.621	0.848	0.562	0.537	0.531	0.545	0.546	0.814	0.538	0.576	0.841	0.613	0.737	0.914	0.671	0.574	0.543	0.532	0.566	0.779	0.573	0.643	0.616	0.921	0.784	1.018	0.516	0.612	0.562	0.606	0.613	0.547	0.639	0.608	0.658	0.850	0.045	0.759	0.779	0.642	0.837	0.609	0.607	0.062	0.796	0.655	0.716	1.053	0.902	0.805
53:00:51	22.6	0.839	0.521	0.807	0.546	0.539	0.586	0.894	0.967	0.625	0.991	0.616	0.934	0.908	0.491	0.523	0.507	0.048	0.813	0.793	0.532	0.567	0.544	0.879	0.823	0.542	0.907	0.547	0.833	0.499	0.806	0.843	0.047	0.521	0.649	0.629	0.913	0.729	0.513	0.519	0.522	0.303	0.756	0.576	0.585	0.744	0.673	0.647	0.834	0.602	0.520	0.516	0.546	0.523	0.830	0.570	0.631	0.828	0.634	0.740	0.844	0.638	0.554	0.599	0.552	0.526	0.808	0.612	0.652	0.606	0.916	0.812	0.987	0.549	0.529	0.600	0.581	0.648	0.554	0.644	0.620	0.681	0.842	0.045	0.782	0.790	0.615	0.821	0.648	0.589	0.062	0.870	0.682	0.695	1.042	0.889	0.794
54:00:52	22.6	0.898	0.527	0.806	0.574	0.567	0.584	0.936	0.948	0.650	0.926	0.670	0.967	0.957	0.537	0.547	0.535	0.048	0.910	0.828	0.577	0.631	0.576	0.898	0.831	0.551	0.981	0.573	0.826	0.542	0.884	0.843	0.047	0.599	0.686	0.757	0.872	0.793	0.566	0.537	0.590	0.344	0.726	0.587	0.626	0.794	0.751	0.675	0.844	0.629	0.569	0.549	0.574	0.563	0.853	0.661	0.639	0.885	0.652	0.844	0.932	0.734	0.605	0.622	0.582	0.615	0.788	0.662	0.644	0.617	0.953	0.872	0.986	0.574	0.668	0.604	0.644	0.649	0.610	0.659	0.644	0.665	0.895	0.045	0.785	0.792	0.633	0.892	0.631	0.632	0.062	0.929	0.702	0.735	1.036	0.889	0.807
55:00:52	22.6	0.912	0.573	0.858	0.636	0.600	0.601	0.961	1.042	0.681	0.980	0.728	0.976	1.034	0.594	0.600	0.577	0.048	0.965	0.895	0.580	0.661	0.594	0.948	0.919	0.588	1.013	0.662	0.860	0.578	0.882	0.847	0.047	0.660	0.886	0.886	0.850	0.872	0.600	0.564	0.606	0.318	0.823	0.667	0.679	0.842	0.836	0.681	0.862	0.705	0.569	0.597	0.591	0.653	0.857	0.718	0.664	0.901	0.657	0.937	0.952	0.874	0.621	0.608	0.612	0.677	0.833	0.791	0.701	0.685	0.974	0.897	0.998	0.657	0.824	0.724	0.690	0.676	0.690	0.639	0.672	0.800	0.954	0.045	0.812	0.794	0.642	0.928	0.677	0.697	0.062	0.982	0.825	0.878	1.088	0.912	0.842
56:00:54	22.5	0.969	0.562	0.932	0.626	0.615	0.630	0.963	1.052	0.716	0.950	0.779	0.958	1.059	0.601	0.588	0.549	0.049	0.954	0.931	0.658	0.733	0.624	0.968	0.943	0.625	1.010	0.663	0.814	0.603	0.935	0.851	0.047	0.703	0.919	0.936	0.848	0.875	0.613	0.571	0.636	0.324	0.829	0.732	0.758	0.870	0.861	0.690	0.838	0.745	0.586	0.604	0.615	0.655	0.904	0.731	0.660	0.889	0.670	0.939	0.989	0.951	0.620	0.604	0.601	0.667	0.821	0.830	0.715	0.666	0.967	0.932	1.040	0.713	0.860	0.790	0.720	0.655	0.777	0.651	0.680	0.829	0.984	0.045	0.830	0.820	0.680	0.957	0.702	0.654	0.061	1.012	0.818	0.905	1.138	0.903	0.824
57:00:54	22.4	1.007	0.553	0.936	0.652	0.634	0.615	1.026	1.024	0.728	0.993	0.851	0.930	1.046	0.622	0.593	0.591	0.048	0.948	0.952	0.695	0.777	0.625	0.967	0.948	0.642	1.021	0.783	0.859	0.614	0.932	0.864	0.047	0.771	0.964	0.982	0.898	0.884	0.691	0.599	0.663	0.336	0.861	0.807	0.814	0.885	0.890	0.729	0.822	0.857	0.643	0.623	0.611	0.721	0.906	0.804	0.685	0.890	0.676	0.895	1.021	0.956	0.648	0.632	0.615	0.712	0.837	0.879	0.784	0.732	0.976	0.966	1.069	0.759	0.861	0.864	0.762	0.686	0.841	0.666	0.747	0.902	1.002	0.045	0.823	0.828	0.745	0.939	0.702	0.706	0.061	1.018	0.916	0.963	1.180	0.917	0.801
58:00:56	22.3	1.026	0.549	0.951	0.654	0.657	0.623	1.041	0.988	0.816	0.993	0.869	0.879	1.064	0.640	0.605	0.642	0.048	0.871	0.970	0.797	0.891	0.622	0.958	0.960	0.693	1.017	0.835	0.902	0.625	0.990	0.877	0.047	0.828	0.993	1.015	0.915	0.883	0.761	0.616	0.657	0.357	0.867	0.861	0.867	0.908	0.926	0.762	0.805	0.807	0.666	0.676	0.680	0.757	0.913	0.819	0.733	0.844	0.684	0.873	1.026	0.911	0.644	0.643	0.641	0.732	0.885	0.873	0.844	0.798	0.992	0.999	1.103	0.799	0.880	0.885	0.844	0.668	0.879	0.717	0.740	0.917	1.006	0.045	0.834	0.823	0.786	0.933	0.728	0.730	0.061	1.048	0.985	1.003	1.212	0.919	0.793
59:00:57	22.2	1.050	0.544	0.956	0.741	0.718	0.685	1.126	0.967	0.841	1.038	0.965	0.897	1.108	0.723	0.628	0.650	0.048	0.891	0.971	0.906	0.941	0.754	0.957	0.988	0.756	1.004	0.925	0.910	0.657	1.012	0.874	0.047	0.890	1.004	1.001	0.989	0.877	0.888	0.680	0.750	0.333	0.888	0.907	0.935	0.931	0.953	0.874	0.815	0.842	0.729	0.666	0.702	0.856	0.924	0.873	0.824	0.865	0.690	0.999	1.048	0.834	0.673	0.722	0.661	0.819	0.864	0.923	0.889	0.896	0.973	1.008	1.127	0.848	0.892	0.896	0.927	0.721	0.897	0.845	0.810	0.947	1.028	0.045	0.864	0.824	0.869	0.937	0.735	0.781	0.060	1.069	1.009	1.042	1.230	0.935	0.794
60:00:57	22.3	1.077	0.542	0.941	0.740	0.701	0.675	1.152	1.046	0.892	1.055	0.970	0.858	1.129	0.712	0.656	0.675	0.048	0.953	0.963	0.961	0.975	0.758	0.932	0.999	0.852	0.997	0.940	0.899	0.723	0.959	0.855	0.047	0.926	1.017	0.980	1.017	0.906	0.913	0.679	0.808	0.371	0.884	0.904	0.921	0.934	0.953	0.899	0.818	0.893	0.775	0.722	0.746	0.889	0.929	0.893	0.821	0.878	0.695	1.039	1.031	0.889	0.694	0.734	0.676	0.850	0.878	0.955	0.942	0.915	1.006	1.016	1.146	0.865	0.902	0.875	0.950	0.742	0.887	0.921	0.856	0.919	1.039	0.045	0.861	0.827	0.927	0.936	0.757	0.844	0.061	1.085	1.037	1.065	1.248	0.929	0.788
61:00:58	22.3	1.087	0.590	0.939	0.783	0.748	0.729	1.142	1.060	0.892	1.085	1.030	0.848	1.147	0.788	0.689	0.670	0.048	0.998	0.968	0.997	1.019	0.862	0.945	0.991	0.920	1.017	0.977	0.920	0.743	1.013	0.830	0.047	0.942	1.015	0.979	1.059	0.944	0.893	0.659	0.849	0.390	0.899	0.917	0.894	0.918	0.936	0.960	0.826	0.896	0.794	0.753	0.760	0.926	0.937	0.876	0.906	0.904	0.709	1.037	1.035	0.936	0.716	0.751	0.734	0.880	0.898	0.963	0.978	0.940	1.026	1.033	1.153	0.881	0.897	0.858	0.941	0.760	0.910	0.926	0.918	0.927	1.050	0.045	0.868	0.819	0.910	0.938	0.767	0.882	0.061	1.093	1.061	1.086	1.258	0.912	0.768
62:01:00	22.3	1.101	0.608	0.922	0.804	0.826	0.748	1.110	1.102	0.931	1.113	1.080	0.814	1.162	0.759	0.709	0.706	0.048	1.022	0.970	1.012	1.021	0.919	0.963	0.981	0.916	1.012	0.979	0.925	0.760	1.020	0.820	0.047	0.948	1.003	1.004	1.088	0.958	0.889	0.690	0.836	0.416	0.875	0.902	0.853	0.930	0.953	0.986	0.844	0.909	0.829	0.744	0.789	0.925	0.949	0.882	0.942	0.918	0.723	1.015	1.057	0.946	0.750	0.852	0.741	0.902	0.900	0.957	0.970	0.955	1.015	1.034	1.119	0.880	0.910	0.859	0.948	0.772	0.922	0.960	0.956	0.944	1.053	0.045	0.862	0.802	0.937	0.963	0.865	0.931	0.060	1.090	1.092	1.107	1.257	0.918	0.742
63:01:00	22.3	1.113	0.688	0.878	0.864	0.920	0.780	1.101	1.112	0.973	1.125	1.116	0.869	1.159	0.895	0.719	0.794	0.048	0.999	0.971	1.042	1.047	1.005	0.975	0.975	1.038	1.024	0.998	0.936	0.823	1.023	0.826	0.047	0.971	0.966	1.023	1.108	0.985	0.931	0.765	0.907	0.428	0.891	0.917	0.876	0.948	0.964	1.021	0.864	0.961	0.906	0.867	0.866	0.963	0.962	0.883	0.976	0.929	0.733	1.037	1.066	0.984	0.766	0.925	0.806	0.925	0.891	0.955	1.010	0.984	1.002	1.038	1.145	0.894	0.908	0.872	0.941	0.843	0.931	0.976	0.977	0.904	1.051	0.045	0.874	0.804	0.965	0.982	0.933	0.978	0.061	1.086	1.111	1.121	1.255	0.913	0.755
64:01:00	22.4	1.093	0.799	0.876	0.939	0.995	0.876	1.035	1.147	1.059	1.094	1.160	0.970	1.173	0.931	0.773	0.883	0.048	1.065	0.971	1.038	1.044	1.046	0.971	0.996	1.019	1.006	1.005	0.943	0.897	1.015	0.823	0.047	0.945	0.953	1.041	1.118	1.034	0.970	0.852	0.934	0.429	0.910	0.954	0.895	0.962	0.967	1.032	0.888	1.014	0.927	0.932	0.953	0.967	0.960	0.879	1.023	0.956	0.741	0.998	1.077	0.997	0.867	0.953	0.890	0.946	0.858	0.972	1.031	1.000	0.985	1.046	1.155	0.905	0.892	0.894	0.962	0.935	0.968	1.012	0.997	0.875	1.041	0.045	0.871	0.824	0.936	1.008	0.990	0.999	0.060	1.092	1.128	1.135	1.257	0.916	0.763
65:01:02	22.7	1.012	0.782	0.852	0.908	1.022	0.864	0.983	1.116	1.107	1.053	1.139	0.912	1.179	0.922	0.767	0.874	0.048	1.069	0.959	1.068	1.030	1.054	0.981	1.001	1.018	0.990	1.016	0.959	0.946	1.009	0.828	0.047	0.959	0.976	1.057	1.125	1.059	0.990	0.839	0.966	0.453	0.917	0.950	0.909	0.968	0.970	1.010	0.897	1.014	0.969	0.927	0.916	0.978	0.957	0.887	1.016	0.979	0.749	0.897	1.078	1.004	0.856	0.970	0.908	0.944	0.844	0.989	1.049	1.026	0.975	1.048	1.139	0.931	0.876	0.897	0.948	0.918	0.984	1.026	1.019	0.902	1.037	0.045	0.845	0.840	0.956	1.046	1.004	0.999	0.060	1.092	1.139	1.147	1.238	0.903	0.797
66:01:02	22.9	1.016	0.817	0.855	0.942	1.026	0.888	1.012	1.110	1.124	1.023	1.107	0.878	1.184	0.968	0.792	0.960	0.048	1.010	0.960	1.084	1.015	1.077	0.984	0.986	1.041	0.982	1.024	0.971	0.956	1.011	0.835	0.047	0.974	0.978	1.067	1.125	1.075	0.986	0.897	0.976	0.455	0.926	0.961	0.925	0.969	0.974	0.985	0.911	1.019	0.986	0.928	0.940	0.962	0.953	0.890	0.991	0.997	0.758	0.931	1.090	0.998	0.911	0.976	0.939	0.953	0.868	0.993	1.041	1.054	0.978	1.048	1.136	0.952	0.892	0.885	0.944	0.947	0.974	1.041	1.031	0.907	1.031	0.045	0.847	0.840	0.961	1.081	0.992	1.037	0.060	1.081	1.154	1.158	1.246	0.915	0.850
67:01:04	23.0	0.985	0.886	0.870	0.935	0.999	0.969	0.971	1.118	1.128	1.037	1.081	0.921	1.183	0.955	0.881	1.003	0.048	1.004	0.972	1.070	0.973	1.099	0.974	1.008	1.038	0.984	1.019	0.942	0.973	1.015	0.844	0.046	0.989	0.983	1.041	1.136	1.088	0.996	0.938	0.988	0.430	0.929	0.984	0.941	0.967	0.978	1.028	0.906	1.054	1.019	0.936	0.960	0.968	0.962	0.897	0.958	1.033	0.765	0.976	1.090	1.026	0.935	0.993	0.954	0.970	0.852	1.011	1.019	1.062	0.984	1.041	1.136	0.998	0.895	0.908	0.954	0.985	0.985	1.040	1.017	0.916	1.013	0.045	0.870	0.838	0.944	1.103	1.025	1.051	0.060	1.085	1.160	1.159	1.222	0.913	0.856
68:01:04	23.0	0.954	0.975	0.886	0.989	1.001	0.995	0.939	1.154	1.161	1.055	1.143	0.890	1.179	0.990	0.918	1.031	0.048	0.974	0.986	1.093	0.995	1.127	0.968	1.036	1.068	0.999	1.007	0.930	0.980	1.009	0.846	0.046	1.009	1.002	1.023	1.152	1.077	1.002	0.960	0.990	0.513	0.920	0.982	0.973	0.977	0.982	1.036	0.916	1.077	1.020	0.922	0.940	0.938	0.988	0.910	0.977	1.045	0.769	1.019	1.098	1.059	0.983	1.026	0.967	0.979	0.874	1.007	1.009	1.068	0.987	1.036	1.134	1.010	0.895	0.920	0.983	0.986	0.996	1.042	1.006	0.932	0.973	0.044	0.859	0.848	0.962	1.106	1.003	1.063	0.059	1.054	1.157	1.165	1.220	0.922	0.816
69:01:06	22.9	0.945	0.993	0.919	1.083	1.068	1.094	0.936	1.095	1.162	1.093	1.177	0.907	1.182	1.040	0.990	1.040	0.049	0.999	0.984	1.100	0.991	1.138	0.949	1.060	1.088	0.994	1.011	0.963	0.997	0.988	0.842	0.046	1.014	1.023	1.019	1.149	1.081	1.010	1.003	0.999	0.516	0.947	0.971	0.996	0.983	0.985	1.072	0.915	1.104	1.025	0.932	0.971	0.933	1.006	0.918	1.009	1.039	0.771	1.034	1.099	1.084	1.023	1.023	0.992	1.002	0.896	1.032	1.028	1.072	0.990	1.032	1.128	1.021	0.896	0.931	1.009	1.004	1.006	1.039	0.993	0.947	0.975	0.045	0.874	0.849	0.993	1.119	1.024	1.080	0.060	1.030	1.148	1.170	1.208	0.940	0.818
70:01:06	22.9	0.871	1.029	0.958	1.068	1.058	1.149	0.928	1.144	1.173	1.083	1.194	0.955	1.179	1.055	1.053	1.081	0.048	1.039	0.981	1.105	1.012	1.135	0.940	1.068	1.126	0.995	1.011	0.989	1.029	0.983	0.847	0.046	1.028	1.031	1.014	1.123	1.086	1.004	1.002	0.995	0.523	0.962	0.971	1.023	0.993	0.986	1.096	0.918	1.104	1.050	0.917	0.993	0.967	1.024	0.928	1.039	1.003	0.765	1.060	1.093	1.098	1.023	1.018	1.006	1.005	0.942	1.046	1.091	1.058	0.997	1.034	1.110	1.046	0.915	0.943	1.006	1.008	1.008	1.039	0.985	0.964	0.966	0.044	0.874	0.852	1.022	1.118	1.070	1.099	0.059	1.014	1.126	1.178	1.211	0.957	0.798
71:01:08	22.7	0.801	1.075	0.967	1.115	1.136	1.174	0.919	1.187	1.198	1.092	1.223	0.976	1.159	1.050	1.079	1.088	0.048	1.089	0.983	1.108	1.018	1.111	0.933	1.089	1.140	1.011	1.002	0.999	1.058	0.984	0.858	0.045	1.038	1.031	0.992	1.112	1.080	0.983	1.002	1.015	0.479	0.963	0.975	1.043	0.998	0.984	1.087	0.925	1.091	1.059	0.926	1.012	0.993	1.036	0.938	1.062	1.000	0.763	1.081	1.090	1.113	1.015	1.029	0.999	1.005	0.958	1.052	1.113	1.012	1.005	1.038	1.075	1.074	0.926	0.928	1.002	1.001	1.007	1.054	0.961	0.977	0.958	0.044	0.872	0.865	1.038	1.116	1.096	1.099	0.059	1.003	1.113	1.187	1.203	0.967	0.791
72:01:08	22.8	0.761	1.038	0.957	1.102	1.151	1.148	0.927	1.186	1.236	1.061	1.247	0.988	1.105	1.036	1.103	1.092	0.048	1.091	0.985	1.085	1.013	1.107	0.941	1.100	1.152	1.020	0.993	0.989	1.078	0.989	0.852	0.046	1.042	1.022	0.998	1.077	1.074	0.956	1.007	1.025	0.581	0.981	0.957	1.059	0.992	0.987	1.082	0.930	1.105	1.054	0.938	1.032	1.014	1.045	0.943	1.056	0.998	0.758	1.094	1.081	1.105	1.008	1.050	0.991	1.015	0.980	1.046	1.134	0.992	1.007	1.027	1.058	1.067	0.928	0.922	1.017	0.982	1.006	1.064	0.980	0.983	0.949	0.044	0.905	0.858	1.034	1.121	1.112	1.115	0.059	1.002	1.103	1.188	1.172	0.983	0.751

