Time	T° 600	A1	A2	A3	A4	A5	A6	A7	A8	A9	A10	A11	A12	B1	B2	B3	B4	B5	B6	B7	B8	B9	B10	B11	B12	C1	C2	C3	C4	C5	C6	C7	C8	C9	C10	C11	C12	D1	D2	D3	D4	D5	D6	D7	D8	D9	D10	D11	D12	E1	E2	E3	E4	E5	E6	E7	E8	E9	E10	E11	E12	F1	F2	F3	F4	F5	F6	F7	F8	F9	F10	F11	F12	G1	G2	G3	G4	G5	G6	G7	G8	G9	G10	G11	G12	H1	H2	H3	H4	H5	H6	H7	H8	H9	H10	H11	H12
0:00:06	25.0	0.044	0.042	0.045	0.045	0.043	0.044	0.044	0.043	0.045	0.052	0.047	0.045	0.043	0.043	0.044	0.045	0.053	0.045	0.047	0.045	0.046	0.046	0.045	0.046	0.043	0.046	0.044	0.043	0.043	0.045	0.047	0.044	0.044	0.046	0.045	0.045	0.045	0.043	0.043	0.043	0.043	0.044	0.050	0.045	0.044	0.046	0.044	0.045	0.045	0.046	0.045	0.045	0.044	0.045	0.048	0.043	0.044	0.043	0.043	0.043	0.044	0.045	0.045	0.043	0.046	0.044	0.044	0.043	0.043	0.043	0.044	0.043	0.045	0.045	0.056	0.044	0.045	0.045	0.045	0.046	0.045	0.045	0.044	0.043	0.044	0.046	0.044	0.046	0.044	0.047	0.045	0.045	0.046	0.046	0.044	0.045
1:00:03	24.9	0.044	0.042	0.046	0.046	0.044	0.045	0.045	0.044	0.046	0.053	0.047	0.046	0.044	0.043	0.044	0.046	0.053	0.045	0.047	0.046	0.047	0.047	0.046	0.046	0.043	0.046	0.044	0.043	0.044	0.045	0.048	0.044	0.045	0.047	0.045	0.046	0.045	0.044	0.043	0.043	0.043	0.044	0.050	0.045	0.044	0.047	0.045	0.045	0.045	0.046	0.046	0.046	0.045	0.045	0.049	0.043	0.044	0.044	0.044	0.044	0.044	0.046	0.046	0.043	0.046	0.044	0.044	0.044	0.044	0.044	0.045	0.043	0.046	0.045	0.056	0.045	0.045	0.045	0.046	0.046	0.046	0.045	0.045	0.044	0.045	0.046	0.045	0.046	0.044	0.051	0.046	0.045	0.046	0.047	0.045	0.045
2:00:05	24.7	0.045	0.043	0.047	0.047	0.045	0.045	0.046	0.044	0.047	0.053	0.048	0.047	0.045	0.044	0.045	0.047	0.053	0.047	0.049	0.047	0.048	0.048	0.047	0.047	0.044	0.048	0.045	0.044	0.045	0.046	0.050	0.045	0.046	0.048	0.046	0.047	0.045	0.044	0.044	0.044	0.044	0.045	0.050	0.046	0.045	0.048	0.046	0.046	0.046	0.047	0.048	0.047	0.046	0.046	0.050	0.044	0.045	0.045	0.045	0.045	0.045	0.047	0.047	0.044	0.047	0.045	0.045	0.044	0.045	0.044	0.046	0.044	0.047	0.047	0.057	0.046	0.046	0.047	0.047	0.048	0.047	0.046	0.045	0.044	0.046	0.048	0.046	0.047	0.045	0.054	0.047	0.047	0.048	0.048	0.046	0.045
3:00:07	24.6	0.047	0.044	0.049	0.049	0.046	0.047	0.048	0.046	0.049	0.054	0.049	0.048	0.046	0.046	0.047	0.048	0.054	0.048	0.050	0.049	0.049	0.050	0.049	0.049	0.046	0.049	0.045	0.046	0.046	0.048	0.051	0.047	0.048	0.050	0.048	0.049	0.047	0.046	0.046	0.046	0.046	0.047	0.052	0.048	0.047	0.048	0.048	0.048	0.048	0.048	0.049	0.049	0.047	0.048	0.051	0.044	0.046	0.046	0.047	0.047	0.047	0.049	0.048	0.046	0.049	0.047	0.047	0.047	0.046	0.046	0.048	0.046	0.048	0.049	0.059	0.047	0.048	0.048	0.049	0.049	0.049	0.047	0.047	0.045	0.047	0.049	0.047	0.049	0.046	0.055	0.049	0.048	0.050	0.050	0.048	0.047
4:00:07	24.7	0.051	0.047	0.053	0.053	0.050	0.051	0.051	0.049	0.053	0.058	0.051	0.052	0.048	0.049	0.050	0.052	0.058	0.052	0.054	0.053	0.053	0.054	0.053	0.053	0.050	0.053	0.046	0.050	0.050	0.051	0.056	0.051	0.052	0.053	0.052	0.053	0.051	0.050	0.050	0.050	0.049	0.051	0.056	0.052	0.051	0.050	0.053	0.051	0.051	0.052	0.053	0.053	0.050	0.051	0.055	0.044	0.051	0.050	0.051	0.052	0.051	0.052	0.052	0.049	0.053	0.051	0.050	0.050	0.047	0.051	0.053	0.051	0.052	0.053	0.063	0.052	0.051	0.052	0.053	0.054	0.053	0.051	0.051	0.046	0.051	0.053	0.051	0.053	0.050	0.057	0.052	0.053	0.054	0.054	0.052	0.050
5:00:09	24.9	0.064	0.056	0.065	0.065	0.062	0.062	0.065	0.060	0.065	0.071	0.055	0.064	0.055	0.059	0.061	0.062	0.069	0.064	0.067	0.066	0.067	0.067	0.066	0.063	0.060	0.065	0.049	0.061	0.062	0.062	0.070	0.063	0.064	0.065	0.065	0.065	0.063	0.059	0.061	0.060	0.059	0.062	0.068	0.063	0.062	0.051	0.068	0.063	0.061	0.060	0.062	0.063	0.058	0.061	0.067	0.045	0.062	0.060	0.062	0.065	0.061	0.063	0.063	0.060	0.065	0.061	0.060	0.061	0.050	0.064	0.067	0.063	0.063	0.066	0.074	0.064	0.062	0.064	0.066	0.067	0.066	0.063	0.061	0.048	0.061	0.061	0.062	0.064	0.060	0.068	0.062	0.065	0.066	0.067	0.065	0.060
6:00:10	25.0	0.088	0.075	0.091	0.089	0.085	0.086	0.090	0.083	0.089	0.096	0.066	0.092	0.073	0.078	0.081	0.082	0.088	0.084	0.087	0.087	0.087	0.092	0.089	0.087	0.082	0.083	0.054	0.080	0.082	0.082	0.092	0.082	0.084	0.085	0.087	0.091	0.085	0.077	0.079	0.079	0.078	0.079	0.088	0.083	0.080	0.054	0.092	0.088	0.080	0.078	0.080	0.080	0.075	0.078	0.086	0.046	0.080	0.079	0.086	0.095	0.082	0.082	0.083	0.079	0.085	0.079	0.080	0.083	0.052	0.089	0.089	0.090	0.085	0.088	0.095	0.083	0.081	0.084	0.087	0.090	0.087	0.082	0.083	0.050	0.082	0.082	0.083	0.084	0.081	0.089	0.082	0.086	0.092	0.090	0.090	0.088
7:00:10	24.9	0.116	0.095	0.120	0.116	0.112	0.115	0.117	0.111	0.120	0.124	0.093	0.130	0.095	0.100	0.105	0.107	0.111	0.107	0.111	0.111	0.110	0.128	0.116	0.118	0.104	0.107	0.066	0.103	0.103	0.104	0.118	0.105	0.108	0.107	0.114	0.125	0.113	0.100	0.102	0.102	0.101	0.100	0.114	0.106	0.100	0.057	0.125	0.121	0.103	0.100	0.097	0.101	0.095	0.097	0.109	0.047	0.105	0.100	0.117	0.134	0.106	0.104	0.107	0.102	0.108	0.100	0.103	0.108	0.055	0.125	0.120	0.124	0.109	0.114	0.119	0.106	0.103	0.104	0.112	0.120	0.112	0.106	0.111	0.051	0.109	0.106	0.108	0.110	0.105	0.115	0.105	0.112	0.125	0.120	0.124	0.128
8:00:10	24.8	0.154	0.122	0.163	0.155	0.147	0.151	0.156	0.147	0.161	0.164	0.131	0.185	0.126	0.129	0.135	0.139	0.142	0.138	0.143	0.142	0.139	0.172	0.152	0.163	0.137	0.136	0.082	0.135	0.132	0.134	0.154	0.135	0.141	0.136	0.151	0.173	0.152	0.130	0.134	0.132	0.130	0.127	0.149	0.136	0.127	0.059	0.167	0.166	0.133	0.129	0.122	0.128	0.121	0.122	0.141	0.048	0.136	0.127	0.159	0.187	0.139	0.132	0.140	0.131	0.137	0.128	0.133	0.142	0.057	0.170	0.159	0.171	0.144	0.149	0.150	0.137	0.131	0.133	0.144	0.159	0.144	0.136	0.149	0.052	0.145	0.137	0.142	0.145	0.135	0.147	0.135	0.146	0.167	0.160	0.165	0.173
9:00:11	24.6	0.191	0.152	0.203	0.199	0.188	0.194	0.200	0.190	0.211	0.212	0.185	0.242	0.166	0.163	0.171	0.176	0.178	0.176	0.182	0.180	0.174	0.214	0.196	0.214	0.174	0.172	0.102	0.170	0.165	0.169	0.196	0.173	0.179	0.171	0.195	0.229	0.195	0.167	0.170	0.169	0.164	0.156	0.192	0.172	0.159	0.063	0.218	0.218	0.169	0.163	0.150	0.161	0.152	0.152	0.177	0.049	0.173	0.161	0.207	0.236	0.178	0.166	0.181	0.167	0.172	0.161	0.170	0.182	0.059	0.217	0.202	0.221	0.183	0.190	0.189	0.172	0.163	0.169	0.182	0.201	0.184	0.172	0.193	0.054	0.187	0.175	0.181	0.185	0.171	0.185	0.173	0.187	0.212	0.206	0.211	0.218
10:00:12	24.5	0.228	0.192	0.245	0.245	0.232	0.239	0.246	0.238	0.263	0.263	0.240	0.292	0.205	0.203	0.211	0.217	0.219	0.216	0.224	0.221	0.213	0.254	0.244	0.267	0.214	0.211	0.129	0.211	0.203	0.208	0.240	0.214	0.222	0.212	0.244	0.285	0.236	0.207	0.213	0.209	0.201	0.192	0.234	0.211	0.194	0.067	0.269	0.270	0.209	0.201	0.182	0.199	0.188	0.185	0.217	0.050	0.214	0.199	0.257	0.281	0.220	0.205	0.224	0.206	0.208	0.197	0.213	0.225	0.060	0.265	0.248	0.267	0.223	0.233	0.230	0.211	0.199	0.207	0.223	0.244	0.227	0.213	0.238	0.055	0.229	0.218	0.224	0.229	0.210	0.226	0.215	0.231	0.257	0.251	0.257	0.260
11:00:13	24.4	0.268	0.233	0.279	0.285	0.274	0.283	0.287	0.285	0.312	0.313	0.293	0.336	0.247	0.246	0.255	0.259	0.263	0.260	0.268	0.264	0.256	0.294	0.295	0.315	0.254	0.254	0.158	0.254	0.243	0.250	0.286	0.256	0.267	0.255	0.296	0.338	0.276	0.250	0.257	0.251	0.238	0.229	0.279	0.254	0.234	0.071	0.319	0.317	0.250	0.240	0.218	0.241	0.227	0.223	0.257	0.051	0.255	0.240	0.304	0.319	0.261	0.246	0.263	0.247	0.247	0.238	0.258	0.270	0.061	0.310	0.293	0.310	0.263	0.271	0.272	0.250	0.238	0.249	0.265	0.287	0.275	0.256	0.283	0.056	0.264	0.257	0.265	0.271	0.252	0.267	0.260	0.277	0.300	0.295	0.297	0.298
12:00:14	24.3	0.304	0.282	0.318	0.329	0.315	0.324	0.330	0.333	0.361	0.364	0.339	0.381	0.288	0.289	0.298	0.303	0.307	0.308	0.315	0.311	0.303	0.339	0.343	0.362	0.294	0.299	0.186	0.298	0.285	0.292	0.332	0.302	0.313	0.304	0.349	0.388	0.315	0.294	0.303	0.295	0.278	0.270	0.325	0.299	0.279	0.075	0.371	0.364	0.294	0.281	0.258	0.283	0.266	0.264	0.302	0.052	0.301	0.285	0.357	0.370	0.300	0.290	0.302	0.290	0.288	0.282	0.307	0.317	0.063	0.358	0.342	0.356	0.303	0.312	0.313	0.293	0.281	0.294	0.311	0.336	0.326	0.302	0.333	0.057	0.301	0.297	0.307	0.314	0.298	0.316	0.308	0.323	0.346	0.344	0.340	0.336
13:00:15	24.3	0.339	0.333	0.360	0.368	0.354	0.366	0.371	0.378	0.409	0.409	0.381	0.429	0.329	0.336	0.345	0.349	0.354	0.353	0.359	0.358	0.353	0.380	0.391	0.412	0.339	0.349	0.212	0.344	0.331	0.335	0.376	0.348	0.360	0.356	0.404	0.443	0.355	0.340	0.349	0.340	0.318	0.313	0.371	0.346	0.327	0.079	0.422	0.414	0.338	0.322	0.301	0.328	0.306	0.307	0.346	0.053	0.353	0.331	0.412	0.413	0.344	0.337	0.348	0.336	0.331	0.332	0.358	0.367	0.063	0.406	0.393	0.404	0.344	0.357	0.360	0.339	0.324	0.343	0.360	0.384	0.382	0.352	0.386	0.057	0.338	0.340	0.353	0.361	0.347	0.361	0.358	0.373	0.390	0.393	0.380	0.375
14:00:16	24.4	0.360	0.380	0.392	0.408	0.393	0.405	0.410	0.421	0.452	0.456	0.424	0.462	0.370	0.383	0.388	0.391	0.397	0.397	0.398	0.401	0.395	0.418	0.444	0.458	0.379	0.391	0.240	0.386	0.372	0.376	0.422	0.391	0.405	0.403	0.456	0.487	0.393	0.388	0.396	0.385	0.361	0.361	0.411	0.391	0.376	0.084	0.473	0.460	0.382	0.368	0.346	0.372	0.349	0.351	0.389	0.054	0.397	0.376	0.462	0.447	0.388	0.387	0.397	0.384	0.375	0.381	0.404	0.411	0.063	0.440	0.444	0.450	0.385	0.405	0.409	0.386	0.371	0.391	0.409	0.426	0.440	0.402	0.440	0.058	0.376	0.386	0.401	0.412	0.401	0.414	0.415	0.427	0.434	0.443	0.425	0.415
15:00:17	24.8	0.383	0.431	0.425	0.447	0.430	0.444	0.444	0.465	0.503	0.498	0.458	0.496	0.406	0.426	0.432	0.431	0.439	0.444	0.442	0.442	0.440	0.461	0.493	0.497	0.412	0.436	0.270	0.429	0.415	0.414	0.472	0.433	0.446	0.448	0.510	0.528	0.416	0.429	0.438	0.424	0.403	0.405	0.452	0.438	0.420	0.089	0.522	0.497	0.421	0.410	0.389	0.412	0.387	0.393	0.431	0.055	0.437	0.418	0.502	0.479	0.424	0.433	0.438	0.428	0.415	0.429	0.449	0.452	0.063	0.476	0.488	0.486	0.420	0.449	0.457	0.430	0.415	0.439	0.455	0.468	0.493	0.448	0.483	0.059	0.408	0.427	0.444	0.459	0.453	0.458	0.464	0.479	0.469	0.483	0.463	0.458
16:00:17	24.9	0.413	0.489	0.456	0.486	0.469	0.485	0.472	0.518	0.561	0.546	0.501	0.530	0.440	0.477	0.479	0.477	0.488	0.498	0.492	0.493	0.478	0.508	0.547	0.543	0.447	0.482	0.303	0.474	0.457	0.451	0.518	0.471	0.500	0.493	0.563	0.583	0.444	0.472	0.484	0.472	0.443	0.450	0.497	0.481	0.463	0.096	0.577	0.539	0.451	0.447	0.428	0.449	0.429	0.434	0.476	0.056	0.481	0.464	0.551	0.513	0.456	0.478	0.480	0.472	0.457	0.470	0.492	0.501	0.063	0.510	0.535	0.530	0.452	0.487	0.499	0.472	0.458	0.484	0.498	0.509	0.545	0.499	0.528	0.059	0.434	0.463	0.483	0.498	0.498	0.501	0.512	0.531	0.505	0.523	0.500	0.497
17:00:18	24.8	0.441	0.552	0.482	0.498	0.490	0.512	0.498	0.560	0.600	0.588	0.534	0.568	0.475	0.515	0.521	0.514	0.541	0.555	0.538	0.532	0.519	0.550	0.593	0.584	0.475	0.530	0.336	0.517	0.502	0.489	0.565	0.519	0.535	0.530	0.614	0.644	0.467	0.519	0.533	0.517	0.484	0.492	0.533	0.529	0.500	0.111	0.635	0.581	0.483	0.489	0.469	0.490	0.469	0.473	0.524	0.056	0.528	0.511	0.614	0.561	0.490	0.520	0.523	0.521	0.499	0.509	0.537	0.549	0.062	0.552	0.592	0.578	0.480	0.525	0.542	0.519	0.503	0.525	0.547	0.559	0.590	0.552	0.573	0.058	0.461	0.498	0.524	0.542	0.551	0.542	0.559	0.578	0.546	0.568	0.550	0.532
18:00:20	24.9	0.481	0.615	0.529	0.543	0.529	0.553	0.556	0.615	0.656	0.635	0.582	0.614	0.503	0.557	0.563	0.553	0.584	0.614	0.582	0.580	0.566	0.571	0.642	0.629	0.501	0.579	0.368	0.563	0.541	0.527	0.616	0.560	0.595	0.579	0.661	0.697	0.495	0.571	0.583	0.565	0.523	0.532	0.581	0.571	0.539	0.134	0.694	0.627	0.530	0.547	0.509	0.541	0.514	0.512	0.575	0.057	0.581	0.564	0.670	0.599	0.524	0.573	0.564	0.568	0.534	0.556	0.582	0.607	0.061	0.589	0.647	0.624	0.503	0.565	0.594	0.567	0.548	0.574	0.603	0.597	0.632	0.608	0.633	0.058	0.487	0.538	0.558	0.596	0.609	0.596	0.616	0.628	0.572	0.607	0.597	0.576
19:00:21	25.1	0.509	0.646	0.551	0.583	0.568	0.590	0.592	0.656	0.680	0.654	0.627	0.648	0.530	0.604	0.607	0.589	0.642	0.659	0.636	0.644	0.616	0.571	0.699	0.678	0.532	0.628	0.396	0.618	0.589	0.569	0.666	0.622	0.645	0.635	0.714	0.739	0.532	0.617	0.640	0.613	0.563	0.588	0.611	0.630	0.586	0.156	0.759	0.663	0.557	0.592	0.549	0.589	0.554	0.560	0.634	0.058	0.636	0.626	0.707	0.627	0.553	0.626	0.600	0.612	0.576	0.609	0.640	0.664	0.060	0.621	0.697	0.670	0.523	0.609	0.640	0.609	0.602	0.634	0.655	0.614	0.681	0.668	0.685	0.057	0.506	0.576	0.605	0.648	0.669	0.640	0.680	0.688	0.610	0.649	0.655	0.621
20:00:21	25.3	0.515	0.689	0.566	0.612	0.597	0.614	0.600	0.681	0.696	0.661	0.666	0.646	0.573	0.644	0.650	0.639	0.665	0.672	0.665	0.676	0.656	0.579	0.733	0.699	0.568	0.670	0.426	0.659	0.629	0.613	0.698	0.657	0.685	0.684	0.757	0.750	0.548	0.650	0.687	0.652	0.600	0.631	0.628	0.679	0.649	0.180	0.781	0.697	0.590	0.622	0.607	0.648	0.604	0.610	0.666	0.058	0.685	0.674	0.731	0.628	0.595	0.681	0.647	0.664	0.607	0.666	0.687	0.709	0.060	0.642	0.741	0.706	0.560	0.653	0.692	0.637	0.649	0.702	0.705	0.617	0.734	0.718	0.718	0.057	0.540	0.620	0.636	0.692	0.716	0.686	0.727	0.741	0.635	0.683	0.704	0.654
21:00:23	25.6	0.522	0.719	0.551	0.606	0.594	0.605	0.588	0.676	0.697	0.629	0.674	0.634	0.611	0.665	0.680	0.649	0.685	0.683	0.691	0.704	0.686	0.594	0.756	0.714	0.581	0.696	0.448	0.674	0.649	0.653	0.721	0.685	0.700	0.715	0.775	0.739	0.550	0.663	0.706	0.677	0.616	0.675	0.639	0.701	0.684	0.201	0.800	0.697	0.608	0.638	0.658	0.670	0.640	0.645	0.688	0.058	0.702	0.695	0.741	0.630	0.618	0.711	0.672	0.700	0.618	0.702	0.717	0.732	0.059	0.623	0.748	0.687	0.583	0.672	0.713	0.649	0.678	0.734	0.725	0.615	0.768	0.735	0.730	0.056	0.568	0.651	0.645	0.706	0.746	0.708	0.750	0.766	0.640	0.690	0.688	0.661
22:00:23	25.8	0.529	0.710	0.559	0.589	0.584	0.601	0.578	0.667	0.668	0.628	0.661	0.652	0.628	0.708	0.703	0.663	0.696	0.663	0.708	0.717	0.698	0.609	0.779	0.697	0.580	0.717	0.480	0.702	0.659	0.671	0.742	0.698	0.722	0.731	0.810	0.722	0.548	0.672	0.721	0.692	0.626	0.704	0.611	0.725	0.710	0.221	0.772	0.680	0.611	0.651	0.681	0.689	0.657	0.682	0.699	0.059	0.717	0.718	0.716	0.645	0.612	0.729	0.689	0.718	0.624	0.719	0.729	0.738	0.058	0.627	0.754	0.678	0.583	0.655	0.727	0.658	0.687	0.740	0.725	0.625	0.789	0.736	0.721	0.056	0.576	0.661	0.642	0.707	0.759	0.699	0.749	0.772	0.636	0.671	0.678	0.668
23:00:24	26.0	0.535	0.733	0.587	0.595	0.578	0.601	0.590	0.651	0.691	0.659	0.676	0.671	0.627	0.722	0.709	0.663	0.691	0.661	0.716	0.719	0.702	0.622	0.778	0.688	0.574	0.704	0.523	0.713	0.675	0.675	0.713	0.709	0.740	0.740	0.813	0.735	0.570	0.671	0.734	0.711	0.631	0.718	0.624	0.729	0.709	0.240	0.801	0.704	0.616	0.655	0.707	0.707	0.661	0.699	0.700	0.060	0.731	0.726	0.735	0.654	0.600	0.731	0.651	0.721	0.624	0.734	0.745	0.739	0.058	0.651	0.720	0.698	0.582	0.655	0.690	0.642	0.688	0.757	0.704	0.653	0.805	0.713	0.687	0.055	0.590	0.658	0.636	0.675	0.742	0.670	0.762	0.747	0.660	0.679	0.689	0.673
24:00:26	26.0	0.537	0.765	0.615	0.616	0.598	0.614	0.594	0.671	0.710	0.697	0.720	0.684	0.618	0.700	0.690	0.652	0.655	0.708	0.716	0.729	0.728	0.637	0.810	0.717	0.599	0.676	0.549	0.695	0.668	0.694	0.758	0.735	0.757	0.774	0.814	0.776	0.602	0.658	0.722	0.700	0.629	0.723	0.650	0.741	0.709	0.249	0.849	0.737	0.613	0.646	0.733	0.719	0.669	0.720	0.686	0.061	0.745	0.743	0.787	0.658	0.621	0.731	0.664	0.728	0.630	0.744	0.764	0.727	0.058	0.674	0.760	0.727	0.601	0.695	0.720	0.664	0.686	0.715	0.728	0.666	0.822	0.722	0.741	0.055	0.598	0.654	0.650	0.695	0.751	0.691	0.742	0.766	0.684	0.720	0.714	0.673
25:00:27	25.8	0.552	0.769	0.611	0.632	0.611	0.644	0.616	0.685	0.724	0.701	0.715	0.679	0.643	0.686	0.703	0.651	0.707	0.732	0.707	0.731	0.732	0.634	0.816	0.734	0.619	0.728	0.556	0.672	0.662	0.681	0.781	0.725	0.742	0.790	0.853	0.783	0.600	0.680	0.725	0.684	0.629	0.711	0.675	0.739	0.707	0.275	0.853	0.753	0.625	0.647	0.744	0.698	0.663	0.726	0.727	0.067	0.691	0.720	0.797	0.655	0.648	0.716	0.696	0.715	0.660	0.742	0.746	0.776	0.057	0.678	0.806	0.728	0.626	0.708	0.744	0.703	0.688	0.744	0.762	0.692	0.826	0.780	0.774	0.055	0.626	0.665	0.664	0.719	0.793	0.713	0.751	0.800	0.691	0.723	0.718	0.671
26:00:27	25.6	0.567	0.793	0.643	0.649	0.631	0.648	0.604	0.701	0.726	0.716	0.755	0.674	0.662	0.740	0.752	0.690	0.741	0.755	0.761	0.761	0.749	0.639	0.841	0.752	0.656	0.757	0.565	0.732	0.706	0.672	0.793	0.733	0.791	0.788	0.864	0.788	0.623	0.713	0.768	0.735	0.641	0.740	0.698	0.758	0.735	0.289	0.867	0.762	0.638	0.676	0.752	0.705	0.669	0.734	0.758	0.076	0.731	0.744	0.810	0.657	0.666	0.770	0.738	0.778	0.690	0.770	0.787	0.804	0.057	0.682	0.829	0.741	0.639	0.730	0.777	0.722	0.739	0.778	0.781	0.690	0.862	0.817	0.797	0.055	0.617	0.697	0.681	0.741	0.824	0.727	0.788	0.820	0.684	0.731	0.720	0.668
27:00:28	25.2	0.567	0.793	0.654	0.659	0.650	0.650	0.606	0.710	0.735	0.724	0.753	0.668	0.687	0.768	0.772	0.716	0.774	0.759	0.775	0.778	0.784	0.642	0.855	0.754	0.676	0.782	0.570	0.751	0.736	0.723	0.804	0.759	0.815	0.815	0.871	0.787	0.627	0.732	0.796	0.757	0.676	0.764	0.704	0.794	0.771	0.314	0.860	0.764	0.665	0.702	0.759	0.744	0.674	0.754	0.775	0.090	0.796	0.790	0.814	0.654	0.679	0.803	0.763	0.811	0.710	0.795	0.810	0.823	0.058	0.684	0.831	0.734	0.655	0.740	0.792	0.733	0.775	0.806	0.784	0.700	0.881	0.826	0.792	0.055	0.625	0.708	0.692	0.746	0.840	0.724	0.811	0.817	0.680	0.729	0.715	0.668
28:00:29	24.9	0.575	0.777	0.665	0.656	0.658	0.658	0.605	0.710	0.745	0.711	0.750	0.663	0.692	0.793	0.792	0.728	0.776	0.765	0.778	0.787	0.810	0.635	0.855	0.751	0.681	0.791	0.576	0.772	0.752	0.754	0.807	0.779	0.817	0.823	0.859	0.778	0.636	0.738	0.808	0.783	0.708	0.765	0.703	0.809	0.773	0.341	0.853	0.758	0.685	0.715	0.746	0.770	0.700	0.791	0.790	0.104	0.824	0.817	0.811	0.650	0.686	0.818	0.780	0.825	0.720	0.814	0.826	0.824	0.057	0.679	0.820	0.732	0.663	0.738	0.789	0.734	0.774	0.805	0.779	0.704	0.881	0.825	0.791	0.056	0.629	0.718	0.697	0.745	0.844	0.724	0.806	0.817	0.675	0.723	0.711	0.659
29:00:29	24.8	0.574	0.786	0.658	0.657	0.654	0.655	0.605	0.711	0.736	0.703	0.740	0.651	0.702	0.804	0.792	0.730	0.777	0.761	0.792	0.791	0.807	0.634	0.848	0.746	0.686	0.787	0.578	0.778	0.756	0.765	0.811	0.788	0.809	0.831	0.848	0.773	0.638	0.735	0.805	0.785	0.715	0.812	0.700	0.801	0.781	0.362	0.842	0.756	0.689	0.713	0.777	0.788	0.741	0.800	0.789	0.129	0.831	0.836	0.813	0.650	0.690	0.824	0.783	0.825	0.724	0.825	0.824	0.826	0.057	0.676	0.821	0.725	0.671	0.738	0.784	0.723	0.787	0.803	0.781	0.709	0.866	0.828	0.785	0.055	0.627	0.713	0.699	0.735	0.831	0.711	0.799	0.803	0.664	0.716	0.706	0.653
30:00:31	24.8	0.587	0.777	0.646	0.653	0.646	0.652	0.602	0.707	0.714	0.687	0.727	0.656	0.697	0.809	0.794	0.723	0.771	0.762	0.782	0.776	0.810	0.627	0.836	0.736	0.683	0.786	0.578	0.771	0.750	0.772	0.803	0.782	0.799	0.819	0.834	0.762	0.637	0.733	0.812	0.774	0.716	0.812	0.695	0.800	0.818	0.390	0.832	0.746	0.693	0.707	0.800	0.792	0.766	0.802	0.781	0.158	0.829	0.837	0.808	0.656	0.684	0.821	0.785	0.825	0.714	0.828	0.818	0.813	0.057	0.672	0.821	0.717	0.667	0.724	0.784	0.716	0.779	0.794	0.768	0.707	0.863	0.815	0.778	0.057	0.626	0.707	0.699	0.726	0.828	0.703	0.790	0.793	0.656	0.710	0.697	0.651
31:00:31	25.0	0.591	0.768	0.640	0.656	0.640	0.640	0.604	0.697	0.693	0.685	0.710	0.641	0.688	0.809	0.792	0.723	0.761	0.748	0.774	0.779	0.809	0.620	0.819	0.730	0.681	0.780	0.577	0.754	0.747	0.767	0.792	0.778	0.795	0.809	0.829	0.745	0.633	0.726	0.794	0.772	0.709	0.796	0.684	0.787	0.814	0.412	0.829	0.733	0.691	0.697	0.800	0.780	0.770	0.815	0.771	0.194	0.825	0.835	0.803	0.654	0.682	0.807	0.770	0.811	0.709	0.834	0.816	0.804	0.057	0.667	0.811	0.716	0.663	0.713	0.774	0.704	0.769	0.785	0.753	0.707	0.845	0.812	0.765	0.058	0.630	0.698	0.687	0.708	0.813	0.688	0.770	0.773	0.647	0.701	0.689	0.644
32:00:33	25.0	0.592	0.757	0.629	0.642	0.638	0.634	0.601	0.688	0.674	0.669	0.697	0.634	0.673	0.804	0.787	0.716	0.759	0.743	0.774	0.772	0.810	0.614	0.810	0.726	0.679	0.772	0.578	0.746	0.738	0.763	0.785	0.784	0.787	0.816	0.821	0.731	0.632	0.721	0.786	0.765	0.702	0.787	0.676	0.788	0.812	0.438	0.818	0.729	0.690	0.690	0.808	0.784	0.773	0.820	0.761	0.236	0.827	0.835	0.797	0.657	0.675	0.796	0.756	0.803	0.696	0.829	0.811	0.799	0.056	0.666	0.806	0.706	0.658	0.699	0.768	0.705	0.765	0.773	0.738	0.716	0.837	0.803	0.762	0.058	0.616	0.691	0.681	0.700	0.799	0.677	0.755	0.756	0.639	0.699	0.686	0.650
33:00:34	25.1	0.590	0.731	0.630	0.630	0.635	0.624	0.587	0.682	0.674	0.658	0.698	0.621	0.661	0.800	0.773	0.706	0.752	0.734	0.768	0.775	0.814	0.608	0.795	0.720	0.667	0.763	0.574	0.737	0.729	0.769	0.758	0.764	0.771	0.801	0.803	0.722	0.634	0.713	0.775	0.747	0.693	0.792	0.663	0.777	0.815	0.462	0.801	0.722	0.685	0.681	0.788	0.760	0.763	0.812	0.754	0.281	0.816	0.828	0.792	0.652	0.653	0.792	0.740	0.788	0.691	0.817	0.802	0.784	0.056	0.661	0.787	0.690	0.654	0.693	0.756	0.697	0.763	0.761	0.725	0.727	0.832	0.791	0.749	0.056	0.605	0.676	0.671	0.687	0.784	0.661	0.744	0.746	0.631	0.691	0.681	0.646
34:00:35	25.1	0.588	0.723	0.625	0.624	0.625	0.623	0.583	0.670	0.647	0.649	0.683	0.608	0.656	0.790	0.767	0.700	0.738	0.725	0.743	0.757	0.800	0.597	0.795	0.701	0.661	0.754	0.572	0.740	0.722	0.759	0.742	0.766	0.763	0.805	0.795	0.708	0.626	0.708	0.774	0.734	0.681	0.781	0.658	0.770	0.798	0.484	0.786	0.710	0.686	0.677	0.788	0.761	0.762	0.810	0.731	0.327	0.807	0.828	0.784	0.647	0.653	0.779	0.732	0.771	0.694	0.818	0.801	0.775	0.055	0.667	0.779	0.688	0.646	0.684	0.741	0.696	0.758	0.754	0.711	0.738	0.830	0.777	0.743	0.063	0.600	0.663	0.657	0.679	0.781	0.649	0.725	0.739	0.625	0.690	0.671	0.646
35:00:35	25.0	0.591	0.712	0.622	0.619	0.625	0.617	0.577	0.665	0.646	0.646	0.687	0.605	0.645	0.775	0.761	0.694	0.730	0.718	0.737	0.762	0.788	0.597	0.786	0.692	0.660	0.758	0.571	0.727	0.717	0.756	0.720	0.758	0.758	0.800	0.785	0.700	0.631	0.704	0.771	0.728	0.679	0.786	0.659	0.765	0.806	0.501	0.783	0.698	0.686	0.667	0.778	0.762	0.756	0.807	0.721	0.374	0.805	0.823	0.781	0.641	0.647	0.771	0.723	0.760	0.681	0.804	0.785	0.764	0.055	0.676	0.768	0.674	0.642	0.682	0.739	0.690	0.759	0.759	0.698	0.735	0.821	0.771	0.737	0.061	0.592	0.658	0.653	0.672	0.770	0.649	0.714	0.728	0.618	0.687	0.667	0.647
36:00:36	25.1	0.592	0.713	0.623	0.609	0.617	0.609	0.566	0.660	0.635	0.640	0.681	0.590	0.643	0.772	0.756	0.689	0.712	0.706	0.730	0.756	0.785	0.593	0.775	0.691	0.648	0.737	0.570	0.725	0.714	0.744	0.735	0.752	0.752	0.800	0.776	0.686	0.636	0.692	0.763	0.728	0.669	0.772	0.650	0.758	0.792	0.501	0.786	0.695	0.673	0.664	0.780	0.759	0.758	0.816	0.714	0.420	0.794	0.819	0.775	0.645	0.663	0.775	0.708	0.758	0.701	0.799	0.790	0.759	0.055	0.684	0.771	0.671	0.633	0.677	0.719	0.685	0.761	0.747	0.696	0.743	0.827	0.761	0.728	0.064	0.589	0.649	0.642	0.670	0.763	0.636	0.709	0.738	0.614	0.686	0.662	0.643
37:00:37	25.2	0.588	0.702	0.618	0.601	0.608	0.596	0.568	0.646	0.613	0.608	0.675	0.581	0.637	0.759	0.749	0.680	0.711	0.682	0.720	0.745	0.777	0.595	0.775	0.685	0.662	0.757	0.570	0.723	0.714	0.743	0.715	0.751	0.735	0.792	0.776	0.672	0.640	0.694	0.758	0.730	0.668	0.774	0.651	0.741	0.806	0.505	0.763	0.692	0.674	0.660	0.777	0.754	0.751	0.813	0.694	0.459	0.786	0.815	0.782	0.651	0.649	0.771	0.699	0.747	0.702	0.796	0.786	0.752	0.055	0.686	0.765	0.649	0.626	0.671	0.725	0.685	0.767	0.747	0.690	0.745	0.826	0.755	0.728	0.061	0.590	0.642	0.639	0.665	0.756	0.640	0.702	0.730	0.610	0.703	0.662	0.644
38:00:38	25.4	0.559	0.679	0.587	0.589	0.597	0.575	0.566	0.634	0.599	0.598	0.659	0.573	0.626	0.740	0.742	0.688	0.708	0.676	0.711	0.737	0.770	0.584	0.761	0.685	0.649	0.741	0.563	0.720	0.710	0.740	0.696	0.734	0.733	0.792	0.765	0.661	0.620	0.690	0.748	0.732	0.660	0.772	0.651	0.738	0.792	0.525	0.761	0.693	0.675	0.661	0.776	0.754	0.743	0.802	0.676	0.496	0.778	0.813	0.793	0.637	0.651	0.765	0.692	0.734	0.703	0.787	0.790	0.751	0.055	0.681	0.760	0.659	0.628	0.669	0.716	0.676	0.758	0.760	0.681	0.721	0.832	0.742	0.724	0.060	0.577	0.649	0.634	0.663	0.753	0.638	0.695	0.727	0.605	0.702	0.659	0.639
39:00:39	25.4	0.593	0.650	0.574	0.578	0.574	0.570	0.523	0.633	0.593	0.567	0.672	0.560	0.625	0.739	0.729	0.661	0.688	0.672	0.714	0.732	0.749	0.575	0.740	0.653	0.646	0.730	0.556	0.718	0.728	0.712	0.698	0.708	0.726	0.767	0.725	0.634	0.598	0.677	0.740	0.722	0.663	0.762	0.674	0.747	0.790	0.536	0.692	0.663	0.670	0.657	0.769	0.735	0.730	0.788	0.662	0.532	0.764	0.806	0.775	0.618	0.690	0.761	0.684	0.727	0.706	0.768	0.779	0.743	0.054	0.659	0.740	0.635	0.620	0.689	0.728	0.711	0.760	0.760	0.673	0.704	0.814	0.725	0.703	0.069	0.573	0.636	0.631	0.660	0.738	0.632	0.686	0.733	0.599	0.705	0.656	0.643
40:00:40	25.3	0.534	0.634	0.561	0.554	0.562	0.550	0.577	0.619	0.548	0.568	0.653	0.566	0.611	0.723	0.747	0.685	0.697	0.680	0.698	0.733	0.752	0.573	0.735	0.653	0.663	0.722	0.558	0.719	0.723	0.726	0.678	0.749	0.718	0.794	0.712	0.623	0.614	0.686	0.747	0.739	0.666	0.786	0.660	0.744	0.798	0.556	0.648	0.659	0.666	0.655	0.767	0.747	0.736	0.804	0.670	0.581	0.765	0.812	0.750	0.631	0.655	0.764	0.701	0.735	0.707	0.783	0.799	0.737	0.054	0.662	0.731	0.624	0.646	0.714	0.705	0.693	0.778	0.749	0.685	0.684	0.847	0.719	0.710	0.065	0.566	0.637	0.621	0.657	0.743	0.647	0.698	0.744	0.596	0.716	0.659	0.642
41:00:42	25.1	0.521	0.611	0.555	0.561	0.552	0.550	0.545	0.617	0.565	0.559	0.660	0.555	0.599	0.715	0.720	0.680	0.650	0.684	0.683	0.711	0.748	0.574	0.735	0.654	0.667	0.725	0.559	0.736	0.744	0.728	0.644	0.748	0.713	0.816	0.669	0.617	0.596	0.700	0.749	0.749	0.676	0.786	0.664	0.763	0.813	0.566	0.638	0.657	0.655	0.655	0.780	0.753	0.733	0.796	0.667	0.629	0.771	0.811	0.736	0.645	0.653	0.772	0.698	0.724	0.715	0.784	0.798	0.759	0.054	0.664	0.740	0.617	0.670	0.661	0.731	0.728	0.780	0.744	0.687	0.703	0.875	0.726	0.717	0.060	0.566	0.632	0.643	0.651	0.759	0.624	0.694	0.707	0.596	0.710	0.648	0.642
42:00:41	25.1	0.517	0.583	0.549	0.548	0.534	0.544	0.532	0.589	0.560	0.568	0.657	0.546	0.591	0.716	0.687	0.684	0.658	0.709	0.655	0.659	0.767	0.572	0.718	0.644	0.613	0.689	0.557	0.717	0.759	0.709	0.623	0.740	0.691	0.756	0.647	0.614	0.605	0.700	0.735	0.734	0.677	0.799	0.659	0.764	0.818	0.574	0.685	0.638	0.660	0.655	0.784	0.753	0.735	0.781	0.704	0.655	0.770	0.835	0.736	0.644	0.656	0.763	0.704	0.753	0.701	0.785	0.809	0.769	0.054	0.674	0.730	0.625	0.668	0.652	0.732	0.719	0.787	0.771	0.723	0.656	0.823	0.711	0.721	0.077	0.568	0.636	0.647	0.645	0.749	0.634	0.685	0.688	0.591	0.699	0.640	0.651
43:00:44	25.1	0.536	0.559	0.521	0.535	0.520	0.524	0.490	0.567	0.557	0.542	0.666	0.541	0.589	0.719	0.681	0.656	0.656	0.651	0.636	0.661	0.752	0.564	0.660	0.618	0.716	0.655	0.543	0.716	0.792	0.688	0.652	0.727	0.688	0.741	0.644	0.595	0.619	0.699	0.737	0.747	0.682	0.816	0.625	0.778	0.808	0.582	0.644	0.638	0.649	0.655	0.797	0.770	0.734	0.784	0.708	0.658	0.753	0.789	0.710	0.631	0.647	0.780	0.699	0.759	0.729	0.785	0.813	0.758	0.054	0.655	0.717	0.609	0.667	0.632	0.728	0.737	0.850	0.774	0.732	0.663	0.809	0.710	0.711	0.116	0.563	0.627	0.655	0.638	0.754	0.649	0.689	0.707	0.586	0.675	0.631	0.613
44:00:44	25.3	0.537	0.565	0.505	0.528	0.516	0.514	0.474	0.539	0.540	0.534	0.658	0.527	0.579	0.695	0.649	0.646	0.647	0.649	0.613	0.629	0.686	0.565	0.659	0.607	0.659	0.641	0.529	0.666	0.746	0.682	0.597	0.742	0.642	0.737	0.634	0.601	0.625	0.693	0.699	0.713	0.678	0.784	0.641	0.754	0.803	0.589	0.626	0.623	0.634	0.648	0.798	0.750	0.746	0.785	0.762	0.658	0.751	0.815	0.702	0.640	0.652	0.755	0.700	0.744	0.672	0.794	0.791	0.755	0.053	0.643	0.679	0.604	0.689	0.648	0.706	0.717	0.773	0.781	0.725	0.646	0.802	0.724	0.709	0.106	0.567	0.631	0.629	0.696	0.721	0.630	0.680	0.685	0.580	0.665	0.615	0.612
45:00:44	25.6	0.552	0.562	0.510	0.519	0.509	0.502	0.470	0.534	0.545	0.531	0.664	0.533	0.577	0.691	0.642	0.597	0.644	0.627	0.610	0.632	0.690	0.555	0.659	0.605	0.654	0.624	0.528	0.674	0.694	0.683	0.593	0.702	0.618	0.729	0.643	0.587	0.617	0.692	0.741	0.729	0.684	0.781	0.616	0.767	0.801	0.592	0.636	0.615	0.665	0.648	0.818	0.766	0.735	0.799	0.741	0.659	0.748	0.783	0.695	0.616	0.635	0.773	0.695	0.779	0.738	0.801	0.799	0.731	0.053	0.629	0.684	0.610	0.696	0.620	0.704	0.753	0.805	0.735	0.667	0.631	0.782	0.712	0.716	0.150	0.561	0.607	0.623	0.643	0.671	0.632	0.673	0.678	0.578	0.661	0.628	0.610
46:00:44	25.6	0.564	0.554	0.506	0.514	0.512	0.501	0.465	0.529	0.532	0.530	0.650	0.542	0.564	0.647	0.622	0.589	0.608	0.611	0.574	0.593	0.626	0.555	0.624	0.611	0.620	0.634	0.522	0.678	0.704	0.709	0.580	0.676	0.597	0.728	0.635	0.582	0.611	0.693	0.695	0.730	0.691	0.788	0.612	0.749	0.819	0.599	0.654	0.623	0.666	0.655	0.802	0.766	0.763	0.797	0.753	0.671	0.747	0.797	0.688	0.626	0.641	0.780	0.652	0.697	0.722	0.812	0.768	0.703	0.053	0.621	0.664	0.616	0.665	0.630	0.678	0.731	0.769	0.767	0.720	0.640	0.753	0.706	0.723	0.093	0.566	0.599	0.627	0.618	0.685	0.638	0.651	0.686	0.574	0.660	0.622	0.602
47:00:46	25.5	0.597	0.544	0.502	0.510	0.502	0.503	0.471	0.532	0.532	0.525	0.642	0.557	0.571	0.621	0.609	0.583	0.599	0.586	0.552	0.583	0.618	0.539	0.618	0.602	0.653	0.619	0.522	0.693	0.685	0.689	0.581	0.646	0.586	0.664	0.625	0.599	0.608	0.698	0.676	0.680	0.694	0.788	0.616	0.724	0.782	0.603	0.613	0.616	0.675	0.672	0.820	0.762	0.755	0.768	0.749	0.690	0.769	0.798	0.676	0.614	0.661	0.757	0.639	0.681	0.680	0.809	0.768	0.679	0.053	0.633	0.662	0.609	0.672	0.631	0.684	0.734	0.789	0.722	0.650	0.630	0.719	0.698	0.732	0.065	0.573	0.600	0.633	0.612	0.687	0.620	0.677	0.685	0.571	0.643	0.611	0.605
48:00:47	25.3	0.484	0.558	0.508	0.530	0.516	0.516	0.492	0.533	0.539	0.562	0.619	0.566	0.563	0.615	0.592	0.594	0.603	0.589	0.572	0.575	0.606	0.549	0.661	0.617	0.657	0.610	0.522	0.631	0.668	0.639	0.546	0.602	0.593	0.680	0.620	0.583	0.598	0.714	0.666	0.699	0.701	0.756	0.595	0.676	0.796	0.605	0.618	0.641	0.648	0.684	0.802	0.755	0.795	0.801	0.719	0.714	0.745	0.808	0.713	0.624	0.591	0.738	0.644	0.724	0.674	0.813	0.756	0.693	0.053	0.636	0.658	0.598	0.660	0.617	0.671	0.688	0.808	0.703	0.690	0.618	0.706	0.717	0.753	0.066	0.572	0.603	0.593	0.616	0.666	0.612	0.627	0.652	0.575	0.634	0.605	0.584
49:00:48	25.0	0.489	0.557	0.504	0.520	0.521	0.512	0.500	0.539	0.531	0.561	0.615	0.560	0.573	0.586	0.595	0.599	0.601	0.609	0.549	0.579	0.623	0.548	0.647	0.599	0.616	0.607	0.534	0.653	0.673	0.604	0.598	0.576	0.590	0.679	0.604	0.592	0.604	0.723	0.631	0.691	0.742	0.769	0.594	0.665	0.763	0.615	0.597	0.613	0.656	0.697	0.804	0.761	0.798	0.820	0.718	0.739	0.755	0.805	0.691	0.616	0.605	0.716	0.656	0.708	0.713	0.791	0.746	0.710	0.053	0.639	0.669	0.614	0.647	0.617	0.669	0.705	0.750	0.705	0.648	0.632	0.699	0.676	0.773	0.307	0.581	0.601	0.607	0.615	0.669	0.575	0.647	0.644	0.576	0.658	0.620	0.622
50:00:49	25.0	0.501	0.567	0.492	0.526	0.508	0.514	0.494	0.529	0.539	0.556	0.608	0.573	0.570	0.577	0.608	0.589	0.599	0.596	0.571	0.583	0.599	0.550	0.639	0.606	0.621	0.599	0.513	0.603	0.645	0.629	0.551	0.601	0.563	0.667	0.611	0.595	0.645	0.714	0.654	0.662	0.708	0.792	0.599	0.637	0.769	0.615	0.597	0.616	0.695	0.702	0.781	0.754	0.769	0.806	0.675	0.751	0.744	0.778	0.701	0.629	0.593	0.707	0.660	0.703	0.677	0.796	0.730	0.679	0.053	0.648	0.676	0.617	0.636	0.614	0.671	0.699	0.758	0.691	0.637	0.630	0.691	0.663	0.765	0.265	0.586	0.602	0.580	0.640	0.648	0.591	0.629	0.656	0.576	0.638	0.618	0.616
51:00:50	25.0	0.483	0.551	0.493	0.501	0.498	0.498	0.489	0.530	0.523	0.548	0.605	0.581	0.550	0.589	0.599	0.598	0.593	0.586	0.541	0.551	0.614	0.540	0.613	0.599	0.691	0.590	0.497	0.607	0.643	0.608	0.577	0.593	0.585	0.647	0.617	0.571	0.657	0.693	0.679	0.699	0.713	0.739	0.602	0.668	0.721	0.618	0.589	0.613	0.654	0.695	0.799	0.747	0.760	0.787	0.716	0.761	0.710	0.774	0.718	0.617	0.636	0.721	0.651	0.674	0.737	0.768	0.722	0.680	0.053	0.623	0.680	0.617	0.704	0.591	0.651	0.762	0.779	0.709	0.643	0.615	0.678	0.686	0.759	0.351	0.578	0.617	0.615	0.613	0.671	0.639	0.658	0.662	0.564	0.632	0.618	0.586
52:00:51	25.0	0.532	0.558	0.495	0.518	0.513	0.504	0.485	0.531	0.506	0.561	0.582	0.620	0.563	0.572	0.591	0.590	0.586	0.590	0.544	0.567	0.586	0.550	0.619	0.618	0.582	0.597	0.492	0.621	0.630	0.561	0.549	0.602	0.555	0.641	0.624	0.595	0.606	0.701	0.643	0.630	0.731	0.741	0.599	0.616	0.730	0.608	0.631	0.611	0.657	0.696	0.800	0.744	0.771	0.800	0.672	0.780	0.711	0.803	0.697	0.611	0.618	0.695	0.647	0.695	0.676	0.743	0.700	0.671	0.053	0.621	0.645	0.638	0.647	0.632	0.634	0.691	0.745	0.677	0.629	0.629	0.681	0.644	0.776	0.130	0.595	0.608	0.588	0.635	0.635	0.598	0.623	0.648	0.565	0.633	0.610	0.588
53:00:52	25.1	0.493	0.548	0.488	0.502	0.499	0.501	0.497	0.527	0.530	0.549	0.589	0.572	0.547	0.597	0.587	0.577	0.595	0.575	0.550	0.565	0.589	0.547	0.599	0.612	0.653	0.600	0.466	0.625	0.625	0.564	0.580	0.584	0.588	0.634	0.598	0.591	0.637	0.683	0.664	0.670	0.711	0.745	0.615	0.635	0.710	0.612	0.595	0.620	0.686	0.703	0.796	0.737	0.761	0.781	0.710	0.773	0.750	0.792	0.690	0.617	0.616	0.681	0.617	0.685	0.740	0.761	0.695	0.643	0.052	0.628	0.665	0.614	0.684	0.582	0.709	0.757	0.746	0.702	0.636	0.607	0.669	0.697	0.773	0.248	0.589	0.612	0.628	0.623	0.645	0.630	0.692	0.644	0.556	0.631	0.614	0.583
54:00:53	25.1	0.509	0.550	0.487	0.499	0.489	0.495	0.492	0.517	0.518	0.548	0.577	0.596	0.540	0.565	0.570	0.564	0.566	0.568	0.532	0.538	0.596	0.550	0.617	0.608	0.667	0.591	0.457	0.627	0.631	0.572	0.533	0.580	0.582	0.600	0.606	0.593	0.650	0.678	0.688	0.662	0.705	0.730	0.573	0.661	0.683	0.607	0.629	0.644	0.702	0.697	0.784	0.724	0.745	0.785	0.663	0.770	0.703	0.806	0.718	0.624	0.655	0.689	0.655	0.653	0.754	0.731	0.683	0.663	0.052	0.623	0.659	0.607	0.735	0.599	0.640	0.776	0.764	0.674	0.635	0.617	0.663	0.669	0.768	0.071	0.610	0.628	0.611	0.616	0.640	0.642	0.633	0.682	0.552	0.617	0.600	0.575
55:00:53	25.2	0.547	0.562	0.495	0.507	0.501	0.506	0.490	0.530	0.519	0.558	0.566	0.659	0.567	0.571	0.590	0.578	0.591	0.579	0.538	0.578	0.575	0.546	0.597	0.615	0.603	0.591	0.444	0.596	0.605	0.552	0.537	0.594	0.565	0.626	0.602	0.589	0.614	0.688	0.637	0.658	0.723	0.713	0.615	0.611	0.677	0.603	0.599	0.638	0.677	0.701	0.782	0.749	0.774	0.796	0.665	0.776	0.691	0.804	0.684	0.615	0.614	0.667	0.631	0.687	0.665	0.722	0.705	0.643	0.053	0.633	0.619	0.635	0.653	0.612	0.624	0.669	0.728	0.699	0.643	0.627	0.702	0.624	0.796	0.113	0.614	0.619	0.589	0.616	0.621	0.598	0.616	0.630	0.552	0.614	0.595	0.582
56:00:54	25.3	0.528	0.559	0.494	0.502	0.505	0.486	0.496	0.528	0.527	0.555	0.566	0.608	0.555	0.601	0.569	0.577	0.580	0.578	0.557	0.554	0.587	0.554	0.588	0.592	0.701	0.611	0.418	0.591	0.608	0.581	0.565	0.588	0.552	0.634	0.603	0.585	0.651	0.685	0.677	0.634	0.703	0.759	0.650	0.610	0.701	0.604	0.613	0.637	0.699	0.700	0.819	0.743	0.754	0.812	0.719	0.773	0.717	0.793	0.702	0.606	0.610	0.704	0.632	0.677	0.723	0.735	0.671	0.686	0.052	0.620	0.672	0.601	0.644	0.626	0.698	0.759	0.748	0.694	0.651	0.612	0.677	0.654	0.782	0.176	0.609	0.601	0.645	0.639	0.660	0.648	0.679	0.706	0.545	0.596	0.595	0.599
57:00:55	25.5	0.552	0.556	0.499	0.501	0.500	0.491	0.498	0.518	0.530	0.559	0.547	0.619	0.551	0.559	0.580	0.570	0.567	0.590	0.509	0.528	0.580	0.532	0.590	0.602	0.652	0.601	0.397	0.602	0.649	0.577	0.541	0.571	0.652	0.610	0.600	0.585	0.674	0.675	0.674	0.675	0.715	0.722	0.650	0.647	0.671	0.597	0.602	0.652	0.707	0.705	0.817	0.732	0.753	0.769	0.693	0.765	0.680	0.799	0.719	0.608	0.627	0.706	0.663	0.667	0.786	0.755	0.681	0.632	0.052	0.639	0.657	0.625	0.756	0.646	0.667	0.786	0.756	0.695	0.677	0.608	0.685	0.635	0.769	0.180	0.626	0.626	0.644	0.629	0.634	0.656	0.656	0.686	0.540	0.591	0.592	0.603
58:00:56	25.6	0.556	0.570	0.495	0.514	0.503	0.491	0.482	0.523	0.507	0.570	0.536	0.659	0.559	0.565	0.563	0.565	0.566	0.579	0.536	0.538	0.562	0.552	0.579	0.609	0.708	0.600	0.398	0.633	0.614	0.609	0.570	0.538	0.552	0.624	0.587	0.594	0.654	0.658	0.675	0.653	0.706	0.711	0.703	0.649	0.696	0.599	0.622	0.653	0.742	0.705	0.801	0.740	0.749	0.768	0.722	0.766	0.727	0.803	0.710	0.619	0.620	0.697	0.669	0.679	0.772	0.723	0.673	0.646	0.052	0.630	0.637	0.629	0.667	0.654	0.649	0.747	0.799	0.720	0.673	0.611	0.675	0.676	0.763	0.088	0.625	0.607	0.611	0.618	0.611	0.645	0.652	0.750	0.535	0.589	0.601	0.598
59:00:57	25.5	0.553	0.570	0.492	0.508	0.506	0.492	0.495	0.531	0.508	0.552	0.525	0.689	0.576	0.553	0.564	0.575	0.574	0.583	0.523	0.525	0.571	0.553	0.581	0.620	0.664	0.588	0.401	0.604	0.608	0.563	0.551	0.575	0.612	0.669	0.584	0.614	0.664	0.664	0.670	0.673	0.702	0.724	0.612	0.583	0.644	0.598	0.614	0.628	0.765	0.708	0.824	0.749	0.750	0.785	0.710	0.767	0.638	0.792	0.685	0.611	0.622	0.678	0.659	0.721	0.722	0.696	0.693	0.644	0.052	0.628	0.646	0.628	0.657	0.593	0.658	0.737	0.728	0.698	0.658	0.626	0.708	0.622	0.756	0.307	0.634	0.600	0.614	0.662	0.630	0.614	0.650	0.681	0.533	0.593	0.599	0.612
60:00:59	25.6	0.581	0.560	0.485	0.509	0.502	0.488	0.506	0.528	0.497	0.565	0.510	0.685	0.578	0.569	0.562	0.576	0.566	0.565	0.527	0.535	0.568	0.550	0.588	0.637	0.651	0.597	0.383	0.614	0.634	0.629	0.545	0.596	0.564	0.610	0.590	0.608	0.653	0.652	0.696	0.664	0.692	0.723	0.626	0.635	0.674	0.602	0.601	0.658	0.731	0.709	0.825	0.753	0.753	0.771	0.720	0.768	0.745	0.803	0.691	0.626	0.631	0.653	0.637	0.688	0.763	0.735	0.686	0.669	0.052	0.625	0.643	0.633	0.679	0.591	0.684	0.766	0.769	0.717	0.648	0.611	0.657	0.615	0.755	0.147	0.641	0.662	0.682	0.619	0.659	0.702	0.641	0.672	0.531	0.579	0.604	0.642
61:00:59	25.8	0.551	0.555	0.485	0.499	0.500	0.498	0.482	0.526	0.500	0.586	0.510	0.692	0.579	0.568	0.551	0.577	0.569	0.577	0.515	0.507	0.556	0.550	0.593	0.652	0.642	0.589	0.380	0.586	0.625	0.557	0.517	0.540	0.593	0.622	0.660	0.619	0.637	0.652	0.627	0.681	0.701	0.707	0.632	0.624	0.657	0.599	0.647	0.659	0.739	0.711	0.799	0.768	0.763	0.782	0.708	0.766	0.680	0.796	0.676	0.638	0.640	0.673	0.678	0.645	0.663	0.658	0.684	0.661	0.051	0.616	0.654	0.624	0.664	0.641	0.643	0.768	0.790	0.688	0.649	0.626	0.671	0.666	0.750	0.207	0.644	0.618	0.600	0.637	0.637	0.625	0.610	0.687	0.526	0.581	0.594	0.658
62:01:01	26.2	0.606	0.591	0.519	0.509	0.517	0.526	0.502	0.524	0.510	0.589	0.520	0.949	0.587	0.564	0.545	0.572	0.580	0.592	0.506	0.545	0.584	0.561	0.630	0.648	0.597	0.611	0.392	0.582	0.619	0.574	0.550	0.564	0.586	0.625	0.587	0.642	0.557	0.674	0.669	0.618	0.731	0.731	0.611	0.619	0.641	0.588	0.596	0.662	0.719	0.716	0.799	0.746	0.756	0.738	0.648	0.769	0.619	0.782	0.660	0.638	0.579	0.681	0.641	0.714	0.723	0.735	0.640	0.609	0.052	0.622	0.666	0.627	0.633	0.598	0.664	0.743	0.761	0.699	0.630	0.628	0.692	0.636	0.757	0.276	0.649	0.600	0.599	0.625	0.613	0.573	0.599	0.626	0.529	0.591	0.603	0.679
63:01:01	26.6	0.660	0.600	0.502	0.508	0.498	0.504	0.501	0.516	0.516	0.593	0.520	0.889	0.564	0.558	0.550	0.574	0.578	0.599	0.527	0.526	0.560	0.559	0.570	0.645	0.634	0.579	0.383	0.605	0.618	0.609	0.524	0.589	0.596	0.650	0.588	0.623	0.567	0.653	0.692	0.669	0.698	0.690	0.688	0.641	0.632	0.598	0.618	0.654	0.715	0.709	0.814	0.750	0.753	0.744	0.755	0.761	0.709	0.767	0.701	0.670	0.609	0.686	0.671	0.698	0.641	0.715	0.684	0.704	0.052	0.610	0.656	0.635	0.574	0.570	0.657	0.720	0.784	0.714	0.652	0.613	0.696	0.667	0.744	0.130	0.641	0.600	0.598	0.612	0.629	0.595	0.638	0.716	0.523	0.576	0.601	0.701
64:01:02	27.2	0.664	0.592	0.492	0.508	0.517	0.499	0.500	0.514	0.519	0.575	0.521	0.867	0.554	0.546	0.555	0.584	0.576	0.576	0.523	0.518	0.546	0.543	0.589	0.635	0.606	0.579	0.378	0.590	0.604	0.561	0.550	0.543	0.565	0.622	0.606	0.655	0.643	0.653	0.653	0.688	0.699	0.706	0.605	0.661	0.671	0.588	0.634	0.673	0.746	0.712	0.809	0.760	0.742	0.742	0.787	0.753	0.656	0.762	0.722	0.632	0.620	0.628	0.655	0.703	0.795	0.686	0.663	0.679	0.052	0.603	0.640	0.646	0.581	0.714	0.626	0.800	0.723	0.727	0.653	0.618	0.736	0.617	0.721	0.197	0.641	0.599	0.589	0.653	0.629	0.679	0.664	0.633	0.516	0.594	0.598	0.711
65:01:02	27.9	0.719	0.590	0.505	0.514	0.504	0.501	0.533	0.515	0.531	0.591	0.510	1.071	0.550	0.551	0.555	0.560	0.572	0.584	0.507	0.532	0.559	0.581	0.572	0.644	0.608	0.593	0.387	0.645	0.609	0.601	0.549	0.573	0.566	0.609	0.637	0.645	0.688	0.678	0.704	0.649	0.708	0.682	0.691	0.647	0.655	0.579	0.623	0.652	0.770	0.709	0.806	0.724	0.752	0.729	0.747	0.742	0.657	0.737	0.705	0.697	0.575	0.647	0.647	0.740	0.763	0.723	0.680	0.677	0.051	0.612	0.607	0.689	0.558	0.664	0.703	0.833	0.755	0.736	0.669	0.642	0.656	0.672	0.700	0.178	0.650	0.595	0.595	0.638	0.650	0.596	0.655	0.722	0.510	0.574	0.616	0.738
66:01:02	28.5	0.738	0.614	0.504	0.506	0.486	0.502	0.509	0.508	0.515	0.580	0.507	1.002	0.559	0.551	0.559	0.552	0.582	0.598	0.521	0.518	0.555	0.564	0.590	0.647	0.588	0.617	0.380	0.611	0.614	0.555	0.540	0.545	0.573	0.585	0.631	0.672	0.688	0.647	0.668	0.617	0.654	0.712	0.680	0.625	0.646	0.579	0.638	0.676	0.767	0.706	0.790	0.706	0.755	0.725	0.744	0.726	0.708	0.773	0.665	0.881	0.569	0.674	0.729	0.734	0.777	0.713	0.634	0.670	0.051	0.603	0.617	0.656	0.564	0.689	0.722	0.832	0.768	0.703	0.646	0.622	0.857	0.692	0.693	0.431	0.649	0.585	0.576	0.669	0.625	0.578	0.630	0.619	0.509	0.591	0.628	0.740
67:01:04	29.0	0.773	0.578	0.486	0.524	0.493	0.508	0.509	0.518	0.506	0.571	0.514	1.034	0.560	0.567	0.538	0.603	0.572	0.587	0.508	0.520	0.559	0.562	0.570	0.654	0.561	0.614	0.382	0.585	0.608	0.596	0.568	0.597	0.579	0.625	0.672	0.706	0.579	0.709	0.643	0.595	0.696	0.674	0.748	0.672	0.642	0.579	0.625	0.663	0.739	0.704	0.796	0.706	0.746	0.779	0.767	0.729	0.700	0.745	0.668	0.840	0.594	0.730	0.659	0.721	0.700	0.727	0.628	0.715	0.051	0.616	0.597	0.750	0.581	0.657	0.717	0.804	0.762	0.736	0.697	0.616	0.674	0.654	0.698	0.248	0.645	0.600	0.579	0.608	0.644	0.606	0.630	0.776	0.502	0.591	0.626	0.761
68:01:05	29.6	0.709	0.593	0.603	0.532	0.504	0.518	0.523	0.514	0.494	0.562	0.512	1.134	0.570	0.540	0.557	0.562	0.591	0.593	0.534	0.520	0.547	0.577	0.575	0.649	0.602	0.579	0.382	0.632	0.599	0.579	0.547	0.586	0.572	0.601	0.643	0.879	0.574	0.679	0.665	0.697	0.672	0.718	0.705	0.686	0.653	0.561	0.598	0.700	0.663	0.715	0.767	0.701	0.726	0.774	0.782	0.718	0.643	0.766	0.682	0.847	0.574	0.700	0.704	0.742	0.791	0.726	0.662	0.697	0.051	0.614	0.623	0.916	0.575	0.653	0.747	0.830	0.772	0.766	0.698	0.620	0.754	0.655	0.696	0.405	0.645	0.599	0.575	0.632	0.642	0.578	0.589	0.611	0.501	0.586	0.641	0.774
69:01:06	30.1	0.826	0.588	0.654	0.498	0.508	0.545	0.503	0.519	0.497	0.553	0.499	0.951	0.574	0.554	0.573	0.572	0.586	0.593	0.539	0.512	0.560	0.565	0.577	0.678	0.613	0.658	0.388	0.597	0.594	0.573	0.576	0.574	0.579	0.617	0.644	0.892	0.567	0.654	0.661	0.631	0.708	0.731	0.692	0.638	0.582	0.562	0.631	0.710	0.636	0.704	0.770	0.745	0.728	0.694	0.742	0.711	0.619	0.766	0.670	0.853	0.599	0.672	0.671	0.708	0.771	0.675	0.659	0.729	0.050	0.594	0.628	0.754	0.586	0.645	0.651	0.847	0.751	0.768	0.668	0.635	0.774	0.665	0.691	0.235	0.818	0.606	0.585	0.614	0.623	0.568	0.592	0.635	0.499	0.596	0.695	0.817
70:01:07	30.4	0.727	0.595	0.842	0.496	0.512	0.552	0.500	0.523	0.497	0.602	0.518	0.949	0.564	0.565	0.568	0.575	0.584	0.627	0.533	0.539	0.543	0.579	0.590	0.822	0.589	0.594	0.389	0.604	0.633	0.552	0.586	0.554	0.549	0.624	0.561	0.754	0.556	0.638	0.679	0.666	0.662	0.690	0.751	0.616	0.681	0.555	0.609	0.886	0.694	0.706	0.761	0.696	0.740	0.768	0.754	0.703	0.668	0.741	0.669	1.093	0.600	0.662	0.708	0.730	0.777	0.717	0.652	0.641	0.050	0.595	0.635	0.884	0.587	0.606	0.711	0.815	0.707	0.749	0.636	0.640	0.708	0.627	0.682	0.340	0.718	0.600	0.582	0.622	0.620	0.574	0.590	0.598	0.495	0.598	0.830	0.789
71:01:08	30.5	0.625	0.622	0.660	0.540	0.509	0.722	0.489	0.507	0.493	0.632	0.513	1.132	0.571	0.561	0.560	0.571	0.584	0.588	0.528	0.534	0.554	0.592	0.587	0.949	0.579	0.588	0.389	0.611	0.623	0.554	0.588	0.601	0.553	0.621	0.544	0.797	0.563	0.683	0.664	0.667	0.645	0.732	0.647	0.665	0.624	0.552	0.589	0.701	0.579	0.710	0.767	0.720	0.719	0.751	0.732	0.698	0.644	0.760	0.619	1.070	0.601	0.754	0.667	0.737	0.739	0.667	0.639	0.710	0.050	0.590	0.609	1.029	0.585	0.656	0.641	0.811	0.739	0.752	0.691	0.606	0.736	0.678	0.663	0.246	0.649	0.599	0.580	0.621	0.615	0.549	0.584	0.632	0.491	0.604	0.857	0.775
72:01:09	30.5	0.702	0.615	0.725	0.551	0.501	0.736	0.490	0.501	0.582	0.765	0.536	0.868	0.716	0.540	0.545	0.568	0.589	0.572	0.521	0.549	0.558	0.596	0.575	1.020	0.525	0.598	0.401	0.600	0.618	0.571	0.555	0.598	0.565	0.602	0.559	0.862	0.540	0.688	0.692	0.633	0.642	0.673	0.666	0.622	0.662	0.559	0.630	0.768	0.588	0.697	0.776	0.680	0.739	0.748	0.778	0.686	0.604	0.753	0.699	1.064	0.593	0.645	0.653	0.714	0.766	0.760	0.662	0.689	0.049	0.586	0.629	1.058	0.595	0.547	0.673	0.844	0.728	0.744	0.691	0.583	0.688	0.650	0.656	0.397	0.679	0.609	0.578	0.615	0.627	0.544	0.558	0.571	0.495	0.594	0.845	0.785

