Time	T° 600	A1	A2	A3	A4	A5	A6	A7	A8	A9	A10	A11	A12	B1	B2	B3	B4	B5	B6	B7	B8	B9	B10	B11	B12	C1	C2	C3	C4	C5	C6	C7	C8	C9	C10	C11	C12	D1	D2	D3	D4	D5	D6	D7	D8	D9	D10	D11	D12	E1	E2	E3	E4	E5	E6	E7	E8	E9	E10	E11	E12	F1	F2	F3	F4	F5	F6	F7	F8	F9	F10	F11	F12	G1	G2	G3	G4	G5	G6	G7	G8	G9	G10	G11	G12	H1	H2	H3	H4	H5	H6	H7	H8	H9	H10	H11	H12
0:00:06	25.0	0.043	0.043	0.045	0.045	0.047	0.044	0.043	0.043	0.044	0.045	0.045	0.044	0.043	0.043	0.043	0.044	0.049	0.044	0.043	0.044	0.044	0.046	0.046	0.046	0.044	0.043	0.043	0.043	0.049	0.044	0.043	0.044	0.044	0.046	0.044	0.045	0.043	0.043	0.043	0.043	0.043	0.043	0.044	0.045	0.043	0.044	0.043	0.044	0.055	0.045	0.043	0.045	0.044	0.044	0.044	0.043	0.043	0.042	0.043	0.043	0.043	0.046	0.045	0.049	0.044	0.043	0.043	0.043	0.043	0.044	0.043	0.043	0.045	0.045	0.045	0.044	0.043	0.043	0.043	0.050	0.045	0.043	0.044	0.043	0.043	0.046	0.054	0.044	0.043	0.043	0.045	0.045	0.045	0.046	0.044	0.043
1:00:03	24.9	0.044	0.043	0.046	0.046	0.049	0.045	0.044	0.044	0.045	0.046	0.046	0.045	0.043	0.043	0.044	0.045	0.050	0.045	0.044	0.045	0.045	0.047	0.047	0.047	0.045	0.043	0.043	0.044	0.050	0.045	0.044	0.046	0.045	0.047	0.045	0.046	0.044	0.043	0.044	0.044	0.044	0.044	0.045	0.045	0.044	0.045	0.044	0.045	0.056	0.047	0.044	0.046	0.045	0.045	0.045	0.043	0.044	0.043	0.044	0.044	0.044	0.047	0.046	0.056	0.045	0.044	0.045	0.044	0.044	0.044	0.044	0.044	0.046	0.046	0.046	0.044	0.044	0.044	0.044	0.051	0.046	0.044	0.044	0.043	0.044	0.047	0.054	0.045	0.044	0.044	0.046	0.047	0.046	0.047	0.045	0.044
2:00:05	24.7	0.044	0.044	0.047	0.047	0.050	0.046	0.044	0.044	0.046	0.046	0.046	0.046	0.044	0.044	0.044	0.046	0.050	0.046	0.044	0.045	0.046	0.048	0.047	0.047	0.046	0.044	0.044	0.044	0.050	0.045	0.044	0.047	0.046	0.048	0.046	0.047	0.044	0.044	0.044	0.044	0.044	0.045	0.045	0.046	0.045	0.046	0.045	0.046	0.056	0.047	0.044	0.047	0.046	0.046	0.046	0.044	0.044	0.044	0.045	0.044	0.044	0.047	0.046	0.059	0.046	0.044	0.045	0.044	0.044	0.044	0.045	0.044	0.047	0.047	0.047	0.045	0.045	0.044	0.044	0.052	0.047	0.044	0.045	0.044	0.045	0.047	0.054	0.045	0.044	0.044	0.047	0.048	0.047	0.048	0.045	0.045
3:00:07	24.6	0.045	0.046	0.049	0.048	0.052	0.048	0.046	0.046	0.048	0.048	0.048	0.048	0.046	0.045	0.046	0.047	0.051	0.047	0.045	0.046	0.048	0.049	0.049	0.049	0.047	0.046	0.045	0.045	0.051	0.045	0.046	0.048	0.047	0.049	0.048	0.048	0.046	0.046	0.046	0.046	0.046	0.047	0.047	0.048	0.046	0.048	0.047	0.048	0.058	0.049	0.046	0.049	0.048	0.048	0.048	0.046	0.046	0.044	0.047	0.047	0.047	0.049	0.048	0.059	0.048	0.046	0.047	0.047	0.046	0.046	0.047	0.046	0.048	0.049	0.048	0.047	0.047	0.046	0.047	0.053	0.048	0.046	0.047	0.046	0.047	0.049	0.055	0.047	0.046	0.046	0.048	0.050	0.049	0.050	0.046	0.047
4:00:07	24.7	0.047	0.050	0.053	0.051	0.056	0.051	0.049	0.050	0.052	0.052	0.051	0.051	0.051	0.049	0.049	0.051	0.055	0.051	0.049	0.048	0.052	0.053	0.053	0.053	0.051	0.049	0.048	0.049	0.055	0.046	0.048	0.051	0.051	0.053	0.052	0.052	0.050	0.050	0.050	0.050	0.050	0.050	0.048	0.053	0.051	0.052	0.051	0.051	0.061	0.053	0.050	0.053	0.052	0.052	0.052	0.050	0.050	0.045	0.052	0.051	0.050	0.053	0.051	0.063	0.052	0.050	0.051	0.051	0.051	0.049	0.051	0.050	0.052	0.053	0.052	0.051	0.051	0.050	0.051	0.058	0.049	0.051	0.052	0.049	0.051	0.053	0.058	0.051	0.050	0.051	0.052	0.055	0.053	0.054	0.049	0.051
5:00:09	24.9	0.051	0.062	0.065	0.062	0.070	0.063	0.059	0.063	0.064	0.063	0.061	0.063	0.065	0.058	0.059	0.063	0.066	0.061	0.060	0.051	0.064	0.065	0.065	0.065	0.061	0.059	0.056	0.058	0.064	0.046	0.057	0.060	0.060	0.064	0.063	0.061	0.060	0.062	0.061	0.061	0.061	0.060	0.050	0.067	0.063	0.063	0.064	0.063	0.071	0.065	0.061	0.064	0.064	0.064	0.064	0.061	0.060	0.047	0.065	0.065	0.061	0.064	0.062	0.073	0.064	0.061	0.061	0.062	0.062	0.057	0.062	0.061	0.060	0.065	0.065	0.062	0.063	0.061	0.064	0.070	0.052	0.062	0.066	0.059	0.062	0.063	0.070	0.063	0.060	0.063	0.064	0.069	0.064	0.068	0.055	0.061
6:00:10	25.0	0.057	0.084	0.086	0.084	0.096	0.086	0.080	0.086	0.086	0.085	0.084	0.090	0.087	0.079	0.079	0.084	0.086	0.081	0.080	0.055	0.084	0.084	0.086	0.093	0.081	0.078	0.073	0.076	0.082	0.047	0.074	0.079	0.079	0.086	0.086	0.083	0.081	0.083	0.079	0.080	0.079	0.079	0.051	0.091	0.080	0.081	0.084	0.088	0.089	0.083	0.081	0.084	0.082	0.083	0.081	0.079	0.079	0.048	0.086	0.092	0.083	0.082	0.080	0.090	0.082	0.079	0.081	0.079	0.080	0.075	0.082	0.084	0.082	0.084	0.086	0.080	0.082	0.079	0.083	0.087	0.060	0.081	0.089	0.079	0.087	0.084	0.089	0.085	0.081	0.085	0.084	0.098	0.086	0.091	0.072	0.087
7:00:09	24.9	0.075	0.109	0.111	0.108	0.127	0.112	0.109	0.116	0.114	0.113	0.111	0.127	0.116	0.103	0.103	0.107	0.111	0.104	0.104	0.060	0.107	0.107	0.114	0.131	0.102	0.099	0.092	0.096	0.103	0.048	0.094	0.099	0.100	0.114	0.114	0.115	0.107	0.107	0.101	0.103	0.101	0.101	0.052	0.125	0.101	0.102	0.109	0.123	0.111	0.106	0.102	0.107	0.102	0.109	0.099	0.100	0.103	0.050	0.113	0.127	0.108	0.103	0.101	0.113	0.103	0.100	0.108	0.103	0.102	0.096	0.105	0.115	0.109	0.108	0.111	0.099	0.105	0.101	0.107	0.110	0.079	0.105	0.120	0.101	0.119	0.107	0.115	0.115	0.106	0.111	0.108	0.132	0.112	0.121	0.099	0.121
8:00:10	24.8	0.096	0.143	0.145	0.141	0.167	0.146	0.143	0.153	0.147	0.149	0.148	0.177	0.155	0.133	0.134	0.136	0.144	0.132	0.135	0.067	0.138	0.136	0.152	0.181	0.130	0.126	0.119	0.122	0.129	0.049	0.122	0.125	0.131	0.153	0.154	0.163	0.141	0.140	0.130	0.131	0.129	0.131	0.054	0.168	0.130	0.129	0.143	0.173	0.140	0.137	0.132	0.139	0.132	0.144	0.126	0.129	0.138	0.052	0.149	0.176	0.145	0.134	0.130	0.144	0.132	0.128	0.144	0.135	0.132	0.126	0.138	0.157	0.144	0.139	0.145	0.126	0.134	0.129	0.138	0.138	0.103	0.136	0.160	0.128	0.162	0.141	0.149	0.154	0.137	0.146	0.141	0.173	0.146	0.161	0.133	0.162
9:00:11	24.6	0.123	0.184	0.185	0.180	0.208	0.184	0.186	0.197	0.189	0.193	0.194	0.234	0.198	0.170	0.171	0.169	0.182	0.165	0.172	0.075	0.173	0.169	0.198	0.231	0.164	0.160	0.151	0.153	0.161	0.050	0.156	0.158	0.168	0.201	0.204	0.216	0.186	0.177	0.164	0.165	0.162	0.166	0.055	0.215	0.165	0.162	0.183	0.225	0.172	0.173	0.168	0.176	0.164	0.186	0.154	0.165	0.178	0.054	0.192	0.231	0.187	0.168	0.162	0.179	0.164	0.161	0.187	0.171	0.168	0.162	0.177	0.208	0.185	0.177	0.184	0.156	0.167	0.162	0.174	0.173	0.134	0.173	0.206	0.156	0.206	0.181	0.188	0.197	0.173	0.188	0.178	0.216	0.187	0.206	0.174	0.204
10:00:11	24.5	0.156	0.230	0.229	0.225	0.249	0.229	0.234	0.245	0.233	0.241	0.243	0.290	0.243	0.213	0.213	0.208	0.223	0.202	0.213	0.084	0.212	0.207	0.247	0.274	0.204	0.199	0.187	0.188	0.197	0.051	0.194	0.194	0.209	0.251	0.261	0.267	0.231	0.221	0.201	0.203	0.201	0.205	0.056	0.258	0.203	0.198	0.228	0.276	0.211	0.214	0.207	0.218	0.201	0.229	0.185	0.203	0.221	0.056	0.238	0.284	0.233	0.209	0.199	0.218	0.202	0.198	0.233	0.211	0.208	0.203	0.221	0.260	0.226	0.218	0.226	0.191	0.202	0.199	0.214	0.211	0.173	0.213	0.254	0.185	0.245	0.225	0.229	0.243	0.214	0.233	0.221	0.256	0.233	0.251	0.219	0.246
11:00:13	24.4	0.183	0.272	0.275	0.269	0.289	0.275	0.286	0.296	0.282	0.292	0.293	0.339	0.283	0.256	0.254	0.248	0.266	0.240	0.256	0.093	0.254	0.247	0.296	0.314	0.247	0.239	0.225	0.226	0.235	0.052	0.234	0.234	0.255	0.301	0.325	0.315	0.275	0.264	0.240	0.243	0.241	0.246	0.056	0.301	0.244	0.236	0.275	0.324	0.252	0.255	0.247	0.260	0.240	0.274	0.219	0.244	0.265	0.058	0.285	0.332	0.277	0.250	0.237	0.257	0.241	0.237	0.281	0.253	0.252	0.246	0.266	0.307	0.265	0.261	0.267	0.228	0.241	0.236	0.255	0.250	0.214	0.255	0.300	0.215	0.279	0.268	0.271	0.285	0.255	0.275	0.266	0.295	0.277	0.296	0.261	0.281
12:00:14	24.3	0.207	0.318	0.321	0.315	0.334	0.325	0.337	0.348	0.337	0.346	0.346	0.392	0.322	0.301	0.298	0.295	0.312	0.284	0.305	0.103	0.302	0.294	0.348	0.357	0.293	0.281	0.264	0.265	0.278	0.053	0.280	0.278	0.302	0.355	0.398	0.362	0.317	0.310	0.283	0.286	0.285	0.291	0.057	0.348	0.291	0.282	0.327	0.373	0.301	0.301	0.293	0.305	0.285	0.324	0.261	0.293	0.312	0.060	0.339	0.382	0.321	0.295	0.280	0.301	0.286	0.282	0.328	0.302	0.300	0.294	0.315	0.355	0.308	0.307	0.311	0.269	0.283	0.280	0.301	0.295	0.257	0.301	0.350	0.251	0.315	0.311	0.312	0.334	0.299	0.322	0.315	0.334	0.323	0.344	0.305	0.325
13:00:15	24.3	0.226	0.367	0.370	0.362	0.378	0.371	0.387	0.398	0.392	0.401	0.400	0.444	0.363	0.353	0.347	0.345	0.358	0.331	0.354	0.115	0.356	0.349	0.402	0.403	0.338	0.324	0.304	0.311	0.324	0.054	0.327	0.325	0.353	0.412	0.484	0.407	0.363	0.360	0.330	0.333	0.330	0.336	0.057	0.392	0.343	0.333	0.384	0.420	0.353	0.351	0.343	0.353	0.334	0.376	0.303	0.343	0.362	0.061	0.398	0.438	0.368	0.346	0.327	0.348	0.336	0.332	0.381	0.353	0.352	0.344	0.367	0.407	0.355	0.356	0.358	0.318	0.328	0.330	0.353	0.346	0.302	0.357	0.404	0.293	0.346	0.358	0.358	0.386	0.347	0.371	0.364	0.377	0.372	0.393	0.352	0.371
14:00:16	24.5	0.246	0.411	0.411	0.406	0.416	0.413	0.437	0.447	0.444	0.452	0.451	0.495	0.403	0.398	0.392	0.390	0.399	0.376	0.399	0.130	0.402	0.400	0.459	0.447	0.382	0.368	0.345	0.353	0.366	0.053	0.372	0.370	0.402	0.462	0.568	0.454	0.403	0.406	0.375	0.377	0.372	0.381	0.056	0.428	0.388	0.383	0.440	0.461	0.402	0.399	0.387	0.396	0.377	0.417	0.346	0.390	0.407	0.062	0.454	0.485	0.410	0.395	0.369	0.395	0.381	0.378	0.425	0.403	0.403	0.398	0.422	0.458	0.398	0.401	0.399	0.364	0.371	0.374	0.400	0.399	0.350	0.401	0.455	0.336	0.378	0.406	0.404	0.434	0.390	0.418	0.417	0.411	0.419	0.435	0.403	0.412
15:00:17	24.8	0.270	0.453	0.454	0.443	0.455	0.457	0.490	0.490	0.493	0.501	0.499	0.525	0.436	0.443	0.433	0.431	0.443	0.417	0.445	0.151	0.452	0.442	0.504	0.477	0.425	0.409	0.383	0.393	0.409	0.054	0.414	0.414	0.445	0.499	0.666	0.486	0.442	0.454	0.420	0.423	0.413	0.430	0.056	0.463	0.432	0.430	0.490	0.498	0.446	0.446	0.431	0.443	0.423	0.461	0.391	0.439	0.452	0.064	0.506	0.527	0.449	0.443	0.416	0.445	0.429	0.424	0.473	0.450	0.451	0.450	0.472	0.503	0.436	0.447	0.440	0.409	0.419	0.418	0.445	0.450	0.401	0.453	0.506	0.377	0.406	0.449	0.444	0.480	0.435	0.464	0.461	0.450	0.468	0.482	0.448	0.449
16:00:17	24.9	0.295	0.488	0.498	0.490	0.500	0.511	0.545	0.549	0.534	0.550	0.555	0.568	0.468	0.487	0.474	0.474	0.497	0.453	0.483	0.179	0.492	0.484	0.554	0.504	0.466	0.448	0.420	0.428	0.451	0.055	0.460	0.454	0.486	0.538	0.704	0.517	0.475	0.494	0.465	0.464	0.457	0.468	0.057	0.506	0.474	0.476	0.535	0.530	0.489	0.487	0.475	0.483	0.461	0.520	0.433	0.482	0.501	0.066	0.555	0.571	0.488	0.487	0.460	0.486	0.473	0.471	0.523	0.493	0.495	0.496	0.519	0.540	0.468	0.486	0.484	0.456	0.468	0.466	0.496	0.498	0.453	0.494	0.552	0.407	0.436	0.485	0.484	0.533	0.472	0.503	0.508	0.498	0.515	0.524	0.485	0.482
17:00:18	24.8	0.320	0.529	0.541	0.530	0.518	0.562	0.598	0.604	0.577	0.596	0.607	0.613	0.500	0.532	0.526	0.510	0.544	0.495	0.532	0.212	0.532	0.531	0.608	0.549	0.508	0.490	0.460	0.468	0.493	0.055	0.492	0.492	0.542	0.587	0.772	0.559	0.513	0.547	0.504	0.501	0.498	0.502	0.055	0.538	0.508	0.523	0.579	0.579	0.535	0.531	0.514	0.520	0.505	0.577	0.469	0.524	0.551	0.066	0.602	0.626	0.528	0.529	0.505	0.535	0.517	0.508	0.577	0.540	0.542	0.541	0.565	0.589	0.512	0.534	0.529	0.499	0.519	0.509	0.543	0.545	0.502	0.545	0.615	0.447	0.461	0.529	0.529	0.591	0.523	0.556	0.561	0.552	0.569	0.589	0.536	0.509
18:00:20	24.9	0.342	0.573	0.586	0.572	0.561	0.606	0.665	0.653	0.630	0.655	0.661	0.666	0.533	0.580	0.580	0.551	0.594	0.540	0.579	0.249	0.569	0.563	0.668	0.605	0.553	0.532	0.495	0.503	0.538	0.056	0.540	0.526	0.606	0.652	0.838	0.613	0.553	0.595	0.548	0.544	0.544	0.555	0.055	0.602	0.554	0.559	0.630	0.636	0.590	0.576	0.550	0.575	0.544	0.627	0.497	0.565	0.612	0.067	0.646	0.691	0.564	0.582	0.554	0.588	0.555	0.547	0.640	0.591	0.581	0.589	0.605	0.658	0.551	0.590	0.582	0.540	0.571	0.554	0.587	0.593	0.548	0.594	0.679	0.492	0.489	0.579	0.577	0.645	0.583	0.617	0.627	0.570	0.634	0.652	0.596	0.544
19:00:21	25.1	0.363	0.611	0.615	0.602	0.596	0.666	0.700	0.697	0.689	0.700	0.715	0.691	0.568	0.630	0.616	0.596	0.620	0.581	0.619	0.286	0.611	0.614	0.726	0.632	0.593	0.581	0.539	0.542	0.586	0.057	0.589	0.577	0.662	0.690	0.896	0.653	0.576	0.644	0.596	0.604	0.596	0.605	0.056	0.637	0.586	0.596	0.684	0.671	0.644	0.639	0.603	0.621	0.597	0.638	0.533	0.625	0.658	0.069	0.702	0.739	0.592	0.637	0.615	0.639	0.601	0.587	0.690	0.650	0.627	0.639	0.652	0.704	0.583	0.636	0.619	0.590	0.630	0.604	0.657	0.643	0.596	0.662	0.724	0.509	0.519	0.620	0.622	0.656	0.609	0.664	0.676	0.566	0.700	0.694	0.632	0.561
20:00:21	25.3	0.386	0.637	0.641	0.625	0.607	0.681	0.732	0.723	0.720	0.747	0.751	0.700	0.600	0.678	0.657	0.645	0.637	0.637	0.662	0.319	0.659	0.664	0.757	0.642	0.630	0.634	0.583	0.590	0.624	0.056	0.647	0.632	0.702	0.735	0.959	0.695	0.612	0.690	0.653	0.642	0.634	0.658	0.054	0.640	0.630	0.650	0.741	0.709	0.692	0.679	0.660	0.666	0.643	0.665	0.570	0.665	0.697	0.069	0.740	0.758	0.618	0.688	0.662	0.687	0.651	0.645	0.719	0.693	0.684	0.688	0.713	0.756	0.604	0.685	0.663	0.635	0.666	0.662	0.701	0.692	0.658	0.708	0.767	0.528	0.547	0.656	0.649	0.651	0.648	0.705	0.726	0.575	0.739	0.740	0.683	0.593
21:00:23	25.6	0.415	0.652	0.645	0.656	0.589	0.697	0.752	0.753	0.763	0.796	0.751	0.690	0.611	0.703	0.679	0.680	0.640	0.679	0.712	0.352	0.707	0.677	0.804	0.638	0.659	0.666	0.627	0.638	0.655	0.057	0.682	0.672	0.717	0.749	0.998	0.705	0.645	0.733	0.686	0.675	0.669	0.686	0.054	0.617	0.680	0.675	0.768	0.691	0.708	0.714	0.700	0.704	0.681	0.612	0.613	0.692	0.716	0.071	0.787	0.731	0.637	0.718	0.696	0.724	0.689	0.686	0.741	0.712	0.716	0.725	0.754	0.791	0.604	0.711	0.681	0.682	0.690	0.696	0.722	0.717	0.707	0.735	0.758	0.537	0.554	0.672	0.665	0.639	0.665	0.700	0.748	0.594	0.765	0.724	0.717	0.599
22:00:23	25.8	0.435	0.612	0.624	0.646	0.624	0.663	0.736	0.728	0.754	0.736	0.727	0.681	0.605	0.718	0.685	0.702	0.604	0.687	0.720	0.383	0.722	0.713	0.741	0.639	0.662	0.683	0.644	0.671	0.668	0.058	0.697	0.698	0.747	0.744	1.036	0.695	0.624	0.747	0.709	0.697	0.673	0.708	0.054	0.632	0.701	0.702	0.793	0.672	0.701	0.736	0.717	0.724	0.704	0.633	0.646	0.706	0.729	0.071	0.804	0.711	0.637	0.745	0.707	0.748	0.697	0.700	0.745	0.732	0.729	0.749	0.772	0.766	0.597	0.714	0.666	0.689	0.668	0.711	0.739	0.739	0.747	0.766	0.720	0.529	0.576	0.667	0.650	0.652	0.667	0.673	0.719	0.604	0.755	0.700	0.704	0.599
23:00:24	26.0	0.439	0.621	0.629	0.623	0.645	0.654	0.755	0.747	0.743	0.763	0.715	0.718	0.613	0.705	0.676	0.721	0.618	0.701	0.726	0.416	0.691	0.732	0.774	0.654	0.666	0.690	0.651	0.696	0.695	0.058	0.705	0.698	0.759	0.710	1.052	0.668	0.623	0.753	0.712	0.715	0.688	0.717	0.054	0.654	0.711	0.716	0.783	0.703	0.692	0.745	0.732	0.737	0.695	0.674	0.659	0.717	0.738	0.073	0.796	0.730	0.629	0.758	0.709	0.769	0.710	0.695	0.716	0.747	0.748	0.781	0.788	0.742	0.604	0.688	0.648	0.702	0.660	0.723	0.734	0.760	0.770	0.772	0.750	0.547	0.578	0.643	0.637	0.669	0.654	0.667	0.705	0.605	0.734	0.694	0.679	0.604
24:00:26	26.0	0.456	0.633	0.653	0.629	0.634	0.674	0.770	0.750	0.780	0.801	0.745	0.744	0.635	0.691	0.667	0.740	0.654	0.697	0.738	0.449	0.752	0.754	0.833	0.677	0.664	0.688	0.658	0.685	0.698	0.059	0.718	0.718	0.777	0.736	1.070	0.696	0.639	0.767	0.720	0.709	0.686	0.715	0.053	0.664	0.707	0.724	0.815	0.744	0.702	0.709	0.758	0.738	0.684	0.712	0.660	0.722	0.726	0.073	0.838	0.760	0.648	0.762	0.710	0.773	0.743	0.710	0.752	0.768	0.743	0.788	0.821	0.773	0.622	0.705	0.674	0.743	0.701	0.726	0.737	0.786	0.792	0.789	0.798	0.572	0.582	0.649	0.657	0.686	0.675	0.700	0.730	0.608	0.748	0.725	0.675	0.621
25:00:27	25.8	0.461	0.663	0.682	0.658	0.650	0.693	0.782	0.770	0.797	0.810	0.781	0.752	0.651	0.731	0.705	0.774	0.675	0.711	0.741	0.480	0.794	0.791	0.840	0.679	0.669	0.677	0.660	0.694	0.732	0.063	0.751	0.709	0.799	0.779	1.116	0.721	0.668	0.802	0.728	0.725	0.684	0.709	0.053	0.675	0.719	0.731	0.835	0.758	0.722	0.762	0.760	0.742	0.720	0.734	0.685	0.751	0.794	0.080	0.853	0.770	0.669	0.765	0.736	0.787	0.745	0.753	0.814	0.760	0.778	0.828	0.835	0.807	0.635	0.741	0.716	0.772	0.738	0.739	0.782	0.779	0.821	0.785	0.812	0.588	0.585	0.676	0.683	0.694	0.710	0.723	0.765	0.612	0.784	0.745	0.713	0.627
26:00:27	25.6	0.451	0.677	0.695	0.679	0.656	0.703	0.787	0.761	0.801	0.810	0.785	0.740	0.656	0.747	0.739	0.767	0.686	0.726	0.756	0.506	0.783	0.774	0.856	0.680	0.681	0.695	0.672	0.698	0.753	0.073	0.759	0.736	0.810	0.790	1.099	0.728	0.686	0.821	0.753	0.742	0.709	0.732	0.053	0.676	0.770	0.759	0.847	0.764	0.744	0.780	0.777	0.764	0.738	0.740	0.711	0.772	0.818	0.085	0.884	0.772	0.686	0.803	0.769	0.815	0.748	0.784	0.824	0.820	0.801	0.815	0.869	0.813	0.639	0.771	0.734	0.805	0.757	0.763	0.800	0.798	0.826	0.798	0.819	0.598	0.583	0.688	0.694	0.695	0.722	0.728	0.778	0.610	0.820	0.745	0.730	0.635
27:00:28	25.2	0.447	0.684	0.705	0.693	0.651	0.710	0.776	0.763	0.801	0.825	0.782	0.744	0.664	0.765	0.756	0.787	0.692	0.738	0.795	0.534	0.794	0.770	0.847	0.678	0.702	0.732	0.671	0.733	0.714	0.088	0.756	0.750	0.836	0.778	1.131	0.724	0.698	0.826	0.784	0.765	0.742	0.732	0.053	0.675	0.764	0.746	0.850	0.768	0.755	0.795	0.779	0.773	0.757	0.743	0.717	0.803	0.822	0.100	0.898	0.771	0.691	0.818	0.789	0.831	0.798	0.776	0.827	0.841	0.810	0.865	0.877	0.810	0.646	0.788	0.737	0.859	0.767	0.798	0.812	0.840	0.855	0.828	0.815	0.611	0.583	0.690	0.703	0.694	0.729	0.723	0.772	0.610	0.816	0.743	0.731	0.636
28:00:29	24.9	0.441	0.685	0.705	0.703	0.648	0.718	0.774	0.763	0.811	0.821	0.772	0.729	0.667	0.781	0.757	0.804	0.691	0.775	0.805	0.566	0.807	0.814	0.842	0.673	0.726	0.759	0.684	0.758	0.746	0.108	0.753	0.792	0.844	0.777	1.129	0.720	0.704	0.829	0.796	0.794	0.761	0.795	0.053	0.673	0.783	0.767	0.865	0.759	0.759	0.799	0.803	0.782	0.781	0.745	0.710	0.809	0.833	0.110	0.897	0.769	0.697	0.828	0.798	0.822	0.809	0.778	0.819	0.839	0.837	0.886	0.891	0.806	0.652	0.784	0.738	0.881	0.768	0.810	0.807	0.854	0.866	0.842	0.815	0.620	0.584	0.688	0.699	0.689	0.724	0.720	0.771	0.603	0.802	0.739	0.729	0.642
29:00:29	24.8	0.434	0.684	0.698	0.700	0.645	0.705	0.755	0.746	0.807	0.810	0.765	0.708	0.664	0.773	0.752	0.804	0.687	0.783	0.796	0.579	0.818	0.812	0.834	0.669	0.725	0.771	0.708	0.732	0.779	0.137	0.781	0.765	0.838	0.770	1.127	0.718	0.695	0.821	0.801	0.779	0.766	0.795	0.053	0.673	0.801	0.773	0.870	0.744	0.759	0.795	0.806	0.782	0.800	0.745	0.712	0.813	0.832	0.118	0.890	0.755	0.695	0.841	0.799	0.832	0.803	0.810	0.811	0.843	0.869	0.893	0.893	0.798	0.649	0.782	0.734	0.926	0.764	0.819	0.805	0.853	0.893	0.835	0.810	0.633	0.579	0.686	0.693	0.683	0.721	0.707	0.760	0.597	0.788	0.723	0.722	0.641
30:00:31	24.8	0.426	0.677	0.691	0.691	0.636	0.695	0.742	0.736	0.794	0.806	0.757	0.696	0.659	0.767	0.752	0.771	0.681	0.782	0.791	0.605	0.823	0.811	0.838	0.660	0.724	0.765	0.744	0.778	0.778	0.166	0.801	0.764	0.843	0.763	1.146	0.712	0.696	0.812	0.806	0.784	0.766	0.799	0.054	0.667	0.806	0.802	0.863	0.735	0.755	0.791	0.804	0.772	0.809	0.745	0.714	0.826	0.819	0.133	0.889	0.740	0.689	0.841	0.803	0.833	0.798	0.800	0.798	0.847	0.873	0.896	0.887	0.788	0.645	0.770	0.723	0.938	0.751	0.823	0.795	0.855	0.902	0.828	0.798	0.643	0.570	0.674	0.683	0.675	0.714	0.693	0.747	0.588	0.780	0.709	0.715	0.642
31:00:31	25.0	0.406	0.658	0.663	0.669	0.668	0.666	0.710	0.711	0.756	0.747	0.712	0.660	0.637	0.750	0.731	0.773	0.657	0.772	0.775	0.608	0.801	0.809	0.812	0.637	0.712	0.752	0.741	0.775	0.770	0.198	0.800	0.790	0.827	0.748	1.120	0.699	0.680	0.786	0.798	0.782	0.757	0.790	0.054	0.663	0.797	0.797	0.840	0.711	0.742	0.782	0.795	0.761	0.781	0.723	0.732	0.804	0.801	0.147	0.868	0.715	0.678	0.826	0.784	0.819	0.785	0.794	0.773	0.831	0.829	0.880	0.854	0.757	0.637	0.764	0.710	0.957	0.756	0.819	0.779	0.851	0.892	0.817	0.777	0.647	0.557	0.669	0.671	0.658	0.694	0.679	0.716	0.589	0.753	0.698	0.699	0.629
32:00:33	25.0	0.411	0.657	0.672	0.665	0.614	0.675	0.693	0.715	0.780	0.762	0.724	0.658	0.628	0.739	0.726	0.774	0.657	0.770	0.782	0.605	0.782	0.815	0.803	0.642	0.706	0.745	0.740	0.772	0.780	0.235	0.817	0.803	0.830	0.736	1.158	0.694	0.677	0.782	0.792	0.781	0.756	0.789	0.053	0.645	0.813	0.797	0.853	0.712	0.734	0.774	0.788	0.746	0.787	0.719	0.724	0.810	0.802	0.116	0.857	0.697	0.673	0.825	0.781	0.821	0.798	0.818	0.769	0.839	0.849	0.890	0.864	0.746	0.633	0.747	0.698	0.964	0.740	0.806	0.769	0.845	0.885	0.809	0.764	0.640	0.553	0.664	0.661	0.656	0.683	0.673	0.708	0.576	0.741	0.678	0.687	0.629
33:00:34	25.1	0.397	0.658	0.643	0.645	0.657	0.648	0.684	0.698	0.733	0.737	0.691	0.634	0.624	0.728	0.706	0.764	0.636	0.770	0.766	0.595	0.771	0.792	0.790	0.623	0.692	0.729	0.722	0.764	0.777	0.279	0.806	0.784	0.810	0.717	1.188	0.682	0.661	0.765	0.784	0.781	0.754	0.781	0.053	0.641	0.822	0.785	0.825	0.695	0.721	0.765	0.776	0.735	0.782	0.700	0.743	0.819	0.775	0.098	0.844	0.676	0.657	0.817	0.767	0.800	0.781	0.818	0.752	0.824	0.832	0.880	0.844	0.730	0.629	0.737	0.695	0.965	0.739	0.797	0.757	0.833	0.883	0.793	0.756	0.639	0.548	0.654	0.654	0.647	0.674	0.655	0.691	0.575	0.718	0.674	0.677	0.612
34:00:35	25.1	0.408	0.653	0.664	0.650	0.594	0.664	0.672	0.716	0.745	0.707	0.702	0.623	0.630	0.723	0.708	0.774	0.638	0.771	0.758	0.604	0.783	0.803	0.772	0.626	0.685	0.729	0.722	0.766	0.778	0.324	0.812	0.786	0.815	0.706	1.215	0.677	0.651	0.759	0.784	0.769	0.735	0.774	0.053	0.620	0.811	0.789	0.834	0.684	0.715	0.764	0.782	0.728	0.787	0.690	0.742	0.823	0.775	0.084	0.836	0.678	0.651	0.809	0.757	0.793	0.786	0.819	0.738	0.828	0.829	0.891	0.841	0.724	0.630	0.728	0.686	1.005	0.720	0.794	0.742	0.818	0.878	0.787	0.736	0.633	0.542	0.647	0.652	0.642	0.667	0.656	0.683	0.568	0.708	0.665	0.673	0.608
35:00:35	25.1	0.398	0.644	0.667	0.652	0.599	0.662	0.649	0.693	0.740	0.713	0.689	0.607	0.618	0.737	0.704	0.752	0.632	0.763	0.753	0.619	0.800	0.806	0.763	0.633	0.689	0.723	0.719	0.757	0.765	0.369	0.811	0.795	0.810	0.699	1.235	0.675	0.641	0.750	0.784	0.780	0.727	0.765	0.053	0.629	0.803	0.785	0.825	0.680	0.707	0.745	0.783	0.717	0.775	0.687	0.752	0.830	0.769	0.119	0.836	0.664	0.648	0.809	0.756	0.783	0.782	0.817	0.731	0.822	0.838	0.890	0.827	0.715	0.623	0.720	0.689	1.037	0.720	0.787	0.740	0.809	0.878	0.773	0.738	0.643	0.536	0.640	0.646	0.639	0.668	0.653	0.680	0.567	0.702	0.661	0.667	0.600
36:00:36	25.1	0.391	0.642	0.658	0.659	0.563	0.662	0.647	0.677	0.705	0.688	0.689	0.613	0.606	0.713	0.698	0.776	0.638	0.766	0.741	0.635	0.780	0.820	0.744	0.621	0.674	0.721	0.714	0.766	0.761	0.413	0.811	0.785	0.808	0.693	1.390	0.670	0.636	0.743	0.778	0.774	0.714	0.755	0.053	0.629	0.798	0.788	0.823	0.657	0.693	0.743	0.788	0.711	0.779	0.676	0.767	0.813	0.763	0.087	0.833	0.663	0.640	0.801	0.764	0.774	0.797	0.827	0.726	0.804	0.831	0.889	0.833	0.711	0.624	0.720	0.694	1.047	0.711	0.777	0.745	0.796	0.876	0.779	0.749	0.645	0.527	0.636	0.653	0.636	0.671	0.667	0.672	0.571	0.703	0.655	0.667	0.600
37:00:37	25.2	0.385	0.627	0.637	0.638	0.559	0.633	0.635	0.641	0.698	0.657	0.672	0.596	0.598	0.713	0.692	0.773	0.641	0.759	0.748	0.649	0.789	0.823	0.735	0.624	0.669	0.716	0.709	0.758	0.754	0.455	0.806	0.796	0.801	0.681	1.257	0.663	0.638	0.753	0.777	0.765	0.723	0.767	0.053	0.619	0.801	0.796	0.837	0.647	0.689	0.724	0.779	0.725	0.776	0.666	0.750	0.806	0.751	0.123	0.827	0.644	0.630	0.789	0.766	0.762	0.805	0.814	0.715	0.800	0.825	0.894	0.827	0.709	0.618	0.717	0.703	1.073	0.722	0.784	0.737	0.786	0.871	0.784	0.742	0.651	0.530	0.645	0.651	0.645	0.690	0.675	0.667	0.568	0.688	0.657	0.661	0.585
38:00:38	25.4	0.367	0.600	0.604	0.626	0.594	0.623	0.637	0.600	0.684	0.643	0.624	0.590	0.597	0.706	0.691	0.747	0.620	0.755	0.732	0.631	0.772	0.806	0.719	0.618	0.653	0.701	0.695	0.748	0.744	0.490	0.793	0.771	0.788	0.681	1.214	0.650	0.656	0.741	0.773	0.754	0.713	0.759	0.053	0.638	0.791	0.791	0.800	0.644	0.675	0.720	0.768	0.700	0.767	0.666	0.749	0.789	0.736	0.198	0.818	0.653	0.629	0.770	0.747	0.739	0.825	0.814	0.702	0.770	0.811	0.879	0.826	0.692	0.605	0.729	0.687	1.059	0.727	0.788	0.754	0.787	0.866	0.778	0.745	0.645	0.528	0.643	0.637	0.651	0.657	0.690	0.687	0.564	0.677	0.648	0.662	0.579
39:00:39	25.3	0.366	0.576	0.592	0.614	0.583	0.594	0.620	0.561	0.643	0.625	0.613	0.573	0.588	0.701	0.674	0.749	0.598	0.750	0.706	0.632	0.789	0.800	0.697	0.605	0.656	0.703	0.686	0.745	0.718	0.526	0.777	0.769	0.766	0.690	1.149	0.643	0.654	0.733	0.777	0.743	0.718	0.752	0.052	0.630	0.784	0.799	0.866	0.621	0.676	0.706	0.772	0.713	0.750	0.661	0.765	0.774	0.721	0.175	0.819	0.609	0.629	0.743	0.748	0.753	0.799	0.796	0.692	0.753	0.814	0.879	0.818	0.677	0.606	0.729	0.705	1.076	0.724	0.784	0.742	0.775	0.859	0.791	0.772	0.635	0.524	0.651	0.661	0.637	0.660	0.655	0.704	0.565	0.669	0.641	0.662	0.585
40:00:40	25.3	0.372	0.565	0.611	0.610	0.514	0.574	0.573	0.565	0.611	0.612	0.613	0.567	0.569	0.689	0.700	0.768	0.653	0.759	0.732	0.661	0.842	0.812	0.720	0.604	0.651	0.712	0.695	0.744	0.726	0.564	0.780	0.756	0.765	0.657	1.278	0.644	0.609	0.763	0.800	0.756	0.718	0.750	0.052	0.619	0.781	0.827	0.768	0.601	0.699	0.725	0.788	0.738	0.747	0.660	0.768	0.772	0.722	0.651	0.768	0.616	0.691	0.755	0.770	0.765	0.816	0.843	0.692	0.751	0.821	0.885	0.827	0.695	0.621	0.730	0.743	1.078	0.728	0.775	0.740	0.774	0.861	0.793	0.742	0.654	0.522	0.670	0.713	0.619	0.660	0.620	0.673	0.553	0.695	0.633	0.659	0.586
41:00:41	25.1	0.358	0.558	0.555	0.584	0.548	0.553	0.555	0.552	0.599	0.609	0.587	0.556	0.589	0.692	0.696	0.724	0.593	0.761	0.728	0.645	0.813	0.789	0.645	0.595	0.670	0.710	0.683	0.760	0.707	0.604	0.761	0.761	0.755	0.636	1.019	0.637	0.623	0.749	0.777	0.762	0.750	0.767	0.053	0.588	0.775	0.827	0.775	0.613	0.737	0.720	0.768	0.726	0.738	0.689	0.772	0.754	0.713	0.630	0.766	0.600	0.665	0.745	0.762	0.749	0.775	0.860	0.687	0.746	0.823	0.885	0.810	0.660	0.622	0.766	0.741	1.091	0.780	0.798	0.722	0.797	0.862	0.809	0.770	0.642	0.518	0.688	0.695	0.624	0.659	0.635	0.669	0.556	0.725	0.634	0.648	0.587
42:00:41	25.1	0.367	0.539	0.564	0.574	0.513	0.530	0.569	0.555	0.584	0.589	0.600	0.565	0.526	0.643	0.716	0.743	0.673	0.772	0.740	0.666	0.833	0.822	0.693	0.586	0.636	0.704	0.699	0.776	0.719	0.645	0.764	0.783	0.786	0.642	1.260	0.644	0.582	0.716	0.794	0.808	0.731	0.793	0.052	0.600	0.813	0.869	0.755	0.596	0.691	0.735	0.805	0.733	0.759	0.655	0.788	0.749	0.714	0.638	0.791	0.609	0.648	0.762	0.800	0.841	0.812	0.869	0.687	0.752	0.863	0.887	0.806	0.671	0.630	0.779	0.718	1.132	0.728	0.802	0.771	0.801	0.862	0.778	0.733	0.678	0.520	0.685	0.669	0.606	0.665	0.611	0.644	0.537	0.646	0.632	0.630	0.607
43:00:44	25.1	0.349	0.536	0.537	0.545	0.557	0.533	0.556	0.527	0.599	0.586	0.580	0.553	0.582	0.661	0.664	0.730	0.623	0.757	0.657	0.646	0.786	0.810	0.638	0.597	0.656	0.705	0.687	0.734	0.719	0.661	0.756	0.775	0.734	0.636	1.066	0.630	0.579	0.743	0.769	0.727	0.703	0.783	0.052	0.583	0.818	0.852	0.718	0.614	0.667	0.802	0.779	0.745	0.744	0.659	0.779	0.751	0.708	0.626	0.720	0.580	0.665	0.760	0.801	0.787	0.785	0.876	0.680	0.730	0.832	0.881	0.781	0.650	0.613	0.730	0.709	1.128	0.804	0.748	0.781	0.811	0.855	0.773	0.740	0.641	0.504	0.677	0.673	0.585	0.638	0.606	0.633	0.549	0.664	0.615	0.623	0.580
44:00:44	25.3	0.345	0.523	0.531	0.528	0.541	0.516	0.540	0.520	0.566	0.580	0.572	0.557	0.561	0.640	0.670	0.691	0.606	0.763	0.667	0.645	0.741	0.800	0.659	0.595	0.605	0.725	0.693	0.775	0.708	0.666	0.762	0.770	0.732	0.622	1.098	0.632	0.627	0.725	0.787	0.749	0.733	0.789	0.052	0.567	0.800	0.861	0.728	0.601	0.648	0.749	0.759	0.779	0.789	0.691	0.793	0.772	0.699	0.612	0.778	0.599	0.673	0.780	0.722	0.769	0.800	0.871	0.671	0.741	0.856	0.877	0.754	0.645	0.619	0.760	0.683	1.158	0.792	0.781	0.751	0.833	0.854	0.701	0.705	0.661	0.504	0.699	0.687	0.594	0.628	0.634	0.605	0.541	0.628	0.592	0.622	0.598
45:00:44	25.6	0.345	0.516	0.524	0.517	0.559	0.512	0.535	0.508	0.560	0.564	0.556	0.550	0.574	0.621	0.656	0.674	0.616	0.740	0.670	0.643	0.762	0.827	0.637	0.595	0.601	0.701	0.681	0.776	0.735	0.668	0.765	0.759	0.710	0.647	1.349	0.630	0.602	0.678	0.730	0.733	0.702	0.770	0.052	0.575	0.777	0.828	0.674	0.585	0.674	0.799	0.762	0.731	0.762	0.656	0.824	0.821	0.699	0.598	0.709	0.604	0.658	0.802	0.757	0.775	0.805	0.859	0.668	0.765	0.836	0.872	0.738	0.630	0.619	0.742	0.709	1.160	0.734	0.797	0.784	0.803	0.855	0.781	0.700	0.660	0.509	0.682	0.683	0.598	0.607	0.650	0.621	0.544	0.634	0.599	0.631	0.585
46:00:44	25.6	0.346	0.511	0.532	0.511	0.545	0.498	0.540	0.510	0.569	0.558	0.556	0.559	0.594	0.604	0.644	0.659	0.641	0.737	0.659	0.650	0.777	0.741	0.656	0.606	0.599	0.689	0.695	0.729	0.700	0.678	0.774	0.786	0.708	0.641	1.217	0.639	0.605	0.672	0.766	0.745	0.688	0.798	0.052	0.568	0.756	0.796	0.700	0.606	0.660	0.788	0.763	0.706	0.765	0.656	0.825	0.810	0.700	0.610	0.680	0.609	0.658	0.825	0.798	0.700	0.817	0.859	0.668	0.754	0.819	0.874	0.760	0.631	0.640	0.745	0.724	1.143	0.704	0.810	0.766	0.844	0.851	0.736	0.692	0.646	0.494	0.690	0.691	0.593	0.616	0.615	0.608	0.552	0.634	0.605	0.623	0.578
47:00:46	25.5	0.358	0.528	0.534	0.522	0.513	0.516	0.538	0.538	0.545	0.568	0.572	0.558	0.538	0.592	0.627	0.635	0.637	0.716	0.607	0.670	0.672	0.650	0.655	0.596	0.597	0.700	0.712	0.781	0.766	0.700	0.765	0.767	0.705	0.633	1.273	0.649	0.587	0.629	0.790	0.757	0.700	0.734	0.052	0.577	0.758	0.849	0.663	0.623	0.609	0.717	0.697	0.679	0.808	0.638	0.841	0.816	0.703	0.585	0.682	0.613	0.623	0.833	0.765	0.745	0.801	0.905	0.671	0.770	0.787	0.877	0.733	0.644	0.666	0.681	0.676	1.154	0.702	0.813	0.746	0.802	0.855	0.682	0.692	0.649	0.513	0.684	0.660	0.600	0.630	0.595	0.613	0.538	0.602	0.620	0.638	0.583
48:00:47	25.3	0.351	0.536	0.533	0.521	0.487	0.520	0.546	0.529	0.552	0.558	0.564	0.572	0.534	0.597	0.640	0.651	0.641	0.697	0.627	0.675	0.645	0.668	0.640	0.599	0.602	0.696	0.735	0.784	0.744	0.723	0.778	0.755	0.718	0.633	1.233	0.651	0.599	0.657	0.737	0.712	0.717	0.764	0.052	0.583	0.718	0.806	0.681	0.609	0.620	0.706	0.693	0.660	0.767	0.610	0.838	0.800	0.719	0.582	0.681	0.620	0.635	0.823	0.748	0.793	0.773	0.875	0.677	0.728	0.808	0.872	0.724	0.640	0.653	0.690	0.716	1.154	0.729	0.806	0.768	0.760	0.859	0.696	0.680	0.656	0.508	0.646	0.646	0.599	0.632	0.606	0.583	0.550	0.638	0.615	0.625	0.583
49:00:48	25.0	0.336	0.502	0.518	0.489	0.529	0.497	0.524	0.494	0.568	0.546	0.552	0.595	0.558	0.591	0.627	0.593	0.647	0.654	0.616	0.646	0.664	0.679	0.631	0.601	0.601	0.673	0.724	0.734	0.683	0.731	0.755	0.733	0.696	0.669	1.243	0.643	0.601	0.648	0.703	0.706	0.719	0.768	0.052	0.556	0.706	0.750	0.699	0.609	0.629	0.729	0.706	0.708	0.758	0.638	0.813	0.765	0.714	0.563	0.668	0.614	0.646	0.809	0.759	0.687	0.771	0.822	0.668	0.769	0.794	0.878	0.705	0.622	0.622	0.707	0.707	1.186	0.735	0.749	0.749	0.764	0.854	0.705	0.662	0.642	0.500	0.694	0.675	0.612	0.615	0.620	0.650	0.542	0.621	0.619	0.624	0.568
50:00:49	25.0	0.332	0.501	0.506	0.484	0.522	0.489	0.508	0.486	0.542	0.541	0.546	0.584	0.578	0.591	0.612	0.627	0.654	0.644	0.587	0.648	0.627	0.653	0.618	0.604	0.587	0.686	0.718	0.736	0.669	0.743	0.746	0.718	0.677	0.653	1.355	0.633	0.595	0.616	0.686	0.703	0.745	0.723	0.051	0.569	0.695	0.800	0.646	0.632	0.632	0.684	0.687	0.720	0.701	0.650	0.840	0.746	0.720	0.542	0.648	0.609	0.653	0.820	0.744	0.704	0.754	0.825	0.662	0.738	0.739	0.865	0.701	0.642	0.622	0.742	0.704	1.167	0.766	0.766	0.710	0.783	0.852	0.709	0.692	0.624	0.508	0.690	0.698	0.632	0.617	0.627	0.628	0.539	0.593	0.599	0.628	0.563
51:00:50	25.0	0.342	0.525	0.512	0.503	0.485	0.491	0.526	0.507	0.551	0.547	0.554	0.615	0.506	0.588	0.591	0.627	0.645	0.635	0.587	0.665	0.657	0.641	0.632	0.601	0.600	0.682	0.707	0.750	0.680	0.760	0.762	0.748	0.681	0.620	1.316	0.642	0.577	0.686	0.706	0.689	0.727	0.737	0.052	0.579	0.701	0.798	0.641	0.615	0.628	0.709	0.678	0.654	0.711	0.643	0.857	0.730	0.722	0.530	0.661	0.599	0.596	0.774	0.753	0.710	0.750	0.847	0.668	0.676	0.775	0.862	0.692	0.645	0.688	0.700	0.701	1.178	0.694	0.798	0.701	0.773	0.850	0.654	0.698	0.703	0.518	0.648	0.659	0.597	0.618	0.575	0.591	0.544	0.633	0.608	0.633	0.556
52:00:51	25.0	0.324	0.505	0.512	0.478	0.521	0.470	0.518	0.497	0.532	0.532	0.547	0.599	0.526	0.543	0.609	0.588	0.660	0.657	0.574	0.641	0.636	0.627	0.626	0.603	0.633	0.670	0.705	0.745	0.662	0.766	0.731	0.753	0.641	0.640	1.029	0.644	0.623	0.639	0.700	0.697	0.721	0.739	0.051	0.577	0.635	0.710	0.646	0.650	0.687	0.692	0.656	0.673	0.722	0.646	0.849	0.710	0.748	0.530	0.653	0.635	0.651	0.767	0.718	0.696	0.733	0.815	0.660	0.656	0.737	0.853	0.673	0.629	0.616	0.693	0.728	1.175	0.786	0.764	0.760	0.807	0.853	0.704	0.670	0.661	0.516	0.665	0.713	0.600	0.611	0.652	0.622	0.531	0.621	0.587	0.631	0.574
53:00:52	25.1	0.314	0.503	0.500	0.483	0.504	0.469	0.506	0.487	0.538	0.540	0.535	0.595	0.570	0.558	0.575	0.590	0.655	0.637	0.573	0.642	0.617	0.613	0.620	0.613	0.587	0.668	0.704	0.747	0.679	0.771	0.718	0.687	0.666	0.670	1.064	0.641	0.618	0.639	0.694	0.706	0.718	0.734	0.052	0.580	0.677	0.737	0.638	0.621	0.641	0.651	0.640	0.718	0.682	0.681	0.853	0.663	0.718	0.544	0.659	0.621	0.652	0.778	0.725	0.682	0.744	0.809	0.651	0.694	0.721	0.819	0.690	0.645	0.612	0.707	0.716	1.089	0.847	0.791	0.727	0.776	0.853	0.710	0.671	0.635	0.523	0.681	0.687	0.597	0.592	0.587	0.600	0.527	0.624	0.625	0.618	0.576
54:00:53	25.1	0.316	0.495	0.500	0.474	0.520	0.467	0.520	0.491	0.537	0.538	0.548	0.606	0.568	0.570	0.598	0.600	0.638	0.626	0.566	0.646	0.623	0.635	0.623	0.610	0.599	0.678	0.707	0.744	0.677	0.775	0.706	0.706	0.672	0.620	1.458	0.642	0.632	0.661	0.696	0.689	0.713	0.747	0.051	0.592	0.640	0.751	0.622	0.643	0.662	0.681	0.654	0.647	0.694	0.600	0.853	0.692	0.723	0.538	0.690	0.624	0.639	0.781	0.707	0.690	0.749	0.806	0.646	0.690	0.735	0.811	0.690	0.652	0.611	0.732	0.715	1.067	0.807	0.792	0.724	0.769	0.848	0.647	0.705	0.688	0.537	0.690	0.707	0.621	0.599	0.620	0.650	0.536	0.625	0.610	0.637	0.569
55:00:53	25.2	0.318	0.501	0.498	0.480	0.521	0.478	0.513	0.495	0.545	0.545	0.541	0.658	0.557	0.545	0.600	0.573	0.637	0.615	0.568	0.639	0.595	0.630	0.612	0.613	0.588	0.677	0.720	0.758	0.676	0.775	0.699	0.702	0.663	0.616	1.386	0.639	0.645	0.622	0.685	0.694	0.714	0.711	0.051	0.607	0.620	0.747	0.632	0.621	0.710	0.705	0.643	0.665	0.662	0.683	0.866	0.676	0.737	0.554	0.663	0.610	0.657	0.761	0.706	0.679	0.744	0.783	0.642	0.681	0.703	0.823	0.688	0.651	0.658	0.728	0.736	1.090	0.787	0.768	0.736	0.762	0.850	0.695	0.658	0.641	0.537	0.681	0.689	0.708	0.606	0.619	0.643	0.544	0.637	0.592	0.625	0.575
56:00:54	25.3	0.323	0.499	0.492	0.472	0.524	0.470	0.515	0.488	0.541	0.541	0.545	0.652	0.546	0.562	0.591	0.573	0.612	0.612	0.568	0.639	0.585	0.606	0.603	0.629	0.584	0.679	0.715	0.755	0.668	0.773	0.693	0.699	0.666	0.639	1.241	0.645	0.597	0.652	0.652	0.695	0.700	0.729	0.051	0.562	0.655	0.754	0.655	0.618	0.673	0.753	0.668	0.650	0.652	0.641	0.864	0.672	0.722	0.580	0.632	0.667	0.651	0.752	0.754	0.647	0.721	0.792	0.638	0.626	0.699	0.782	0.671	0.668	0.664	0.750	0.715	1.108	0.827	0.780	0.726	0.757	0.847	0.679	0.693	0.646	0.536	0.688	0.661	0.643	0.608	0.658	0.629	0.540	0.625	0.578	0.644	0.585
57:00:55	25.5	0.329	0.495	0.494	0.479	0.528	0.462	0.500	0.490	0.543	0.538	0.543	0.715	0.523	0.550	0.577	0.570	0.623	0.597	0.600	0.637	0.576	0.600	0.604	0.621	0.618	0.681	0.716	0.750	0.660	0.775	0.711	0.698	0.646	0.623	1.073	0.634	0.607	0.624	0.691	0.724	0.725	0.739	0.051	0.576	0.626	0.736	0.613	0.650	0.703	0.741	0.651	0.660	0.665	0.641	0.865	0.678	0.726	0.630	0.677	0.601	0.687	0.770	0.707	0.690	0.730	0.777	0.631	0.665	0.705	0.803	0.667	0.659	0.640	0.709	0.712	1.087	0.791	0.756	0.741	0.778	0.851	0.688	0.626	0.644	0.546	0.693	0.702	0.735	0.611	0.595	0.629	0.529	0.612	0.571	0.629	0.609
58:00:56	25.6	0.337	0.500	0.497	0.470	0.526	0.472	0.502	0.489	0.536	0.541	0.541	0.698	0.544	0.548	0.594	0.542	0.615	0.625	0.562	0.637	0.577	0.576	0.603	0.617	0.613	0.680	0.712	0.734	0.648	0.772	0.695	0.706	0.643	0.639	1.165	0.627	0.594	0.628	0.716	0.740	0.696	0.712	0.051	0.588	0.605	0.712	0.629	0.651	0.668	0.702	0.667	0.667	0.752	0.629	0.859	0.663	0.708	0.777	0.658	0.624	0.678	0.692	0.743	0.692	0.735	0.778	0.630	0.607	0.696	0.771	0.680	0.648	0.598	0.771	0.729	1.057	0.815	0.815	0.715	0.759	0.854	0.685	0.661	0.645	0.547	0.687	0.715	0.620	0.586	0.670	0.667	0.551	0.633	0.587	0.623	0.615
59:00:57	25.5	0.342	0.491	0.507	0.471	0.526	0.478	0.511	0.480	0.552	0.539	0.547	0.688	0.565	0.556	0.576	0.571	0.630	0.588	0.550	0.631	0.583	0.584	0.602	0.619	0.599	0.669	0.703	0.726	0.677	0.772	0.660	0.700	0.681	0.632	1.154	0.641	0.609	0.663	0.711	0.709	0.718	0.729	0.051	0.578	0.670	0.717	0.639	0.634	0.668	0.683	0.651	0.676	0.647	0.714	0.889	0.671	0.711	0.846	0.722	0.585	0.678	0.782	0.727	0.729	0.702	0.766	0.629	0.678	0.656	0.773	0.673	0.685	0.633	0.759	0.788	1.152	0.803	0.767	0.761	0.742	0.854	0.719	0.729	0.661	0.549	0.673	0.689	0.592	0.600	0.639	0.657	0.563	0.620	0.572	0.606	0.613
60:00:59	25.6	0.352	0.504	0.501	0.470	0.520	0.468	0.510	0.482	0.545	0.531	0.549	0.701	0.544	0.550	0.583	0.578	0.598	0.635	0.570	0.629	0.568	0.573	0.605	0.612	0.587	0.685	0.712	0.715	0.648	0.773	0.690	0.671	0.626	0.651	1.061	0.644	0.578	0.683	0.684	0.704	0.672	0.754	0.051	0.564	0.589	0.730	0.648	0.610	0.618	0.711	0.642	0.647	0.703	0.653	0.879	0.675	0.687	0.855	0.705	0.626	0.647	0.787	0.741	0.681	0.785	0.779	0.628	0.668	0.682	0.774	0.648	0.670	0.589	0.798	0.719	1.109	0.796	0.797	0.764	0.745	0.847	0.675	0.690	0.616	0.564	0.680	0.609	0.591	0.587	0.631	0.605	0.541	0.663	0.582	0.592	0.608
61:00:59	25.8	0.390	0.521	0.497	0.494	0.504	0.485	0.496	0.497	0.537	0.559	0.559	0.709	0.498	0.553	0.593	0.542	0.644	0.585	0.595	0.625	0.581	0.562	0.615	0.629	0.588	0.660	0.700	0.726	0.627	0.775	0.664	0.688	0.637	0.602	1.305	0.647	0.562	0.611	0.726	0.682	0.691	0.730	0.051	0.576	0.616	0.675	0.583	0.648	0.613	0.688	0.655	0.623	0.611	0.592	0.874	0.686	0.686	0.921	0.654	0.654	0.599	0.812	0.701	0.671	0.725	0.731	0.627	0.657	0.700	0.754	0.699	0.647	0.636	0.732	0.679	1.081	0.641	0.790	0.695	0.726	0.875	0.673	0.650	0.648	0.564	0.608	0.620	0.636	0.589	0.557	0.568	0.575	0.594	0.563	0.627	0.627
62:01:01	26.2	0.414	0.494	0.493	0.479	0.528	0.482	0.523	0.499	0.562	0.562	0.580	1.084	0.500	0.539	0.562	0.552	0.656	0.599	0.551	0.619	0.579	0.572	0.606	0.649	0.604	0.646	0.691	0.709	0.640	0.773	0.674	0.654	0.653	0.603	1.084	0.647	0.541	0.633	0.668	0.663	0.726	0.703	0.051	0.576	0.591	0.707	0.643	0.699	0.609	0.683	0.641	0.649	0.647	0.614	0.855	0.697	0.665	1.054	0.679	0.731	0.582	0.726	0.673	0.673	0.672	0.744	0.622	0.626	0.686	0.736	0.679	0.660	0.603	0.741	0.667	1.092	0.689	0.781	0.695	0.754	0.808	0.641	0.685	0.695	0.577	0.644	0.587	0.599	0.596	0.627	0.594	0.534	0.647	0.566	0.609	0.628
63:01:01	26.6	0.386	0.510	0.494	0.477	0.512	0.488	0.517	0.487	0.551	0.554	0.570	1.113	0.511	0.568	0.575	0.573	0.586	0.607	0.591	0.600	0.610	0.585	0.591	0.662	0.612	0.639	0.696	0.684	0.655	0.758	0.663	0.647	0.700	0.621	1.099	0.645	0.627	0.713	0.682	0.668	0.697	0.725	0.051	0.575	0.575	0.655	0.630	0.648	0.691	0.736	0.640	0.654	0.744	0.700	0.759	0.668	0.654	1.138	0.652	0.604	0.652	0.809	0.730	0.761	0.726	0.763	0.605	0.710	0.691	0.733	0.686	0.652	0.583	0.752	0.755	1.059	0.790	0.808	0.727	0.746	0.771	0.677	0.719	0.642	0.561	0.650	0.639	0.591	0.605	0.570	0.598	0.598	0.629	0.580	0.607	0.639
64:01:02	27.2	0.395	0.500	0.498	0.480	0.509	0.464	0.517	0.478	0.558	0.545	0.571	1.041	0.524	0.535	0.592	0.552	0.614	0.580	0.573	0.591	0.605	0.576	0.592	0.664	0.612	0.620	0.684	0.689	0.639	0.757	0.661	0.624	0.655	0.681	1.044	0.645	0.576	0.707	0.665	0.695	0.716	0.724	0.050	0.578	0.617	0.692	0.609	0.671	0.666	0.746	0.655	0.727	0.656	0.664	0.750	0.672	0.671	1.060	0.677	0.628	0.671	0.758	0.754	0.725	0.690	0.763	0.600	0.707	0.674	0.726	0.655	0.647	0.583	0.806	0.769	1.005	0.839	0.814	0.740	0.736	0.782	0.731	0.688	0.577	0.576	0.646	0.617	0.606	0.571	0.578	0.588	0.538	0.590	0.572	0.599	0.639
65:01:02	27.9	0.409	0.502	0.501	0.471	0.512	0.476	0.506	0.482	0.561	0.543	0.568	1.109	0.518	0.548	0.598	0.533	0.589	0.579	0.570	0.588	0.560	0.584	0.597	0.641	0.619	0.651	0.692	0.687	0.630	0.753	0.674	0.644	0.647	0.645	1.148	0.642	0.516	0.674	0.626	0.666	0.782	0.705	0.051	0.591	0.657	0.659	0.635	0.639	0.668	0.746	0.643	0.665	0.665	0.662	0.737	0.724	0.653	0.563	0.664	0.668	0.614	0.776	0.721	0.746	0.710	0.761	0.595	0.725	0.683	0.731	0.674	0.682	0.598	0.768	0.726	1.011	0.785	0.766	0.749	0.786	0.717	0.672	0.685	0.634	0.539	0.737	0.625	0.598	0.581	0.562	0.598	0.548	0.599	0.580	0.604	0.606
66:01:02	28.5	0.417	0.524	0.500	0.483	0.523	0.477	0.492	0.500	0.575	0.561	0.578	1.208	0.522	0.569	0.626	0.543	0.634	0.569	0.589	0.576	0.567	0.575	0.610	0.667	0.584	0.621	0.687	0.691	0.667	0.740	0.670	0.633	0.640	0.628	1.150	0.645	0.592	0.721	0.684	0.693	0.747	0.704	0.050	0.557	0.601	0.659	0.605	0.757	0.686	0.753	0.617	0.740	0.707	0.647	0.725	0.689	0.632	0.709	0.624	0.758	0.597	0.819	0.747	0.716	0.727	0.752	0.588	0.695	0.696	0.711	0.737	0.676	0.571	0.783	0.736	1.088	0.824	0.824	0.725	0.778	0.733	0.710	0.700	0.658	0.579	0.603	0.614	0.571	0.607	0.557	0.582	0.551	0.597	0.597	0.594	0.699
67:01:04	29.1	0.419	0.531	0.508	0.483	0.527	0.484	0.505	0.485	0.547	0.533	0.556	1.086	0.527	0.549	0.622	0.567	0.636	0.605	0.562	0.571	0.583	0.566	0.599	0.682	0.610	0.622	0.683	0.666	0.638	0.728	0.657	0.628	0.638	0.637	0.897	0.650	0.547	0.690	0.671	0.669	0.774	0.690	0.050	0.572	0.599	0.645	0.620	0.828	0.712	0.772	0.704	0.666	0.653	0.732	0.751	0.701	0.609	0.708	0.632	1.062	0.551	0.864	0.755	0.707	0.750	0.751	0.579	0.706	0.713	0.709	0.670	0.650	0.569	0.787	0.784	1.248	0.860	0.769	0.792	0.721	0.742	0.736	0.716	0.633	0.676	0.603	0.600	0.564	0.627	0.632	0.573	0.584	0.577	0.584	0.613	0.736
68:01:05	29.6	0.452	0.507	0.506	0.475	0.531	0.477	0.491	0.471	0.519	0.524	0.542	1.148	0.505	0.559	0.576	0.533	0.643	0.551	0.572	0.572	0.584	0.567	0.601	0.663	0.587	0.648	0.678	0.681	0.671	0.734	0.661	0.639	0.643	0.640	1.026	0.646	0.546	0.708	0.681	0.660	0.643	0.691	0.050	0.550	0.598	0.665	0.630	0.851	0.625	0.769	0.639	0.695	0.709	0.631	0.782	0.622	0.604	0.666	0.637	0.964	0.520	0.848	0.711	0.692	0.700	0.726	0.576	0.656	0.674	0.734	0.721	0.660	0.571	0.792	0.733	1.236	0.850	0.784	0.731	0.746	0.668	0.698	0.778	0.628	0.608	0.558	0.592	0.569	0.586	0.553	0.580	0.563	0.574	0.565	0.610	0.908
69:01:06	30.1	0.444	0.524	0.509	0.481	0.522	0.468	0.512	0.468	0.495	0.528	0.536	1.038	0.520	0.574	0.613	0.566	0.608	0.599	0.552	0.567	0.562	0.585	0.609	0.753	0.604	0.646	0.681	0.687	0.633	0.734	0.678	0.632	0.643	0.644	1.142	0.639	0.516	0.728	0.658	0.670	0.739	0.704	0.050	0.561	0.638	0.687	0.622	0.818	0.671	0.760	0.711	0.686	0.680	0.687	0.703	0.665	0.661	0.658	0.658	0.858	0.526	0.776	0.753	0.725	0.714	0.750	0.573	0.750	0.704	0.679	0.639	0.746	0.578	0.840	0.795	1.196	0.804	0.762	0.736	0.781	0.674	0.698	0.739	0.669	0.593	0.551	0.634	0.569	0.581	0.542	0.574	0.544	0.588	0.561	0.615	0.841
70:01:07	30.5	0.451	0.593	0.519	0.485	0.542	0.439	0.522	0.471	0.522	0.510	0.544	0.920	0.563	0.560	0.651	0.548	0.678	0.585	0.594	0.557	0.552	0.561	0.623	0.889	0.569	0.650	0.670	0.721	0.662	0.725	0.653	0.614	0.638	0.648	1.117	0.636	0.553	0.636	0.697	0.622	0.751	0.707	0.050	0.561	0.611	0.632	0.661	0.743	0.558	0.817	0.649	0.690	0.645	0.675	0.784	0.699	0.570	0.658	0.631	0.888	0.549	0.809	0.718	0.734	0.712	0.763	0.567	0.673	0.716	0.713	0.720	0.630	0.567	0.694	0.727	1.235	0.826	0.859	0.714	0.793	0.661	0.764	0.631	0.623	0.616	0.531	0.611	0.586	0.587	0.529	0.552	0.512	0.573	0.615	0.622	0.737
71:01:08	30.5	0.448	0.540	0.516	0.486	0.511	0.467	0.538	0.490	0.530	0.536	0.582	0.932	0.723	0.552	0.635	0.552	0.618	0.547	0.581	0.551	0.552	0.569	0.595	0.708	0.573	0.663	0.663	0.668	0.654	0.724	0.658	0.631	0.627	0.629	1.076	0.632	0.504	0.641	0.657	0.639	0.710	0.740	0.049	0.568	0.594	0.648	0.643	0.913	0.573	0.855	0.690	0.744	0.674	0.631	0.703	0.646	0.636	0.656	0.614	0.941	0.567	0.794	0.796	0.704	0.775	0.733	0.561	0.710	0.666	0.708	0.659	0.736	0.578	0.778	0.843	1.291	0.854	0.792	0.736	0.823	0.701	0.652	0.606	0.631	0.540	0.540	0.579	0.588	0.588	0.554	0.545	0.510	0.567	0.597	0.618	0.711
72:01:09	30.5	0.502	0.578	0.532	0.450	0.645	0.486	0.534	0.490	0.540	0.547	0.583	0.913	0.754	0.554	0.616	0.537	0.593	0.559	0.544	0.550	0.562	0.574	0.637	0.683	0.556	0.636	0.662	0.665	0.626	0.721	0.649	0.627	0.670	0.643	1.146	0.644	0.499	0.649	0.629	0.666	0.676	0.656	0.050	0.556	0.612	0.662	0.619	0.959	0.562	0.755	0.680	0.657	0.621	0.685	0.781	0.675	0.582	0.646	0.620	0.681	0.524	0.757	0.772	0.638	0.672	0.755	0.553	0.605	0.658	0.711	0.686	0.704	0.585	0.740	0.788	1.269	0.848	0.793	0.740	0.739	0.659	0.664	0.627	0.663	0.591	0.536	0.599	0.553	0.586	0.656	0.556	0.796	0.556	0.646	0.607	0.751

