Time	T° 600	A1	A2	A3	A4	A5	A6	A7	A8	A9	A10	A11	A12	B1	B2	B3	B4	B5	B6	B7	B8	B9	B10	B11	B12	C1	C2	C3	C4	C5	C6	C7	C8	C9	C10	C11	C12	D1	D2	D3	D4	D5	D6	D7	D8	D9	D10	D11	D12	E1	E2	E3	E4	E5	E6	E7	E8	E9	E10	E11	E12	F1	F2	F3	F4	F5	F6	F7	F8	F9	F10	F11	F12	G1	G2	G3	G4	G5	G6	G7	G8	G9	G10	G11	G12	H1	H2	H3	H4	H5	H6	H7	H8	H9	H10	H11	H12
0:00:06	25.0	0.049	0.046	0.046	0.047	0.045	0.153	0.043	0.043	0.045	0.045	0.052	0.046	0.049	0.044	0.045	0.046	0.046	0.047	0.046	0.046	0.046	0.047	0.046	0.046	0.043	0.074	0.043	0.044	0.044	0.044	0.043	0.044	0.044	0.047	0.047	0.048	0.044	0.043	0.043	0.043	0.043	0.045	0.046	0.046	0.044	0.045	0.048	0.048	0.058	0.046	0.045	0.045	0.044	0.046	0.045	0.044	0.044	0.051	0.061	0.044	0.044	0.092	0.047	0.044	0.044	0.043	0.045	0.048	0.044	0.053	0.044	0.047	0.046	0.047	0.047	0.045	0.047	0.045	0.044	0.046	0.046	0.046	0.045	0.055	0.044	0.046	0.044	0.169	0.044	0.044	0.046	0.047	0.045	0.046	0.045	0.045
1:00:04	24.9	0.050	0.047	0.046	0.048	0.045	0.047	0.043	0.044	0.046	0.045	0.053	0.047	0.047	0.043	0.044	0.046	0.046	0.047	0.046	0.047	0.047	0.048	0.047	0.046	0.044	0.045	0.047	0.044	0.044	0.044	0.044	0.044	0.045	0.047	0.048	0.049	0.044	0.043	0.044	0.043	0.043	0.045	0.046	0.046	0.044	0.045	0.049	0.049	0.044	0.046	0.045	0.045	0.045	0.046	0.045	0.047	0.045	0.052	0.062	0.045	0.044	0.044	0.047	0.044	0.045	0.053	0.046	0.048	0.045	0.054	0.045	0.048	0.046	0.046	0.046	0.044	0.047	0.045	0.044	0.047	0.046	0.047	0.045	0.055	0.044	0.046	0.044	0.043	0.044	0.044	0.047	0.047	0.046	0.047	0.045	0.046
2:00:05	24.6	0.051	0.047	0.047	0.049	0.046	0.049	0.044	0.045	0.046	0.046	0.055	0.048	0.049	0.045	0.045	0.047	0.047	0.047	0.047	0.047	0.048	0.049	0.047	0.047	0.045	0.048	0.047	0.045	0.045	0.045	0.045	0.045	0.046	0.048	0.048	0.050	0.045	0.044	0.045	0.045	0.044	0.046	0.047	0.047	0.046	0.046	0.050	0.050	0.045	0.047	0.046	0.047	0.045	0.047	0.046	0.048	0.046	0.053	0.063	0.046	0.045	0.046	0.047	0.045	0.045	0.056	0.047	0.048	0.045	0.055	0.045	0.049	0.047	0.047	0.047	0.045	0.049	0.046	0.045	0.047	0.048	0.048	0.046	0.058	0.044	0.046	0.045	0.044	0.045	0.044	0.048	0.048	0.047	0.048	0.046	0.047
3:00:07	24.6	0.052	0.049	0.049	0.050	0.047	0.051	0.046	0.046	0.048	0.046	0.056	0.050	0.051	0.046	0.047	0.048	0.048	0.047	0.048	0.049	0.049	0.051	0.049	0.049	0.046	0.051	0.049	0.047	0.047	0.046	0.047	0.046	0.047	0.050	0.049	0.052	0.046	0.046	0.046	0.046	0.045	0.048	0.049	0.048	0.047	0.048	0.052	0.051	0.046	0.048	0.047	0.048	0.047	0.048	0.047	0.048	0.047	0.055	0.064	0.047	0.046	0.050	0.049	0.047	0.047	0.058	0.048	0.050	0.046	0.056	0.047	0.051	0.049	0.048	0.049	0.047	0.050	0.047	0.046	0.049	0.049	0.049	0.048	0.060	0.046	0.048	0.046	0.050	0.046	0.046	0.049	0.048	0.048	0.050	0.048	0.049
4:00:08	24.7	0.057	0.053	0.053	0.054	0.050	0.054	0.049	0.050	0.052	0.047	0.061	0.055	0.052	0.049	0.051	0.052	0.052	0.048	0.048	0.052	0.052	0.055	0.051	0.054	0.050	0.052	0.053	0.050	0.051	0.050	0.050	0.051	0.052	0.054	0.051	0.056	0.050	0.050	0.050	0.050	0.049	0.051	0.053	0.052	0.052	0.052	0.056	0.056	0.049	0.051	0.050	0.051	0.050	0.051	0.047	0.052	0.051	0.058	0.066	0.051	0.050	0.054	0.052	0.050	0.051	0.062	0.051	0.054	0.049	0.061	0.052	0.056	0.052	0.052	0.052	0.050	0.053	0.052	0.049	0.054	0.054	0.053	0.052	0.065	0.050	0.051	0.050	0.054	0.050	0.050	0.053	0.049	0.052	0.055	0.052	0.053
5:00:09	24.9	0.067	0.065	0.064	0.064	0.060	0.065	0.060	0.061	0.064	0.048	0.072	0.067	0.064	0.058	0.061	0.061	0.062	0.048	0.051	0.063	0.060	0.067	0.058	0.066	0.059	0.057	0.063	0.061	0.062	0.061	0.061	0.064	0.064	0.065	0.052	0.068	0.059	0.061	0.061	0.061	0.059	0.061	0.063	0.063	0.063	0.064	0.070	0.069	0.057	0.060	0.059	0.060	0.058	0.061	0.049	0.062	0.060	0.068	0.073	0.062	0.060	0.064	0.062	0.061	0.062	0.074	0.059	0.065	0.055	0.074	0.064	0.069	0.062	0.063	0.061	0.060	0.064	0.063	0.056	0.066	0.066	0.066	0.067	0.079	0.060	0.061	0.059	0.064	0.059	0.060	0.064	0.050	0.064	0.068	0.064	0.068
6:00:10	25.0	0.087	0.084	0.084	0.084	0.081	0.086	0.081	0.082	0.087	0.048	0.097	0.094	0.082	0.076	0.080	0.080	0.081	0.049	0.057	0.083	0.079	0.088	0.076	0.093	0.078	0.070	0.080	0.079	0.080	0.080	0.079	0.083	0.083	0.086	0.054	0.092	0.077	0.078	0.079	0.078	0.076	0.079	0.080	0.082	0.081	0.083	0.091	0.100	0.074	0.076	0.075	0.076	0.075	0.078	0.052	0.079	0.076	0.087	0.088	0.084	0.079	0.080	0.078	0.077	0.077	0.090	0.077	0.085	0.069	0.096	0.083	0.097	0.082	0.079	0.079	0.078	0.080	0.080	0.073	0.083	0.084	0.084	0.092	0.107	0.081	0.079	0.078	0.083	0.079	0.080	0.084	0.052	0.084	0.092	0.086	0.098
7:00:10	24.9	0.111	0.108	0.106	0.107	0.102	0.110	0.105	0.106	0.116	0.050	0.130	0.135	0.103	0.095	0.103	0.101	0.100	0.050	0.073	0.104	0.099	0.114	0.098	0.132	0.098	0.085	0.098	0.098	0.099	0.102	0.099	0.105	0.105	0.110	0.055	0.122	0.097	0.096	0.100	0.097	0.095	0.099	0.099	0.106	0.103	0.109	0.120	0.142	0.093	0.092	0.093	0.094	0.092	0.096	0.058	0.100	0.097	0.109	0.108	0.113	0.100	0.097	0.097	0.095	0.096	0.111	0.097	0.108	0.087	0.127	0.110	0.134	0.108	0.101	0.098	0.098	0.100	0.100	0.092	0.105	0.107	0.109	0.127	0.148	0.106	0.100	0.101	0.106	0.102	0.104	0.109	0.057	0.110	0.125	0.116	0.135
8:00:10	24.8	0.141	0.139	0.133	0.135	0.130	0.141	0.138	0.139	0.156	0.051	0.177	0.189	0.127	0.119	0.133	0.126	0.125	0.051	0.089	0.131	0.126	0.150	0.128	0.184	0.122	0.104	0.120	0.121	0.121	0.128	0.126	0.136	0.134	0.144	0.057	0.163	0.123	0.121	0.127	0.123	0.119	0.123	0.123	0.137	0.132	0.142	0.159	0.191	0.119	0.113	0.117	0.116	0.116	0.119	0.073	0.124	0.123	0.137	0.135	0.152	0.129	0.120	0.123	0.120	0.120	0.138	0.125	0.140	0.112	0.167	0.144	0.184	0.142	0.127	0.124	0.125	0.126	0.128	0.118	0.134	0.137	0.140	0.171	0.198	0.139	0.127	0.130	0.136	0.132	0.134	0.142	0.068	0.145	0.166	0.155	0.181
9:00:12	24.6	0.178	0.177	0.167	0.170	0.165	0.178	0.177	0.178	0.204	0.053	0.232	0.250	0.156	0.147	0.169	0.154	0.153	0.051	0.108	0.162	0.160	0.194	0.168	0.239	0.152	0.128	0.146	0.148	0.146	0.160	0.158	0.172	0.169	0.183	0.058	0.214	0.156	0.150	0.159	0.152	0.147	0.152	0.152	0.175	0.167	0.183	0.204	0.237	0.149	0.137	0.143	0.141	0.142	0.146	0.089	0.154	0.155	0.170	0.169	0.197	0.165	0.147	0.153	0.147	0.148	0.171	0.158	0.176	0.142	0.210	0.184	0.232	0.180	0.160	0.153	0.158	0.156	0.160	0.150	0.170	0.172	0.177	0.216	0.244	0.180	0.160	0.167	0.172	0.169	0.170	0.181	0.086	0.187	0.212	0.200	0.222
10:00:12	24.4	0.217	0.218	0.202	0.207	0.202	0.219	0.218	0.221	0.254	0.055	0.285	0.304	0.190	0.178	0.207	0.188	0.186	0.051	0.130	0.197	0.198	0.240	0.211	0.298	0.185	0.154	0.177	0.179	0.175	0.195	0.195	0.213	0.206	0.227	0.058	0.268	0.192	0.184	0.195	0.187	0.180	0.186	0.185	0.218	0.206	0.227	0.252	0.281	0.183	0.165	0.175	0.170	0.173	0.176	0.103	0.190	0.189	0.208	0.207	0.244	0.206	0.177	0.186	0.177	0.179	0.207	0.194	0.217	0.177	0.255	0.228	0.275	0.218	0.195	0.186	0.194	0.190	0.196	0.188	0.209	0.213	0.219	0.265	0.289	0.222	0.198	0.205	0.212	0.209	0.210	0.224	0.102	0.233	0.257	0.246	0.261
11:00:13	24.4	0.259	0.263	0.244	0.250	0.245	0.264	0.267	0.267	0.307	0.058	0.339	0.355	0.228	0.216	0.248	0.223	0.223	0.052	0.155	0.236	0.239	0.290	0.259	0.343	0.224	0.184	0.207	0.213	0.209	0.232	0.233	0.255	0.250	0.273	0.059	0.324	0.232	0.218	0.235	0.225	0.217	0.222	0.222	0.263	0.251	0.275	0.298	0.326	0.221	0.196	0.213	0.199	0.207	0.210	0.121	0.230	0.228	0.250	0.248	0.289	0.250	0.211	0.223	0.212	0.214	0.246	0.234	0.260	0.216	0.302	0.274	0.313	0.255	0.232	0.222	0.231	0.228	0.235	0.228	0.251	0.256	0.261	0.313	0.332	0.264	0.239	0.243	0.253	0.251	0.253	0.267	0.114	0.280	0.299	0.290	0.297
12:00:14	24.3	0.299	0.309	0.289	0.295	0.293	0.308	0.316	0.313	0.358	0.061	0.392	0.400	0.271	0.254	0.291	0.262	0.262	0.052	0.184	0.279	0.287	0.338	0.309	0.384	0.264	0.214	0.245	0.251	0.245	0.273	0.275	0.302	0.297	0.320	0.058	0.378	0.275	0.257	0.278	0.266	0.256	0.260	0.263	0.310	0.300	0.325	0.347	0.373	0.260	0.230	0.261	0.233	0.244	0.246	0.141	0.276	0.267	0.299	0.290	0.335	0.297	0.246	0.263	0.250	0.253	0.289	0.278	0.308	0.258	0.351	0.322	0.357	0.294	0.275	0.266	0.272	0.270	0.279	0.273	0.296	0.305	0.305	0.357	0.380	0.307	0.284	0.283	0.297	0.294	0.296	0.312	0.123	0.324	0.341	0.332	0.339
13:00:15	24.3	0.343	0.353	0.334	0.342	0.342	0.358	0.365	0.358	0.410	0.064	0.441	0.441	0.318	0.300	0.336	0.306	0.306	0.052	0.217	0.328	0.336	0.387	0.362	0.428	0.311	0.251	0.285	0.292	0.285	0.314	0.321	0.349	0.345	0.371	0.058	0.433	0.321	0.301	0.324	0.309	0.299	0.303	0.310	0.358	0.352	0.378	0.401	0.412	0.302	0.268	0.317	0.273	0.285	0.288	0.164	0.325	0.314	0.350	0.334	0.387	0.345	0.289	0.307	0.293	0.295	0.336	0.326	0.358	0.303	0.404	0.373	0.402	0.340	0.322	0.315	0.315	0.318	0.329	0.323	0.346	0.360	0.353	0.409	0.421	0.345	0.331	0.326	0.343	0.342	0.341	0.358	0.131	0.376	0.389	0.380	0.380
14:00:16	24.4	0.380	0.396	0.382	0.382	0.385	0.398	0.413	0.400	0.456	0.067	0.487	0.476	0.358	0.342	0.379	0.347	0.345	0.051	0.256	0.370	0.382	0.434	0.414	0.454	0.354	0.288	0.323	0.330	0.323	0.354	0.364	0.394	0.392	0.416	0.058	0.481	0.364	0.344	0.364	0.354	0.341	0.348	0.355	0.402	0.399	0.424	0.446	0.442	0.345	0.311	0.368	0.310	0.326	0.329	0.190	0.371	0.359	0.396	0.379	0.428	0.389	0.332	0.352	0.334	0.339	0.379	0.374	0.405	0.348	0.450	0.421	0.439	0.377	0.366	0.360	0.354	0.365	0.380	0.372	0.398	0.407	0.399	0.446	0.451	0.381	0.376	0.367	0.386	0.388	0.386	0.406	0.140	0.423	0.430	0.427	0.414
15:00:17	24.8	0.412	0.435	0.419	0.428	0.426	0.447	0.458	0.448	0.507	0.069	0.533	0.503	0.402	0.384	0.425	0.389	0.386	0.051	0.300	0.413	0.427	0.481	0.462	0.487	0.393	0.324	0.363	0.373	0.363	0.395	0.405	0.440	0.435	0.462	0.057	0.527	0.404	0.384	0.408	0.397	0.384	0.389	0.395	0.448	0.446	0.472	0.491	0.470	0.384	0.350	0.429	0.347	0.366	0.370	0.220	0.413	0.401	0.440	0.418	0.464	0.437	0.374	0.395	0.378	0.380	0.424	0.419	0.450	0.394	0.493	0.468	0.473	0.406	0.407	0.403	0.395	0.409	0.428	0.420	0.446	0.458	0.440	0.480	0.489	0.412	0.418	0.403	0.429	0.431	0.427	0.448	0.150	0.468	0.470	0.464	0.444
16:00:17	24.9	0.446	0.479	0.467	0.474	0.468	0.494	0.494	0.497	0.556	0.072	0.583	0.538	0.445	0.420	0.469	0.425	0.417	0.051	0.342	0.454	0.467	0.532	0.505	0.523	0.433	0.356	0.397	0.413	0.401	0.436	0.444	0.484	0.469	0.501	0.057	0.575	0.445	0.425	0.447	0.434	0.424	0.429	0.433	0.491	0.488	0.520	0.537	0.487	0.421	0.391	0.482	0.385	0.405	0.408	0.251	0.453	0.444	0.483	0.451	0.502	0.479	0.418	0.434	0.417	0.422	0.467	0.458	0.499	0.439	0.533	0.514	0.508	0.434	0.452	0.444	0.436	0.449	0.474	0.465	0.493	0.504	0.484	0.506	0.517	0.443	0.459	0.437	0.470	0.475	0.467	0.487	0.162	0.513	0.513	0.506	0.469
17:00:18	24.8	0.468	0.521	0.512	0.513	0.513	0.536	0.549	0.550	0.608	0.074	0.639	0.591	0.493	0.458	0.521	0.461	0.452	0.051	0.386	0.490	0.504	0.587	0.566	0.553	0.485	0.391	0.439	0.451	0.435	0.473	0.480	0.522	0.511	0.552	0.056	0.648	0.490	0.465	0.491	0.475	0.460	0.465	0.473	0.537	0.532	0.569	0.594	0.523	0.461	0.423	0.537	0.419	0.439	0.442	0.281	0.494	0.486	0.535	0.485	0.555	0.535	0.450	0.475	0.457	0.460	0.503	0.503	0.551	0.485	0.591	0.570	0.555	0.466	0.498	0.488	0.482	0.490	0.520	0.510	0.540	0.552	0.531	0.545	0.566	0.467	0.508	0.464	0.521	0.529	0.516	0.538	0.165	0.573	0.558	0.564	0.513
18:00:20	24.8	0.490	0.575	0.546	0.556	0.554	0.580	0.597	0.609	0.655	0.077	0.689	0.635	0.539	0.497	0.571	0.506	0.488	0.051	0.427	0.529	0.560	0.629	0.620	0.620	0.533	0.426	0.479	0.488	0.473	0.521	0.516	0.573	0.562	0.604	0.056	0.710	0.532	0.498	0.534	0.518	0.507	0.510	0.512	0.601	0.576	0.627	0.664	0.568	0.500	0.460	0.571	0.456	0.474	0.478	0.315	0.540	0.541	0.599	0.524	0.604	0.584	0.490	0.513	0.492	0.496	0.542	0.543	0.611	0.540	0.649	0.626	0.607	0.508	0.549	0.535	0.532	0.538	0.559	0.562	0.579	0.600	0.593	0.607	0.595	0.493	0.558	0.488	0.572	0.582	0.565	0.589	0.163	0.636	0.616	0.623	0.560
19:00:21	25.1	0.532	0.608	0.607	0.602	0.622	0.634	0.649	0.648	0.692	0.079	0.708	0.651	0.585	0.539	0.616	0.557	0.531	0.051	0.466	0.587	0.616	0.676	0.675	0.645	0.579	0.450	0.509	0.528	0.508	0.575	0.577	0.637	0.613	0.665	0.056	0.750	0.571	0.547	0.590	0.550	0.559	0.567	0.547	0.660	0.626	0.690	0.711	0.580	0.536	0.500	0.649	0.494	0.517	0.525	0.354	0.590	0.596	0.652	0.569	0.651	0.635	0.531	0.570	0.534	0.533	0.599	0.597	0.665	0.595	0.671	0.682	0.639	0.528	0.599	0.592	0.575	0.595	0.606	0.617	0.632	0.666	0.641	0.645	0.598	0.533	0.601	0.508	0.616	0.630	0.596	0.623	0.162	0.678	0.659	0.651	0.591
20:00:21	25.3	0.563	0.652	0.656	0.645	0.656	0.668	0.689	0.677	0.702	0.080	0.726	0.655	0.633	0.598	0.649	0.599	0.576	0.050	0.507	0.620	0.651	0.715	0.710	0.651	0.621	0.477	0.561	0.572	0.559	0.609	0.617	0.674	0.675	0.707	0.056	0.761	0.611	0.596	0.625	0.596	0.612	0.611	0.591	0.692	0.673	0.723	0.742	0.579	0.571	0.553	0.716	0.542	0.562	0.579	0.389	0.645	0.649	0.686	0.612	0.693	0.685	0.573	0.626	0.580	0.589	0.647	0.657	0.701	0.662	0.695	0.722	0.649	0.538	0.651	0.634	0.621	0.648	0.656	0.665	0.689	0.710	0.687	0.665	0.596	0.561	0.647	0.551	0.642	0.660	0.630	0.656	0.169	0.718	0.686	0.693	0.613
21:00:23	25.5	0.559	0.684	0.680	0.686	0.689	0.655	0.713	0.700	0.721	0.082	0.742	0.664	0.647	0.631	0.671	0.630	0.602	0.050	0.559	0.650	0.682	0.750	0.742	0.644	0.644	0.526	0.587	0.602	0.582	0.651	0.647	0.706	0.704	0.731	0.055	0.778	0.639	0.633	0.660	0.629	0.643	0.642	0.642	0.713	0.708	0.744	0.751	0.593	0.610	0.593	0.763	0.577	0.608	0.609	0.422	0.678	0.669	0.718	0.660	0.717	0.709	0.612	0.657	0.620	0.622	0.683	0.685	0.720	0.700	0.722	0.752	0.647	0.549	0.670	0.662	0.650	0.670	0.684	0.697	0.714	0.724	0.708	0.675	0.605	0.570	0.669	0.584	0.667	0.687	0.655	0.677	0.178	0.742	0.688	0.719	0.628
22:00:24	25.8	0.568	0.681	0.709	0.694	0.714	0.673	0.720	0.691	0.669	0.084	0.709	0.666	0.642	0.656	0.673	0.659	0.632	0.050	0.599	0.657	0.704	0.778	0.759	0.655	0.640	0.562	0.623	0.642	0.614	0.675	0.683	0.710	0.725	0.739	0.055	0.779	0.634	0.672	0.692	0.658	0.664	0.670	0.668	0.726	0.717	0.757	0.753	0.598	0.613	0.628	0.795	0.604	0.636	0.638	0.461	0.690	0.683	0.730	0.681	0.709	0.708	0.648	0.681	0.655	0.652	0.688	0.696	0.726	0.721	0.704	0.760	0.657	0.557	0.680	0.687	0.663	0.687	0.709	0.718	0.748	0.755	0.715	0.662	0.604	0.586	0.682	0.591	0.674	0.694	0.660	0.674	0.189	0.739	0.673	0.691	0.628
23:00:24	26.0	0.576	0.681	0.714	0.678	0.712	0.648	0.695	0.679	0.682	0.086	0.711	0.679	0.645	0.666	0.672	0.670	0.653	0.050	0.628	0.686	0.703	0.728	0.780	0.653	0.635	0.598	0.637	0.660	0.636	0.693	0.697	0.721	0.742	0.769	0.055	0.756	0.639	0.690	0.711	0.695	0.687	0.685	0.691	0.741	0.737	0.788	0.743	0.598	0.616	0.658	0.842	0.621	0.656	0.662	0.508	0.709	0.702	0.742	0.701	0.695	0.695	0.686	0.698	0.680	0.673	0.707	0.724	0.731	0.749	0.674	0.764	0.675	0.553	0.686	0.698	0.669	0.698	0.734	0.735	0.774	0.775	0.715	0.671	0.599	0.589	0.684	0.591	0.639	0.656	0.635	0.641	0.197	0.698	0.679	0.680	0.636
24:00:26	26.0	0.593	0.682	0.691	0.653	0.681	0.655	0.707	0.669	0.696	0.089	0.724	0.679	0.625	0.678	0.643	0.676	0.656	0.050	0.644	0.694	0.720	0.741	0.748	0.660	0.619	0.641	0.655	0.662	0.641	0.704	0.688	0.751	0.757	0.754	0.055	0.774	0.633	0.700	0.698	0.679	0.685	0.690	0.690	0.730	0.743	0.789	0.733	0.598	0.621	0.676	0.861	0.654	0.657	0.680	0.557	0.718	0.718	0.759	0.718	0.693	0.700	0.694	0.714	0.680	0.688	0.723	0.727	0.710	0.758	0.673	0.725	0.673	0.557	0.648	0.702	0.656	0.711	0.765	0.764	0.785	0.781	0.683	0.691	0.599	0.610	0.655	0.593	0.642	0.663	0.649	0.651	0.204	0.712	0.708	0.688	0.634
25:00:27	25.8	0.607	0.695	0.698	0.699	0.726	0.667	0.725	0.699	0.718	0.094	0.740	0.678	0.649	0.712	0.679	0.703	0.675	0.050	0.660	0.683	0.694	0.798	0.801	0.662	0.630	0.645	0.657	0.686	0.655	0.694	0.702	0.753	0.782	0.754	0.054	0.791	0.644	0.698	0.710	0.689	0.697	0.696	0.690	0.723	0.768	0.782	0.767	0.599	0.620	0.684	0.887	0.665	0.689	0.680	0.611	0.740	0.718	0.775	0.726	0.720	0.719	0.684	0.717	0.688	0.707	0.748	0.729	0.756	0.765	0.700	0.764	0.667	0.558	0.680	0.699	0.650	0.720	0.772	0.768	0.799	0.797	0.712	0.703	0.597	0.621	0.672	0.601	0.672	0.696	0.670	0.674	0.213	0.740	0.713	0.707	0.631
26:00:27	25.5	0.578	0.719	0.736	0.732	0.735	0.667	0.735	0.714	0.732	0.098	0.770	0.704	0.671	0.702	0.715	0.712	0.662	0.050	0.677	0.715	0.725	0.835	0.848	0.670	0.645	0.660	0.676	0.719	0.669	0.718	0.700	0.763	0.806	0.810	0.054	0.803	0.674	0.714	0.748	0.727	0.708	0.697	0.680	0.779	0.786	0.832	0.805	0.609	0.642	0.700	0.893	0.673	0.670	0.703	0.641	0.764	0.746	0.809	0.749	0.751	0.730	0.714	0.730	0.719	0.718	0.780	0.763	0.800	0.796	0.725	0.825	0.669	0.559	0.724	0.742	0.683	0.743	0.795	0.780	0.818	0.821	0.767	0.716	0.604	0.603	0.696	0.622	0.692	0.727	0.692	0.689	0.221	0.766	0.712	0.722	0.640
27:00:28	25.3	0.585	0.726	0.744	0.747	0.756	0.673	0.756	0.732	0.733	0.102	0.773	0.703	0.689	0.715	0.748	0.724	0.686	0.050	0.676	0.744	0.722	0.862	0.844	0.677	0.667	0.668	0.690	0.725	0.680	0.748	0.749	0.780	0.824	0.843	0.054	0.804	0.689	0.747	0.770	0.749	0.699	0.739	0.753	0.793	0.795	0.851	0.805	0.619	0.657	0.709	0.927	0.676	0.692	0.708	0.679	0.752	0.762	0.822	0.757	0.755	0.741	0.730	0.742	0.733	0.744	0.785	0.809	0.823	0.822	0.734	0.848	0.658	0.562	0.752	0.767	0.721	0.768	0.798	0.807	0.848	0.859	0.784	0.729	0.609	0.601	0.711	0.641	0.701	0.735	0.705	0.699	0.227	0.766	0.711	0.720	0.639
28:00:29	24.9	0.591	0.721	0.756	0.734	0.755	0.667	0.746	0.727	0.724	0.109	0.767	0.696	0.696	0.705	0.753	0.745	0.691	0.050	0.683	0.750	0.761	0.850	0.852	0.662	0.674	0.715	0.701	0.709	0.724	0.757	0.753	0.792	0.816	0.849	0.054	0.809	0.700	0.753	0.775	0.736	0.724	0.748	0.758	0.814	0.797	0.857	0.801	0.617	0.669	0.749	0.917	0.699	0.700	0.736	0.700	0.772	0.784	0.837	0.770	0.752	0.742	0.744	0.771	0.748	0.756	0.817	0.824	0.824	0.828	0.733	0.852	0.651	0.565	0.754	0.781	0.734	0.794	0.821	0.810	0.858	0.875	0.787	0.731	0.610	0.600	0.714	0.639	0.703	0.734	0.702	0.699	0.237	0.762	0.706	0.716	0.631
29:00:29	24.8	0.594	0.721	0.745	0.729	0.742	0.661	0.733	0.722	0.723	0.116	0.759	0.690	0.698	0.703	0.750	0.762	0.704	0.050	0.705	0.777	0.790	0.858	0.847	0.658	0.675	0.725	0.715	0.728	0.716	0.755	0.779	0.799	0.829	0.847	0.054	0.799	0.696	0.786	0.788	0.730	0.740	0.764	0.780	0.805	0.822	0.853	0.793	0.613	0.673	0.751	0.938	0.724	0.731	0.743	0.721	0.790	0.795	0.843	0.782	0.747	0.735	0.775	0.800	0.751	0.757	0.830	0.832	0.830	0.829	0.729	0.849	0.644	0.566	0.752	0.783	0.732	0.797	0.831	0.805	0.858	0.863	0.784	0.727	0.615	0.594	0.719	0.642	0.698	0.731	0.700	0.689	0.248	0.753	0.699	0.710	0.631
30:00:31	24.8	0.596	0.707	0.734	0.718	0.735	0.646	0.740	0.721	0.715	0.129	0.758	0.666	0.698	0.744	0.748	0.758	0.732	0.050	0.719	0.784	0.806	0.855	0.852	0.654	0.680	0.741	0.749	0.741	0.728	0.760	0.802	0.808	0.833	0.850	0.054	0.792	0.697	0.802	0.782	0.730	0.773	0.782	0.804	0.794	0.841	0.852	0.793	0.620	0.670	0.741	0.934	0.727	0.729	0.759	0.731	0.808	0.810	0.848	0.791	0.743	0.725	0.789	0.799	0.777	0.784	0.834	0.832	0.824	0.835	0.731	0.845	0.645	0.568	0.744	0.785	0.738	0.808	0.833	0.810	0.863	0.858	0.782	0.728	0.618	0.596	0.712	0.637	0.691	0.725	0.696	0.687	0.265	0.743	0.692	0.706	0.625
31:00:31	24.9	0.629	0.708	0.713	0.701	0.733	0.660	0.716	0.699	0.694	0.138	0.717	0.654	0.676	0.756	0.735	0.749	0.760	0.050	0.699	0.777	0.796	0.830	0.825	0.649	0.666	0.742	0.746	0.743	0.725	0.748	0.795	0.778	0.823	0.832	0.053	0.774	0.678	0.794	0.765	0.739	0.786	0.771	0.801	0.776	0.830	0.841	0.780	0.611	0.658	0.766	0.941	0.732	0.760	0.772	0.726	0.796	0.796	0.827	0.776	0.723	0.718	0.791	0.796	0.785	0.747	0.833	0.822	0.805	0.823	0.706	0.815	0.632	0.567	0.718	0.775	0.725	0.798	0.807	0.798	0.835	0.838	0.761	0.697	0.611	0.624	0.726	0.627	0.673	0.709	0.677	0.665	0.282	0.728	0.683	0.685	0.617
32:00:33	25.0	0.574	0.687	0.703	0.698	0.710	0.620	0.713	0.701	0.695	0.159	0.735	0.641	0.670	0.757	0.725	0.758	0.760	0.050	0.742	0.750	0.798	0.827	0.814	0.647	0.664	0.762	0.744	0.750	0.734	0.754	0.799	0.785	0.827	0.829	0.053	0.764	0.672	0.789	0.762	0.747	0.781	0.783	0.803	0.773	0.841	0.832	0.767	0.631	0.662	0.779	0.941	0.759	0.774	0.776	0.725	0.805	0.798	0.828	0.792	0.718	0.709	0.804	0.797	0.788	0.772	0.840	0.820	0.810	0.831	0.708	0.818	0.632	0.566	0.715	0.774	0.719	0.793	0.812	0.791	0.844	0.829	0.758	0.703	0.618	0.597	0.692	0.615	0.663	0.702	0.671	0.662	0.307	0.715	0.668	0.673	0.627
33:00:34	25.1	0.583	0.691	0.709	0.697	0.711	0.615	0.707	0.693	0.689	0.181	0.725	0.634	0.673	0.758	0.714	0.752	0.768	0.050	0.775	0.769	0.801	0.814	0.804	0.670	0.672	0.758	0.743	0.753	0.761	0.744	0.794	0.778	0.819	0.827	0.053	0.766	0.663	0.794	0.752	0.758	0.774	0.776	0.818	0.762	0.821	0.820	0.763	0.642	0.658	0.778	0.953	0.760	0.782	0.783	0.730	0.800	0.801	0.828	0.804	0.708	0.709	0.801	0.805	0.800	0.772	0.833	0.809	0.805	0.825	0.699	0.809	0.633	0.563	0.711	0.768	0.706	0.793	0.808	0.785	0.823	0.823	0.750	0.696	0.628	0.595	0.686	0.608	0.656	0.693	0.663	0.657	0.333	0.707	0.673	0.669	0.612
34:00:35	25.0	0.578	0.694	0.706	0.690	0.706	0.610	0.702	0.682	0.688	0.211	0.714	0.631	0.663	0.755	0.705	0.754	0.768	0.050	0.790	0.769	0.797	0.801	0.796	0.668	0.665	0.766	0.736	0.747	0.752	0.742	0.789	0.772	0.810	0.829	0.053	0.755	0.656	0.789	0.736	0.758	0.774	0.781	0.825	0.758	0.834	0.809	0.750	0.659	0.645	0.778	0.982	0.760	0.786	0.779	0.727	0.796	0.790	0.825	0.803	0.706	0.698	0.807	0.800	0.796	0.836	0.831	0.795	0.794	0.823	0.693	0.794	0.635	0.565	0.703	0.763	0.696	0.785	0.806	0.771	0.821	0.814	0.736	0.693	0.628	0.597	0.682	0.605	0.646	0.681	0.657	0.642	0.343	0.692	0.664	0.665	0.599
35:00:35	25.0	0.618	0.666	0.689	0.668	0.696	0.630	0.674	0.657	0.669	0.243	0.688	0.625	0.642	0.747	0.684	0.745	0.748	0.050	0.781	0.763	0.770	0.783	0.773	0.641	0.653	0.752	0.745	0.747	0.747	0.736	0.768	0.754	0.796	0.812	0.053	0.738	0.647	0.777	0.728	0.765	0.770	0.772	0.796	0.750	0.809	0.799	0.736	0.619	0.634	0.776	0.967	0.748	0.781	0.785	0.714	0.783	0.779	0.811	0.787	0.690	0.714	0.798	0.792	0.800	0.749	0.821	0.763	0.775	0.804	0.678	0.765	0.614	0.557	0.679	0.748	0.687	0.767	0.797	0.768	0.818	0.802	0.725	0.665	0.602	0.625	0.672	0.585	0.636	0.672	0.644	0.632	0.351	0.677	0.661	0.648	0.590
36:00:36	25.0	0.555	0.684	0.691	0.673	0.685	0.602	0.680	0.668	0.689	0.285	0.721	0.600	0.654	0.746	0.681	0.749	0.738	0.049	0.793	0.752	0.786	0.784	0.769	0.648	0.656	0.750	0.750	0.746	0.754	0.739	0.767	0.749	0.806	0.811	0.053	0.731	0.643	0.771	0.720	0.786	0.763	0.783	0.806	0.739	0.817	0.786	0.732	0.631	0.633	0.774	0.977	0.744	0.789	0.787	0.742	0.787	0.785	0.817	0.799	0.690	0.687	0.814	0.788	0.802	0.713	0.817	0.750	0.771	0.814	0.676	0.772	0.617	0.552	0.680	0.753	0.678	0.758	0.799	0.758	0.812	0.799	0.711	0.669	0.588	0.590	0.665	0.579	0.633	0.667	0.640	0.630	0.359	0.675	0.656	0.647	0.582
37:00:37	25.2	0.601	0.670	0.679	0.650	0.685	0.620	0.670	0.639	0.674	0.315	0.686	0.592	0.627	0.749	0.670	0.745	0.736	0.050	0.785	0.755	0.753	0.770	0.756	0.643	0.631	0.747	0.756	0.760	0.749	0.724	0.747	0.727	0.783	0.811	0.052	0.715	0.635	0.761	0.716	0.795	0.755	0.774	0.808	0.738	0.795	0.778	0.729	0.613	0.623	0.769	0.957	0.752	0.780	0.780	0.756	0.767	0.764	0.800	0.783	0.673	0.712	0.808	0.766	0.792	0.680	0.797	0.738	0.759	0.804	0.664	0.754	0.607	0.556	0.657	0.738	0.665	0.752	0.802	0.761	0.813	0.788	0.711	0.658	0.578	0.629	0.684	0.577	0.637	0.666	0.634	0.619	0.363	0.670	0.649	0.638	0.577
38:00:38	25.4	0.542	0.665	0.682	0.672	0.680	0.592	0.670	0.661	0.669	0.354	0.673	0.580	0.648	0.751	0.669	0.749	0.732	0.049	0.791	0.762	0.767	0.762	0.754	0.653	0.637	0.744	0.746	0.766	0.760	0.717	0.767	0.735	0.783	0.809	0.052	0.713	0.626	0.765	0.713	0.806	0.751	0.765	0.806	0.732	0.811	0.766	0.730	0.600	0.612	0.783	0.988	0.747	0.779	0.778	0.784	0.771	0.759	0.800	0.796	0.685	0.693	0.813	0.756	0.812	0.704	0.792	0.740	0.754	0.820	0.668	0.761	0.617	0.556	0.671	0.738	0.651	0.744	0.792	0.752	0.800	0.789	0.697	0.658	0.585	0.570	0.654	0.577	0.634	0.661	0.634	0.604	0.362	0.668	0.646	0.639	0.572
39:00:39	25.3	0.551	0.644	0.680	0.664	0.671	0.598	0.660	0.655	0.662	0.391	0.651	0.565	0.646	0.749	0.668	0.748	0.733	0.049	0.789	0.759	0.763	0.772	0.750	0.677	0.642	0.735	0.761	0.765	0.747	0.722	0.744	0.725	0.789	0.813	0.052	0.708	0.621	0.764	0.714	0.817	0.747	0.767	0.810	0.736	0.816	0.769	0.732	0.588	0.615	0.777	0.992	0.759	0.777	0.787	0.793	0.758	0.761	0.797	0.798	0.680	0.693	0.818	0.749	0.817	0.759	0.790	0.729	0.744	0.822	0.677	0.760	0.615	0.549	0.671	0.741	0.652	0.749	0.799	0.748	0.810	0.792	0.720	0.654	0.588	0.565	0.662	0.583	0.635	0.679	0.634	0.607	0.366	0.664	0.629	0.636	0.578
40:00:40	25.2	0.581	0.621	0.664	0.633	0.673	0.600	0.630	0.636	0.611	0.403	0.642	0.552	0.616	0.737	0.647	0.745	0.711	0.049	0.779	0.751	0.723	0.745	0.732	0.675	0.628	0.724	0.736	0.760	0.751	0.718	0.727	0.707	0.779	0.793	0.052	0.698	0.631	0.753	0.710	0.818	0.736	0.764	0.792	0.732	0.799	0.755	0.725	0.575	0.621	0.764	0.986	0.759	0.754	0.766	0.787	0.741	0.745	0.783	0.778	0.675	0.723	0.813	0.732	0.793	0.679	0.783	0.722	0.721	0.800	0.655	0.745	0.602	0.569	0.651	0.739	0.653	0.736	0.806	0.757	0.810	0.788	0.709	0.652	0.576	0.583	0.701	0.551	0.636	0.689	0.635	0.617	0.365	0.660	0.609	0.612	0.576
41:00:42	25.1	0.551	0.650	0.654	0.644	0.673	0.594	0.596	0.613	0.583	0.430	0.622	0.550	0.619	0.735	0.632	0.747	0.711	0.050	0.772	0.758	0.711	0.740	0.731	0.679	0.616	0.725	0.748	0.763	0.758	0.713	0.722	0.700	0.774	0.789	0.052	0.676	0.630	0.755	0.726	0.810	0.732	0.761	0.786	0.721	0.793	0.769	0.715	0.568	0.621	0.772	1.022	0.754	0.761	0.763	0.785	0.732	0.738	0.788	0.776	0.671	0.735	0.800	0.730	0.805	0.645	0.775	0.719	0.743	0.811	0.650	0.737	0.608	0.567	0.655	0.748	0.644	0.729	0.807	0.758	0.820	0.818	0.711	0.650	0.576	0.590	0.727	0.588	0.689	0.698	0.680	0.616	0.362	0.636	0.600	0.605	0.580
42:00:41	25.1	0.499	0.598	0.656	0.677	0.649	0.568	0.595	0.607	0.607	0.469	0.599	0.546	0.660	0.741	0.667	0.756	0.716	0.050	0.779	0.770	0.737	0.708	0.732	0.698	0.650	0.717	0.745	0.781	0.765	0.758	0.730	0.758	0.787	0.794	0.052	0.671	0.634	0.754	0.742	0.830	0.738	0.774	0.782	0.734	0.833	0.771	0.711	0.573	0.621	0.768	1.056	0.767	0.760	0.775	0.791	0.738	0.750	0.810	0.785	0.660	0.793	0.832	0.739	0.812	0.683	0.775	0.716	0.766	0.836	0.658	0.744	0.593	0.555	0.673	0.751	0.651	0.752	0.836	0.761	0.846	0.807	0.713	0.653	0.589	0.552	0.683	0.589	0.668	0.695	0.628	0.602	0.362	0.643	0.586	0.606	0.589
43:00:44	25.1	0.494	0.572	0.602	0.614	0.617	0.536	0.590	0.583	0.586	0.500	0.596	0.540	0.637	0.742	0.643	0.761	0.721	0.049	0.782	0.781	0.729	0.700	0.727	0.678	0.643	0.724	0.753	0.783	0.783	0.710	0.728	0.698	0.752	0.768	0.051	0.656	0.638	0.773	0.781	0.865	0.730	0.779	0.787	0.736	0.853	0.716	0.707	0.566	0.626	0.785	1.081	0.760	0.769	0.777	0.796	0.729	0.759	0.797	0.782	0.654	0.676	0.853	0.737	0.827	0.703	0.803	0.728	0.802	0.840	0.677	0.762	0.604	0.545	0.697	0.754	0.672	0.750	0.838	0.746	0.832	0.813	0.729	0.657	0.581	0.571	0.769	0.622	0.666	0.670	0.638	0.584	0.363	0.601	0.588	0.598	0.593
44:00:44	25.3	0.520	0.577	0.576	0.577	0.610	0.554	0.545	0.568	0.572	0.521	0.590	0.533	0.599	0.740	0.635	0.730	0.728	0.050	0.772	0.761	0.717	0.671	0.703	0.687	0.590	0.708	0.755	0.799	0.785	0.667	0.725	0.670	0.755	0.733	0.051	0.639	0.664	0.784	0.759	0.849	0.738	0.765	0.762	0.716	0.792	0.680	0.685	0.567	0.623	0.773	1.069	0.752	0.756	0.781	0.773	0.721	0.749	0.783	0.757	0.635	0.715	0.848	0.721	0.841	0.671	0.821	0.717	0.739	0.838	0.634	0.731	0.603	0.566	0.692	0.755	0.688	0.764	0.803	0.754	0.812	0.806	0.692	0.653	0.588	0.560	0.737	0.619	0.632	0.699	0.620	0.585	0.361	0.598	0.605	0.582	0.592
45:00:44	25.6	0.517	0.589	0.585	0.564	0.593	0.552	0.533	0.548	0.539	0.551	0.574	0.536	0.591	0.742	0.637	0.720	0.711	0.050	0.769	0.727	0.704	0.665	0.685	0.672	0.589	0.707	0.763	0.825	0.778	0.707	0.712	0.672	0.758	0.741	0.051	0.630	0.599	0.783	0.692	0.870	0.763	0.763	0.751	0.698	0.813	0.685	0.678	0.574	0.590	0.786	1.109	0.755	0.783	0.800	0.771	0.747	0.750	0.790	0.744	0.640	0.716	0.858	0.752	0.869	0.623	0.794	0.710	0.743	0.820	0.631	0.741	0.602	0.559	0.756	0.788	0.685	0.751	0.840	0.769	0.839	0.797	0.684	0.651	0.579	0.567	0.694	0.614	0.618	0.689	0.612	0.583	0.355	0.574	0.594	0.586	0.582
46:00:44	25.6	0.506	0.588	0.594	0.558	0.605	0.547	0.524	0.534	0.542	0.573	0.566	0.525	0.546	0.745	0.635	0.705	0.708	0.050	0.768	0.751	0.719	0.655	0.649	0.659	0.601	0.710	0.745	0.814	0.795	0.726	0.757	0.680	0.709	0.742	0.051	0.633	0.613	0.800	0.712	0.853	0.761	0.772	0.766	0.737	0.764	0.680	0.648	0.581	0.605	0.805	1.056	0.772	0.790	0.806	0.766	0.740	0.773	0.791	0.737	0.644	0.707	0.865	0.741	0.858	0.616	0.815	0.720	0.727	0.835	0.648	0.708	0.611	0.574	0.726	0.796	0.703	0.796	0.817	0.758	0.801	0.769	0.702	0.652	0.583	0.551	0.695	0.589	0.656	0.635	0.606	0.611	0.351	0.604	0.604	0.603	0.571
47:00:46	25.5	0.506	0.570	0.585	0.565	0.592	0.562	0.541	0.537	0.534	0.599	0.557	0.510	0.615	0.739	0.626	0.707	0.712	0.050	0.767	0.671	0.721	0.636	0.636	0.645	0.590	0.707	0.749	0.777	0.800	0.657	0.718	0.605	0.712	0.733	0.051	0.635	0.609	0.770	0.682	0.858	0.767	0.780	0.729	0.678	0.752	0.664	0.646	0.582	0.619	0.826	1.015	0.811	0.783	0.804	0.761	0.740	0.749	0.786	0.736	0.637	0.695	0.853	0.756	0.869	0.661	0.838	0.739	0.715	0.850	0.620	0.669	0.585	0.569	0.701	0.811	0.714	0.817	0.822	0.806	0.794	0.726	0.693	0.652	0.574	0.556	0.664	0.632	0.655	0.658	0.605	0.599	0.348	0.614	0.580	0.588	0.564
48:00:47	25.3	0.504	0.550	0.595	0.556	0.573	0.561	0.514	0.509	0.515	0.609	0.559	0.530	0.598	0.747	0.637	0.711	0.704	0.050	0.762	0.696	0.658	0.637	0.647	0.639	0.570	0.699	0.738	0.793	0.785	0.659	0.707	0.629	0.685	0.727	0.051	0.626	0.617	0.792	0.705	0.840	0.764	0.787	0.753	0.632	0.700	0.637	0.652	0.583	0.590	0.819	1.033	0.783	0.805	0.832	0.757	0.742	0.751	0.764	0.736	0.622	0.745	0.852	0.748	0.858	0.562	0.819	0.730	0.700	0.843	0.610	0.689	0.586	0.561	0.660	0.799	0.744	0.808	0.843	0.745	0.737	0.726	0.657	0.651	0.568	0.562	0.654	0.609	0.631	0.666	0.593	0.598	0.349	0.584	0.596	0.599	0.571
49:00:48	25.0	0.493	0.546	0.589	0.575	0.566	0.490	0.553	0.530	0.566	0.591	0.566	0.563	0.575	0.746	0.680	0.728	0.775	0.050	0.771	0.715	0.695	0.623	0.618	0.675	0.663	0.718	0.751	0.766	0.803	0.667	0.662	0.621	0.689	0.690	0.051	0.630	0.591	0.752	0.765	0.862	0.787	0.772	0.727	0.642	0.701	0.636	0.636	0.595	0.584	0.818	1.013	0.800	0.842	0.835	0.771	0.683	0.751	0.742	0.749	0.629	0.738	0.879	0.806	0.867	0.672	0.783	0.687	0.668	0.839	0.650	0.665	0.593	0.559	0.777	0.789	0.725	0.770	0.816	0.775	0.752	0.691	0.691	0.649	0.584	0.528	0.672	0.621	0.634	0.673	0.577	0.561	0.351	0.587	0.603	0.609	0.560
50:00:49	25.0	0.511	0.553	0.574	0.554	0.569	0.532	0.518	0.513	0.528	0.629	0.541	0.551	0.576	0.744	0.616	0.716	0.645	0.050	0.766	0.629	0.655	0.610	0.615	0.632	0.554	0.697	0.728	0.815	0.803	0.672	0.663	0.589	0.695	0.709	0.051	0.644	0.646	0.768	0.685	0.855	0.790	0.795	0.777	0.687	0.683	0.641	0.636	0.588	0.593	0.800	0.980	0.774	0.822	0.808	0.752	0.680	0.722	0.749	0.745	0.643	0.662	0.836	0.767	0.792	0.635	0.760	0.702	0.681	0.828	0.623	0.672	0.571	0.582	0.658	0.751	0.631	0.802	0.802	0.785	0.728	0.735	0.655	0.649	0.587	0.549	0.676	0.625	0.620	0.668	0.596	0.596	0.352	0.594	0.576	0.584	0.565
51:00:50	24.9	0.502	0.525	0.571	0.568	0.551	0.489	0.544	0.536	0.566	0.598	0.534	0.609	0.569	0.753	0.638	0.745	0.691	0.050	0.775	0.698	0.653	0.633	0.610	0.663	0.628	0.709	0.779	0.786	0.801	0.678	0.606	0.606	0.692	0.682	0.051	0.616	0.594	0.782	0.734	0.799	0.818	0.809	0.726	0.618	0.669	0.614	0.645	0.579	0.600	0.819	0.992	0.798	0.850	0.831	0.758	0.653	0.721	0.767	0.771	0.646	0.708	0.864	0.799	0.860	0.663	0.744	0.674	0.671	0.847	0.642	0.644	0.593	0.568	0.714	0.775	0.715	0.764	0.826	0.731	0.668	0.668	0.661	0.651	0.592	0.543	0.656	0.596	0.663	0.650	0.576	0.576	0.353	0.597	0.575	0.605	0.614
52:00:51	25.0	0.500	0.528	0.542	0.542	0.532	0.520	0.505	0.507	0.542	0.632	0.539	0.570	0.560	0.690	0.581	0.691	0.657	0.050	0.763	0.633	0.628	0.596	0.591	0.639	0.566	0.682	0.743	0.769	0.773	0.662	0.610	0.582	0.681	0.683	0.050	0.630	0.619	0.741	0.664	0.764	0.775	0.784	0.719	0.640	0.674	0.630	0.623	0.598	0.617	0.787	0.991	0.768	0.827	0.825	0.748	0.691	0.710	0.729	0.765	0.632	0.742	0.830	0.765	0.772	0.577	0.786	0.697	0.656	0.787	0.618	0.646	0.580	0.564	0.663	0.747	0.667	0.726	0.790	0.700	0.712	0.696	0.652	0.632	0.596	0.559	0.653	0.641	0.675	0.678	0.589	0.596	0.350	0.607	0.586	0.595	0.583
53:00:52	25.1	0.493	0.530	0.536	0.536	0.546	0.522	0.486	0.498	0.528	0.625	0.527	0.601	0.568	0.706	0.597	0.692	0.661	0.051	0.762	0.601	0.632	0.609	0.564	0.689	0.544	0.649	0.764	0.731	0.773	0.680	0.590	0.585	0.666	0.682	0.051	0.672	0.682	0.718	0.632	0.773	0.791	0.790	0.719	0.638	0.667	0.621	0.630	0.577	0.636	0.814	1.040	0.784	0.820	0.830	0.749	0.634	0.694	0.745	0.770	0.629	0.730	0.843	0.770	0.833	0.649	0.748	0.661	0.672	0.839	0.605	0.629	0.595	0.582	0.663	0.700	0.665	0.722	0.766	0.722	0.703	0.683	0.629	0.619	0.603	0.572	0.696	0.608	0.634	0.674	0.595	0.632	0.349	0.603	0.588	0.586	0.586
54:00:53	25.1	0.498	0.528	0.524	0.536	0.529	0.508	0.491	0.505	0.532	0.627	0.534	0.592	0.572	0.734	0.604	0.697	0.667	0.050	0.766	0.628	0.618	0.587	0.580	0.673	0.577	0.660	0.761	0.766	0.772	0.674	0.619	0.575	0.641	0.676	0.050	0.629	0.638	0.723	0.704	0.769	0.793	0.773	0.675	0.660	0.637	0.609	0.620	0.596	0.659	0.797	1.047	0.788	0.824	0.846	0.748	0.662	0.692	0.725	0.756	0.630	0.725	0.836	0.768	0.804	0.575	0.764	0.646	0.636	0.801	0.609	0.651	0.586	0.547	0.664	0.731	0.704	0.752	0.776	0.687	0.701	0.652	0.643	0.606	0.599	0.580	0.646	0.618	0.673	0.666	0.574	0.585	0.349	0.598	0.572	0.598	0.614
55:00:53	25.2	0.501	0.510	0.528	0.529	0.521	0.505	0.499	0.500	0.527	0.629	0.536	0.604	0.572	0.688	0.610	0.706	0.678	0.051	0.742	0.634	0.612	0.570	0.580	0.692	0.605	0.649	0.749	0.760	0.765	0.684	0.597	0.558	0.645	0.668	0.050	0.614	0.612	0.736	0.660	0.773	0.784	0.787	0.651	0.631	0.662	0.602	0.632	0.599	0.684	0.818	1.054	0.799	0.824	0.847	0.767	0.622	0.685	0.731	0.771	0.637	0.730	0.822	0.777	0.818	0.730	0.737	0.672	0.635	0.797	0.622	0.624	0.581	0.564	0.693	0.740	0.722	0.740	0.792	0.710	0.701	0.659	0.668	0.617	0.596	0.571	0.648	0.623	0.657	0.625	0.609	0.593	0.349	0.584	0.569	0.598	0.620
56:00:54	25.3	0.586	0.529	0.536	0.540	0.533	0.510	0.490	0.501	0.524	0.622	0.539	0.636	0.560	0.689	0.595	0.713	0.669	0.051	0.746	0.616	0.595	0.598	0.575	0.727	0.574	0.658	0.765	0.776	0.805	0.686	0.576	0.585	0.641	0.668	0.050	0.602	0.619	0.714	0.655	0.709	0.781	0.787	0.670	0.635	0.623	0.610	0.628	0.609	0.661	0.797	1.020	0.812	0.829	0.850	0.765	0.638	0.716	0.719	0.772	0.645	0.718	0.837	0.788	0.835	0.749	0.698	0.653	0.669	0.750	0.627	0.632	0.586	0.544	0.700	0.720	0.724	0.699	0.784	0.687	0.692	0.658	0.621	0.626	0.590	0.568	0.608	0.606	0.649	0.696	0.582	0.606	0.348	0.592	0.580	0.591	0.613
57:00:55	25.5	0.536	0.521	0.538	0.538	0.518	0.520	0.499	0.494	0.519	0.614	0.544	0.687	0.561	0.666	0.603	0.686	0.675	0.051	0.728	0.609	0.605	0.578	0.574	0.700	0.558	0.653	0.752	0.759	0.821	0.675	0.613	0.583	0.615	0.662	0.050	0.629	0.670	0.753	0.641	0.785	0.765	0.797	0.648	0.607	0.617	0.618	0.629	0.587	0.680	0.800	1.020	0.799	0.812	0.815	0.764	0.652	0.690	0.727	0.773	0.620	0.705	0.862	0.766	0.822	0.733	0.731	0.640	0.627	0.763	0.636	0.635	0.604	0.579	0.681	0.719	0.675	0.707	0.831	0.657	0.717	0.667	0.631	0.600	0.583	0.578	0.609	0.665	0.707	0.687	0.623	0.656	0.343	0.566	0.577	0.595	0.615
58:00:56	25.5	0.555	0.525	0.525	0.542	0.514	0.512	0.498	0.491	0.527	0.602	0.556	0.679	0.553	0.647	0.607	0.690	0.666	0.051	0.708	0.591	0.604	0.572	0.562	0.820	0.589	0.647	0.748	0.760	0.778	0.670	0.560	0.564	0.624	0.658	0.049	0.599	0.588	0.703	0.638	0.767	0.773	0.777	0.633	0.602	0.649	0.611	0.656	0.619	0.682	0.803	1.021	0.798	0.816	0.823	0.792	0.632	0.667	0.706	0.740	0.635	0.683	0.849	0.799	0.819	0.807	0.780	0.646	0.632	0.748	0.611	0.608	0.584	0.573	0.734	0.698	0.732	0.741	0.797	0.661	0.707	0.668	0.640	0.619	0.592	0.586	0.614	0.626	0.668	0.665	0.610	0.592	0.342	0.571	0.594	0.586	0.621
59:00:57	25.5	0.537	0.522	0.524	0.535	0.519	0.520	0.506	0.498	0.517	0.605	0.535	0.707	0.557	0.625	0.592	0.683	0.645	0.051	0.708	0.618	0.608	0.568	0.595	0.839	0.584	0.635	0.756	0.778	0.780	0.660	0.603	0.577	0.627	0.673	0.050	0.638	0.645	0.769	0.699	0.651	0.766	0.777	0.651	0.631	0.652	0.654	0.628	0.612	0.650	0.807	1.073	0.797	0.823	0.827	0.788	0.618	0.674	0.708	0.743	0.634	0.675	0.831	0.776	0.830	0.808	0.718	0.669	0.676	0.718	0.613	0.665	0.614	0.567	0.732	0.705	0.752	0.722	0.720	0.639	0.666	0.655	0.615	0.614	0.584	0.562	0.633	0.613	0.677	0.691	0.602	0.606	0.342	0.582	0.590	0.604	0.628
60:00:59	25.5	0.537	0.520	0.516	0.537	0.506	0.496	0.498	0.497	0.540	0.603	0.551	0.744	0.557	0.611	0.589	0.682	0.640	0.051	0.686	0.564	0.585	0.582	0.562	0.854	0.576	0.633	0.740	0.747	0.775	0.690	0.583	0.575	0.615	0.642	0.050	0.612	0.641	0.742	0.708	0.737	0.793	0.777	0.618	0.618	0.624	0.584	0.611	0.595	0.664	0.791	1.109	0.792	0.833	0.827	0.799	0.649	0.676	0.699	0.747	0.659	0.663	0.788	0.758	0.832	0.778	0.805	0.685	0.645	0.720	0.614	0.629	0.608	0.545	0.721	0.725	0.726	0.751	0.776	0.628	0.659	0.670	0.639	0.612	0.598	0.547	0.604	0.642	0.639	0.683	0.604	0.565	0.340	0.585	0.588	0.595	0.626
61:00:59	25.8	0.514	0.534	0.516	0.534	0.513	0.499	0.507	0.503	0.528	0.603	0.559	0.760	0.572	0.616	0.643	0.644	0.630	0.051	0.687	0.562	0.616	0.594	0.562	0.901	0.592	0.630	0.730	0.747	0.762	0.660	0.570	0.587	0.622	0.634	0.050	0.620	0.601	0.761	0.702	0.753	0.776	0.759	0.606	0.608	0.598	0.626	0.607	0.648	0.645	0.810	1.001	0.789	0.822	0.821	0.796	0.645	0.667	0.688	0.717	0.656	0.667	0.815	0.771	0.844	0.767	0.679	0.668	0.619	0.724	0.603	0.619	0.598	0.562	0.701	0.682	0.703	0.722	0.790	0.635	0.659	0.678	0.634	0.593	0.617	0.539	0.555	0.577	0.701	0.711	0.571	0.570	0.340	0.600	0.598	0.599	0.635
62:01:00	26.1	0.540	0.484	0.515	0.518	0.507	0.484	0.509	0.495	0.548	0.566	0.604	0.974	0.553	0.640	0.655	0.648	0.633	0.051	0.669	0.613	0.609	0.598	0.587	0.779	0.690	0.613	0.754	0.750	0.791	0.651	0.579	0.572	0.602	0.640	0.050	0.624	0.605	0.717	0.690	0.704	0.755	0.777	0.625	0.584	0.611	0.613	0.633	0.665	0.593	0.831	1.018	0.838	0.846	0.798	0.796	0.632	0.660	0.694	0.750	0.666	0.695	0.750	0.790	0.843	0.786	0.701	0.643	0.687	0.686	0.628	0.634	0.619	0.581	0.753	0.695	0.742	0.724	0.745	0.658	0.686	0.632	0.647	0.587	0.640	0.542	0.675	0.574	0.687	0.668	0.574	0.574	0.340	0.553	0.604	0.604	0.673
63:01:01	26.6	0.521	0.524	0.536	0.517	0.511	0.502	0.512	0.505	0.541	0.586	0.583	0.759	0.603	0.580	0.635	0.603	0.622	0.052	0.639	0.600	0.597	0.585	0.573	0.884	0.596	0.644	0.703	0.698	0.713	0.632	0.569	0.592	0.635	0.641	0.049	0.597	0.605	0.718	0.700	0.664	0.738	0.749	0.602	0.590	0.617	0.607	0.612	0.664	0.718	0.786	1.001	0.772	0.769	0.786	0.800	0.624	0.674	0.728	0.737	0.642	0.696	0.814	0.725	0.851	0.763	0.728	0.660	0.647	0.723	0.651	0.647	0.617	0.567	0.716	0.684	0.734	0.738	0.759	0.642	0.723	0.654	0.627	0.602	0.639	0.543	0.558	0.540	0.707	0.696	0.562	0.558	0.341	0.595	0.602	0.606	0.634
64:01:02	27.2	0.529	0.532	0.546	0.528	0.508	0.494	0.516	0.507	0.530	0.577	0.590	0.849	0.597	0.576	0.611	0.584	0.574	0.052	0.622	0.597	0.621	0.588	0.574	0.997	0.734	0.639	0.693	0.697	0.701	0.595	0.553	0.578	0.628	0.684	0.049	0.614	0.637	0.712	0.640	0.728	0.717	0.744	0.613	0.605	0.620	0.601	0.638	0.630	0.636	0.734	1.075	0.766	0.792	0.792	0.796	0.620	0.672	0.696	0.690	0.633	0.640	0.807	0.732	0.880	0.781	0.711	0.696	0.745	0.700	0.620	0.613	0.634	0.588	0.732	0.728	0.692	0.762	0.805	0.676	0.708	0.658	0.635	0.595	0.629	0.564	0.537	0.566	0.683	0.673	0.570	0.554	0.339	0.570	0.611	0.614	0.678
65:01:02	27.8	0.551	0.548	0.508	0.521	0.505	0.495	0.502	0.509	0.529	0.577	0.582	0.976	0.571	0.592	0.572	0.611	0.636	0.053	0.621	0.584	0.591	0.580	0.571	0.953	0.610	0.674	0.696	0.701	0.719	0.578	0.613	0.606	0.599	0.674	0.049	0.615	0.614	0.764	0.720	0.722	0.750	0.734	0.625	0.648	0.605	0.636	0.662	0.718	0.636	0.788	1.038	0.772	0.797	0.808	0.771	0.622	0.674	0.693	0.738	0.632	0.668	0.791	0.742	0.842	0.821	0.722	0.704	0.726	0.693	0.609	0.607	0.695	0.588	0.731	0.718	0.781	0.755	0.764	0.673	0.728	0.689	0.622	0.583	0.821	0.559	0.534	0.558	0.664	0.687	0.603	0.586	0.335	0.588	0.609	0.617	0.662
66:01:02	28.5	0.547	0.526	0.506	0.521	0.524	0.503	0.490	0.506	0.517	0.559	0.598	0.955	0.597	0.549	0.601	0.642	0.600	0.053	0.650	0.563	0.601	0.605	0.576	0.977	0.664	0.654	0.706	0.716	0.684	0.588	0.565	0.588	0.596	0.606	0.049	0.633	0.600	0.710	0.704	0.674	0.683	0.721	0.632	0.639	0.607	0.619	0.617	0.831	0.642	0.771	1.079	0.795	0.789	0.784	0.781	0.611	0.694	0.689	0.714	0.631	0.596	0.793	0.741	0.802	0.923	0.712	0.684	0.654	0.694	0.607	0.649	0.797	0.591	0.755	0.672	0.744	0.725	0.762	0.646	0.698	0.673	0.646	0.580	1.099	0.557	0.538	0.581	0.689	0.719	0.608	0.574	0.334	0.584	0.601	0.626	0.727
67:01:04	29.0	0.556	0.508	0.509	0.517	0.523	0.502	0.516	0.517	0.509	0.522	0.638	1.099	0.581	0.599	0.625	0.602	0.616	0.054	0.625	0.569	0.587	0.592	0.576	0.908	0.612	0.610	0.705	0.712	0.692	0.658	0.583	0.574	0.626	0.611	0.049	0.623	0.574	0.723	0.686	0.634	0.718	0.726	0.605	0.611	0.616	0.638	0.631	1.039	0.625	0.799	1.077	0.784	0.793	0.781	0.755	0.646	0.643	0.679	0.731	0.638	0.605	0.775	0.756	0.805	0.882	0.737	0.655	0.739	0.692	0.604	0.641	0.941	0.594	0.747	0.751	0.720	0.748	0.783	0.685	0.744	0.695	0.633	0.588	1.154	0.578	0.536	0.548	0.656	0.661	0.578	0.574	0.330	0.559	0.619	0.637	0.739
68:01:05	29.5	0.540	0.532	0.517	0.519	0.517	0.516	0.517	0.513	0.485	0.528	0.755	0.876	0.580	0.607	0.600	0.615	0.594	0.054	0.618	0.585	0.607	0.581	0.585	0.949	0.616	0.638	0.672	0.667	0.683	0.587	0.563	0.587	0.602	0.670	0.049	0.620	0.585	0.739	0.625	0.751	0.654	0.712	0.607	0.688	0.613	0.616	0.631	1.040	0.582	0.722	1.087	0.781	0.738	0.752	0.747	0.637	0.680	0.663	0.664	0.644	0.613	0.757	0.737	0.789	0.860	0.796	0.695	0.739	0.683	0.607	0.625	1.065	0.576	0.748	0.752	0.727	0.724	0.819	0.658	0.717	0.671	0.620	0.569	0.970	0.572	0.534	0.537	0.624	0.758	0.572	0.591	0.331	0.567	0.598	0.629	0.651
69:01:06	30.0	0.539	0.502	0.525	0.529	0.523	0.521	0.497	0.512	0.495	0.492	0.898	0.833	0.563	0.605	0.581	0.642	0.570	0.057	0.677	0.577	0.575	0.586	0.562	1.016	0.579	0.670	0.720	0.654	0.671	0.581	0.586	0.623	0.630	0.612	0.049	0.606	0.548	0.737	0.662	0.641	0.678	0.711	0.628	0.671	0.619	0.598	0.620	1.027	0.632	0.779	1.095	0.780	0.760	0.772	0.754	0.638	0.642	0.674	0.668	0.641	0.566	0.819	0.737	0.831	0.806	0.705	0.681	0.699	0.706	0.630	0.616	1.120	0.582	0.745	0.697	0.721	0.779	0.782	0.665	0.767	0.662	0.624	0.563	0.981	0.559	0.538	0.558	0.635	0.665	0.577	0.572	0.326	0.563	0.616	0.626	0.666
70:01:07	30.4	0.675	0.561	0.510	0.519	0.513	0.530	0.506	0.508	0.537	0.480	0.802	0.696	0.560	0.579	0.623	0.597	0.591	0.056	0.608	0.554	0.572	0.604	0.576	0.941	0.565	0.633	0.684	0.684	0.679	0.680	0.595	0.617	0.590	0.633	0.049	0.620	0.548	0.707	0.731	0.638	0.762	0.713	0.608	0.651	0.615	0.627	0.630	0.890	0.601	0.766	1.110	0.790	0.771	0.770	0.740	0.644	0.681	0.661	0.659	0.649	0.549	0.784	0.786	0.807	0.667	0.792	0.676	0.805	0.695	0.598	0.633	1.153	0.592	0.657	0.686	0.764	0.772	0.771	0.662	0.750	0.670	0.613	0.572	0.896	0.625	0.555	0.555	0.599	0.683	0.583	0.579	0.328	0.566	0.882	0.629	0.607
71:01:08	30.5	0.673	0.541	0.498	0.521	0.526	0.523	0.506	0.536	0.524	0.459	0.835	0.617	0.555	0.630	0.599	0.607	0.591	0.055	0.646	0.564	0.580	0.571	0.596	0.994	0.590	0.724	0.664	0.679	0.676	0.648	0.572	0.632	0.630	0.631	0.049	0.801	0.530	0.728	0.707	0.650	0.758	0.713	0.632	0.590	0.608	0.644	0.629	0.962	0.599	0.766	1.049	0.754	0.777	0.753	0.768	0.638	0.653	0.650	0.655	0.677	0.589	0.793	0.782	0.800	0.698	0.771	0.741	0.651	0.666	0.609	0.607	1.108	0.582	0.680	0.706	0.753	0.666	0.811	0.687	0.731	0.630	0.627	0.546	0.602	0.546	0.536	0.550	0.557	0.652	0.583	0.585	0.327	0.563	0.666	0.649	0.685
72:01:09	30.5	0.689	0.508	0.501	0.521	0.500	0.548	0.475	0.517	0.578	0.468	0.734	0.710	0.532	0.628	0.680	0.577	0.606	0.056	0.587	0.561	0.580	0.565	0.588	0.835	0.592	0.610	0.726	0.710	0.694	0.618	0.580	0.590	0.625	0.623	0.049	0.858	0.557	0.735	0.733	0.652	0.762	0.715	0.624	0.719	0.632	0.640	0.630	1.177	0.557	0.807	1.078	0.791	0.756	0.806	0.760	0.638	0.647	0.647	0.646	0.828	0.559	0.756	0.770	0.747	0.795	0.710	0.686	0.695	0.664	0.589	0.589	1.091	0.613	0.670	0.765	0.776	0.765	0.866	0.694	0.712	0.652	0.608	0.557	0.901	0.651	0.545	0.531	0.581	0.561	0.579	0.572	0.327	0.565	0.606	0.862	0.641

