Time	T° 600	A1	A2	A3	A4	A5	A6	A7	A8	A9	A10	A11	A12	B1	B2	B3	B4	B5	B6	B7	B8	B9	B10	B11	B12	C1	C2	C3	C4	C5	C6	C7	C8	C9	C10	C11	C12	D1	D2	D3	D4	D5	D6	D7	D8	D9	D10	D11	D12	E1	E2	E3	E4	E5	E6	E7	E8	E9	E10	E11	E12	F1	F2	F3	F4	F5	F6	F7	F8	F9	F10	F11	F12	G1	G2	G3	G4	G5	G6	G7	G8	G9	G10	G11	G12	H1	H2	H3	H4	H5	H6	H7	H8	H9	H10	H11	H12
0:00:06	25.0	0.043	0.043	0.046	0.046	0.044	0.045	0.043	0.043	0.045	0.045	0.047	0.044	0.043	0.043	0.043	0.045	0.045	0.043	0.043	0.044	0.044	0.047	0.045	0.046	0.043	0.043	0.043	0.043	0.043	0.050	0.044	0.044	0.045	0.047	0.044	0.045	0.043	0.043	0.043	0.043	0.043	0.046	0.045	0.045	0.043	0.045	0.044	0.045	0.043	0.044	0.044	0.044	0.044	0.045	0.045	0.043	0.044	0.043	0.043	0.045	0.043	0.044	0.046	0.043	0.043	0.043	0.044	0.043	0.043	0.043	0.044	0.043	0.046	0.044	0.046	0.044	0.044	0.043	0.044	0.045	0.046	0.043	0.044	0.043	0.044	0.045	0.043	0.043	0.043	0.043	0.046	0.046	0.046	0.046	0.044	0.044
1:00:03	24.9	0.043	0.044	0.046	0.046	0.045	0.046	0.044	0.044	0.045	0.045	0.047	0.045	0.043	0.043	0.044	0.046	0.045	0.044	0.044	0.044	0.045	0.048	0.045	0.046	0.044	0.043	0.043	0.043	0.044	0.059	0.044	0.044	0.046	0.048	0.045	0.046	0.043	0.043	0.043	0.043	0.043	0.046	0.046	0.045	0.044	0.045	0.045	0.045	0.044	0.044	0.044	0.044	0.045	0.045	0.045	0.043	0.043	0.044	0.044	0.045	0.043	0.044	0.046	0.044	0.043	0.043	0.044	0.043	0.044	0.043	0.044	0.043	0.046	0.044	0.046	0.044	0.044	0.044	0.044	0.045	0.046	0.044	0.045	0.044	0.044	0.045	0.043	0.043	0.043	0.043	0.046	0.046	0.046	0.047	0.044	0.045
2:00:04	24.7	0.044	0.044	0.047	0.047	0.045	0.046	0.045	0.044	0.046	0.046	0.048	0.045	0.044	0.044	0.045	0.047	0.046	0.045	0.044	0.045	0.046	0.048	0.047	0.047	0.045	0.044	0.044	0.044	0.044	0.063	0.045	0.045	0.046	0.049	0.045	0.047	0.044	0.044	0.044	0.044	0.044	0.047	0.046	0.047	0.045	0.046	0.045	0.046	0.045	0.045	0.045	0.045	0.045	0.047	0.046	0.044	0.045	0.045	0.045	0.046	0.044	0.045	0.047	0.045	0.044	0.044	0.045	0.044	0.045	0.044	0.045	0.044	0.047	0.045	0.047	0.045	0.045	0.044	0.045	0.045	0.047	0.045	0.046	0.044	0.045	0.046	0.044	0.044	0.044	0.044	0.047	0.047	0.047	0.048	0.045	0.046
3:00:06	24.6	0.046	0.046	0.049	0.049	0.047	0.048	0.046	0.046	0.047	0.047	0.050	0.046	0.046	0.046	0.046	0.048	0.048	0.046	0.046	0.047	0.048	0.050	0.048	0.049	0.046	0.046	0.045	0.046	0.045	0.063	0.046	0.046	0.048	0.050	0.047	0.048	0.045	0.046	0.046	0.047	0.046	0.049	0.048	0.048	0.047	0.048	0.048	0.049	0.046	0.047	0.047	0.047	0.047	0.048	0.048	0.046	0.046	0.047	0.047	0.048	0.046	0.047	0.049	0.047	0.046	0.045	0.047	0.046	0.047	0.046	0.047	0.046	0.049	0.047	0.049	0.047	0.047	0.047	0.047	0.046	0.050	0.047	0.048	0.047	0.047	0.048	0.046	0.044	0.044	0.046	0.048	0.049	0.049	0.050	0.047	0.048
4:00:07	24.7	0.050	0.050	0.053	0.053	0.050	0.052	0.050	0.050	0.047	0.051	0.054	0.049	0.050	0.050	0.050	0.052	0.052	0.051	0.050	0.051	0.053	0.055	0.053	0.054	0.050	0.049	0.049	0.050	0.047	0.068	0.050	0.050	0.051	0.054	0.051	0.053	0.050	0.050	0.050	0.051	0.049	0.053	0.050	0.053	0.052	0.053	0.053	0.053	0.051	0.051	0.051	0.051	0.050	0.052	0.053	0.051	0.051	0.051	0.051	0.052	0.050	0.051	0.053	0.051	0.050	0.046	0.051	0.051	0.051	0.051	0.051	0.051	0.053	0.051	0.053	0.051	0.051	0.051	0.051	0.046	0.054	0.051	0.052	0.051	0.052	0.053	0.050	0.045	0.046	0.050	0.051	0.054	0.052	0.054	0.052	0.054
5:00:08	24.9	0.061	0.061	0.064	0.063	0.060	0.064	0.062	0.061	0.048	0.061	0.065	0.054	0.061	0.059	0.059	0.063	0.062	0.061	0.061	0.062	0.065	0.067	0.065	0.068	0.059	0.059	0.056	0.059	0.048	0.067	0.058	0.058	0.057	0.063	0.059	0.062	0.060	0.060	0.060	0.063	0.058	0.064	0.057	0.067	0.064	0.066	0.067	0.067	0.061	0.061	0.061	0.063	0.056	0.063	0.065	0.063	0.063	0.065	0.064	0.064	0.059	0.063	0.063	0.063	0.061	0.047	0.061	0.063	0.063	0.064	0.063	0.065	0.063	0.062	0.063	0.061	0.063	0.061	0.062	0.047	0.066	0.063	0.065	0.065	0.063	0.064	0.060	0.046	0.049	0.061	0.059	0.066	0.059	0.069	0.065	0.068
6:00:09	25.0	0.083	0.082	0.084	0.084	0.083	0.087	0.086	0.084	0.048	0.083	0.088	0.071	0.082	0.078	0.079	0.083	0.081	0.082	0.080	0.082	0.086	0.089	0.088	0.098	0.079	0.076	0.073	0.076	0.050	0.091	0.076	0.076	0.074	0.081	0.077	0.084	0.079	0.078	0.077	0.080	0.075	0.082	0.072	0.087	0.081	0.083	0.089	0.094	0.079	0.078	0.078	0.080	0.071	0.080	0.081	0.081	0.081	0.085	0.086	0.088	0.076	0.081	0.081	0.080	0.078	0.050	0.078	0.080	0.080	0.084	0.082	0.091	0.081	0.080	0.080	0.078	0.080	0.078	0.080	0.047	0.084	0.082	0.085	0.091	0.088	0.085	0.079	0.047	0.056	0.081	0.078	0.087	0.077	0.094	0.089	0.101
7:00:09	24.9	0.108	0.106	0.107	0.107	0.105	0.112	0.111	0.112	0.048	0.107	0.116	0.100	0.102	0.096	0.099	0.105	0.101	0.104	0.100	0.102	0.109	0.118	0.115	0.134	0.098	0.093	0.090	0.094	0.054	0.101	0.096	0.096	0.092	0.101	0.097	0.110	0.100	0.097	0.095	0.100	0.093	0.104	0.089	0.114	0.102	0.105	0.119	0.130	0.100	0.096	0.098	0.100	0.087	0.099	0.102	0.103	0.106	0.114	0.115	0.120	0.096	0.102	0.100	0.099	0.099	0.057	0.097	0.102	0.100	0.108	0.105	0.125	0.102	0.101	0.100	0.098	0.099	0.098	0.101	0.048	0.107	0.103	0.110	0.122	0.119	0.111	0.099	0.048	0.071	0.102	0.101	0.112	0.099	0.126	0.119	0.139
8:00:09	24.8	0.142	0.137	0.134	0.137	0.136	0.147	0.147	0.150	0.049	0.140	0.157	0.140	0.133	0.121	0.125	0.131	0.128	0.133	0.125	0.130	0.140	0.157	0.155	0.183	0.124	0.117	0.115	0.117	0.062	0.125	0.123	0.125	0.116	0.130	0.126	0.146	0.131	0.123	0.120	0.128	0.118	0.134	0.112	0.150	0.131	0.134	0.159	0.180	0.127	0.123	0.125	0.129	0.110	0.126	0.129	0.133	0.139	0.152	0.153	0.166	0.124	0.131	0.126	0.127	0.127	0.073	0.125	0.132	0.128	0.140	0.137	0.169	0.130	0.129	0.127	0.126	0.127	0.125	0.129	0.049	0.137	0.132	0.143	0.165	0.158	0.145	0.128	0.049	0.086	0.133	0.133	0.145	0.128	0.167	0.159	0.184
9:00:11	24.6	0.185	0.174	0.169	0.174	0.173	0.189	0.188	0.194	0.048	0.179	0.203	0.186	0.168	0.150	0.155	0.163	0.158	0.167	0.155	0.162	0.179	0.199	0.201	0.228	0.154	0.143	0.142	0.144	0.083	0.153	0.157	0.159	0.146	0.163	0.159	0.188	0.168	0.153	0.150	0.160	0.148	0.169	0.140	0.189	0.163	0.168	0.207	0.238	0.160	0.152	0.157	0.161	0.138	0.156	0.161	0.168	0.175	0.194	0.196	0.215	0.157	0.166	0.157	0.159	0.159	0.089	0.156	0.166	0.160	0.177	0.174	0.218	0.165	0.162	0.158	0.158	0.158	0.156	0.162	0.051	0.172	0.165	0.181	0.211	0.196	0.187	0.163	0.050	0.107	0.170	0.171	0.183	0.164	0.210	0.205	0.226
10:00:11	24.5	0.231	0.215	0.209	0.216	0.215	0.236	0.237	0.243	0.049	0.222	0.253	0.231	0.209	0.182	0.190	0.199	0.194	0.208	0.188	0.198	0.222	0.243	0.248	0.268	0.189	0.174	0.173	0.175	0.100	0.191	0.194	0.198	0.180	0.200	0.197	0.237	0.210	0.188	0.183	0.197	0.181	0.210	0.171	0.231	0.200	0.207	0.260	0.294	0.199	0.187	0.192	0.198	0.171	0.190	0.196	0.207	0.217	0.240	0.240	0.264	0.196	0.205	0.194	0.197	0.196	0.105	0.191	0.206	0.195	0.215	0.215	0.265	0.206	0.198	0.192	0.193	0.195	0.190	0.200	0.053	0.211	0.203	0.225	0.255	0.234	0.230	0.202	0.052	0.132	0.210	0.211	0.223	0.205	0.253	0.252	0.263
11:00:12	24.4	0.273	0.258	0.253	0.262	0.260	0.284	0.287	0.293	0.049	0.271	0.304	0.269	0.254	0.220	0.230	0.240	0.235	0.251	0.225	0.239	0.271	0.288	0.296	0.310	0.230	0.208	0.209	0.208	0.119	0.213	0.235	0.240	0.219	0.242	0.239	0.287	0.254	0.225	0.219	0.236	0.217	0.253	0.206	0.272	0.241	0.248	0.315	0.346	0.242	0.224	0.231	0.238	0.206	0.229	0.233	0.250	0.261	0.287	0.290	0.310	0.238	0.247	0.233	0.238	0.234	0.120	0.230	0.248	0.235	0.254	0.261	0.311	0.250	0.238	0.232	0.231	0.234	0.228	0.240	0.056	0.254	0.244	0.271	0.301	0.265	0.270	0.246	0.052	0.162	0.254	0.252	0.263	0.249	0.293	0.295	0.302
12:00:13	24.3	0.313	0.300	0.296	0.303	0.301	0.328	0.329	0.342	0.048	0.324	0.354	0.305	0.301	0.262	0.274	0.284	0.280	0.295	0.267	0.283	0.320	0.335	0.346	0.350	0.273	0.246	0.248	0.244	0.141	0.249	0.277	0.281	0.259	0.287	0.285	0.334	0.300	0.268	0.263	0.281	0.258	0.299	0.243	0.315	0.284	0.295	0.369	0.397	0.287	0.264	0.273	0.282	0.245	0.270	0.273	0.295	0.307	0.336	0.339	0.358	0.282	0.292	0.277	0.282	0.276	0.134	0.271	0.294	0.281	0.295	0.310	0.356	0.297	0.280	0.276	0.275	0.278	0.270	0.283	0.058	0.299	0.289	0.321	0.347	0.298	0.311	0.292	0.053	0.195	0.298	0.290	0.306	0.294	0.338	0.338	0.345
13:00:14	24.3	0.356	0.338	0.340	0.346	0.343	0.374	0.372	0.385	0.048	0.373	0.401	0.340	0.346	0.305	0.318	0.332	0.327	0.342	0.313	0.331	0.368	0.381	0.393	0.392	0.314	0.286	0.290	0.288	0.167	0.288	0.322	0.328	0.301	0.336	0.332	0.384	0.344	0.313	0.307	0.327	0.300	0.346	0.285	0.358	0.329	0.344	0.419	0.442	0.336	0.310	0.317	0.328	0.288	0.314	0.316	0.341	0.355	0.386	0.388	0.405	0.328	0.340	0.322	0.330	0.318	0.146	0.317	0.344	0.331	0.340	0.363	0.409	0.347	0.326	0.324	0.321	0.328	0.315	0.331	0.062	0.350	0.339	0.369	0.394	0.332	0.355	0.343	0.054	0.238	0.347	0.334	0.353	0.341	0.383	0.386	0.385
14:00:15	24.4	0.391	0.384	0.383	0.390	0.385	0.414	0.414	0.433	0.049	0.418	0.441	0.369	0.390	0.352	0.360	0.374	0.370	0.385	0.361	0.376	0.411	0.424	0.435	0.424	0.358	0.329	0.329	0.329	0.192	0.339	0.364	0.370	0.343	0.380	0.378	0.429	0.388	0.361	0.353	0.375	0.343	0.392	0.329	0.396	0.374	0.390	0.471	0.484	0.381	0.358	0.360	0.374	0.333	0.361	0.360	0.385	0.395	0.426	0.431	0.442	0.373	0.385	0.368	0.378	0.363	0.158	0.364	0.391	0.379	0.384	0.414	0.452	0.395	0.373	0.372	0.370	0.378	0.365	0.380	0.066	0.402	0.389	0.421	0.434	0.359	0.400	0.390	0.054	0.287	0.398	0.379	0.396	0.395	0.423	0.428	0.419
15:00:16	24.8	0.418	0.421	0.427	0.427	0.432	0.458	0.457	0.480	0.048	0.467	0.485	0.392	0.433	0.393	0.402	0.422	0.412	0.430	0.402	0.418	0.451	0.462	0.479	0.460	0.397	0.366	0.367	0.369	0.220	0.381	0.401	0.406	0.379	0.419	0.420	0.467	0.424	0.405	0.397	0.422	0.386	0.438	0.371	0.436	0.418	0.434	0.525	0.524	0.418	0.404	0.399	0.422	0.378	0.405	0.406	0.432	0.435	0.466	0.471	0.478	0.413	0.429	0.416	0.423	0.403	0.170	0.409	0.439	0.427	0.425	0.458	0.494	0.432	0.415	0.418	0.416	0.426	0.412	0.430	0.070	0.449	0.437	0.466	0.469	0.383	0.433	0.431	0.053	0.340	0.440	0.416	0.435	0.440	0.456	0.466	0.451
16:00:16	24.9	0.452	0.467	0.472	0.484	0.478	0.511	0.503	0.535	0.048	0.522	0.530	0.415	0.478	0.438	0.446	0.457	0.452	0.473	0.443	0.455	0.501	0.506	0.530	0.491	0.434	0.404	0.405	0.406	0.250	0.420	0.442	0.450	0.410	0.464	0.461	0.511	0.468	0.449	0.437	0.463	0.424	0.486	0.409	0.474	0.461	0.480	0.583	0.578	0.463	0.448	0.441	0.460	0.421	0.444	0.448	0.477	0.484	0.515	0.515	0.518	0.456	0.477	0.460	0.469	0.452	0.181	0.455	0.483	0.471	0.476	0.512	0.544	0.478	0.462	0.463	0.462	0.473	0.461	0.473	0.074	0.499	0.484	0.513	0.512	0.410	0.472	0.475	0.053	0.387	0.488	0.453	0.478	0.487	0.493	0.506	0.485
17:00:17	24.8	0.474	0.514	0.519	0.529	0.524	0.552	0.538	0.574	0.048	0.567	0.560	0.413	0.526	0.474	0.484	0.496	0.486	0.513	0.478	0.493	0.547	0.522	0.573	0.520	0.478	0.441	0.440	0.436	0.285	0.463	0.494	0.498	0.435	0.496	0.505	0.549	0.510	0.489	0.477	0.500	0.457	0.526	0.455	0.497	0.497	0.521	0.637	0.620	0.509	0.482	0.486	0.504	0.460	0.484	0.482	0.512	0.535	0.552	0.552	0.555	0.499	0.523	0.500	0.507	0.497	0.187	0.487	0.522	0.508	0.525	0.553	0.592	0.523	0.503	0.503	0.503	0.517	0.502	0.514	0.081	0.543	0.524	0.561	0.542	0.429	0.506	0.522	0.053	0.430	0.534	0.489	0.525	0.539	0.524	0.541	0.512
18:00:19	24.8	0.503	0.550	0.546	0.562	0.563	0.598	0.563	0.618	0.048	0.621	0.601	0.459	0.573	0.521	0.523	0.540	0.533	0.568	0.505	0.536	0.604	0.576	0.622	0.577	0.525	0.474	0.472	0.480	0.317	0.514	0.554	0.549	0.467	0.548	0.557	0.603	0.554	0.536	0.523	0.553	0.496	0.582	0.490	0.535	0.542	0.568	0.694	0.689	0.564	0.530	0.535	0.547	0.498	0.516	0.524	0.569	0.593	0.601	0.612	0.606	0.548	0.575	0.549	0.559	0.550	0.189	0.530	0.573	0.551	0.580	0.614	0.655	0.576	0.562	0.548	0.543	0.560	0.534	0.552	0.088	0.586	0.579	0.620	0.588	0.466	0.549	0.579	0.053	0.481	0.596	0.515	0.576	0.603	0.555	0.587	0.560
19:00:20	25.1	0.543	0.586	0.592	0.595	0.580	0.625	0.625	0.678	0.048	0.660	0.632	0.511	0.608	0.568	0.579	0.597	0.566	0.627	0.559	0.604	0.646	0.626	0.673	0.615	0.567	0.519	0.521	0.510	0.351	0.554	0.602	0.602	0.512	0.599	0.607	0.655	0.590	0.582	0.572	0.609	0.544	0.635	0.542	0.576	0.601	0.623	0.738	0.717	0.615	0.587	0.588	0.597	0.544	0.569	0.567	0.620	0.646	0.651	0.659	0.649	0.591	0.624	0.608	0.612	0.600	0.193	0.573	0.630	0.605	0.630	0.668	0.710	0.622	0.619	0.606	0.593	0.604	0.586	0.604	0.097	0.642	0.631	0.685	0.650	0.501	0.588	0.615	0.053	0.530	0.643	0.550	0.627	0.657	0.608	0.649	0.592
20:00:20	25.3	0.570	0.623	0.632	0.634	0.620	0.642	0.647	0.692	0.047	0.712	0.653	0.553	0.658	0.629	0.623	0.648	0.621	0.646	0.606	0.643	0.692	0.630	0.683	0.612	0.611	0.570	0.566	0.552	0.389	0.606	0.629	0.638	0.558	0.659	0.656	0.686	0.629	0.641	0.614	0.646	0.591	0.676	0.607	0.607	0.656	0.667	0.761	0.708	0.657	0.633	0.631	0.644	0.592	0.618	0.622	0.659	0.681	0.673	0.675	0.670	0.634	0.675	0.660	0.666	0.641	0.201	0.620	0.671	0.648	0.676	0.710	0.722	0.662	0.670	0.661	0.652	0.664	0.632	0.666	0.105	0.702	0.680	0.730	0.677	0.521	0.610	0.669	0.052	0.584	0.680	0.577	0.648	0.711	0.636	0.687	0.601
21:00:22	25.5	0.571	0.633	0.634	0.645	0.635	0.639	0.649	0.693	0.047	0.725	0.644	0.577	0.682	0.662	0.657	0.669	0.658	0.684	0.663	0.671	0.705	0.650	0.699	0.608	0.649	0.619	0.611	0.610	0.423	0.640	0.647	0.659	0.601	0.687	0.682	0.703	0.642	0.678	0.657	0.690	0.634	0.697	0.641	0.616	0.675	0.685	0.788	0.697	0.668	0.681	0.660	0.682	0.647	0.659	0.667	0.681	0.691	0.686	0.686	0.658	0.656	0.705	0.702	0.700	0.661	0.218	0.661	0.711	0.677	0.707	0.735	0.705	0.679	0.697	0.700	0.694	0.695	0.667	0.701	0.114	0.732	0.710	0.749	0.674	0.537	0.626	0.689	0.051	0.650	0.694	0.588	0.667	0.737	0.639	0.680	0.613
22:00:22	25.8	0.581	0.622	0.649	0.655	0.641	0.627	0.634	0.665	0.047	0.695	0.629	0.575	0.681	0.682	0.660	0.698	0.681	0.693	0.671	0.694	0.718	0.624	0.691	0.624	0.664	0.639	0.632	0.644	0.455	0.654	0.655	0.670	0.635	0.700	0.695	0.709	0.645	0.696	0.684	0.716	0.667	0.718	0.671	0.613	0.696	0.713	0.820	0.691	0.683	0.697	0.678	0.701	0.676	0.695	0.691	0.702	0.706	0.646	0.680	0.649	0.663	0.716	0.719	0.718	0.674	0.237	0.692	0.728	0.699	0.721	0.756	0.687	0.682	0.706	0.707	0.714	0.725	0.703	0.723	0.122	0.748	0.733	0.762	0.670	0.541	0.620	0.698	0.050	0.698	0.689	0.590	0.651	0.735	0.632	0.657	0.619
23:00:23	26.0	0.589	0.611	0.621	0.632	0.628	0.619	0.640	0.652	0.047	0.695	0.630	0.586	0.680	0.702	0.678	0.706	0.678	0.697	0.679	0.701	0.701	0.651	0.657	0.638	0.664	0.656	0.650	0.664	0.492	0.667	0.653	0.670	0.641	0.719	0.710	0.708	0.638	0.715	0.703	0.720	0.685	0.728	0.692	0.599	0.705	0.725	0.801	0.711	0.683	0.717	0.690	0.709	0.688	0.703	0.702	0.725	0.714	0.665	0.653	0.662	0.666	0.725	0.735	0.735	0.671	0.256	0.705	0.736	0.716	0.725	0.783	0.710	0.676	0.705	0.725	0.735	0.729	0.714	0.737	0.133	0.775	0.750	0.767	0.690	0.552	0.613	0.700	0.050	0.716	0.654	0.594	0.643	0.709	0.643	0.657	0.625
24:00:25	26.0	0.610	0.625	0.629	0.654	0.621	0.640	0.662	0.704	0.048	0.718	0.673	0.617	0.656	0.689	0.673	0.712	0.710	0.693	0.694	0.717	0.699	0.681	0.711	0.650	0.676	0.683	0.670	0.678	0.533	0.694	0.649	0.671	0.671	0.737	0.722	0.704	0.639	0.725	0.726	0.735	0.697	0.696	0.713	0.612	0.740	0.739	0.847	0.732	0.659	0.742	0.694	0.718	0.714	0.714	0.708	0.746	0.708	0.712	0.682	0.683	0.668	0.722	0.757	0.728	0.669	0.275	0.708	0.744	0.741	0.740	0.803	0.742	0.680	0.686	0.747	0.736	0.770	0.737	0.741	0.143	0.782	0.791	0.766	0.716	0.561	0.631	0.709	0.050	0.741	0.687	0.605	0.670	0.726	0.665	0.689	0.630
25:00:26	25.8	0.614	0.635	0.635	0.668	0.643	0.654	0.672	0.721	0.047	0.732	0.681	0.618	0.673	0.678	0.665	0.702	0.702	0.693	0.682	0.718	0.725	0.698	0.725	0.644	0.660	0.686	0.664	0.684	0.579	0.702	0.650	0.670	0.678	0.742	0.714	0.706	0.648	0.716	0.721	0.722	0.698	0.723	0.695	0.634	0.722	0.752	0.845	0.719	0.677	0.741	0.668	0.732	0.727	0.686	0.718	0.720	0.726	0.731	0.701	0.681	0.660	0.740	0.750	0.721	0.657	0.293	0.723	0.760	0.764	0.757	0.786	0.733	0.682	0.695	0.704	0.707	0.763	0.756	0.736	0.155	0.774	0.771	0.809	0.705	0.552	0.652	0.676	0.050	0.731	0.710	0.617	0.690	0.742	0.669	0.700	0.619
26:00:26	25.5	0.612	0.651	0.650	0.678	0.648	0.657	0.660	0.718	0.047	0.741	0.688	0.610	0.684	0.668	0.661	0.706	0.680	0.726	0.720	0.710	0.759	0.698	0.733	0.646	0.655	0.677	0.653	0.686	0.622	0.673	0.664	0.678	0.688	0.760	0.706	0.720	0.660	0.724	0.714	0.749	0.676	0.752	0.728	0.652	0.723	0.757	0.839	0.712	0.699	0.716	0.687	0.732	0.741	0.708	0.729	0.758	0.755	0.729	0.703	0.672	0.666	0.763	0.754	0.759	0.712	0.316	0.750	0.773	0.771	0.785	0.837	0.727	0.699	0.715	0.735	0.751	0.770	0.761	0.785	0.169	0.813	0.798	0.841	0.701	0.547	0.660	0.701	0.050	0.724	0.716	0.626	0.700	0.754	0.666	0.698	0.608
27:00:27	25.2	0.647	0.661	0.668	0.684	0.656	0.665	0.681	0.733	0.047	0.773	0.706	0.616	0.702	0.715	0.678	0.743	0.756	0.751	0.755	0.733	0.793	0.702	0.746	0.652	0.676	0.682	0.645	0.676	0.650	0.664	0.692	0.701	0.700	0.771	0.724	0.748	0.679	0.763	0.735	0.782	0.716	0.794	0.760	0.656	0.743	0.775	0.820	0.716	0.714	0.720	0.738	0.762	0.762	0.746	0.751	0.790	0.791	0.734	0.721	0.672	0.698	0.790	0.797	0.796	0.753	0.349	0.774	0.802	0.790	0.818	0.856	0.731	0.719	0.759	0.778	0.787	0.797	0.774	0.811	0.183	0.863	0.839	0.860	0.699	0.555	0.649	0.731	0.050	0.728	0.729	0.635	0.708	0.763	0.665	0.696	0.609
28:00:28	24.9	0.638	0.669	0.678	0.685	0.669	0.673	0.686	0.714	0.048	0.775	0.710	0.621	0.702	0.742	0.714	0.775	0.771	0.767	0.731	0.780	0.800	0.697	0.753	0.656	0.699	0.690	0.668	0.694	0.689	0.699	0.719	0.730	0.699	0.789	0.771	0.757	0.687	0.790	0.756	0.795	0.743	0.813	0.777	0.666	0.769	0.827	0.822	0.707	0.728	0.773	0.768	0.789	0.760	0.766	0.744	0.811	0.799	0.734	0.725	0.673	0.705	0.800	0.814	0.816	0.774	0.391	0.780	0.832	0.798	0.826	0.873	0.729	0.728	0.777	0.800	0.810	0.813	0.817	0.832	0.203	0.879	0.848	0.855	0.696	0.553	0.651	0.738	0.050	0.771	0.725	0.641	0.715	0.760	0.668	0.693	0.605
29:00:28	24.8	0.637	0.685	0.676	0.692	0.659	0.668	0.680	0.714	0.048	0.770	0.704	0.620	0.707	0.763	0.738	0.791	0.778	0.768	0.756	0.790	0.796	0.696	0.753	0.656	0.713	0.721	0.687	0.719	0.711	0.749	0.731	0.749	0.712	0.794	0.795	0.757	0.681	0.803	0.791	0.798	0.767	0.809	0.786	0.663	0.797	0.820	0.812	0.697	0.724	0.794	0.780	0.783	0.788	0.803	0.794	0.814	0.796	0.728	0.719	0.671	0.706	0.793	0.831	0.820	0.775	0.443	0.791	0.842	0.824	0.820	0.869	0.718	0.729	0.780	0.813	0.811	0.820	0.831	0.836	0.226	0.879	0.845	0.846	0.694	0.548	0.652	0.734	0.050	0.806	0.728	0.642	0.711	0.756	0.670	0.685	0.604
30:00:30	24.8	0.634	0.685	0.679	0.702	0.655	0.670	0.671	0.705	0.048	0.776	0.705	0.618	0.709	0.765	0.752	0.797	0.787	0.769	0.768	0.796	0.806	0.695	0.749	0.656	0.719	0.747	0.713	0.737	0.723	0.761	0.737	0.754	0.733	0.817	0.818	0.759	0.675	0.807	0.783	0.806	0.776	0.804	0.796	0.662	0.804	0.830	0.796	0.688	0.725	0.799	0.781	0.779	0.805	0.816	0.804	0.812	0.795	0.720	0.715	0.673	0.708	0.792	0.828	0.823	0.777	0.492	0.811	0.846	0.834	0.813	0.861	0.708	0.725	0.773	0.812	0.821	0.830	0.831	0.834	0.254	0.876	0.842	0.845	0.687	0.553	0.658	0.736	0.049	0.822	0.717	0.643	0.710	0.753	0.662	0.683	0.602
31:00:30	24.9	0.619	0.663	0.672	0.658	0.651	0.652	0.648	0.712	0.047	0.742	0.687	0.590	0.694	0.760	0.739	0.779	0.779	0.758	0.754	0.791	0.776	0.678	0.712	0.630	0.707	0.753	0.737	0.761	0.725	0.755	0.721	0.732	0.732	0.818	0.808	0.744	0.675	0.794	0.791	0.802	0.777	0.802	0.783	0.656	0.795	0.804	0.784	0.674	0.725	0.799	0.771	0.777	0.804	0.808	0.788	0.793	0.784	0.715	0.699	0.660	0.701	0.773	0.821	0.811	0.755	0.500	0.810	0.814	0.820	0.802	0.838	0.693	0.710	0.747	0.798	0.807	0.816	0.820	0.830	0.289	0.865	0.820	0.814	0.677	0.557	0.657	0.717	0.049	0.807	0.692	0.624	0.695	0.731	0.650	0.672	0.594
32:00:32	25.0	0.612	0.673	0.659	0.673	0.641	0.661	0.658	0.679	0.047	0.751	0.692	0.596	0.690	0.741	0.734	0.779	0.787	0.750	0.762	0.790	0.786	0.674	0.726	0.633	0.709	0.752	0.757	0.776	0.706	0.762	0.727	0.739	0.757	0.814	0.811	0.740	0.665	0.791	0.798	0.802	0.769	0.793	0.792	0.644	0.797	0.818	0.769	0.657	0.703	0.803	0.767	0.777	0.805	0.793	0.783	0.787	0.764	0.707	0.701	0.669	0.685	0.761	0.820	0.802	0.754	0.505	0.813	0.821	0.826	0.782	0.837	0.679	0.699	0.743	0.795	0.808	0.805	0.813	0.826	0.323	0.854	0.814	0.812	0.676	0.557	0.641	0.713	0.049	0.803	0.685	0.621	0.685	0.728	0.655	0.662	0.590
33:00:33	25.1	0.615	0.674	0.658	0.654	0.641	0.655	0.655	0.671	0.047	0.739	0.695	0.583	0.691	0.738	0.730	0.774	0.793	0.737	0.769	0.785	0.784	0.671	0.717	0.634	0.704	0.752	0.759	0.768	0.686	0.757	0.726	0.734	0.772	0.816	0.806	0.736	0.649	0.786	0.796	0.803	0.768	0.789	0.791	0.638	0.800	0.808	0.762	0.653	0.692	0.787	0.765	0.776	0.815	0.799	0.793	0.780	0.761	0.699	0.692	0.676	0.674	0.745	0.808	0.798	0.744	0.515	0.812	0.818	0.820	0.766	0.830	0.679	0.687	0.736	0.781	0.794	0.806	0.809	0.814	0.366	0.847	0.800	0.797	0.672	0.553	0.640	0.701	0.049	0.796	0.674	0.618	0.673	0.724	0.659	0.666	0.597
34:00:34	25.1	0.608	0.661	0.653	0.644	0.639	0.634	0.647	0.663	0.047	0.730	0.699	0.578	0.677	0.729	0.721	0.781	0.792	0.732	0.741	0.781	0.773	0.675	0.711	0.624	0.700	0.751	0.760	0.755	0.691	0.757	0.720	0.729	0.764	0.808	0.796	0.734	0.648	0.782	0.787	0.796	0.772	0.781	0.781	0.634	0.802	0.803	0.761	0.645	0.683	0.779	0.753	0.763	0.812	0.800	0.791	0.777	0.750	0.697	0.690	0.681	0.666	0.732	0.804	0.788	0.740	0.535	0.815	0.805	0.817	0.761	0.826	0.667	0.678	0.730	0.770	0.797	0.797	0.809	0.806	0.407	0.840	0.799	0.789	0.663	0.555	0.643	0.686	0.048	0.789	0.666	0.618	0.668	0.710	0.662	0.652	0.584
35:00:34	25.0	0.610	0.654	0.646	0.645	0.627	0.634	0.654	0.668	0.047	0.721	0.699	0.567	0.673	0.723	0.711	0.771	0.784	0.727	0.733	0.775	0.764	0.674	0.695	0.624	0.693	0.739	0.751	0.767	0.701	0.745	0.718	0.722	0.779	0.804	0.793	0.724	0.645	0.770	0.785	0.791	0.763	0.776	0.778	0.629	0.799	0.797	0.745	0.641	0.671	0.768	0.747	0.759	0.806	0.795	0.787	0.769	0.735	0.694	0.680	0.682	0.656	0.726	0.796	0.778	0.725	0.552	0.809	0.806	0.814	0.749	0.820	0.654	0.671	0.718	0.761	0.785	0.782	0.799	0.792	0.448	0.823	0.795	0.780	0.663	0.549	0.626	0.671	0.049	0.776	0.657	0.616	0.666	0.697	0.663	0.648	0.582
36:00:35	25.0	0.586	0.635	0.642	0.636	0.620	0.627	0.640	0.657	0.047	0.715	0.708	0.548	0.663	0.719	0.704	0.764	0.778	0.724	0.730	0.759	0.747	0.659	0.692	0.602	0.680	0.732	0.745	0.759	0.715	0.740	0.708	0.714	0.780	0.793	0.783	0.710	0.632	0.762	0.773	0.773	0.752	0.766	0.771	0.621	0.793	0.787	0.747	0.639	0.672	0.758	0.733	0.750	0.805	0.790	0.785	0.757	0.732	0.673	0.666	0.681	0.646	0.721	0.789	0.769	0.721	0.569	0.806	0.797	0.808	0.736	0.812	0.653	0.666	0.711	0.749	0.776	0.784	0.782	0.782	0.486	0.815	0.778	0.768	0.665	0.545	0.619	0.657	0.048	0.763	0.650	0.612	0.659	0.689	0.664	0.644	0.580
37:00:36	25.2	0.569	0.622	0.641	0.631	0.614	0.630	0.625	0.652	0.047	0.715	0.713	0.541	0.651	0.715	0.704	0.761	0.775	0.715	0.730	0.764	0.736	0.660	0.685	0.588	0.673	0.728	0.738	0.757	0.729	0.726	0.711	0.703	0.784	0.793	0.782	0.714	0.638	0.753	0.776	0.769	0.745	0.757	0.771	0.627	0.787	0.779	0.715	0.629	0.657	0.747	0.731	0.744	0.809	0.786	0.793	0.752	0.729	0.685	0.675	0.699	0.641	0.723	0.780	0.757	0.711	0.583	0.795	0.787	0.816	0.731	0.816	0.652	0.656	0.710	0.741	0.778	0.777	0.783	0.771	0.522	0.806	0.781	0.775	0.653	0.534	0.618	0.654	0.048	0.758	0.647	0.612	0.650	0.677	0.653	0.638	0.568
38:00:37	25.4	0.547	0.617	0.633	0.617	0.606	0.617	0.591	0.665	0.047	0.691	0.667	0.549	0.641	0.719	0.680	0.740	0.764	0.688	0.703	0.728	0.706	0.628	0.678	0.559	0.657	0.712	0.718	0.743	0.722	0.697	0.679	0.674	0.771	0.786	0.764	0.699	0.630	0.738	0.752	0.750	0.728	0.713	0.760	0.626	0.768	0.765	0.710	0.608	0.663	0.744	0.710	0.735	0.802	0.771	0.768	0.719	0.722	0.689	0.662	0.661	0.633	0.728	0.769	0.735	0.704	0.580	0.782	0.758	0.787	0.726	0.796	0.625	0.655	0.701	0.746	0.763	0.756	0.778	0.757	0.553	0.789	0.773	0.759	0.645	0.519	0.661	0.646	0.048	0.735	0.642	0.615	0.642	0.658	0.639	0.630	0.552
39:00:38	25.3	0.546	0.589	0.619	0.606	0.596	0.621	0.600	0.640	0.048	0.687	0.673	0.526	0.624	0.706	0.695	0.742	0.765	0.704	0.716	0.729	0.715	0.635	0.689	0.560	0.653	0.710	0.714	0.745	0.741	0.706	0.674	0.675	0.780	0.775	0.770	0.689	0.622	0.745	0.761	0.761	0.722	0.713	0.763	0.620	0.780	0.753	0.676	0.593	0.658	0.741	0.711	0.736	0.804	0.782	0.779	0.727	0.716	0.727	0.666	0.645	0.620	0.741	0.773	0.749	0.698	0.591	0.785	0.787	0.803	0.719	0.802	0.621	0.694	0.707	0.747	0.770	0.777	0.777	0.751	0.587	0.789	0.779	0.762	0.631	0.519	0.656	0.634	0.048	0.729	0.682	0.618	0.643	0.652	0.630	0.630	0.555
40:00:39	25.2	0.523	0.588	0.612	0.568	0.583	0.583	0.574	0.642	0.047	0.668	0.651	0.548	0.621	0.702	0.679	0.742	0.742	0.683	0.691	0.716	0.715	0.622	0.671	0.544	0.636	0.696	0.695	0.728	0.737	0.683	0.666	0.668	0.773	0.767	0.754	0.692	0.629	0.727	0.742	0.750	0.708	0.696	0.753	0.622	0.748	0.745	0.658	0.591	0.679	0.731	0.701	0.742	0.799	0.776	0.767	0.709	0.716	0.705	0.660	0.596	0.628	0.730	0.773	0.737	0.688	0.591	0.783	0.786	0.780	0.728	0.806	0.605	0.698	0.702	0.744	0.766	0.783	0.764	0.752	0.628	0.794	0.776	0.755	0.629	0.508	0.669	0.630	0.047	0.718	0.690	0.616	0.648	0.636	0.616	0.605	0.549
41:00:41	25.1	0.497	0.565	0.573	0.541	0.562	0.540	0.550	0.635	0.047	0.626	0.623	0.544	0.600	0.693	0.678	0.737	0.737	0.680	0.707	0.702	0.717	0.638	0.650	0.558	0.647	0.694	0.682	0.735	0.734	0.676	0.677	0.663	0.778	0.759	0.749	0.672	0.643	0.749	0.731	0.768	0.703	0.673	0.749	0.596	0.749	0.768	0.670	0.572	0.671	0.730	0.683	0.745	0.799	0.777	0.770	0.713	0.713	0.696	0.653	0.584	0.625	0.760	0.788	0.760	0.702	0.592	0.773	0.783	0.793	0.748	0.773	0.601	0.694	0.708	0.757	0.784	0.771	0.778	0.785	0.660	0.804	0.772	0.788	0.609	0.500	0.689	0.639	0.048	0.710	0.665	0.609	0.650	0.638	0.606	0.582	0.551
42:00:40	25.1	0.489	0.531	0.557	0.520	0.550	0.527	0.531	0.617	0.047	0.616	0.611	0.536	0.594	0.695	0.690	0.741	0.730	0.688	0.701	0.696	0.681	0.632	0.608	0.553	0.643	0.694	0.685	0.716	0.736	0.664	0.663	0.671	0.770	0.762	0.749	0.665	0.639	0.755	0.747	0.788	0.700	0.704	0.767	0.582	0.762	0.758	0.620	0.571	0.713	0.730	0.683	0.735	0.801	0.792	0.776	0.710	0.708	0.717	0.623	0.584	0.671	0.796	0.787	0.766	0.724	0.595	0.788	0.790	0.801	0.749	0.792	0.591	0.697	0.717	0.748	0.773	0.784	0.779	0.762	0.675	0.772	0.800	0.761	0.603	0.507	0.696	0.663	0.048	0.705	0.687	0.609	0.645	0.633	0.591	0.572	0.548
43:00:42	25.1	0.481	0.532	0.546	0.532	0.535	0.531	0.532	0.587	0.047	0.606	0.584	0.520	0.574	0.703	0.695	0.708	0.723	0.674	0.754	0.697	0.664	0.649	0.593	0.546	0.641	0.691	0.694	0.715	0.734	0.670	0.678	0.682	0.763	0.768	0.751	0.652	0.631	0.771	0.749	0.800	0.693	0.677	0.779	0.599	0.764	0.748	0.625	0.574	0.675	0.735	0.724	0.741	0.802	0.778	0.798	0.721	0.706	0.655	0.624	0.578	0.682	0.775	0.764	0.784	0.715	0.593	0.788	0.778	0.825	0.769	0.789	0.581	0.728	0.728	0.760	0.787	0.803	0.822	0.793	0.684	0.830	0.781	0.791	0.610	0.500	0.720	0.644	0.048	0.699	0.639	0.608	0.620	0.608	0.576	0.560	0.533
44:00:43	25.3	0.484	0.538	0.536	0.520	0.524	0.529	0.525	0.583	0.047	0.597	0.587	0.518	0.559	0.699	0.698	0.679	0.712	0.671	0.729	0.684	0.619	0.647	0.598	0.546	0.649	0.696	0.682	0.727	0.734	0.661	0.704	0.652	0.758	0.774	0.768	0.647	0.598	0.785	0.759	0.734	0.695	0.665	0.800	0.619	0.756	0.718	0.607	0.569	0.674	0.743	0.717	0.739	0.813	0.818	0.825	0.702	0.703	0.628	0.622	0.587	0.664	0.759	0.777	0.852	0.745	0.598	0.817	0.790	0.833	0.796	0.772	0.572	0.741	0.775	0.766	0.785	0.845	0.791	0.791	0.701	0.816	0.814	0.716	0.617	0.510	0.703	0.720	0.048	0.700	0.680	0.602	0.612	0.607	0.593	0.565	0.543
45:00:43	25.6	0.476	0.528	0.522	0.525	0.514	0.532	0.516	0.573	0.047	0.572	0.574	0.522	0.570	0.683	0.672	0.636	0.708	0.639	0.701	0.702	0.624	0.644	0.583	0.551	0.636	0.705	0.705	0.752	0.729	0.663	0.680	0.653	0.745	0.775	0.734	0.640	0.595	0.780	0.789	0.704	0.695	0.687	0.770	0.561	0.729	0.692	0.607	0.576	0.673	0.773	0.713	0.755	0.812	0.780	0.777	0.741	0.700	0.676	0.622	0.588	0.669	0.734	0.791	0.813	0.761	0.592	0.754	0.803	0.814	0.819	0.709	0.590	0.676	0.784	0.748	0.814	0.826	0.810	0.812	0.715	0.800	0.787	0.686	0.610	0.510	0.681	0.666	0.048	0.700	0.647	0.615	0.600	0.582	0.591	0.560	0.524
46:00:43	25.6	0.467	0.536	0.522	0.517	0.524	0.520	0.517	0.545	0.047	0.566	0.572	0.515	0.554	0.660	0.680	0.652	0.702	0.631	0.682	0.693	0.617	0.622	0.569	0.531	0.618	0.716	0.712	0.749	0.721	0.652	0.666	0.645	0.742	0.765	0.735	0.636	0.598	0.744	0.758	0.713	0.737	0.670	0.778	0.571	0.764	0.703	0.599	0.563	0.621	0.792	0.708	0.783	0.818	0.776	0.823	0.750	0.702	0.637	0.619	0.586	0.647	0.692	0.787	0.764	0.750	0.591	0.788	0.771	0.799	0.757	0.715	0.581	0.697	0.779	0.757	0.813	0.770	0.843	0.755	0.731	0.807	0.810	0.664	0.611	0.514	0.648	0.667	0.048	0.703	0.691	0.579	0.612	0.582	0.583	0.576	0.524
47:00:45	25.5	0.461	0.537	0.516	0.512	0.513	0.529	0.515	0.537	0.047	0.560	0.578	0.515	0.545	0.683	0.646	0.584	0.665	0.627	0.697	0.701	0.605	0.610	0.577	0.534	0.598	0.699	0.726	0.786	0.725	0.656	0.680	0.648	0.736	0.745	0.747	0.625	0.592	0.752	0.784	0.640	0.744	0.690	0.790	0.585	0.777	0.680	0.590	0.564	0.646	0.766	0.687	0.717	0.826	0.825	0.792	0.641	0.699	0.611	0.615	0.587	0.652	0.712	0.749	0.756	0.731	0.590	0.786	0.774	0.809	0.728	0.702	0.598	0.701	0.766	0.739	0.783	0.759	0.839	0.792	0.744	0.792	0.739	0.693	0.613	0.519	0.663	0.663	0.048	0.700	0.670	0.616	0.579	0.573	0.582	0.572	0.528
48:00:46	25.3	0.458	0.520	0.509	0.522	0.521	0.522	0.521	0.534	0.047	0.549	0.564	0.512	0.549	0.651	0.633	0.572	0.665	0.575	0.646	0.690	0.603	0.610	0.560	0.552	0.602	0.723	0.726	0.752	0.722	0.629	0.716	0.629	0.726	0.725	0.731	0.621	0.584	0.713	0.751	0.629	0.720	0.610	0.791	0.564	0.715	0.663	0.584	0.580	0.626	0.741	0.707	0.688	0.811	0.807	0.813	0.646	0.697	0.646	0.614	0.580	0.643	0.660	0.745	0.762	0.694	0.588	0.806	0.745	0.803	0.793	0.683	0.581	0.668	0.706	0.725	0.813	0.807	0.861	0.790	0.759	0.788	0.729	0.663	0.622	0.520	0.655	0.675	0.048	0.705	0.661	0.589	0.609	0.571	0.578	0.562	0.527
49:00:47	25.0	0.448	0.518	0.508	0.505	0.509	0.514	0.514	0.531	0.047	0.559	0.566	0.514	0.548	0.629	0.619	0.576	0.621	0.596	0.675	0.647	0.604	0.597	0.562	0.553	0.584	0.738	0.718	0.769	0.717	0.614	0.682	0.643	0.724	0.748	0.724	0.611	0.603	0.690	0.730	0.666	0.732	0.660	0.760	0.557	0.717	0.665	0.581	0.559	0.621	0.737	0.685	0.690	0.811	0.759	0.819	0.678	0.705	0.602	0.609	0.584	0.656	0.645	0.735	0.734	0.759	0.589	0.799	0.739	0.808	0.722	0.692	0.584	0.697	0.764	0.720	0.766	0.718	0.838	0.783	0.766	0.729	0.721	0.644	0.609	0.524	0.649	0.653	0.049	0.714	0.663	0.607	0.606	0.576	0.575	0.559	0.524
50:00:48	25.0	0.497	0.537	0.525	0.505	0.511	0.524	0.539	0.524	0.047	0.560	0.572	0.547	0.544	0.593	0.630	0.589	0.613	0.566	0.645	0.625	0.582	0.625	0.562	0.550	0.594	0.764	0.759	0.789	0.744	0.619	0.654	0.634	0.731	0.738	0.757	0.626	0.571	0.645	0.724	0.637	0.744	0.600	0.822	0.563	0.686	0.653	0.590	0.576	0.584	0.651	0.640	0.660	0.831	0.784	0.844	0.627	0.727	0.578	0.645	0.588	0.587	0.647	0.711	0.734	0.718	0.609	0.792	0.739	0.768	0.724	0.705	0.614	0.624	0.725	0.700	0.795	0.759	0.874	0.753	0.787	0.701	0.671	0.652	0.627	0.530	0.644	0.623	0.049	0.704	0.634	0.572	0.613	0.596	0.594	0.567	0.522
51:00:49	24.9	0.480	0.517	0.518	0.496	0.507	0.513	0.511	0.538	0.047	0.556	0.563	0.555	0.539	0.619	0.607	0.570	0.596	0.592	0.648	0.614	0.571	0.575	0.557	0.546	0.604	0.720	0.734	0.763	0.714	0.621	0.648	0.617	0.719	0.730	0.722	0.622	0.636	0.671	0.713	0.622	0.739	0.620	0.788	0.550	0.676	0.648	0.572	0.562	0.625	0.653	0.627	0.616	0.801	0.754	0.790	0.599	0.726	0.571	0.625	0.577	0.637	0.668	0.723	0.678	0.684	0.587	0.754	0.688	0.770	0.730	0.663	0.589	0.681	0.688	0.666	0.742	0.747	0.855	0.721	0.788	0.738	0.715	0.636	0.614	0.542	0.630	0.642	0.050	0.717	0.639	0.620	0.588	0.590	0.583	0.566	0.537
52:00:50	25.0	0.463	0.500	0.501	0.497	0.501	0.503	0.496	0.519	0.047	0.545	0.558	0.554	0.531	0.635	0.588	0.561	0.619	0.569	0.635	0.612	0.593	0.574	0.545	0.581	0.600	0.720	0.741	0.778	0.710	0.591	0.626	0.624	0.713	0.725	0.712	0.622	0.616	0.670	0.683	0.626	0.681	0.614	0.782	0.550	0.634	0.643	0.579	0.596	0.661	0.658	0.656	0.634	0.811	0.707	0.744	0.613	0.691	0.583	0.590	0.575	0.667	0.673	0.660	0.683	0.663	0.583	0.760	0.689	0.749	0.758	0.677	0.602	0.690	0.676	0.654	0.722	0.731	0.822	0.733	0.786	0.716	0.705	0.645	0.605	0.544	0.593	0.664	0.050	0.753	0.664	0.607	0.602	0.570	0.578	0.568	0.548
53:00:51	25.1	0.467	0.495	0.490	0.492	0.501	0.503	0.494	0.525	0.047	0.542	0.566	0.567	0.547	0.601	0.576	0.561	0.598	0.550	0.639	0.576	0.570	0.583	0.538	0.564	0.592	0.726	0.726	0.777	0.701	0.594	0.648	0.617	0.721	0.723	0.709	0.614	0.608	0.684	0.656	0.640	0.695	0.618	0.780	0.563	0.654	0.666	0.586	0.586	0.629	0.648	0.603	0.658	0.787	0.733	0.805	0.637	0.711	0.592	0.611	0.587	0.683	0.654	0.683	0.683	0.688	0.578	0.726	0.666	0.732	0.711	0.676	0.616	0.685	0.688	0.685	0.715	0.702	0.761	0.715	0.784	0.716	0.665	0.629	0.605	0.551	0.585	0.631	0.050	0.705	0.640	0.613	0.611	0.575	0.587	0.574	0.554
54:00:52	25.1	0.478	0.493	0.490	0.494	0.508	0.494	0.501	0.521	0.047	0.529	0.558	0.590	0.526	0.577	0.587	0.549	0.559	0.571	0.609	0.612	0.583	0.603	0.549	0.576	0.583	0.731	0.723	0.727	0.698	0.587	0.643	0.599	0.718	0.720	0.699	0.617	0.643	0.687	0.666	0.625	0.705	0.626	0.793	0.559	0.673	0.624	0.597	0.601	0.677	0.663	0.619	0.616	0.783	0.677	0.772	0.589	0.661	0.586	0.600	0.589	0.646	0.637	0.680	0.675	0.655	0.572	0.731	0.676	0.698	0.693	0.652	0.601	0.668	0.696	0.643	0.724	0.705	0.795	0.710	0.783	0.674	0.662	0.635	0.599	0.558	0.576	0.700	0.051	0.700	0.656	0.591	0.600	0.572	0.583	0.573	0.560
55:00:52	25.2	0.476	0.487	0.497	0.486	0.491	0.501	0.497	0.513	0.047	0.534	0.565	0.597	0.547	0.580	0.566	0.551	0.564	0.572	0.597	0.564	0.588	0.582	0.546	0.577	0.587	0.728	0.717	0.728	0.701	0.578	0.627	0.607	0.722	0.713	0.697	0.607	0.641	0.639	0.637	0.606	0.679	0.584	0.804	0.554	0.626	0.637	0.617	0.609	0.674	0.659	0.605	0.630	0.796	0.715	0.766	0.597	0.632	0.600	0.582	0.594	0.648	0.616	0.651	0.694	0.678	0.563	0.719	0.652	0.685	0.709	0.661	0.609	0.678	0.720	0.656	0.720	0.722	0.747	0.718	0.780	0.700	0.636	0.650	0.603	0.568	0.561	0.652	0.052	0.681	0.663	0.643	0.605	0.584	0.585	0.562	0.573
56:00:53	25.3	0.485	0.492	0.503	0.486	0.497	0.501	0.505	0.512	0.047	0.538	0.556	0.598	0.542	0.577	0.590	0.564	0.578	0.576	0.611	0.592	0.563	0.595	0.557	0.586	0.582	0.730	0.729	0.733	0.701	0.559	0.671	0.604	0.732	0.686	0.715	0.620	0.624	0.642	0.654	0.605	0.638	0.590	0.798	0.603	0.619	0.618	0.614	0.592	0.624	0.687	0.609	0.628	0.805	0.712	0.736	0.592	0.647	0.618	0.606	0.589	0.649	0.661	0.658	0.665	0.639	0.564	0.714	0.657	0.710	0.746	0.642	0.601	0.707	0.658	0.648	0.704	0.710	0.780	0.752	0.776	0.734	0.707	0.642	0.594	0.566	0.561	0.654	0.053	0.712	0.676	0.658	0.602	0.584	0.583	0.565	0.573
57:00:54	25.5	0.503	0.486	0.500	0.482	0.504	0.504	0.502	0.528	0.046	0.538	0.579	0.605	0.542	0.581	0.573	0.537	0.569	0.544	0.577	0.587	0.556	0.595	0.552	0.647	0.590	0.728	0.715	0.753	0.700	0.580	0.632	0.615	0.734	0.686	0.709	0.610	0.636	0.666	0.645	0.611	0.707	0.618	0.811	0.618	0.654	0.631	0.575	0.610	0.650	0.670	0.610	0.613	0.810	0.697	0.794	0.615	0.618	0.602	0.618	0.606	0.623	0.633	0.666	0.694	0.687	0.558	0.725	0.643	0.688	0.683	0.634	0.589	0.689	0.713	0.666	0.685	0.714	0.754	0.714	0.777	0.667	0.672	0.636	0.632	0.571	0.576	0.661	0.054	0.693	0.629	0.637	0.604	0.585	0.576	0.561	0.563
58:00:55	25.5	0.544	0.496	0.499	0.487	0.509	0.504	0.489	0.514	0.047	0.552	0.587	0.611	0.530	0.575	0.584	0.536	0.570	0.569	0.575	0.577	0.552	0.582	0.556	0.639	0.602	0.721	0.705	0.729	0.696	0.565	0.628	0.609	0.738	0.704	0.699	0.628	0.641	0.668	0.630	0.602	0.658	0.585	0.811	0.560	0.624	0.608	0.552	0.617	0.644	0.744	0.637	0.621	0.791	0.685	0.726	0.610	0.640	0.607	0.600	0.585	0.644	0.637	0.656	0.674	0.685	0.546	0.780	0.677	0.690	0.667	0.656	0.643	0.657	0.718	0.663	0.690	0.721	0.766	0.692	0.771	0.653	0.657	0.651	0.599	0.582	0.580	0.607	0.055	0.656	0.643	0.537	0.622	0.564	0.576	0.573	0.576
59:00:56	25.5	0.545	0.496	0.496	0.473	0.505	0.509	0.503	0.521	0.046	0.548	0.577	0.631	0.525	0.555	0.570	0.554	0.590	0.533	0.573	0.573	0.572	0.579	0.560	0.669	0.602	0.728	0.696	0.740	0.700	0.579	0.650	0.641	0.746	0.684	0.689	0.637	0.623	0.635	0.661	0.636	0.655	0.637	0.770	0.560	0.633	0.617	0.618	0.582	0.721	0.617	0.609	0.617	0.782	0.656	0.754	0.613	0.602	0.598	0.599	0.603	0.657	0.682	0.657	0.632	0.710	0.541	0.681	0.636	0.687	0.641	0.639	0.602	0.677	0.709	0.695	0.691	0.715	0.799	0.727	0.766	0.713	0.662	0.657	0.613	0.588	0.562	0.639	0.057	0.681	0.634	0.604	0.584	0.627	0.584	0.574	0.579
60:00:58	25.5	0.542	0.493	0.507	0.489	0.500	0.496	0.500	0.518	0.046	0.544	0.581	0.641	0.524	0.568	0.570	0.537	0.563	0.547	0.547	0.560	0.569	0.584	0.565	0.681	0.592	0.713	0.699	0.730	0.707	0.578	0.645	0.594	0.719	0.707	0.667	0.642	0.639	0.686	0.634	0.621	0.645	0.567	0.774	0.551	0.627	0.633	0.581	0.614	0.633	0.718	0.622	0.590	0.785	0.689	0.768	0.600	0.613	0.584	0.602	0.602	0.626	0.654	0.635	0.693	0.678	0.532	0.718	0.642	0.625	0.683	0.667	0.614	0.677	0.771	0.653	0.738	0.684	0.767	0.714	0.760	0.701	0.665	0.648	0.615	0.594	0.582	0.628	0.057	0.700	0.676	0.573	0.588	0.566	0.580	0.575	0.576
61:00:58	25.8	0.526	0.498	0.494	0.486	0.513	0.506	0.506	0.524	0.046	0.542	0.582	0.661	0.522	0.580	0.584	0.521	0.545	0.547	0.571	0.575	0.554	0.584	0.550	0.692	0.585	0.714	0.687	0.703	0.710	0.586	0.655	0.603	0.728	0.660	0.659	0.625	0.627	0.652	0.630	0.599	0.648	0.628	0.736	0.567	0.604	0.606	0.595	0.609	0.630	0.701	0.612	0.637	0.766	0.660	0.669	0.615	0.652	0.580	0.574	0.608	0.606	0.638	0.694	0.633	0.687	0.525	0.737	0.657	0.655	0.678	0.669	0.593	0.668	0.703	0.684	0.704	0.730	0.733	0.693	0.757	0.675	0.672	0.644	0.604	0.595	0.580	0.643	0.058	0.692	0.629	0.588	0.578	0.576	0.590	0.568	0.630
62:00:59	26.1	0.554	0.490	0.497	0.487	0.509	0.496	0.501	0.515	0.046	0.539	0.567	0.690	0.517	0.555	0.571	0.530	0.568	0.531	0.562	0.574	0.564	0.581	0.559	0.696	0.615	0.704	0.671	0.669	0.700	0.563	0.638	0.607	0.731	0.656	0.666	0.635	0.682	0.652	0.629	0.626	0.603	0.630	0.740	0.557	0.609	0.608	0.586	0.629	0.683	0.692	0.599	0.666	0.756	0.664	0.711	0.623	0.596	0.688	0.589	0.613	0.653	0.699	0.644	0.699	0.705	0.515	0.717	0.685	0.675	0.702	0.628	0.605	0.615	0.753	0.673	0.689	0.680	0.737	0.672	0.752	0.658	0.678	0.640	0.607	0.603	0.571	0.615	0.063	0.679	0.636	0.572	0.589	0.560	0.586	0.579	0.630
63:01:00	26.6	0.542	0.496	0.490	0.478	0.504	0.504	0.489	0.525	0.046	0.549	0.576	0.689	0.529	0.554	0.586	0.523	0.574	0.545	0.570	0.554	0.558	0.626	0.559	0.806	0.588	0.699	0.668	0.684	0.715	0.572	0.641	0.619	0.701	0.680	0.656	0.648	0.598	0.698	0.639	0.615	0.641	0.632	0.711	0.574	0.622	0.630	0.566	0.610	0.623	0.626	0.608	0.623	0.779	0.670	0.687	0.583	0.588	0.626	0.577	0.622	0.700	0.698	0.649	0.646	0.677	0.509	0.746	0.674	0.664	0.681	0.669	0.624	0.722	0.710	0.661	0.710	0.705	0.755	0.725	0.744	0.664	0.704	0.662	0.617	0.611	0.565	0.675	0.058	0.679	0.559	0.557	0.589	0.559	0.593	0.588	0.630
64:01:01	27.2	0.544	0.500	0.498	0.491	0.505	0.496	0.501	0.522	0.046	0.547	0.592	0.716	0.520	0.549	0.575	0.530	0.555	0.532	0.559	0.562	0.562	0.602	0.560	1.053	0.593	0.675	0.663	0.669	0.717	0.575	0.632	0.576	0.731	0.658	0.655	0.652	0.617	0.646	0.631	0.652	0.638	0.583	0.703	0.558	0.627	0.622	0.534	0.639	0.665	0.714	0.691	0.634	0.721	0.657	0.695	0.650	0.618	0.602	0.584	0.603	0.602	0.683	0.645	0.659	0.682	0.501	0.701	0.655	0.690	0.683	0.628	0.633	0.607	0.737	0.674	0.731	0.715	0.766	0.685	0.742	0.674	0.624	0.652	0.626	0.612	0.567	0.638	0.059	0.699	0.592	0.534	0.594	0.552	0.602	0.593	0.653
65:01:01	27.9	0.578	0.511	0.499	0.490	0.497	0.504	0.520	0.533	0.046	0.547	0.580	0.787	0.523	0.553	0.581	0.532	0.585	0.577	0.564	0.568	0.562	0.587	0.559	1.056	0.615	0.682	0.670	0.661	0.746	0.580	0.635	0.595	0.644	0.660	0.671	0.657	0.632	0.673	0.661	0.562	0.626	0.644	0.697	0.573	0.621	0.643	0.584	0.680	0.615	0.706	0.613	0.634	0.723	0.658	0.719	0.619	0.592	0.582	0.597	0.631	0.609	0.736	0.637	0.648	0.684	0.488	0.698	0.687	0.643	0.721	0.645	0.599	0.571	0.780	0.630	0.748	0.739	0.798	0.726	0.736	0.668	0.683	0.642	0.627	0.620	0.611	0.654	0.058	0.646	0.568	0.580	0.608	0.547	0.618	0.598	0.675
66:01:01	28.5	0.750	0.505	0.495	0.499	0.511	0.524	0.506	0.520	0.046	0.541	0.596	0.766	0.513	0.554	0.568	0.516	0.557	0.515	0.550	0.577	0.570	0.587	0.554	1.185	0.613	0.684	0.685	0.668	0.728	0.582	0.657	0.628	0.656	0.679	0.626	0.635	0.605	0.681	0.661	0.589	0.703	0.613	0.706	0.535	0.633	0.601	0.595	0.799	0.592	0.732	0.726	0.590	0.720	0.625	0.727	0.626	0.583	0.566	0.585	0.650	0.586	0.681	0.642	0.674	0.718	0.474	0.730	0.644	0.636	0.663	0.702	0.630	0.605	0.781	0.685	0.683	0.674	0.735	0.669	0.730	0.738	0.656	0.612	0.624	0.612	0.567	0.602	0.058	0.730	0.551	0.558	0.587	0.550	0.603	0.606	0.718
67:01:03	29.0	0.637	0.510	0.500	0.504	0.513	0.522	0.496	0.531	0.046	0.545	0.590	0.855	0.495	0.565	0.581	0.526	0.580	0.546	0.546	0.559	0.567	0.600	0.547	1.191	0.613	0.674	0.688	0.640	0.736	0.587	0.666	0.646	0.584	0.663	0.644	0.640	0.584	0.652	0.612	0.641	0.625	0.661	0.692	0.546	0.606	0.587	0.587	0.900	0.622	0.725	0.626	0.664	0.731	0.643	0.741	0.618	0.649	0.562	0.583	0.808	0.554	0.757	0.697	0.744	0.720	0.463	0.687	0.674	0.687	0.587	0.621	0.619	0.569	0.797	0.690	0.735	0.782	0.757	0.792	0.731	0.662	0.675	0.625	0.639	0.628	0.612	0.613	0.056	0.697	0.542	0.546	0.585	0.538	0.608	0.614	0.668
68:01:04	29.5	0.799	0.492	0.502	0.504	0.514	0.497	0.478	0.523	0.046	0.544	0.590	0.863	0.509	0.565	0.575	0.528	0.552	0.557	0.545	0.573	0.567	0.589	0.571	1.073	0.611	0.671	0.681	0.665	0.746	0.607	0.633	0.625	0.602	0.632	0.627	0.640	0.543	0.641	0.595	0.622	0.664	0.622	0.745	0.608	0.607	0.601	0.616	1.025	0.559	0.711	0.663	0.648	0.718	0.658	0.741	0.599	0.634	0.591	0.590	0.985	0.522	0.670	0.679	0.712	0.673	0.457	0.677	0.674	0.687	0.728	0.680	0.744	0.614	0.774	0.677	0.720	0.680	0.792	0.714	0.720	0.707	0.696	0.597	0.941	0.662	0.562	0.531	0.056	0.692	0.534	0.553	0.590	0.544	0.613	0.619	0.729
69:01:05	30.0	0.819	0.522	0.496	0.507	0.477	0.471	0.653	0.530	0.046	0.551	0.632	0.870	0.516	0.556	0.604	0.531	0.538	0.541	0.547	0.567	0.571	0.592	0.564	1.190	0.624	0.685	0.671	0.634	0.730	0.579	0.676	0.622	0.619	0.632	0.633	0.632	0.555	0.657	0.649	0.666	0.635	0.644	0.656	0.587	0.645	0.633	0.630	1.062	0.618	0.796	0.677	0.667	0.682	0.651	0.706	0.718	0.607	0.619	0.569	1.035	0.533	0.711	0.646	0.752	0.713	0.451	0.749	0.737	0.660	0.640	0.680	0.926	0.545	0.786	0.757	0.758	0.789	0.768	0.727	0.699	0.662	0.699	0.644	1.133	0.604	0.580	0.527	0.056	0.746	0.555	0.558	0.593	0.548	0.631	0.634	0.726
70:01:06	30.4	0.647	0.514	0.504	0.496	0.463	0.459	0.524	0.537	0.046	0.554	0.695	1.006	0.522	0.551	0.599	0.519	0.582	0.534	0.539	0.573	0.566	0.577	0.564	1.410	0.589	0.678	0.692	0.647	0.753	0.625	0.690	0.645	0.617	0.694	0.636	0.635	0.535	0.688	0.638	0.681	0.680	0.623	0.691	0.574	0.628	0.648	0.548	0.976	0.525	0.742	0.696	0.624	0.716	0.697	0.729	0.629	0.607	0.579	0.552	0.904	0.531	0.702	0.677	0.715	0.725	0.445	0.683	0.641	0.674	0.680	0.654	0.780	0.558	0.796	0.698	0.737	0.745	0.739	0.762	0.687	0.705	0.640	0.574	0.968	0.579	0.561	0.530	0.054	0.692	0.554	0.567	0.598	0.549	0.634	0.622	0.696
71:01:07	30.5	0.705	0.536	0.502	0.473	0.454	0.476	0.553	0.553	0.045	0.536	0.754	0.874	0.523	0.561	0.591	0.550	0.584	0.541	0.544	0.561	0.583	0.559	0.565	1.402	0.567	0.665	0.653	0.647	0.730	0.603	0.686	0.619	0.615	0.632	0.600	0.699	0.524	0.643	0.647	0.615	0.662	0.638	0.698	0.577	0.641	0.610	0.590	0.908	0.536	0.797	0.762	0.668	0.707	0.699	0.775	0.601	0.580	0.621	0.590	0.838	0.546	0.599	0.656	0.702	0.687	0.436	0.663	0.707	0.697	0.718	0.627	1.025	0.562	0.799	0.728	0.733	0.783	0.806	0.690	0.679	0.666	0.724	0.576	1.223	0.653	0.535	0.546	0.059	0.689	0.568	0.559	0.602	0.549	0.629	0.624	0.705
72:01:08	30.5	0.653	0.633	0.507	0.469	0.422	0.498	0.467	0.529	0.045	0.511	0.753	0.904	0.517	0.558	0.575	0.530	0.572	0.564	0.544	0.576	0.579	0.571	0.532	1.280	0.568	0.655	0.675	0.671	0.717	0.601	0.649	0.621	0.641	0.621	0.627	0.673	0.553	0.653	0.647	0.634	0.672	0.624	0.661	0.589	0.638	0.608	0.579	0.885	0.542	0.851	0.660	0.618	0.653	0.713	0.746	0.673	0.566	0.572	0.642	1.170	0.537	0.696	0.679	0.683	0.708	0.430	0.735	0.716	0.686	0.695	0.642	0.895	0.565	0.739	0.640	0.776	0.724	0.815	0.788	0.661	0.670	0.654	0.590	1.091	0.596	0.551	0.533	0.077	0.699	0.558	0.558	0.586	0.544	0.594	0.628	0.593

