Time	T° 600	A1	A2	A3	A4	A5	A6	A7	A8	A9	A10	A11	A12	B1	B2	B3	B4	B5	B6	B7	B8	B9	B10	B11	B12	C1	C2	C3	C4	C5	C6	C7	C8	C9	C10	C11	C12	D1	D2	D3	D4	D5	D6	D7	D8	D9	D10	D11	D12	E1	E2	E3	E4	E5	E6	E7	E8	E9	E10	E11	E12	F1	F2	F3	F4	F5	F6	F7	F8	F9	F10	F11	F12	G1	G2	G3	G4	G5	G6	G7	G8	G9	G10	G11	G12	H1	H2	H3	H4	H5	H6	H7	H8	H9	H10	H11	H12
0:00:06	25.0	0.044	0.044	0.046	0.054	0.046	0.047	0.044	0.044	0.044	0.048	0.047	0.044	0.044	0.044	0.043	0.047	0.045	0.044	0.044	0.046	0.044	0.046	0.044	0.046	0.045	0.044	0.044	0.043	0.044	0.047	0.044	0.044	0.045	0.046	0.044	0.045	0.044	0.044	0.044	0.044	0.047	0.045	0.045	0.046	0.045	0.044	0.044	0.045	0.044	0.045	0.043	0.046	0.051	0.044	0.044	0.044	0.045	0.043	0.044	0.044	0.044	0.045	0.047	0.044	0.045	0.047	0.045	0.045	0.044	0.045	0.044	0.044	0.047	0.045	0.046	0.045	0.046	0.044	0.046	0.044	0.046	0.044	0.045	0.044	0.044	0.047	0.045	0.044	0.044	0.043	0.046	0.047	0.047	0.048	0.044	0.051
1:00:04	24.9	0.044	0.044	0.046	0.056	0.047	0.047	0.044	0.044	0.045	0.048	0.047	0.044	0.044	0.044	0.044	0.047	0.044	0.045	0.044	0.047	0.045	0.047	0.045	0.046	0.045	0.044	0.044	0.044	0.044	0.047	0.044	0.044	0.046	0.047	0.045	0.045	0.044	0.044	0.044	0.044	0.048	0.045	0.046	0.046	0.046	0.044	0.045	0.045	0.045	0.045	0.044	0.047	0.051	0.045	0.044	0.044	0.045	0.044	0.045	0.044	0.044	0.045	0.048	0.044	0.046	0.048	0.045	0.046	0.044	0.046	0.044	0.044	0.047	0.045	0.047	0.046	0.047	0.045	0.046	0.045	0.046	0.044	0.046	0.044	0.044	0.047	0.045	0.044	0.045	0.044	0.047	0.048	0.048	0.048	0.045	0.052
2:00:05	24.7	0.045	0.045	0.047	0.055	0.048	0.048	0.045	0.045	0.046	0.049	0.048	0.045	0.045	0.045	0.045	0.048	0.045	0.046	0.046	0.048	0.046	0.048	0.046	0.047	0.046	0.045	0.045	0.045	0.045	0.048	0.045	0.045	0.047	0.048	0.046	0.046	0.045	0.045	0.045	0.045	0.049	0.047	0.047	0.048	0.048	0.045	0.046	0.046	0.045	0.046	0.045	0.048	0.052	0.045	0.045	0.045	0.047	0.045	0.047	0.045	0.046	0.045	0.048	0.045	0.046	0.049	0.046	0.047	0.046	0.047	0.046	0.046	0.048	0.046	0.048	0.047	0.048	0.046	0.047	0.046	0.048	0.045	0.047	0.046	0.046	0.049	0.046	0.045	0.046	0.045	0.048	0.049	0.048	0.050	0.047	0.053
3:00:07	24.6	0.047	0.047	0.048	0.056	0.049	0.050	0.046	0.047	0.047	0.050	0.050	0.047	0.047	0.046	0.046	0.049	0.047	0.047	0.047	0.049	0.048	0.050	0.048	0.049	0.048	0.047	0.046	0.047	0.047	0.050	0.047	0.047	0.049	0.050	0.048	0.048	0.047	0.047	0.047	0.046	0.051	0.049	0.049	0.049	0.049	0.047	0.048	0.049	0.047	0.048	0.047	0.050	0.054	0.045	0.047	0.047	0.049	0.047	0.048	0.047	0.047	0.046	0.049	0.048	0.048	0.051	0.048	0.048	0.048	0.049	0.048	0.048	0.050	0.048	0.050	0.049	0.050	0.048	0.048	0.048	0.049	0.046	0.049	0.048	0.048	0.051	0.049	0.048	0.047	0.047	0.050	0.051	0.050	0.051	0.049	0.055
4:00:08	24.7	0.050	0.050	0.049	0.055	0.052	0.053	0.050	0.051	0.052	0.054	0.053	0.051	0.051	0.051	0.050	0.053	0.050	0.052	0.052	0.054	0.052	0.054	0.052	0.053	0.051	0.050	0.049	0.051	0.051	0.055	0.051	0.052	0.052	0.055	0.053	0.052	0.051	0.051	0.051	0.047	0.055	0.052	0.053	0.053	0.053	0.052	0.051	0.053	0.051	0.051	0.051	0.054	0.058	0.046	0.051	0.051	0.053	0.051	0.053	0.052	0.051	0.047	0.051	0.052	0.051	0.055	0.051	0.053	0.052	0.053	0.053	0.052	0.054	0.051	0.054	0.052	0.054	0.051	0.049	0.052	0.054	0.049	0.053	0.052	0.053	0.055	0.052	0.052	0.051	0.051	0.055	0.056	0.054	0.056	0.054	0.060
5:00:09	24.9	0.058	0.059	0.051	0.064	0.061	0.061	0.061	0.060	0.063	0.063	0.063	0.061	0.062	0.062	0.060	0.066	0.057	0.064	0.065	0.067	0.065	0.068	0.065	0.066	0.062	0.062	0.056	0.065	0.063	0.068	0.062	0.065	0.065	0.068	0.068	0.065	0.062	0.062	0.063	0.050	0.066	0.064	0.065	0.064	0.066	0.064	0.062	0.067	0.063	0.062	0.062	0.066	0.070	0.047	0.063	0.063	0.065	0.063	0.066	0.064	0.062	0.048	0.054	0.064	0.060	0.067	0.059	0.066	0.065	0.066	0.067	0.065	0.066	0.062	0.065	0.064	0.066	0.064	0.051	0.064	0.067	0.057	0.068	0.065	0.065	0.067	0.063	0.064	0.062	0.062	0.067	0.070	0.066	0.069	0.069	0.076
6:00:10	25.0	0.077	0.080	0.053	0.083	0.082	0.083	0.085	0.083	0.086	0.085	0.085	0.087	0.084	0.083	0.079	0.086	0.074	0.086	0.086	0.087	0.085	0.089	0.086	0.092	0.083	0.080	0.073	0.086	0.082	0.087	0.082	0.084	0.085	0.087	0.090	0.089	0.083	0.080	0.080	0.054	0.083	0.081	0.084	0.081	0.085	0.081	0.081	0.092	0.083	0.079	0.079	0.084	0.087	0.048	0.080	0.081	0.081	0.079	0.086	0.089	0.081	0.049	0.064	0.081	0.076	0.084	0.076	0.085	0.082	0.084	0.092	0.089	0.086	0.080	0.083	0.081	0.083	0.082	0.053	0.080	0.087	0.074	0.090	0.093	0.091	0.088	0.084	0.086	0.082	0.083	0.090	0.095	0.088	0.093	0.096	0.111
7:00:10	24.9	0.099	0.103	0.057	0.107	0.106	0.107	0.111	0.108	0.109	0.110	0.112	0.122	0.108	0.107	0.102	0.110	0.093	0.112	0.112	0.111	0.108	0.114	0.114	0.127	0.105	0.101	0.092	0.111	0.103	0.111	0.107	0.110	0.111	0.112	0.119	0.118	0.107	0.102	0.101	0.065	0.103	0.102	0.106	0.100	0.108	0.102	0.104	0.124	0.106	0.099	0.100	0.107	0.108	0.049	0.102	0.104	0.101	0.100	0.112	0.121	0.102	0.049	0.080	0.102	0.096	0.108	0.096	0.110	0.104	0.108	0.127	0.120	0.110	0.099	0.106	0.102	0.105	0.106	0.055	0.102	0.112	0.096	0.119	0.127	0.122	0.112	0.107	0.113	0.103	0.108	0.117	0.126	0.117	0.122	0.131	0.150
8:00:10	24.8	0.129	0.134	0.064	0.134	0.139	0.141	0.145	0.140	0.142	0.145	0.150	0.174	0.138	0.138	0.132	0.140	0.117	0.146	0.145	0.143	0.138	0.148	0.151	0.176	0.132	0.128	0.117	0.146	0.132	0.141	0.139	0.144	0.145	0.146	0.155	0.161	0.138	0.130	0.128	0.082	0.130	0.130	0.136	0.125	0.139	0.130	0.137	0.169	0.136	0.126	0.128	0.137	0.138	0.051	0.130	0.134	0.127	0.127	0.148	0.164	0.130	0.051	0.096	0.130	0.124	0.137	0.125	0.143	0.134	0.140	0.170	0.163	0.140	0.125	0.137	0.131	0.135	0.139	0.057	0.130	0.145	0.126	0.157	0.171	0.157	0.144	0.139	0.147	0.135	0.142	0.152	0.172	0.155	0.161	0.176	0.192
9:00:11	24.6	0.165	0.169	0.074	0.170	0.174	0.180	0.185	0.178	0.179	0.188	0.195	0.218	0.173	0.172	0.165	0.175	0.147	0.183	0.183	0.179	0.173	0.189	0.196	0.230	0.167	0.159	0.147	0.184	0.164	0.177	0.175	0.181	0.183	0.186	0.193	0.209	0.174	0.161	0.159	0.099	0.159	0.161	0.169	0.152	0.176	0.163	0.176	0.221	0.172	0.157	0.160	0.171	0.172	0.052	0.162	0.168	0.157	0.159	0.190	0.213	0.162	0.051	0.117	0.164	0.158	0.169	0.160	0.181	0.169	0.177	0.214	0.213	0.175	0.156	0.173	0.164	0.169	0.175	0.058	0.162	0.182	0.161	0.200	0.215	0.193	0.181	0.175	0.186	0.172	0.181	0.193	0.206	0.199	0.204	0.223	0.229
10:00:12	24.5	0.198	0.206	0.086	0.209	0.212	0.220	0.227	0.216	0.221	0.235	0.244	0.257	0.212	0.206	0.202	0.214	0.180	0.222	0.225	0.219	0.212	0.232	0.243	0.283	0.206	0.194	0.179	0.223	0.199	0.215	0.215	0.223	0.226	0.229	0.231	0.261	0.215	0.196	0.195	0.118	0.192	0.194	0.207	0.183	0.217	0.199	0.219	0.274	0.210	0.191	0.196	0.208	0.209	0.054	0.198	0.205	0.191	0.193	0.235	0.260	0.199	0.052	0.142	0.202	0.195	0.207	0.199	0.222	0.207	0.217	0.256	0.260	0.214	0.189	0.211	0.199	0.206	0.214	0.059	0.197	0.220	0.200	0.241	0.258	0.225	0.218	0.215	0.224	0.215	0.225	0.235	0.247	0.245	0.248	0.267	0.267
11:00:13	24.4	0.230	0.242	0.097	0.244	0.251	0.256	0.271	0.261	0.270	0.283	0.291	0.293	0.250	0.243	0.240	0.253	0.215	0.263	0.270	0.264	0.256	0.280	0.294	0.330	0.246	0.231	0.215	0.263	0.239	0.259	0.256	0.266	0.270	0.275	0.271	0.312	0.256	0.233	0.234	0.139	0.229	0.234	0.246	0.217	0.260	0.239	0.265	0.325	0.253	0.229	0.234	0.247	0.250	0.057	0.235	0.246	0.227	0.233	0.283	0.307	0.239	0.053	0.170	0.242	0.235	0.246	0.241	0.267	0.250	0.260	0.299	0.305	0.256	0.224	0.254	0.238	0.247	0.254	0.059	0.236	0.262	0.239	0.282	0.300	0.254	0.256	0.255	0.261	0.256	0.266	0.277	0.284	0.284	0.291	0.310	0.300
12:00:14	24.3	0.261	0.279	0.109	0.282	0.290	0.294	0.317	0.303	0.319	0.329	0.338	0.331	0.291	0.283	0.280	0.298	0.254	0.304	0.316	0.309	0.304	0.325	0.346	0.379	0.286	0.271	0.253	0.306	0.281	0.299	0.298	0.311	0.317	0.325	0.313	0.363	0.298	0.274	0.277	0.158	0.269	0.278	0.290	0.254	0.308	0.284	0.315	0.379	0.296	0.271	0.277	0.292	0.295	0.059	0.277	0.292	0.269	0.278	0.333	0.357	0.280	0.053	0.204	0.287	0.278	0.291	0.286	0.314	0.299	0.307	0.346	0.353	0.299	0.263	0.297	0.280	0.289	0.298	0.061	0.281	0.305	0.280	0.327	0.343	0.286	0.296	0.299	0.300	0.301	0.308	0.317	0.326	0.326	0.335	0.357	0.337
13:00:15	24.3	0.296	0.316	0.129	0.319	0.325	0.332	0.362	0.345	0.366	0.372	0.385	0.367	0.336	0.322	0.322	0.342	0.295	0.347	0.362	0.353	0.352	0.369	0.397	0.432	0.331	0.313	0.294	0.347	0.323	0.342	0.343	0.356	0.365	0.372	0.361	0.419	0.341	0.318	0.321	0.174	0.314	0.323	0.334	0.294	0.354	0.333	0.369	0.432	0.343	0.315	0.320	0.335	0.341	0.062	0.323	0.337	0.313	0.325	0.384	0.407	0.323	0.054	0.241	0.336	0.327	0.339	0.336	0.363	0.349	0.358	0.396	0.408	0.341	0.304	0.345	0.324	0.335	0.344	0.061	0.332	0.351	0.323	0.376	0.387	0.321	0.341	0.348	0.343	0.348	0.354	0.359	0.363	0.372	0.384	0.402	0.377
14:00:16	24.4	0.317	0.351	0.153	0.352	0.356	0.362	0.400	0.385	0.409	0.412	0.427	0.393	0.375	0.362	0.361	0.384	0.341	0.386	0.405	0.397	0.398	0.411	0.439	0.473	0.370	0.352	0.335	0.387	0.364	0.380	0.386	0.400	0.406	0.416	0.393	0.464	0.385	0.360	0.363	0.190	0.357	0.370	0.376	0.332	0.400	0.378	0.416	0.475	0.389	0.361	0.363	0.379	0.389	0.066	0.368	0.383	0.357	0.372	0.434	0.449	0.371	0.054	0.285	0.387	0.374	0.388	0.385	0.412	0.402	0.410	0.439	0.453	0.392	0.350	0.398	0.374	0.386	0.397	0.060	0.388	0.399	0.370	0.426	0.426	0.357	0.385	0.396	0.384	0.395	0.397	0.402	0.411	0.416	0.430	0.446	0.417
15:00:17	24.8	0.330	0.381	0.173	0.385	0.389	0.390	0.439	0.419	0.455	0.449	0.462	0.415	0.410	0.400	0.405	0.428	0.384	0.425	0.455	0.442	0.445	0.462	0.486	0.515	0.407	0.391	0.373	0.426	0.408	0.420	0.428	0.438	0.449	0.463	0.426	0.509	0.423	0.400	0.405	0.205	0.402	0.415	0.419	0.374	0.445	0.425	0.461	0.516	0.433	0.404	0.406	0.423	0.436	0.071	0.412	0.430	0.401	0.418	0.479	0.485	0.416	0.054	0.336	0.437	0.422	0.433	0.435	0.455	0.451	0.458	0.475	0.493	0.441	0.400	0.446	0.425	0.438	0.444	0.060	0.443	0.442	0.412	0.469	0.462	0.396	0.424	0.433	0.425	0.439	0.441	0.444	0.440	0.460	0.469	0.482	0.447
16:00:17	24.9	0.349	0.410	0.193	0.415	0.423	0.418	0.477	0.462	0.509	0.494	0.508	0.446	0.447	0.435	0.446	0.479	0.422	0.475	0.501	0.489	0.485	0.509	0.545	0.565	0.443	0.430	0.413	0.475	0.448	0.464	0.478	0.490	0.500	0.512	0.468	0.562	0.460	0.441	0.448	0.220	0.441	0.456	0.463	0.408	0.487	0.472	0.505	0.569	0.471	0.445	0.451	0.467	0.472	0.078	0.457	0.479	0.445	0.462	0.531	0.531	0.455	0.054	0.384	0.482	0.468	0.478	0.482	0.504	0.496	0.505	0.520	0.536	0.479	0.442	0.491	0.474	0.480	0.489	0.060	0.490	0.488	0.451	0.514	0.505	0.416	0.458	0.473	0.459	0.476	0.476	0.482	0.475	0.496	0.505	0.521	0.484
17:00:18	24.8	0.367	0.436	0.215	0.442	0.466	0.444	0.506	0.503	0.565	0.535	0.547	0.482	0.479	0.465	0.478	0.523	0.468	0.518	0.547	0.526	0.516	0.549	0.598	0.604	0.481	0.476	0.455	0.514	0.481	0.507	0.528	0.534	0.554	0.564	0.503	0.616	0.505	0.487	0.494	0.232	0.479	0.495	0.496	0.445	0.530	0.509	0.554	0.627	0.514	0.488	0.499	0.515	0.522	0.085	0.496	0.518	0.485	0.502	0.587	0.588	0.494	0.054	0.430	0.522	0.511	0.518	0.525	0.561	0.537	0.555	0.563	0.591	0.515	0.485	0.538	0.518	0.520	0.536	0.059	0.535	0.539	0.490	0.571	0.549	0.453	0.493	0.514	0.495	0.518	0.514	0.519	0.512	0.540	0.549	0.565	0.522
18:00:20	24.9	0.390	0.452	0.236	0.478	0.504	0.500	0.553	0.542	0.621	0.582	0.596	0.521	0.515	0.500	0.503	0.572	0.508	0.553	0.588	0.580	0.555	0.606	0.651	0.647	0.518	0.517	0.488	0.550	0.528	0.569	0.585	0.581	0.610	0.622	0.548	0.668	0.544	0.534	0.541	0.250	0.515	0.534	0.546	0.479	0.576	0.553	0.608	0.674	0.558	0.542	0.543	0.567	0.559	0.094	0.539	0.565	0.525	0.545	0.641	0.632	0.541	0.053	0.477	0.557	0.553	0.568	0.574	0.617	0.581	0.608	0.607	0.643	0.558	0.526	0.583	0.558	0.567	0.593	0.058	0.567	0.599	0.544	0.629	0.578	0.471	0.534	0.557	0.537	0.562	0.555	0.560	0.546	0.580	0.588	0.608	0.560
19:00:21	25.1	0.437	0.481	0.263	0.499	0.515	0.510	0.583	0.582	0.671	0.623	0.628	0.564	0.549	0.537	0.537	0.622	0.556	0.585	0.644	0.646	0.621	0.666	0.700	0.700	0.545	0.572	0.536	0.594	0.581	0.620	0.639	0.626	0.660	0.667	0.599	0.715	0.581	0.574	0.596	0.260	0.566	0.589	0.600	0.518	0.623	0.601	0.663	0.736	0.598	0.586	0.585	0.619	0.617	0.101	0.582	0.610	0.574	0.601	0.707	0.683	0.584	0.053	0.520	0.615	0.613	0.628	0.623	0.682	0.638	0.671	0.669	0.695	0.604	0.578	0.646	0.620	0.615	0.650	0.057	0.621	0.646	0.612	0.675	0.633	0.521	0.560	0.587	0.567	0.621	0.598	0.605	0.589	0.622	0.632	0.656	0.592
20:00:21	25.3	0.476	0.526	0.283	0.528	0.523	0.526	0.601	0.614	0.690	0.663	0.676	0.599	0.576	0.564	0.576	0.658	0.609	0.608	0.672	0.674	0.666	0.698	0.719	0.724	0.578	0.599	0.579	0.620	0.623	0.662	0.666	0.661	0.681	0.705	0.631	0.757	0.620	0.622	0.642	0.279	0.616	0.644	0.638	0.568	0.664	0.647	0.708	0.760	0.640	0.634	0.631	0.649	0.661	0.111	0.644	0.652	0.613	0.649	0.742	0.727	0.618	0.053	0.571	0.668	0.668	0.676	0.682	0.720	0.686	0.717	0.702	0.734	0.650	0.638	0.709	0.678	0.680	0.715	0.057	0.672	0.698	0.668	0.728	0.669	0.554	0.588	0.632	0.608	0.677	0.650	0.641	0.621	0.665	0.674	0.686	0.605
21:00:23	25.5	0.469	0.561	0.299	0.545	0.531	0.536	0.602	0.619	0.702	0.667	0.690	0.598	0.588	0.581	0.600	0.661	0.643	0.627	0.695	0.688	0.690	0.723	0.746	0.706	0.597	0.634	0.614	0.637	0.662	0.669	0.687	0.679	0.690	0.723	0.649	0.775	0.631	0.639	0.670	0.301	0.634	0.676	0.674	0.619	0.693	0.687	0.730	0.748	0.661	0.653	0.650	0.676	0.687	0.122	0.669	0.682	0.653	0.694	0.776	0.725	0.654	0.053	0.627	0.708	0.694	0.713	0.729	0.744	0.710	0.741	0.689	0.726	0.658	0.672	0.739	0.709	0.726	0.746	0.056	0.720	0.727	0.726	0.749	0.672	0.574	0.616	0.660	0.627	0.695	0.676	0.652	0.633	0.677	0.686	0.686	0.625
22:00:23	25.8	0.500	0.557	0.314	0.548	0.549	0.530	0.599	0.609	0.687	0.666	0.679	0.593	0.598	0.563	0.614	0.666	0.667	0.573	0.707	0.705	0.717	0.750	0.725	0.698	0.601	0.645	0.630	0.616	0.675	0.691	0.701	0.605	0.672	0.749	0.601	0.742	0.626	0.649	0.679	0.327	0.661	0.688	0.692	0.643	0.710	0.702	0.749	0.718	0.673	0.662	0.657	0.697	0.722	0.134	0.681	0.705	0.681	0.720	0.797	0.687	0.661	0.053	0.684	0.717	0.709	0.741	0.744	0.750	0.725	0.754	0.667	0.697	0.658	0.674	0.752	0.732	0.749	0.775	0.055	0.732	0.713	0.722	0.730	0.652	0.582	0.629	0.639	0.618	0.685	0.661	0.642	0.624	0.652	0.664	0.683	0.628
23:00:24	26.0	0.516	0.554	0.351	0.545	0.550	0.536	0.593	0.605	0.667	0.659	0.665	0.605	0.601	0.581	0.592	0.630	0.635	0.598	0.709	0.718	0.715	0.731	0.712	0.706	0.594	0.609	0.637	0.625	0.682	0.696	0.714	0.644	0.631	0.717	0.617	0.723	0.617	0.611	0.685	0.349	0.683	0.696	0.695	0.652	0.724	0.709	0.764	0.726	0.652	0.640	0.637	0.683	0.724	0.146	0.696	0.710	0.671	0.727	0.745	0.691	0.668	0.053	0.716	0.730	0.722	0.723	0.760	0.686	0.754	0.760	0.690	0.699	0.641	0.663	0.707	0.738	0.778	0.725	0.055	0.772	0.678	0.713	0.703	0.652	0.578	0.611	0.637	0.624	0.650	0.653	0.641	0.629	0.659	0.666	0.696	0.623
24:00:26	26.0	0.488	0.567	0.381	0.545	0.549	0.564	0.588	0.618	0.689	0.668	0.684	0.616	0.594	0.593	0.614	0.683	0.662	0.631	0.727	0.717	0.721	0.738	0.762	0.732	0.588	0.639	0.639	0.663	0.678	0.682	0.691	0.689	0.680	0.746	0.655	0.748	0.637	0.631	0.676	0.368	0.699	0.724	0.707	0.664	0.731	0.738	0.776	0.760	0.657	0.649	0.642	0.676	0.740	0.157	0.721	0.734	0.686	0.751	0.817	0.725	0.655	0.053	0.743	0.761	0.740	0.707	0.740	0.750	0.773	0.793	0.730	0.732	0.653	0.664	0.730	0.707	0.780	0.717	0.055	0.781	0.703	0.695	0.742	0.684	0.582	0.639	0.654	0.647	0.674	0.671	0.658	0.634	0.695	0.696	0.708	0.621
25:00:27	25.8	0.555	0.568	0.439	0.553	0.573	0.560	0.605	0.628	0.706	0.664	0.685	0.614	0.631	0.626	0.641	0.712	0.702	0.642	0.730	0.720	0.742	0.762	0.780	0.732	0.605	0.671	0.645	0.687	0.694	0.684	0.717	0.708	0.716	0.775	0.672	0.765	0.652	0.663	0.683	0.400	0.703	0.743	0.728	0.666	0.752	0.737	0.777	0.757	0.675	0.694	0.695	0.720	0.740	0.174	0.736	0.741	0.709	0.769	0.832	0.722	0.660	0.052	0.757	0.759	0.713	0.758	0.783	0.798	0.789	0.760	0.731	0.733	0.673	0.706	0.782	0.733	0.778	0.780	0.054	0.805	0.757	0.690	0.774	0.672	0.570	0.652	0.675	0.660	0.696	0.680	0.664	0.632	0.693	0.709	0.710	0.605
26:00:27	25.6	0.499	0.591	0.442	0.580	0.589	0.582	0.618	0.636	0.720	0.704	0.711	0.610	0.623	0.623	0.661	0.730	0.720	0.658	0.758	0.772	0.753	0.791	0.799	0.732	0.623	0.698	0.690	0.700	0.718	0.733	0.755	0.723	0.741	0.797	0.686	0.770	0.676	0.703	0.733	0.420	0.724	0.742	0.753	0.675	0.779	0.765	0.810	0.770	0.685	0.725	0.720	0.750	0.791	0.190	0.731	0.769	0.755	0.791	0.852	0.734	0.685	0.052	0.758	0.799	0.750	0.805	0.825	0.815	0.798	0.787	0.744	0.743	0.692	0.734	0.806	0.777	0.817	0.813	0.054	0.802	0.772	0.716	0.778	0.685	0.572	0.674	0.678	0.667	0.702	0.697	0.670	0.636	0.699	0.719	0.707	0.615
27:00:28	25.2	0.507	0.609	0.468	0.587	0.589	0.587	0.638	0.658	0.728	0.717	0.730	0.609	0.634	0.624	0.676	0.740	0.741	0.653	0.764	0.779	0.791	0.799	0.801	0.724	0.642	0.716	0.713	0.703	0.750	0.747	0.763	0.726	0.751	0.799	0.689	0.768	0.688	0.723	0.763	0.453	0.744	0.759	0.763	0.678	0.788	0.753	0.844	0.763	0.705	0.737	0.742	0.753	0.809	0.210	0.763	0.792	0.755	0.812	0.853	0.728	0.702	0.051	0.764	0.825	0.804	0.824	0.833	0.828	0.835	0.823	0.746	0.740	0.698	0.743	0.823	0.795	0.819	0.821	0.053	0.835	0.779	0.745	0.779	0.680	0.556	0.683	0.684	0.665	0.706	0.691	0.671	0.638	0.697	0.722	0.706	0.608
28:00:29	24.9	0.518	0.618	0.481	0.610	0.602	0.586	0.653	0.662	0.735	0.719	0.729	0.612	0.643	0.631	0.684	0.740	0.736	0.649	0.768	0.785	0.804	0.801	0.800	0.720	0.653	0.721	0.726	0.703	0.769	0.754	0.770	0.727	0.761	0.809	0.691	0.767	0.696	0.736	0.783	0.488	0.762	0.796	0.787	0.713	0.814	0.793	0.852	0.763	0.716	0.754	0.752	0.766	0.807	0.235	0.798	0.802	0.772	0.828	0.846	0.724	0.716	0.051	0.806	0.831	0.816	0.829	0.835	0.837	0.850	0.849	0.749	0.737	0.709	0.754	0.823	0.810	0.830	0.833	0.053	0.857	0.785	0.767	0.782	0.686	0.553	0.667	0.690	0.664	0.707	0.691	0.675	0.638	0.697	0.724	0.704	0.608
29:00:29	24.8	0.520	0.628	0.494	0.611	0.601	0.586	0.650	0.670	0.731	0.722	0.722	0.610	0.645	0.623	0.686	0.738	0.748	0.645	0.765	0.789	0.805	0.796	0.796	0.711	0.652	0.725	0.735	0.713	0.775	0.753	0.772	0.728	0.749	0.812	0.690	0.762	0.697	0.743	0.788	0.515	0.776	0.808	0.793	0.716	0.829	0.813	0.858	0.760	0.718	0.762	0.759	0.761	0.802	0.263	0.799	0.787	0.789	0.838	0.846	0.709	0.719	0.051	0.837	0.835	0.832	0.831	0.840	0.833	0.845	0.851	0.741	0.728	0.710	0.759	0.820	0.804	0.841	0.832	0.053	0.861	0.789	0.763	0.779	0.679	0.553	0.674	0.691	0.660	0.703	0.687	0.673	0.638	0.691	0.718	0.699	0.608
30:00:31	24.8	0.562	0.618	0.545	0.571	0.571	0.562	0.625	0.664	0.702	0.684	0.713	0.606	0.644	0.631	0.675	0.723	0.746	0.625	0.750	0.769	0.776	0.767	0.765	0.702	0.638	0.716	0.734	0.692	0.753	0.755	0.756	0.712	0.726	0.788	0.672	0.732	0.689	0.741	0.773	0.530	0.776	0.793	0.789	0.737	0.805	0.802	0.845	0.735	0.708	0.757	0.754	0.752	0.801	0.296	0.798	0.772	0.781	0.807	0.821	0.691	0.709	0.051	0.837	0.819	0.825	0.822	0.828	0.806	0.824	0.820	0.713	0.711	0.701	0.749	0.807	0.790	0.828	0.830	0.052	0.831	0.788	0.755	0.757	0.649	0.553	0.660	0.687	0.644	0.690	0.665	0.656	0.621	0.683	0.702	0.688	0.588
31:00:31	24.9	0.504	0.620	0.516	0.597	0.592	0.572	0.629	0.668	0.707	0.697	0.703	0.593	0.632	0.608	0.660	0.717	0.736	0.630	0.752	0.770	0.775	0.753	0.765	0.683	0.648	0.712	0.734	0.695	0.748	0.742	0.757	0.705	0.718	0.783	0.672	0.728	0.687	0.738	0.786	0.531	0.775	0.815	0.783	0.747	0.810	0.825	0.832	0.719	0.702	0.751	0.746	0.749	0.803	0.329	0.790	0.777	0.783	0.822	0.819	0.685	0.704	0.051	0.845	0.820	0.827	0.834	0.833	0.811	0.824	0.834	0.714	0.702	0.700	0.754	0.793	0.791	0.818	0.820	0.052	0.845	0.778	0.747	0.741	0.658	0.550	0.672	0.682	0.648	0.681	0.664	0.661	0.626	0.680	0.703	0.683	0.593
32:00:33	25.0	0.504	0.609	0.527	0.594	0.584	0.574	0.625	0.662	0.701	0.681	0.693	0.593	0.620	0.608	0.658	0.710	0.726	0.624	0.741	0.768	0.770	0.754	0.746	0.668	0.646	0.702	0.733	0.685	0.761	0.736	0.751	0.695	0.710	0.777	0.675	0.717	0.675	0.727	0.777	0.538	0.792	0.812	0.777	0.752	0.805	0.812	0.817	0.716	0.700	0.746	0.741	0.734	0.801	0.367	0.785	0.772	0.788	0.817	0.792	0.674	0.694	0.052	0.849	0.815	0.821	0.827	0.824	0.799	0.829	0.825	0.711	0.695	0.688	0.746	0.779	0.786	0.807	0.812	0.052	0.835	0.773	0.738	0.738	0.650	0.548	0.672	0.685	0.640	0.670	0.655	0.658	0.625	0.683	0.707	0.671	0.594
33:00:34	25.1	0.544	0.597	0.570	0.550	0.567	0.554	0.601	0.642	0.672	0.671	0.687	0.585	0.619	0.613	0.653	0.694	0.729	0.613	0.706	0.743	0.752	0.728	0.741	0.655	0.613	0.697	0.729	0.665	0.753	0.722	0.737	0.676	0.689	0.766	0.641	0.701	0.664	0.725	0.769	0.550	0.779	0.800	0.779	0.753	0.788	0.793	0.805	0.700	0.687	0.740	0.734	0.728	0.786	0.411	0.788	0.762	0.772	0.805	0.773	0.664	0.685	0.053	0.853	0.803	0.812	0.818	0.813	0.782	0.816	0.821	0.692	0.679	0.679	0.734	0.757	0.769	0.797	0.804	0.051	0.839	0.774	0.724	0.725	0.636	0.541	0.644	0.682	0.633	0.655	0.640	0.645	0.618	0.671	0.684	0.674	0.590
34:00:35	25.1	0.549	0.596	0.573	0.555	0.568	0.556	0.588	0.637	0.654	0.658	0.666	0.580	0.608	0.610	0.640	0.676	0.713	0.605	0.693	0.720	0.739	0.723	0.723	0.647	0.612	0.690	0.731	0.661	0.752	0.713	0.726	0.662	0.674	0.742	0.640	0.691	0.659	0.707	0.753	0.555	0.769	0.794	0.762	0.766	0.778	0.789	0.777	0.677	0.681	0.730	0.728	0.715	0.780	0.451	0.780	0.759	0.777	0.794	0.767	0.646	0.676	0.053	0.848	0.792	0.802	0.807	0.803	0.765	0.802	0.820	0.689	0.667	0.673	0.726	0.743	0.754	0.782	0.788	0.051	0.838	0.760	0.715	0.714	0.632	0.539	0.656	0.690	0.634	0.643	0.636	0.641	0.619	0.670	0.684	0.675	0.589
35:00:35	25.0	0.500	0.598	0.528	0.586	0.591	0.555	0.619	0.646	0.700	0.655	0.661	0.579	0.621	0.595	0.633	0.672	0.706	0.616	0.698	0.724	0.745	0.759	0.709	0.634	0.626	0.695	0.731	0.657	0.754	0.703	0.739	0.669	0.669	0.727	0.659	0.693	0.679	0.708	0.755	0.567	0.774	0.785	0.761	0.759	0.802	0.802	0.781	0.672	0.686	0.723	0.717	0.706	0.778	0.490	0.777	0.757	0.785	0.800	0.764	0.654	0.669	0.055	0.851	0.803	0.798	0.806	0.796	0.763	0.815	0.818	0.686	0.664	0.668	0.735	0.742	0.756	0.777	0.788	0.051	0.830	0.753	0.708	0.721	0.633	0.537	0.670	0.704	0.629	0.643	0.637	0.652	0.629	0.672	0.686	0.671	0.593
36:00:36	25.1	0.503	0.602	0.522	0.591	0.592	0.548	0.598	0.629	0.696	0.651	0.677	0.575	0.615	0.584	0.631	0.662	0.693	0.614	0.691	0.715	0.732	0.745	0.696	0.634	0.624	0.690	0.726	0.654	0.750	0.693	0.735	0.655	0.659	0.709	0.655	0.696	0.669	0.704	0.742	0.579	0.759	0.789	0.744	0.764	0.792	0.800	0.761	0.674	0.683	0.723	0.714	0.698	0.766	0.528	0.773	0.754	0.782	0.797	0.758	0.658	0.663	0.058	0.846	0.793	0.784	0.793	0.783	0.759	0.811	0.808	0.683	0.652	0.665	0.734	0.734	0.736	0.750	0.766	0.051	0.817	0.744	0.697	0.718	0.617	0.541	0.677	0.699	0.632	0.645	0.632	0.643	0.638	0.672	0.679	0.660	0.609
37:00:37	25.2	0.507	0.589	0.521	0.588	0.592	0.560	0.596	0.624	0.684	0.641	0.674	0.561	0.619	0.581	0.620	0.661	0.684	0.607	0.686	0.706	0.725	0.746	0.695	0.620	0.624	0.692	0.729	0.658	0.749	0.680	0.730	0.648	0.665	0.698	0.653	0.679	0.707	0.716	0.741	0.586	0.762	0.777	0.746	0.757	0.780	0.799	0.764	0.664	0.698	0.718	0.721	0.695	0.750	0.564	0.762	0.750	0.780	0.802	0.761	0.640	0.657	0.063	0.841	0.796	0.775	0.782	0.780	0.748	0.797	0.811	0.687	0.652	0.664	0.736	0.730	0.732	0.748	0.769	0.051	0.822	0.737	0.693	0.721	0.620	0.541	0.680	0.697	0.628	0.632	0.639	0.641	0.636	0.666	0.667	0.652	0.613
38:00:38	25.4	0.502	0.586	0.529	0.576	0.591	0.564	0.582	0.621	0.670	0.637	0.668	0.568	0.614	0.583	0.619	0.669	0.687	0.596	0.679	0.700	0.724	0.731	0.705	0.604	0.621	0.695	0.723	0.672	0.745	0.678	0.725	0.631	0.666	0.685	0.665	0.684	0.720	0.719	0.742	0.600	0.764	0.772	0.736	0.774	0.794	0.794	0.747	0.654	0.692	0.714	0.710	0.692	0.748	0.593	0.765	0.753	0.771	0.814	0.756	0.637	0.666	0.067	0.840	0.799	0.767	0.780	0.768	0.751	0.800	0.807	0.684	0.651	0.668	0.749	0.740	0.744	0.749	0.773	0.050	0.812	0.743	0.688	0.720	0.623	0.548	0.679	0.696	0.621	0.635	0.633	0.637	0.637	0.661	0.667	0.656	0.614
39:00:39	25.3	0.542	0.578	0.566	0.533	0.564	0.568	0.548	0.623	0.622	0.623	0.657	0.565	0.601	0.600	0.622	0.629	0.695	0.576	0.661	0.678	0.716	0.677	0.706	0.590	0.593	0.678	0.713	0.661	0.729	0.668	0.708	0.623	0.690	0.689	0.681	0.661	0.685	0.716	0.723	0.606	0.757	0.762	0.737	0.753	0.760	0.774	0.751	0.635	0.695	0.718	0.723	0.690	0.727	0.622	0.749	0.757	0.760	0.805	0.726	0.621	0.658	0.073	0.832	0.796	0.739	0.774	0.757	0.740	0.793	0.790	0.674	0.637	0.662	0.716	0.725	0.737	0.741	0.760	0.050	0.820	0.759	0.686	0.716	0.612	0.549	0.683	0.676	0.637	0.644	0.641	0.632	0.647	0.653	0.663	0.623	0.604
40:00:40	25.2	0.510	0.574	0.521	0.560	0.593	0.551	0.581	0.606	0.614	0.623	0.646	0.555	0.647	0.584	0.623	0.630	0.684	0.609	0.678	0.713	0.739	0.725	0.665	0.580	0.649	0.687	0.709	0.672	0.750	0.672	0.716	0.683	0.641	0.672	0.758	0.667	0.694	0.722	0.728	0.614	0.771	0.771	0.738	0.764	0.771	0.778	0.728	0.634	0.666	0.724	0.713	0.698	0.754	0.654	0.743	0.754	0.776	0.813	0.795	0.615	0.677	0.079	0.840	0.804	0.746	0.773	0.767	0.750	0.812	0.791	0.671	0.617	0.690	0.757	0.736	0.737	0.756	0.766	0.050	0.827	0.764	0.679	0.718	0.617	0.553	0.672	0.676	0.645	0.638	0.622	0.635	0.619	0.653	0.653	0.630	0.615
41:00:42	25.1	0.547	0.578	0.550	0.523	0.546	0.569	0.531	0.608	0.604	0.604	0.639	0.563	0.578	0.607	0.622	0.629	0.684	0.590	0.659	0.680	0.708	0.730	0.669	0.568	0.584	0.705	0.712	0.709	0.786	0.668	0.703	0.674	0.632	0.676	0.695	0.644	0.730	0.708	0.724	0.621	0.780	0.771	0.751	0.766	0.778	0.749	0.737	0.616	0.700	0.726	0.740	0.701	0.752	0.669	0.734	0.771	0.762	0.807	0.724	0.610	0.671	0.084	0.829	0.819	0.734	0.777	0.768	0.735	0.825	0.789	0.668	0.628	0.679	0.728	0.741	0.749	0.767	0.788	0.050	0.872	0.774	0.688	0.702	0.609	0.563	0.666	0.652	0.636	0.657	0.635	0.630	0.622	0.635	0.642	0.627	0.611
42:00:41	25.1	0.534	0.581	0.530	0.541	0.544	0.567	0.525	0.593	0.593	0.594	0.636	0.557	0.584	0.616	0.624	0.641	0.713	0.629	0.638	0.657	0.713	0.647	0.656	0.571	0.639	0.705	0.707	0.691	0.791	0.677	0.701	0.640	0.603	0.677	0.677	0.657	0.741	0.719	0.734	0.621	0.809	0.767	0.721	0.772	0.786	0.799	0.695	0.600	0.720	0.710	0.735	0.703	0.758	0.672	0.745	0.758	0.785	0.863	0.668	0.597	0.712	0.090	0.827	0.824	0.730	0.792	0.781	0.756	0.812	0.792	0.681	0.621	0.710	0.768	0.784	0.741	0.777	0.798	0.049	0.827	0.774	0.699	0.698	0.612	0.567	0.669	0.640	0.647	0.629	0.622	0.624	0.647	0.625	0.628	0.633	0.616
43:00:44	25.1	0.535	0.556	0.527	0.528	0.540	0.565	0.520	0.573	0.590	0.608	0.627	0.551	0.560	0.584	0.627	0.645	0.699	0.578	0.628	0.635	0.662	0.622	0.658	0.562	0.670	0.688	0.698	0.662	0.732	0.685	0.702	0.718	0.608	0.644	0.672	0.622	0.694	0.728	0.744	0.623	0.808	0.789	0.725	0.780	0.777	0.804	0.676	0.601	0.710	0.736	0.764	0.702	0.775	0.682	0.764	0.780	0.819	0.830	0.686	0.616	0.756	0.098	0.825	0.822	0.736	0.823	0.785	0.786	0.848	0.783	0.634	0.614	0.660	0.789	0.833	0.750	0.778	0.793	0.050	0.860	0.767	0.709	0.667	0.616	0.586	0.711	0.641	0.646	0.635	0.615	0.623	0.611	0.615	0.626	0.627	0.598
44:00:44	25.3	0.533	0.545	0.514	0.543	0.533	0.558	0.508	0.573	0.564	0.587	0.616	0.551	0.561	0.620	0.619	0.664	0.707	0.566	0.610	0.650	0.647	0.616	0.629	0.562	0.631	0.694	0.697	0.657	0.780	0.703	0.698	0.650	0.584	0.672	0.683	0.609	0.664	0.717	0.767	0.627	0.830	0.784	0.722	0.779	0.743	0.828	0.657	0.597	0.706	0.733	0.741	0.708	0.765	0.696	0.775	0.707	0.779	0.800	0.681	0.617	0.750	0.108	0.825	0.838	0.745	0.832	0.806	0.765	0.839	0.754	0.633	0.621	0.641	0.780	0.835	0.759	0.792	0.827	0.049	0.883	0.742	0.705	0.659	0.634	0.574	0.647	0.625	0.662	0.631	0.610	0.622	0.631	0.614	0.634	0.616	0.576
45:00:44	25.6	0.520	0.549	0.508	0.534	0.546	0.563	0.518	0.559	0.572	0.590	0.608	0.563	0.575	0.575	0.618	0.687	0.708	0.580	0.607	0.590	0.680	0.618	0.617	0.560	0.624	0.716	0.689	0.629	0.703	0.691	0.695	0.596	0.581	0.608	0.668	0.622	0.659	0.722	0.825	0.626	0.794	0.784	0.735	0.787	0.729	0.797	0.663	0.608	0.722	0.740	0.764	0.739	0.774	0.706	0.777	0.690	0.791	0.795	0.661	0.607	0.708	0.121	0.823	0.853	0.775	0.870	0.791	0.690	0.835	0.766	0.642	0.607	0.696	0.796	0.801	0.759	0.809	0.790	0.049	0.880	0.740	0.676	0.655	0.613	0.576	0.689	0.638	0.639	0.620	0.615	0.615	0.623	0.603	0.642	0.628	0.566
46:00:44	25.6	0.508	0.540	0.507	0.541	0.545	0.558	0.510	0.555	0.570	0.593	0.611	0.563	0.553	0.574	0.607	0.627	0.679	0.557	0.559	0.586	0.637	0.585	0.609	0.562	0.590	0.704	0.695	0.634	0.733	0.630	0.690	0.611	0.598	0.637	0.639	0.638	0.640	0.774	0.847	0.624	0.822	0.810	0.727	0.812	0.742	0.748	0.647	0.598	0.665	0.786	0.771	0.785	0.791	0.715	0.771	0.696	0.782	0.742	0.645	0.618	0.667	0.133	0.826	0.845	0.800	0.820	0.794	0.728	0.832	0.753	0.636	0.625	0.642	0.769	0.814	0.777	0.797	0.769	0.049	0.879	0.722	0.662	0.656	0.630	0.577	0.672	0.634	0.643	0.631	0.616	0.622	0.619	0.613	0.621	0.604	0.560
47:00:46	25.5	0.512	0.533	0.505	0.534	0.546	0.545	0.518	0.540	0.551	0.586	0.613	0.575	0.544	0.585	0.617	0.617	0.681	0.551	0.573	0.574	0.633	0.581	0.597	0.554	0.616	0.676	0.682	0.644	0.708	0.642	0.695	0.642	0.577	0.606	0.641	0.589	0.643	0.725	0.757	0.627	0.771	0.804	0.735	0.781	0.665	0.717	0.644	0.633	0.698	0.721	0.782	0.772	0.790	0.726	0.743	0.651	0.781	0.732	0.628	0.619	0.717	0.146	0.831	0.807	0.820	0.814	0.766	0.701	0.801	0.752	0.619	0.616	0.649	0.771	0.760	0.762	0.787	0.772	0.049	0.861	0.723	0.640	0.645	0.637	0.578	0.689	0.636	0.637	0.621	0.622	0.615	0.615	0.610	0.626	0.596	0.563
48:00:47	25.3	0.533	0.534	0.501	0.528	0.537	0.538	0.517	0.524	0.538	0.586	0.611	0.574	0.548	0.599	0.614	0.587	0.679	0.583	0.576	0.561	0.612	0.575	0.600	0.551	0.576	0.688	0.689	0.635	0.692	0.632	0.698	0.651	0.598	0.596	0.656	0.604	0.655	0.720	0.766	0.629	0.827	0.803	0.691	0.807	0.664	0.762	0.627	0.595	0.675	0.729	0.757	0.694	0.763	0.734	0.792	0.651	0.796	0.767	0.634	0.609	0.696	0.159	0.826	0.819	0.777	0.798	0.716	0.728	0.773	0.722	0.621	0.609	0.658	0.738	0.777	0.764	0.811	0.775	0.049	0.859	0.741	0.651	0.640	0.645	0.578	0.673	0.627	0.629	0.615	0.608	0.619	0.619	0.613	0.630	0.601	0.572
49:00:48	25.0	0.512	0.546	0.498	0.541	0.595	0.546	0.509	0.539	0.553	0.583	0.613	0.598	0.586	0.566	0.632	0.597	0.663	0.539	0.574	0.547	0.578	0.559	0.590	0.562	0.640	0.704	0.696	0.584	0.749	0.589	0.716	0.560	0.575	0.645	0.617	0.592	0.612	0.747	0.745	0.637	0.801	0.840	0.639	0.836	0.668	0.713	0.628	0.618	0.634	0.783	0.809	0.701	0.723	0.750	0.838	0.627	0.779	0.779	0.659	0.621	0.738	0.174	0.855	0.800	0.794	0.812	0.755	0.671	0.789	0.688	0.653	0.630	0.735	0.739	0.821	0.782	0.826	0.763	0.049	0.859	0.704	0.620	0.680	0.634	0.588	0.648	0.640	0.621	0.623	0.608	0.621	0.603	0.601	0.621	0.612	0.569
50:00:49	25.0	0.506	0.555	0.497	0.549	0.581	0.551	0.518	0.550	0.555	0.574	0.614	0.602	0.571	0.602	0.675	0.564	0.689	0.562	0.562	0.563	0.578	0.568	0.585	0.565	0.625	0.678	0.710	0.596	0.726	0.617	0.715	0.600	0.595	0.607	0.606	0.611	0.660	0.721	0.726	0.644	0.811	0.811	0.652	0.810	0.670	0.692	0.639	0.602	0.636	0.755	0.740	0.789	0.719	0.762	0.821	0.620	0.762	0.751	0.629	0.654	0.712	0.189	0.872	0.768	0.724	0.784	0.699	0.672	0.762	0.707	0.647	0.641	0.750	0.722	0.784	0.789	0.828	0.766	0.049	0.833	0.731	0.646	0.643	0.622	0.600	0.639	0.644	0.608	0.616	0.612	0.625	0.602	0.597	0.622	0.600	0.580
51:00:50	25.0	0.505	0.550	0.506	0.548	0.572	0.556	0.506	0.540	0.546	0.579	0.607	0.604	0.582	0.592	0.611	0.577	0.698	0.546	0.540	0.551	0.604	0.549	0.593	0.588	0.656	0.651	0.696	0.621	0.715	0.649	0.708	0.584	0.582	0.587	0.644	0.616	0.650	0.726	0.707	0.635	0.800	0.809	0.660	0.785	0.621	0.666	0.631	0.610	0.657	0.743	0.735	0.765	0.747	0.757	0.755	0.640	0.753	0.739	0.668	0.617	0.777	0.201	0.880	0.765	0.744	0.746	0.704	0.680	0.716	0.699	0.632	0.632	0.742	0.723	0.754	0.779	0.781	0.738	0.048	0.822	0.697	0.665	0.653	0.640	0.609	0.640	0.650	0.606	0.628	0.618	0.619	0.614	0.612	0.637	0.593	0.581
52:00:51	25.0	0.597	0.536	0.510	0.521	0.522	0.531	0.507	0.536	0.542	0.584	0.607	0.631	0.551	0.523	0.593	0.575	0.709	0.549	0.554	0.568	0.594	0.571	0.583	0.554	0.554	0.628	0.695	0.593	0.673	0.689	0.681	0.616	0.564	0.592	0.651	0.601	0.695	0.696	0.725	0.630	0.717	0.785	0.682	0.768	0.633	0.648	0.623	0.640	0.701	0.718	0.686	0.699	0.738	0.753	0.728	0.624	0.723	0.702	0.605	0.618	0.714	0.217	0.871	0.726	0.754	0.760	0.713	0.658	0.715	0.692	0.622	0.611	0.678	0.720	0.749	0.753	0.758	0.735	0.048	0.788	0.673	0.636	0.624	0.637	0.588	0.657	0.637	0.629	0.620	0.598	0.622	0.614	0.602	0.636	0.606	0.596
53:00:52	25.1	0.565	0.534	0.506	0.503	0.517	0.541	0.491	0.528	0.530	0.585	0.601	0.637	0.561	0.560	0.612	0.555	0.664	0.536	0.524	0.561	0.564	0.573	0.587	0.561	0.576	0.627	0.685	0.634	0.704	0.638	0.672	0.642	0.586	0.589	0.678	0.605	0.612	0.709	0.653	0.621	0.750	0.779	0.681	0.754	0.594	0.640	0.613	0.626	0.719	0.703	0.722	0.698	0.738	0.749	0.742	0.621	0.737	0.671	0.661	0.614	0.682	0.234	0.817	0.725	0.695	0.708	0.728	0.666	0.724	0.687	0.637	0.609	0.691	0.714	0.781	0.776	0.812	0.759	0.048	0.801	0.660	0.622	0.651	0.623	0.591	0.603	0.631	0.634	0.605	0.592	0.618	0.602	0.604	0.632	0.616	0.591
54:00:52	25.1	0.579	0.534	0.505	0.505	0.516	0.543	0.497	0.527	0.538	0.584	0.600	0.648	0.552	0.579	0.603	0.570	0.635	0.521	0.555	0.571	0.562	0.562	0.609	0.566	0.596	0.631	0.712	0.619	0.662	0.637	0.640	0.581	0.578	0.597	0.621	0.596	0.652	0.710	0.714	0.614	0.740	0.782	0.625	0.770	0.616	0.633	0.621	0.621	0.690	0.758	0.691	0.720	0.738	0.745	0.726	0.653	0.728	0.696	0.600	0.606	0.700	0.249	0.831	0.734	0.745	0.747	0.696	0.671	0.723	0.673	0.645	0.627	0.724	0.733	0.771	0.728	0.790	0.737	0.048	0.754	0.671	0.641	0.624	0.633	0.606	0.601	0.640	0.637	0.611	0.606	0.625	0.602	0.597	0.629	0.607	0.596
55:00:53	25.2	0.570	0.527	0.510	0.498	0.526	0.553	0.493	0.518	0.527	0.588	0.599	0.666	0.560	0.580	0.598	0.607	0.667	0.528	0.536	0.554	0.550	0.541	0.569	0.567	0.601	0.603	0.698	0.621	0.647	0.624	0.635	0.582	0.573	0.638	0.611	0.603	0.657	0.695	0.668	0.607	0.730	0.791	0.688	0.737	0.596	0.633	0.626	0.624	0.692	0.739	0.697	0.695	0.707	0.739	0.763	0.593	0.738	0.668	0.648	0.664	0.730	0.258	0.817	0.698	0.713	0.707	0.686	0.680	0.694	0.663	0.638	0.646	0.662	0.728	0.785	0.754	0.798	0.710	0.048	0.803	0.687	0.638	0.625	0.636	0.610	0.596	0.627	0.629	0.617	0.600	0.622	0.614	0.609	0.628	0.628	0.584
56:00:54	25.3	0.563	0.531	0.518	0.494	0.529	0.555	0.498	0.522	0.528	0.587	0.606	0.670	0.542	0.563	0.616	0.584	0.631	0.537	0.524	0.558	0.542	0.545	0.578	0.591	0.592	0.600	0.695	0.619	0.673	0.650	0.619	0.583	0.580	0.587	0.630	0.614	0.658	0.713	0.638	0.605	0.725	0.792	0.671	0.749	0.605	0.612	0.637	0.605	0.718	0.704	0.708	0.728	0.732	0.737	0.737	0.636	0.695	0.694	0.613	0.621	0.776	0.266	0.824	0.745	0.729	0.738	0.713	0.670	0.691	0.649	0.666	0.624	0.707	0.724	0.779	0.778	0.841	0.719	0.048	0.787	0.667	0.674	0.641	0.620	0.621	0.597	0.623	0.633	0.625	0.601	0.623	0.623	0.603	0.633	0.633	0.581
57:00:55	25.5	0.581	0.528	0.522	0.521	0.523	0.554	0.497	0.527	0.536	0.577	0.606	0.679	0.556	0.586	0.599	0.577	0.634	0.547	0.539	0.538	0.525	0.562	0.564	0.593	0.590	0.625	0.686	0.599	0.699	0.645	0.595	0.580	0.595	0.591	0.638	0.612	0.671	0.700	0.698	0.601	0.755	0.793	0.628	0.776	0.598	0.648	0.593	0.595	0.721	0.708	0.693	0.760	0.737	0.735	0.738	0.639	0.712	0.661	0.659	0.613	0.703	0.274	0.791	0.705	0.745	0.741	0.694	0.664	0.695	0.661	0.613	0.637	0.691	0.705	0.780	0.745	0.785	0.721	0.048	0.767	0.671	0.649	0.614	0.633	0.621	0.598	0.621	0.635	0.618	0.608	0.616	0.618	0.598	0.619	0.629	0.587
58:00:56	25.6	0.561	0.529	0.519	0.521	0.551	0.555	0.500	0.525	0.528	0.581	0.601	0.687	0.553	0.637	0.597	0.584	0.621	0.557	0.523	0.527	0.538	0.530	0.563	0.599	0.569	0.603	0.673	0.591	0.725	0.629	0.581	0.596	0.587	0.597	0.630	0.595	0.666	0.700	0.665	0.595	0.722	0.788	0.677	0.766	0.593	0.651	0.602	0.605	0.739	0.687	0.682	0.725	0.716	0.726	0.712	0.659	0.682	0.668	0.620	0.633	0.730	0.280	0.777	0.722	0.726	0.720	0.689	0.633	0.693	0.630	0.630	0.636	0.680	0.742	0.816	0.758	0.837	0.742	0.048	0.745	0.647	0.622	0.621	0.625	0.623	0.593	0.627	0.644	0.613	0.608	0.628	0.633	0.591	0.629	0.635	0.613
59:00:57	25.5	0.554	0.525	0.516	0.543	0.555	0.570	0.513	0.535	0.524	0.591	0.600	0.703	0.535	0.565	0.590	0.549	0.593	0.513	0.535	0.546	0.529	0.532	0.579	0.595	0.651	0.622	0.673	0.644	0.688	0.681	0.591	0.579	0.552	0.604	0.697	0.597	0.621	0.678	0.655	0.590	0.722	0.771	0.638	0.767	0.599	0.657	0.659	0.631	0.717	0.740	0.692	0.724	0.748	0.727	0.720	0.604	0.663	0.651	0.616	0.623	0.704	0.285	0.775	0.741	0.686	0.713	0.670	0.675	0.684	0.674	0.608	0.662	0.700	0.745	0.805	0.799	0.776	0.735	0.047	0.750	0.655	0.666	0.617	0.642	0.620	0.590	0.634	0.639	0.606	0.622	0.630	0.640	0.595	0.621	0.653	0.617
60:00:59	25.6	0.560	0.533	0.524	0.548	0.558	0.574	0.500	0.533	0.512	0.585	0.593	0.706	0.531	0.524	0.605	0.573	0.596	0.594	0.529	0.568	0.534	0.543	0.573	0.589	0.562	0.620	0.665	0.607	0.637	0.613	0.554	0.573	0.614	0.601	0.651	0.608	0.680	0.690	0.685	0.585	0.714	0.784	0.665	0.765	0.631	0.616	0.582	0.644	0.768	0.725	0.738	0.698	0.710	0.719	0.735	0.600	0.672	0.654	0.631	0.652	0.719	0.288	0.765	0.734	0.760	0.732	0.652	0.664	0.674	0.646	0.648	0.627	0.694	0.744	0.821	0.795	0.858	0.768	0.047	0.766	0.679	0.640	0.608	0.624	0.622	0.589	0.640	0.639	0.620	0.622	0.628	0.645	0.599	0.636	0.653	0.624
61:00:59	25.8	0.569	0.526	0.521	0.543	0.578	0.572	0.496	0.526	0.521	0.585	0.608	0.736	0.515	0.555	0.587	0.569	0.605	0.592	0.516	0.545	0.529	0.553	0.572	0.609	0.593	0.664	0.656	0.577	0.667	0.671	0.568	0.607	0.573	0.561	0.714	0.590	0.687	0.663	0.651	0.579	0.695	0.794	0.674	0.707	0.607	0.632	0.638	0.618	0.706	0.750	0.714	0.718	0.645	0.717	0.703	0.623	0.736	0.656	0.648	0.622	0.707	0.293	0.761	0.718	0.712	0.730	0.656	0.687	0.661	0.632	0.625	0.634	0.688	0.821	0.811	0.820	0.849	0.706	0.047	0.701	0.649	0.671	0.614	0.645	0.620	0.599	0.660	0.642	0.616	0.615	0.630	0.643	0.600	0.630	0.649	0.628
62:01:00	26.1	0.590	0.562	0.507	0.529	0.576	0.582	0.506	0.525	0.527	0.583	0.602	0.720	0.545	0.589	0.640	0.558	0.568	0.538	0.551	0.521	0.532	0.519	0.577	0.693	0.646	0.642	0.641	0.589	0.598	0.609	0.560	0.544	0.536	0.558	0.582	0.626	0.653	0.748	0.662	0.578	0.718	0.768	0.583	0.689	0.577	0.612	0.623	0.677	0.656	0.794	0.725	0.670	0.752	0.713	0.661	0.691	0.659	0.620	0.683	0.662	0.718	0.302	0.763	0.691	0.693	0.736	0.648	0.668	0.684	0.690	0.601	0.641	0.764	0.771	0.757	0.779	0.777	0.648	0.047	0.755	0.664	0.650	0.655	0.662	0.644	0.693	0.661	0.655	0.635	0.626	0.646	0.656	0.609	0.637	0.662	0.655
63:01:01	26.6	0.586	0.541	0.526	0.519	0.585	0.572	0.508	0.536	0.542	0.586	0.614	0.726	0.532	0.560	0.634	0.569	0.653	0.557	0.539	0.541	0.543	0.574	0.566	0.603	0.604	0.673	0.658	0.575	0.687	0.601	0.547	0.591	0.555	0.575	0.741	0.613	0.568	0.741	0.670	0.569	0.713	0.742	0.634	0.719	0.598	0.591	0.624	0.663	0.702	0.761	0.743	0.702	0.715	0.701	0.704	0.618	0.655	0.639	0.650	0.652	0.723	0.297	0.744	0.749	0.688	0.699	0.680	0.723	0.667	0.672	0.627	0.651	0.659	0.732	0.860	0.794	0.840	0.783	0.048	0.779	0.694	0.638	0.616	0.656	0.649	0.623	0.662	0.642	0.631	0.619	0.649	0.665	0.625	0.657	0.659	0.674
64:01:02	27.2	0.584	0.541	0.531	0.520	0.582	0.571	0.513	0.541	0.552	0.584	0.624	0.764	0.527	0.613	0.588	0.553	0.620	0.536	0.562	0.570	0.525	0.527	0.585	0.628	0.631	0.655	0.615	0.653	0.611	0.669	0.565	0.588	0.577	0.590	0.680	0.623	0.642	0.705	0.663	0.553	0.693	0.728	0.613	0.670	0.626	0.622	0.629	0.688	0.672	0.729	0.732	0.700	0.710	0.689	0.720	0.635	0.655	0.631	0.624	0.639	0.764	0.300	0.749	0.705	0.762	0.709	0.655	0.625	0.659	0.667	0.610	0.657	0.705	0.736	0.839	0.821	0.807	0.777	0.048	0.753	0.663	0.616	0.609	0.714	0.656	0.651	0.667	0.635	0.632	0.621	0.648	0.670	0.611	0.648	0.657	0.604
65:01:02	27.9	0.592	0.544	0.527	0.531	0.582	0.578	0.524	0.530	0.530	0.579	0.610	0.817	0.530	0.633	0.595	0.601	0.600	0.561	0.538	0.541	0.513	0.531	0.580	0.650	0.688	0.648	0.616	0.620	0.651	0.621	0.559	0.656	0.559	0.573	0.697	0.625	0.666	0.710	0.690	0.545	0.759	0.708	0.705	0.741	0.600	0.626	0.619	0.662	0.758	0.789	0.763	0.732	0.723	0.685	0.709	0.616	0.648	0.649	0.654	0.640	0.717	0.304	0.728	0.776	0.695	0.741	0.670	0.664	0.649	0.650	0.602	0.660	0.723	0.737	0.851	0.818	0.847	0.712	0.047	0.770	0.679	0.685	0.600	0.664	0.653	0.633	0.657	0.643	0.637	0.627	0.652	0.679	0.628	0.633	0.706	0.699
66:01:02	28.5	0.600	0.538	0.527	0.522	0.594	0.588	0.511	0.514	0.547	0.581	0.609	0.777	0.536	0.612	0.592	0.599	0.635	0.579	0.595	0.575	0.531	0.556	0.588	0.728	0.645	0.663	0.611	0.625	0.680	0.664	0.564	0.625	0.570	0.584	0.694	0.644	0.653	0.770	0.663	0.532	0.719	0.691	0.626	0.661	0.617	0.613	0.625	0.686	0.740	0.750	0.732	0.711	0.680	0.675	0.690	0.588	0.662	0.642	0.638	0.685	0.734	0.305	0.731	0.778	0.781	0.755	0.673	0.723	0.626	0.664	0.595	0.659	0.704	0.776	0.840	0.814	0.843	0.752	0.047	0.777	0.626	0.744	0.602	0.852	0.649	0.648	0.659	0.635	0.632	0.626	0.661	0.678	0.622	0.643	0.659	0.658
67:01:04	29.0	0.610	0.547	0.517	0.518	0.589	0.578	0.531	0.533	0.550	0.590	0.614	0.946	0.535	0.544	0.648	0.599	0.631	0.556	0.502	0.527	0.516	0.539	0.576	0.821	0.580	0.680	0.614	0.619	0.652	0.660	0.525	0.654	0.574	0.575	0.686	0.657	0.622	0.781	0.625	0.520	0.681	0.709	0.670	0.625	0.590	0.622	0.630	0.898	0.720	0.818	0.707	0.715	0.720	0.673	0.693	0.625	0.702	0.668	0.650	0.969	0.707	0.306	0.722	0.743	0.737	0.738	0.711	0.659	0.684	0.622	0.613	0.654	0.674	0.710	0.840	0.838	0.856	0.753	0.047	0.750	0.649	0.649	0.603	1.047	0.639	0.632	0.661	0.638	0.627	0.631	0.666	0.675	0.615	0.651	0.821	0.706
68:01:05	29.5	0.619	0.564	0.519	0.531	0.592	0.575	0.517	0.530	0.530	0.583	0.613	0.910	0.541	0.627	0.621	0.603	0.626	0.587	0.536	0.550	0.520	0.536	0.586	0.956	0.597	0.630	0.585	0.633	0.615	0.648	0.585	0.621	0.572	0.588	0.700	0.695	0.602	0.762	0.660	0.512	0.681	0.702	0.627	0.678	0.621	0.616	0.609	0.882	0.636	0.803	0.735	0.715	0.677	0.687	0.696	0.635	0.699	0.620	0.671	1.075	0.722	0.308	0.729	0.749	0.749	0.730	0.716	0.715	0.680	0.632	0.631	0.821	0.614	0.746	0.876	0.800	0.858	0.723	0.047	0.786	0.631	0.666	0.600	1.171	0.612	0.643	0.673	0.656	0.636	0.641	0.678	0.694	0.609	0.647	0.995	0.689
69:01:06	30.0	0.621	0.553	0.513	0.553	0.579	0.582	0.507	0.534	0.556	0.566	0.596	0.917	0.546	0.590	0.659	0.625	0.632	0.567	0.552	0.542	0.543	0.553	0.570	0.876	0.557	0.648	0.584	0.666	0.643	0.667	0.547	0.669	0.587	0.574	0.731	0.781	0.626	0.767	0.672	0.501	0.669	0.718	0.613	0.616	0.615	0.603	0.622	1.007	0.626	0.800	0.740	0.683	0.742	0.686	0.722	0.598	0.637	0.687	0.671	1.106	0.720	0.315	0.727	0.764	0.724	0.749	0.755	0.611	0.689	0.648	0.629	0.813	0.616	0.743	0.924	0.817	0.874	0.737	0.047	0.772	0.632	0.603	0.605	1.129	0.641	0.624	0.683	0.634	0.641	0.654	0.671	0.799	0.636	0.703	0.936	0.669
70:01:07	30.4	0.622	0.568	0.508	0.529	0.580	0.580	0.533	0.530	0.529	0.542	0.582	0.904	0.536	0.636	0.587	0.621	0.643	0.643	0.562	0.553	0.539	0.539	0.540	0.847	0.603	0.693	0.570	0.601	0.664	0.652	0.567	0.585	0.598	0.579	0.702	0.752	0.610	0.792	0.705	0.495	0.667	0.681	0.695	0.593	0.584	0.626	0.614	0.939	0.668	0.846	0.758	0.758	0.747	0.698	0.724	0.603	0.693	0.655	0.623	1.081	0.693	0.310	0.703	0.797	0.765	0.722	0.698	0.671	0.693	0.664	0.610	1.139	0.613	0.764	0.928	0.848	0.869	0.783	0.047	0.842	0.629	0.716	0.604	1.219	0.647	0.632	0.680	0.643	0.641	0.648	0.651	0.773	0.613	0.714	1.216	0.649
71:01:08	30.5	0.636	0.577	0.494	0.549	0.574	0.607	0.530	0.538	0.530	0.544	0.591	0.920	0.563	0.609	0.612	0.630	0.632	0.666	0.531	0.539	0.537	0.545	0.533	0.870	0.583	0.686	0.571	0.645	0.653	0.721	0.596	0.660	0.539	0.602	0.710	0.937	0.593	0.768	0.664	0.488	0.645	0.710	0.647	0.643	0.592	0.659	0.616	0.919	0.590	0.887	0.815	0.765	0.683	0.692	0.694	0.594	0.678	0.663	0.612	1.012	0.682	0.307	0.713	0.787	0.755	0.787	0.739	0.630	0.681	0.632	0.656	0.903	0.608	0.748	0.916	0.876	0.891	0.679	0.047	0.804	0.628	0.546	0.583	1.143	0.651	0.613	0.702	0.640	0.649	0.667	0.665	0.806	0.684	0.818	1.200	0.627
72:01:09	30.5	0.642	0.635	0.498	0.569	0.574	0.661	0.543	0.540	0.543	0.551	0.626	0.994	0.538	0.558	0.609	0.600	0.618	0.577	0.546	0.546	0.532	0.507	0.546	0.873	0.587	0.672	0.573	0.662	0.733	0.639	0.562	0.610	0.547	0.578	0.665	0.757	0.584	0.759	0.670	0.486	0.678	0.708	0.661	0.638	0.606	0.639	0.598	0.896	0.567	0.861	0.843	0.774	0.723	0.717	0.704	0.562	0.671	0.642	0.563	1.076	0.603	0.307	0.707	0.767	0.743	0.712	0.766	0.688	0.733	0.624	0.671	1.045	0.613	0.769	0.903	0.863	0.893	0.761	0.047	0.764	0.614	0.560	0.618	1.239	0.645	0.628	0.803	0.662	0.653	0.631	0.701	0.819	0.632	0.859	0.964	0.600

