Time	T° 600	A1	A2	A3	A4	A5	A6	A7	A8	A9	A10	A11	A12	B1	B2	B3	B4	B5	B6	B7	B8	B9	B10	B11	B12	C1	C2	C3	C4	C5	C6	C7	C8	C9	C10	C11	C12	D1	D2	D3	D4	D5	D6	D7	D8	D9	D10	D11	D12	E1	E2	E3	E4	E5	E6	E7	E8	E9	E10	E11	E12	F1	F2	F3	F4	F5	F6	F7	F8	F9	F10	F11	F12	G1	G2	G3	G4	G5	G6	G7	G8	G9	G10	G11	G12	H1	H2	H3	H4	H5	H6	H7	H8	H9	H10	H11	H12
0:00:06	25.0	0.043	0.042	0.054	0.045	0.044	0.044	0.043	0.047	0.046	0.046	0.049	0.045	0.043	0.043	0.043	0.044	0.044	0.044	0.043	0.044	0.046	0.047	0.045	0.045	0.043	0.043	0.043	0.043	0.043	0.044	0.042	0.046	0.048	0.045	0.053	0.047	0.043	0.052	0.043	0.042	0.042	0.043	0.044	0.046	0.043	0.044	0.044	0.044	0.044	0.045	0.043	0.045	0.044	0.050	0.044	0.043	0.044	0.042	0.043	0.043	0.051	0.046	0.045	0.043	0.044	0.043	0.043	0.043	0.043	0.042	0.043	0.043	0.044	0.045	0.049	0.043	0.043	0.043	0.043	0.045	0.045	0.043	0.044	0.043	0.043	0.045	0.047	0.044	0.043	0.043	0.045	0.044	0.046	0.046	0.044	0.046
1:00:03	24.9	0.043	0.043	0.055	0.046	0.044	0.045	0.043	0.047	0.048	0.047	0.050	0.046	0.043	0.043	0.044	0.045	0.045	0.045	0.044	0.045	0.047	0.048	0.046	0.046	0.043	0.043	0.043	0.044	0.043	0.045	0.043	0.046	0.049	0.046	0.055	0.048	0.043	0.055	0.043	0.043	0.043	0.044	0.045	0.046	0.044	0.045	0.045	0.045	0.045	0.045	0.044	0.046	0.045	0.051	0.045	0.043	0.045	0.043	0.044	0.044	0.051	0.046	0.045	0.043	0.045	0.044	0.044	0.044	0.043	0.043	0.043	0.044	0.045	0.045	0.051	0.044	0.044	0.044	0.044	0.045	0.046	0.043	0.045	0.044	0.044	0.046	0.048	0.044	0.044	0.043	0.045	0.045	0.046	0.047	0.045	0.047
2:00:05	24.7	0.045	0.044	0.056	0.046	0.045	0.046	0.045	0.048	0.048	0.048	0.051	0.047	0.044	0.044	0.044	0.045	0.046	0.047	0.044	0.046	0.048	0.049	0.047	0.047	0.044	0.044	0.044	0.045	0.045	0.046	0.044	0.047	0.050	0.047	0.056	0.050	0.044	0.057	0.044	0.044	0.044	0.045	0.046	0.047	0.045	0.046	0.045	0.046	0.045	0.046	0.044	0.047	0.046	0.051	0.045	0.044	0.046	0.044	0.045	0.045	0.051	0.048	0.047	0.044	0.046	0.045	0.045	0.045	0.044	0.044	0.044	0.045	0.047	0.047	0.052	0.045	0.045	0.044	0.045	0.047	0.047	0.044	0.046	0.045	0.045	0.047	0.048	0.045	0.045	0.044	0.046	0.046	0.047	0.047	0.046	0.048
3:00:06	24.6	0.046	0.045	0.057	0.046	0.046	0.047	0.046	0.048	0.050	0.049	0.053	0.048	0.046	0.046	0.046	0.047	0.046	0.048	0.046	0.048	0.050	0.051	0.049	0.049	0.045	0.046	0.046	0.047	0.046	0.048	0.046	0.047	0.051	0.049	0.058	0.051	0.045	0.057	0.046	0.045	0.045	0.047	0.047	0.047	0.047	0.048	0.048	0.048	0.047	0.048	0.046	0.048	0.048	0.053	0.046	0.045	0.048	0.045	0.047	0.047	0.052	0.049	0.048	0.046	0.048	0.047	0.047	0.047	0.045	0.046	0.047	0.047	0.048	0.048	0.054	0.047	0.047	0.046	0.047	0.048	0.048	0.046	0.047	0.047	0.047	0.049	0.050	0.047	0.046	0.045	0.048	0.048	0.049	0.049	0.048	0.050
4:00:07	24.7	0.052	0.048	0.060	0.047	0.048	0.050	0.049	0.051	0.052	0.052	0.056	0.052	0.050	0.050	0.050	0.051	0.047	0.052	0.050	0.052	0.054	0.055	0.053	0.053	0.049	0.049	0.050	0.050	0.051	0.052	0.049	0.048	0.056	0.054	0.061	0.057	0.049	0.060	0.050	0.049	0.049	0.050	0.051	0.051	0.050	0.051	0.052	0.053	0.051	0.052	0.051	0.052	0.052	0.057	0.048	0.049	0.051	0.048	0.051	0.053	0.056	0.054	0.052	0.050	0.052	0.052	0.051	0.051	0.048	0.050	0.051	0.052	0.052	0.052	0.059	0.051	0.050	0.051	0.051	0.052	0.052	0.050	0.049	0.053	0.050	0.052	0.053	0.050	0.049	0.047	0.052	0.053	0.053	0.054	0.053	0.055
5:00:09	24.9	0.065	0.053	0.068	0.047	0.054	0.058	0.057	0.059	0.059	0.059	0.063	0.062	0.061	0.062	0.060	0.061	0.049	0.064	0.060	0.064	0.067	0.066	0.066	0.063	0.059	0.061	0.060	0.063	0.062	0.064	0.059	0.048	0.069	0.067	0.072	0.071	0.059	0.068	0.062	0.059	0.058	0.060	0.060	0.058	0.061	0.061	0.066	0.065	0.061	0.063	0.062	0.062	0.063	0.067	0.051	0.060	0.063	0.057	0.062	0.069	0.066	0.067	0.062	0.061	0.064	0.065	0.061	0.064	0.054	0.063	0.064	0.066	0.062	0.062	0.071	0.063	0.060	0.063	0.064	0.065	0.062	0.063	0.052	0.071	0.060	0.063	0.063	0.059	0.058	0.050	0.063	0.067	0.063	0.066	0.067	0.071
6:00:10	25.0	0.090	0.069	0.087	0.048	0.070	0.077	0.077	0.079	0.077	0.078	0.081	0.088	0.083	0.084	0.081	0.082	0.050	0.086	0.080	0.087	0.088	0.087	0.087	0.086	0.080	0.081	0.079	0.084	0.083	0.085	0.078	0.049	0.087	0.086	0.091	0.098	0.080	0.087	0.083	0.079	0.076	0.078	0.080	0.075	0.079	0.080	0.089	0.090	0.081	0.082	0.084	0.083	0.082	0.084	0.059	0.079	0.080	0.075	0.088	0.098	0.086	0.093	0.082	0.081	0.082	0.090	0.080	0.086	0.070	0.082	0.085	0.092	0.083	0.081	0.094	0.083	0.078	0.083	0.083	0.087	0.081	0.083	0.060	0.102	0.084	0.084	0.087	0.080	0.077	0.053	0.083	0.092	0.085	0.091	0.092	0.103
7:00:09	24.9	0.124	0.089	0.110	0.048	0.091	0.101	0.103	0.106	0.100	0.104	0.104	0.125	0.110	0.111	0.105	0.105	0.052	0.114	0.103	0.114	0.114	0.111	0.115	0.116	0.105	0.104	0.101	0.112	0.106	0.112	0.102	0.050	0.112	0.109	0.114	0.135	0.104	0.111	0.108	0.102	0.099	0.099	0.102	0.095	0.100	0.102	0.118	0.123	0.105	0.104	0.108	0.105	0.102	0.104	0.078	0.100	0.103	0.090	0.123	0.138	0.112	0.123	0.104	0.104	0.102	0.119	0.102	0.112	0.089	0.107	0.111	0.128	0.108	0.105	0.121	0.107	0.098	0.106	0.106	0.111	0.103	0.106	0.078	0.143	0.115	0.109	0.118	0.105	0.098	0.057	0.107	0.122	0.114	0.124	0.126	0.145
8:00:10	24.8	0.169	0.116	0.141	0.049	0.121	0.134	0.139	0.143	0.130	0.141	0.135	0.177	0.147	0.145	0.137	0.136	0.055	0.153	0.133	0.149	0.145	0.143	0.151	0.160	0.139	0.135	0.129	0.149	0.138	0.147	0.136	0.052	0.143	0.141	0.144	0.184	0.137	0.140	0.141	0.131	0.132	0.128	0.133	0.124	0.128	0.131	0.155	0.172	0.137	0.133	0.141	0.136	0.131	0.130	0.100	0.127	0.131	0.110	0.171	0.191	0.149	0.156	0.135	0.135	0.129	0.153	0.131	0.146	0.114	0.140	0.147	0.176	0.144	0.135	0.155	0.137	0.124	0.136	0.136	0.144	0.131	0.137	0.100	0.191	0.154	0.144	0.161	0.138	0.127	0.062	0.140	0.159	0.152	0.168	0.172	0.194
9:00:11	24.6	0.211	0.148	0.179	0.050	0.156	0.172	0.179	0.186	0.165	0.184	0.173	0.226	0.190	0.182	0.175	0.175	0.057	0.197	0.169	0.188	0.183	0.180	0.196	0.211	0.181	0.170	0.163	0.191	0.175	0.189	0.174	0.053	0.179	0.178	0.179	0.241	0.178	0.174	0.179	0.167	0.171	0.162	0.170	0.159	0.159	0.166	0.200	0.227	0.175	0.167	0.179	0.171	0.165	0.160	0.129	0.159	0.163	0.133	0.221	0.240	0.191	0.190	0.170	0.171	0.161	0.188	0.166	0.184	0.145	0.180	0.190	0.230	0.186	0.170	0.193	0.174	0.155	0.171	0.171	0.180	0.166	0.173	0.127	0.239	0.195	0.186	0.208	0.180	0.162	0.068	0.178	0.198	0.196	0.214	0.224	0.239
10:00:11	24.5	0.248	0.184	0.221	0.050	0.198	0.214	0.221	0.231	0.201	0.228	0.214	0.269	0.233	0.216	0.215	0.217	0.059	0.242	0.209	0.229	0.223	0.221	0.241	0.265	0.228	0.208	0.200	0.234	0.215	0.233	0.218	0.053	0.219	0.218	0.219	0.297	0.224	0.213	0.219	0.207	0.213	0.199	0.210	0.197	0.194	0.206	0.245	0.282	0.219	0.204	0.219	0.212	0.203	0.194	0.163	0.196	0.200	0.158	0.270	0.284	0.236	0.220	0.208	0.211	0.196	0.222	0.204	0.224	0.180	0.223	0.237	0.281	0.232	0.206	0.231	0.212	0.188	0.208	0.209	0.219	0.205	0.213	0.159	0.280	0.232	0.231	0.252	0.224	0.202	0.074	0.222	0.237	0.241	0.259	0.274	0.279
11:00:13	24.4	0.281	0.222	0.263	0.050	0.238	0.258	0.261	0.277	0.241	0.275	0.260	0.310	0.276	0.249	0.255	0.259	0.060	0.288	0.251	0.271	0.266	0.266	0.288	0.320	0.274	0.246	0.241	0.276	0.259	0.280	0.263	0.055	0.262	0.261	0.261	0.351	0.269	0.251	0.259	0.248	0.257	0.240	0.253	0.239	0.233	0.248	0.292	0.337	0.268	0.245	0.257	0.254	0.243	0.231	0.201	0.234	0.239	0.183	0.318	0.328	0.281	0.253	0.247	0.253	0.235	0.258	0.246	0.265	0.219	0.269	0.286	0.327	0.276	0.245	0.266	0.248	0.225	0.247	0.250	0.260	0.244	0.257	0.193	0.325	0.265	0.278	0.296	0.270	0.245	0.080	0.265	0.275	0.287	0.300	0.320	0.315
12:00:14	24.3	0.314	0.261	0.305	0.051	0.281	0.300	0.306	0.324	0.283	0.320	0.308	0.353	0.318	0.286	0.298	0.305	0.062	0.335	0.297	0.316	0.313	0.314	0.339	0.374	0.317	0.287	0.286	0.327	0.305	0.329	0.309	0.055	0.307	0.312	0.309	0.405	0.311	0.292	0.301	0.294	0.301	0.283	0.298	0.283	0.277	0.295	0.344	0.393	0.316	0.288	0.299	0.297	0.288	0.272	0.241	0.278	0.282	0.214	0.365	0.374	0.326	0.290	0.287	0.296	0.280	0.296	0.291	0.311	0.259	0.321	0.339	0.378	0.318	0.284	0.306	0.290	0.267	0.289	0.294	0.301	0.290	0.306	0.227	0.366	0.299	0.327	0.338	0.318	0.294	0.086	0.312	0.318	0.334	0.344	0.368	0.358
13:00:15	24.3	0.355	0.298	0.348	0.051	0.327	0.342	0.355	0.372	0.326	0.366	0.355	0.393	0.358	0.324	0.342	0.352	0.062	0.386	0.346	0.363	0.361	0.365	0.394	0.432	0.362	0.326	0.333	0.376	0.355	0.380	0.360	0.056	0.357	0.363	0.361	0.458	0.359	0.338	0.345	0.340	0.350	0.332	0.343	0.328	0.325	0.345	0.401	0.449	0.371	0.334	0.343	0.342	0.338	0.318	0.282	0.324	0.330	0.250	0.415	0.421	0.374	0.330	0.329	0.341	0.330	0.333	0.339	0.356	0.307	0.376	0.393	0.430	0.362	0.327	0.349	0.332	0.317	0.335	0.345	0.347	0.337	0.360	0.264	0.412	0.332	0.379	0.381	0.366	0.346	0.093	0.362	0.362	0.383	0.388	0.415	0.398
14:00:16	24.5	0.393	0.339	0.397	0.050	0.374	0.387	0.404	0.422	0.377	0.413	0.405	0.435	0.398	0.363	0.385	0.398	0.062	0.439	0.395	0.411	0.409	0.421	0.455	0.491	0.409	0.367	0.381	0.422	0.403	0.429	0.412	0.057	0.406	0.415	0.419	0.509	0.408	0.384	0.390	0.385	0.396	0.379	0.389	0.378	0.375	0.396	0.456	0.500	0.422	0.378	0.381	0.383	0.387	0.363	0.326	0.366	0.377	0.287	0.467	0.462	0.420	0.365	0.370	0.384	0.378	0.365	0.383	0.396	0.354	0.431	0.453	0.476	0.405	0.367	0.388	0.373	0.364	0.381	0.393	0.385	0.386	0.408	0.299	0.453	0.362	0.425	0.415	0.409	0.393	0.100	0.414	0.404	0.429	0.427	0.464	0.437
15:00:17	24.8	0.435	0.383	0.446	0.050	0.422	0.424	0.445	0.466	0.424	0.461	0.464	0.473	0.440	0.400	0.427	0.446	0.061	0.482	0.440	0.452	0.456	0.474	0.515	0.548	0.453	0.400	0.426	0.467	0.449	0.476	0.458	0.057	0.452	0.463	0.474	0.561	0.451	0.426	0.430	0.425	0.440	0.425	0.435	0.426	0.417	0.442	0.509	0.546	0.469	0.418	0.421	0.431	0.433	0.410	0.370	0.412	0.426	0.324	0.510	0.498	0.460	0.393	0.409	0.429	0.427	0.402	0.428	0.437	0.402	0.482	0.505	0.517	0.441	0.403	0.426	0.415	0.409	0.422	0.444	0.426	0.434	0.454	0.344	0.491	0.390	0.477	0.449	0.450	0.441	0.110	0.459	0.442	0.476	0.463	0.507	0.480
16:00:17	24.9	0.462	0.413	0.483	0.050	0.459	0.458	0.479	0.498	0.458	0.495	0.506	0.503	0.467	0.433	0.466	0.488	0.061	0.522	0.483	0.491	0.497	0.522	0.562	0.588	0.490	0.430	0.469	0.522	0.492	0.524	0.504	0.058	0.498	0.506	0.523	0.600	0.489	0.468	0.472	0.468	0.489	0.471	0.478	0.471	0.462	0.486	0.554	0.583	0.511	0.462	0.462	0.475	0.471	0.455	0.412	0.455	0.470	0.359	0.554	0.527	0.491	0.421	0.449	0.472	0.469	0.444	0.471	0.478	0.445	0.526	0.550	0.555	0.474	0.436	0.464	0.453	0.452	0.468	0.487	0.468	0.480	0.499	0.392	0.535	0.419	0.531	0.485	0.490	0.487	0.122	0.507	0.482	0.519	0.503	0.549	0.520
17:00:18	24.8	0.489	0.442	0.523	0.050	0.491	0.490	0.528	0.531	0.490	0.526	0.542	0.529	0.495	0.467	0.501	0.526	0.061	0.575	0.526	0.539	0.544	0.562	0.602	0.627	0.519	0.461	0.517	0.581	0.536	0.578	0.557	0.057	0.545	0.557	0.569	0.652	0.526	0.507	0.518	0.511	0.538	0.511	0.518	0.521	0.498	0.527	0.598	0.630	0.556	0.506	0.498	0.519	0.518	0.496	0.457	0.493	0.510	0.398	0.616	0.573	0.532	0.443	0.488	0.518	0.513	0.477	0.509	0.521	0.489	0.567	0.590	0.609	0.508	0.462	0.494	0.494	0.490	0.515	0.531	0.512	0.532	0.542	0.436	0.585	0.442	0.585	0.516	0.533	0.532	0.139	0.556	0.526	0.572	0.541	0.603	0.563
18:00:19	24.9	0.522	0.475	0.565	0.051	0.534	0.523	0.584	0.587	0.533	0.573	0.589	0.565	0.536	0.494	0.537	0.570	0.061	0.643	0.573	0.576	0.591	0.593	0.641	0.676	0.565	0.487	0.568	0.617	0.577	0.628	0.601	0.058	0.598	0.593	0.599	0.716	0.573	0.545	0.555	0.555	0.594	0.559	0.570	0.572	0.543	0.551	0.646	0.691	0.610	0.549	0.519	0.563	0.555	0.538	0.498	0.536	0.555	0.442	0.678	0.620	0.569	0.476	0.516	0.553	0.544	0.495	0.554	0.547	0.520	0.606	0.634	0.674	0.540	0.476	0.518	0.521	0.534	0.554	0.576	0.556	0.575	0.587	0.481	0.627	0.466	0.654	0.547	0.581	0.583	0.161	0.611	0.557	0.612	0.575	0.660	0.598
19:00:21	25.1	0.548	0.512	0.612	0.050	0.577	0.560	0.616	0.631	0.584	0.619	0.628	0.611	0.551	0.516	0.555	0.609	0.060	0.677	0.618	0.604	0.632	0.640	0.681	0.723	0.584	0.504	0.615	0.628	0.624	0.670	0.662	0.059	0.639	0.619	0.648	0.764	0.594	0.568	0.575	0.596	0.642	0.631	0.609	0.621	0.589	0.607	0.711	0.737	0.667	0.572	0.547	0.601	0.603	0.586	0.545	0.585	0.612	0.500	0.722	0.657	0.601	0.493	0.534	0.585	0.592	0.496	0.609	0.579	0.564	0.639	0.692	0.716	0.568	0.495	0.541	0.540	0.579	0.597	0.622	0.574	0.625	0.635	0.526	0.664	0.499	0.712	0.578	0.609	0.632	0.181	0.661	0.570	0.654	0.609	0.698	0.620
20:00:21	25.3	0.563	0.543	0.651	0.050	0.632	0.598	0.636	0.657	0.628	0.659	0.668	0.644	0.598	0.540	0.558	0.638	0.059	0.685	0.657	0.634	0.648	0.694	0.730	0.769	0.619	0.521	0.657	0.594	0.682	0.714	0.689	0.059	0.691	0.686	0.705	0.786	0.636	0.591	0.599	0.638	0.671	0.664	0.657	0.675	0.637	0.637	0.750	0.759	0.714	0.602	0.589	0.654	0.652	0.627	0.589	0.623	0.660	0.522	0.759	0.680	0.635	0.510	0.554	0.624	0.637	0.509	0.654	0.595	0.613	0.694	0.740	0.750	0.600	0.518	0.568	0.570	0.632	0.644	0.675	0.595	0.679	0.684	0.581	0.689	0.534	0.745	0.593	0.652	0.685	0.200	0.706	0.586	0.674	0.634	0.738	0.632
21:00:23	25.6	0.559	0.570	0.673	0.049	0.656	0.622	0.630	0.662	0.645	0.666	0.709	0.644	0.622	0.567	0.592	0.686	0.059	0.638	0.680	0.632	0.658	0.716	0.773	0.792	0.658	0.538	0.669	0.601	0.700	0.721	0.719	0.059	0.710	0.733	0.736	0.775	0.668	0.610	0.619	0.650	0.688	0.698	0.684	0.714	0.686	0.698	0.778	0.746	0.739	0.606	0.618	0.675	0.685	0.661	0.638	0.654	0.690	0.542	0.757	0.663	0.638	0.517	0.585	0.647	0.675	0.513	0.678	0.608	0.659	0.724	0.764	0.742	0.614	0.534	0.581	0.583	0.672	0.656	0.711	0.614	0.715	0.716	0.641	0.679	0.548	0.761	0.589	0.674	0.726	0.216	0.729	0.583	0.690	0.627	0.724	0.630
22:00:23	25.8	0.583	0.596	0.662	0.048	0.670	0.632	0.628	0.663	0.637	0.685	0.732	0.655	0.616	0.568	0.620	0.716	0.058	0.661	0.700	0.637	0.670	0.773	0.801	0.800	0.675	0.553	0.676	0.635	0.725	0.652	0.751	0.058	0.717	0.738	0.738	0.760	0.668	0.617	0.622	0.676	0.694	0.717	0.715	0.741	0.711	0.724	0.785	0.739	0.741	0.626	0.611	0.698	0.719	0.691	0.677	0.682	0.708	0.566	0.739	0.670	0.621	0.523	0.610	0.658	0.707	0.533	0.710	0.615	0.684	0.754	0.804	0.722	0.611	0.551	0.572	0.582	0.699	0.670	0.737	0.614	0.744	0.737	0.694	0.695	0.557	0.738	0.587	0.667	0.743	0.228	0.732	0.602	0.665	0.624	0.704	0.636
23:00:24	26.0	0.594	0.613	0.654	0.049	0.676	0.636	0.634	0.651	0.657	0.666	0.737	0.665	0.631	0.599	0.638	0.719	0.058	0.679	0.669	0.641	0.668	0.745	0.779	0.780	0.651	0.567	0.637	0.661	0.687	0.713	0.752	0.060	0.690	0.747	0.765	0.770	0.655	0.603	0.630	0.684	0.675	0.719	0.731	0.749	0.732	0.744	0.762	0.751	0.718	0.630	0.610	0.688	0.712	0.705	0.693	0.699	0.734	0.578	0.774	0.707	0.627	0.535	0.613	0.634	0.723	0.545	0.721	0.617	0.696	0.768	0.816	0.730	0.616	0.555	0.597	0.597	0.715	0.631	0.728	0.612	0.748	0.737	0.704	0.723	0.569	0.769	0.613	0.648	0.745	0.243	0.681	0.627	0.675	0.651	0.711	0.648
24:00:26	26.0	0.613	0.614	0.660	0.049	0.668	0.624	0.645	0.675	0.658	0.680	0.718	0.690	0.634	0.607	0.644	0.669	0.058	0.702	0.683	0.679	0.719	0.761	0.784	0.799	0.661	0.579	0.663	0.668	0.709	0.752	0.750	0.060	0.716	0.753	0.783	0.801	0.673	0.621	0.659	0.655	0.692	0.730	0.715	0.726	0.723	0.759	0.779	0.775	0.727	0.648	0.640	0.661	0.717	0.726	0.714	0.685	0.717	0.594	0.793	0.721	0.643	0.541	0.607	0.662	0.727	0.554	0.700	0.661	0.726	0.780	0.826	0.753	0.625	0.573	0.611	0.619	0.716	0.668	0.719	0.656	0.743	0.736	0.708	0.737	0.568	0.791	0.617	0.658	0.722	0.261	0.711	0.643	0.704	0.661	0.734	0.651
25:00:27	25.8	0.618	0.618	0.670	0.049	0.667	0.632	0.665	0.681	0.658	0.712	0.721	0.700	0.654	0.625	0.676	0.712	0.058	0.711	0.733	0.707	0.748	0.767	0.814	0.823	0.669	0.608	0.709	0.679	0.749	0.774	0.786	0.060	0.767	0.763	0.785	0.809	0.689	0.647	0.691	0.700	0.738	0.737	0.719	0.769	0.728	0.795	0.807	0.786	0.757	0.681	0.664	0.699	0.729	0.736	0.738	0.711	0.738	0.616	0.817	0.732	0.662	0.544	0.636	0.711	0.737	0.565	0.726	0.697	0.712	0.808	0.827	0.771	0.653	0.600	0.629	0.650	0.712	0.709	0.748	0.685	0.747	0.758	0.714	0.737	0.575	0.802	0.624	0.682	0.731	0.284	0.756	0.653	0.718	0.662	0.739	0.653
26:00:26	25.6	0.636	0.606	0.672	0.049	0.683	0.650	0.687	0.686	0.656	0.715	0.754	0.713	0.663	0.633	0.700	0.746	0.058	0.729	0.762	0.721	0.767	0.796	0.844	0.826	0.703	0.638	0.737	0.689	0.766	0.784	0.820	0.060	0.788	0.804	0.816	0.823	0.720	0.675	0.719	0.735	0.766	0.799	0.753	0.790	0.757	0.782	0.849	0.790	0.772	0.718	0.678	0.740	0.750	0.748	0.736	0.735	0.757	0.614	0.817	0.734	0.676	0.546	0.661	0.743	0.738	0.566	0.750	0.714	0.722	0.841	0.881	0.782	0.672	0.619	0.634	0.658	0.758	0.730	0.779	0.700	0.787	0.791	0.718	0.742	0.565	0.808	0.628	0.699	0.786	0.313	0.777	0.663	0.727	0.664	0.741	0.648
27:00:28	25.2	0.629	0.648	0.697	0.051	0.689	0.666	0.670	0.705	0.695	0.728	0.757	0.702	0.678	0.652	0.715	0.755	0.058	0.712	0.771	0.723	0.769	0.825	0.843	0.819	0.721	0.649	0.752	0.687	0.766	0.789	0.818	0.062	0.797	0.822	0.843	0.812	0.732	0.686	0.735	0.758	0.759	0.803	0.768	0.829	0.778	0.782	0.851	0.788	0.784	0.724	0.696	0.760	0.786	0.738	0.740	0.747	0.787	0.615	0.809	0.735	0.677	0.551	0.681	0.755	0.791	0.575	0.786	0.719	0.756	0.854	0.879	0.766	0.688	0.638	0.646	0.682	0.782	0.757	0.807	0.713	0.812	0.802	0.713	0.730	0.577	0.810	0.624	0.703	0.795	0.336	0.779	0.658	0.726	0.662	0.728	0.647
28:00:29	24.9	0.627	0.642	0.688	0.052	0.718	0.690	0.692	0.670	0.703	0.724	0.792	0.699	0.675	0.641	0.732	0.775	0.059	0.728	0.779	0.727	0.768	0.806	0.854	0.824	0.728	0.663	0.761	0.693	0.781	0.800	0.830	0.063	0.803	0.828	0.848	0.814	0.737	0.694	0.739	0.763	0.769	0.817	0.783	0.831	0.773	0.827	0.867	0.787	0.780	0.733	0.696	0.777	0.808	0.767	0.758	0.760	0.804	0.621	0.821	0.732	0.680	0.552	0.695	0.769	0.801	0.575	0.800	0.722	0.765	0.869	0.891	0.770	0.691	0.653	0.648	0.679	0.788	0.756	0.803	0.718	0.825	0.816	0.713	0.725	0.566	0.812	0.621	0.707	0.808	0.355	0.780	0.657	0.724	0.656	0.723	0.643
29:00:29	24.8	0.625	0.655	0.692	0.058	0.739	0.691	0.699	0.661	0.722	0.723	0.797	0.698	0.666	0.647	0.739	0.785	0.059	0.722	0.774	0.726	0.764	0.826	0.864	0.820	0.731	0.671	0.768	0.696	0.786	0.792	0.832	0.066	0.811	0.820	0.861	0.812	0.740	0.704	0.740	0.773	0.768	0.811	0.791	0.838	0.792	0.830	0.871	0.782	0.774	0.745	0.701	0.775	0.801	0.806	0.779	0.779	0.818	0.618	0.829	0.728	0.678	0.558	0.700	0.773	0.805	0.574	0.802	0.723	0.779	0.877	0.902	0.755	0.694	0.661	0.651	0.676	0.792	0.753	0.818	0.720	0.834	0.817	0.715	0.721	0.567	0.801	0.618	0.702	0.807	0.370	0.775	0.659	0.721	0.653	0.710	0.635
30:00:31	24.8	0.622	0.657	0.691	0.086	0.735	0.693	0.698	0.658	0.724	0.716	0.795	0.689	0.656	0.645	0.738	0.782	0.059	0.715	0.768	0.721	0.762	0.823	0.864	0.805	0.720	0.669	0.754	0.693	0.780	0.783	0.834	0.066	0.809	0.820	0.842	0.793	0.734	0.700	0.745	0.769	0.757	0.815	0.785	0.838	0.785	0.830	0.868	0.778	0.765	0.742	0.695	0.765	0.804	0.827	0.803	0.782	0.820	0.616	0.822	0.729	0.665	0.558	0.700	0.766	0.810	0.573	0.808	0.723	0.810	0.875	0.893	0.749	0.686	0.667	0.644	0.670	0.789	0.748	0.813	0.722	0.829	0.818	0.716	0.714	0.564	0.795	0.610	0.698	0.803	0.387	0.763	0.661	0.715	0.645	0.702	0.629
31:00:31	25.0	0.614	0.657	0.681	0.121	0.741	0.692	0.691	0.656	0.723	0.711	0.786	0.683	0.646	0.640	0.727	0.780	0.058	0.705	0.754	0.713	0.760	0.834	0.854	0.791	0.708	0.668	0.753	0.689	0.774	0.783	0.818	0.069	0.807	0.808	0.844	0.784	0.718	0.699	0.740	0.760	0.744	0.821	0.789	0.834	0.798	0.831	0.861	0.774	0.752	0.737	0.688	0.764	0.795	0.812	0.808	0.778	0.823	0.606	0.824	0.716	0.656	0.559	0.700	0.756	0.794	0.572	0.806	0.711	0.821	0.879	0.888	0.731	0.679	0.669	0.637	0.666	0.792	0.747	0.797	0.721	0.825	0.816	0.712	0.710	0.564	0.787	0.601	0.686	0.790	0.413	0.755	0.660	0.706	0.634	0.695	0.623
32:00:33	25.0	0.605	0.650	0.682	0.155	0.740	0.683	0.691	0.651	0.718	0.702	0.773	0.673	0.638	0.641	0.727	0.773	0.058	0.698	0.744	0.706	0.757	0.827	0.851	0.781	0.697	0.665	0.741	0.686	0.767	0.770	0.816	0.072	0.809	0.792	0.832	0.766	0.708	0.694	0.739	0.761	0.738	0.821	0.779	0.837	0.791	0.822	0.851	0.767	0.737	0.734	0.680	0.754	0.795	0.813	0.813	0.784	0.826	0.599	0.809	0.708	0.644	0.565	0.692	0.747	0.791	0.569	0.798	0.713	0.825	0.876	0.886	0.718	0.666	0.668	0.633	0.662	0.783	0.737	0.809	0.721	0.825	0.814	0.712	0.694	0.567	0.780	0.600	0.676	0.780	0.447	0.737	0.661	0.696	0.629	0.684	0.615
33:00:34	25.1	0.585	0.652	0.675	0.182	0.733	0.684	0.690	0.640	0.716	0.692	0.767	0.666	0.630	0.635	0.720	0.769	0.057	0.688	0.734	0.706	0.751	0.830	0.850	0.769	0.689	0.668	0.730	0.683	0.769	0.758	0.809	0.073	0.799	0.813	0.833	0.763	0.701	0.686	0.741	0.751	0.727	0.824	0.773	0.828	0.796	0.814	0.844	0.748	0.721	0.732	0.674	0.744	0.786	0.814	0.817	0.784	0.823	0.596	0.803	0.706	0.645	0.562	0.686	0.741	0.777	0.568	0.798	0.706	0.818	0.879	0.876	0.707	0.656	0.664	0.628	0.658	0.777	0.724	0.795	0.726	0.817	0.808	0.706	0.682	0.563	0.780	0.601	0.667	0.759	0.469	0.727	0.654	0.690	0.619	0.680	0.598
34:00:35	25.1	0.583	0.651	0.672	0.212	0.735	0.682	0.694	0.638	0.715	0.686	0.749	0.651	0.621	0.635	0.717	0.767	0.057	0.682	0.729	0.704	0.741	0.828	0.835	0.762	0.678	0.660	0.720	0.673	0.768	0.745	0.799	0.067	0.800	0.813	0.821	0.755	0.686	0.690	0.731	0.748	0.720	0.818	0.766	0.829	0.788	0.810	0.843	0.754	0.722	0.734	0.674	0.739	0.786	0.822	0.815	0.789	0.819	0.594	0.797	0.694	0.630	0.560	0.682	0.746	0.774	0.568	0.796	0.706	0.827	0.878	0.871	0.705	0.648	0.671	0.628	0.659	0.778	0.725	0.788	0.723	0.817	0.815	0.709	0.674	0.551	0.757	0.602	0.654	0.744	0.482	0.714	0.650	0.688	0.613	0.672	0.590
35:00:35	25.1	0.581	0.646	0.663	0.243	0.732	0.677	0.690	0.636	0.711	0.683	0.744	0.651	0.615	0.628	0.717	0.764	0.057	0.669	0.725	0.712	0.737	0.820	0.856	0.745	0.669	0.659	0.707	0.682	0.774	0.734	0.791	0.071	0.796	0.811	0.816	0.753	0.684	0.683	0.737	0.744	0.712	0.818	0.763	0.833	0.802	0.820	0.825	0.737	0.706	0.726	0.673	0.732	0.775	0.820	0.815	0.792	0.814	0.593	0.791	0.690	0.623	0.562	0.682	0.744	0.778	0.572	0.802	0.704	0.826	0.865	0.863	0.688	0.674	0.670	0.628	0.655	0.776	0.725	0.792	0.715	0.816	0.811	0.704	0.663	0.548	0.754	0.598	0.646	0.746	0.484	0.705	0.652	0.682	0.612	0.652	0.580
36:00:36	25.1	0.564	0.643	0.656	0.271	0.729	0.669	0.681	0.640	0.717	0.674	0.735	0.634	0.612	0.634	0.712	0.758	0.057	0.669	0.706	0.697	0.734	0.815	0.826	0.750	0.662	0.656	0.713	0.670	0.773	0.720	0.781	0.078	0.792	0.830	0.821	0.733	0.685	0.685	0.750	0.746	0.705	0.801	0.760	0.829	0.794	0.823	0.815	0.730	0.697	0.736	0.679	0.733	0.777	0.819	0.813	0.798	0.803	0.597	0.789	0.677	0.619	0.557	0.688	0.735	0.790	0.569	0.802	0.713	0.828	0.864	0.854	0.686	0.645	0.667	0.635	0.658	0.774	0.724	0.796	0.728	0.816	0.811	0.703	0.664	0.542	0.737	0.595	0.643	0.739	0.495	0.703	0.648	0.676	0.607	0.653	0.578
37:00:37	25.2	0.567	0.645	0.661	0.303	0.726	0.670	0.674	0.644	0.708	0.669	0.736	0.633	0.611	0.641	0.711	0.756	0.056	0.671	0.722	0.716	0.730	0.828	0.828	0.730	0.662	0.659	0.709	0.713	0.773	0.713	0.784	0.081	0.792	0.830	0.812	0.726	0.669	0.696	0.735	0.742	0.702	0.800	0.756	0.834	0.808	0.826	0.803	0.737	0.696	0.734	0.676	0.740	0.778	0.815	0.813	0.799	0.800	0.597	0.797	0.676	0.613	0.558	0.693	0.751	0.783	0.573	0.799	0.715	0.833	0.873	0.864	0.686	0.678	0.679	0.650	0.655	0.777	0.729	0.808	0.725	0.825	0.820	0.706	0.658	0.546	0.738	0.583	0.641	0.734	0.509	0.698	0.635	0.671	0.604	0.648	0.595
38:00:38	25.4	0.552	0.643	0.657	0.327	0.716	0.661	0.668	0.644	0.705	0.658	0.735	0.621	0.604	0.633	0.707	0.749	0.056	0.657	0.698	0.696	0.726	0.817	0.826	0.732	0.643	0.657	0.705	0.697	0.771	0.706	0.782	0.081	0.803	0.832	0.812	0.703	0.668	0.700	0.757	0.750	0.690	0.791	0.759	0.829	0.799	0.812	0.810	0.717	0.688	0.742	0.672	0.728	0.786	0.805	0.811	0.801	0.794	0.601	0.787	0.670	0.607	0.553	0.694	0.742	0.795	0.580	0.803	0.714	0.835	0.866	0.868	0.701	0.654	0.666	0.650	0.659	0.772	0.720	0.799	0.718	0.827	0.820	0.698	0.645	0.543	0.735	0.585	0.632	0.723	0.522	0.687	0.666	0.665	0.606	0.630	0.577
39:00:39	25.4	0.557	0.645	0.655	0.352	0.706	0.662	0.657	0.639	0.701	0.654	0.728	0.606	0.597	0.631	0.712	0.753	0.056	0.651	0.717	0.677	0.717	0.811	0.804	0.716	0.636	0.662	0.701	0.665	0.753	0.697	0.779	0.083	0.785	0.837	0.815	0.684	0.700	0.693	0.747	0.734	0.685	0.785	0.759	0.826	0.799	0.818	0.810	0.714	0.684	0.751	0.678	0.746	0.793	0.789	0.812	0.800	0.776	0.610	0.777	0.651	0.615	0.560	0.672	0.735	0.789	0.571	0.800	0.722	0.826	0.877	0.857	0.692	0.716	0.650	0.657	0.669	0.777	0.732	0.822	0.723	0.825	0.822	0.692	0.641	0.541	0.771	0.570	0.667	0.715	0.531	0.717	0.644	0.657	0.610	0.628	0.581
40:00:40	25.3	0.558	0.645	0.658	0.375	0.700	0.658	0.654	0.631	0.698	0.649	0.721	0.599	0.587	0.627	0.712	0.741	0.057	0.652	0.714	0.706	0.713	0.805	0.786	0.711	0.628	0.659	0.700	0.710	0.780	0.701	0.775	0.092	0.796	0.836	0.835	0.699	0.672	0.714	0.718	0.744	0.683	0.768	0.771	0.821	0.792	0.838	0.803	0.693	0.676	0.746	0.680	0.740	0.812	0.796	0.813	0.805	0.774	0.617	0.775	0.645	0.633	0.559	0.671	0.737	0.833	0.581	0.801	0.740	0.819	0.914	0.860	0.689	0.673	0.650	0.665	0.674	0.774	0.720	0.821	0.747	0.830	0.824	0.686	0.628	0.535	0.706	0.564	0.684	0.720	0.541	0.722	0.632	0.672	0.602	0.614	0.588
41:00:41	25.1	0.572	0.656	0.671	0.394	0.697	0.659	0.656	0.632	0.692	0.648	0.714	0.598	0.583	0.615	0.694	0.731	0.056	0.654	0.714	0.686	0.725	0.786	0.759	0.708	0.615	0.683	0.729	0.654	0.760	0.738	0.768	0.068	0.796	0.848	0.849	0.685	0.683	0.744	0.706	0.751	0.683	0.770	0.778	0.825	0.818	0.849	0.809	0.701	0.662	0.753	0.677	0.745	0.800	0.803	0.811	0.813	0.779	0.623	0.778	0.638	0.616	0.566	0.698	0.771	0.855	0.593	0.825	0.737	0.829	0.900	0.830	0.674	0.628	0.672	0.673	0.692	0.780	0.772	0.821	0.733	0.847	0.854	0.686	0.626	0.540	0.692	0.570	0.664	0.721	0.543	0.703	0.621	0.670	0.600	0.590	0.591
42:00:41	25.1	0.575	0.653	0.663	0.413	0.691	0.656	0.651	0.620	0.696	0.646	0.707	0.603	0.566	0.612	0.698	0.717	0.056	0.647	0.707	0.697	0.725	0.750	0.731	0.685	0.612	0.691	0.716	0.650	0.768	0.770	0.767	0.081	0.830	0.818	0.813	0.681	0.610	0.739	0.709	0.773	0.680	0.775	0.788	0.819	0.828	0.852	0.791	0.682	0.667	0.760	0.692	0.770	0.853	0.786	0.810	0.825	0.805	0.632	0.759	0.626	0.607	0.574	0.736	0.727	0.848	0.579	0.826	0.744	0.834	0.923	0.815	0.654	0.668	0.687	0.682	0.671	0.808	0.730	0.828	0.702	0.846	0.840	0.683	0.605	0.541	0.664	0.567	0.622	0.710	0.540	0.710	0.633	0.669	0.598	0.595	0.581
43:00:44	25.1	0.569	0.652	0.675	0.437	0.691	0.655	0.646	0.616	0.700	0.643	0.697	0.601	0.567	0.590	0.685	0.695	0.056	0.640	0.707	0.666	0.707	0.764	0.719	0.679	0.606	0.672	0.736	0.620	0.786	0.723	0.765	0.076	0.827	0.792	0.811	0.668	0.627	0.695	0.680	0.780	0.677	0.762	0.787	0.815	0.815	0.819	0.790	0.664	0.639	0.741	0.652	0.736	0.834	0.791	0.809	0.813	0.809	0.639	0.762	0.649	0.614	0.580	0.677	0.745	0.855	0.555	0.827	0.703	0.850	0.867	0.780	0.653	0.659	0.643	0.664	0.674	0.801	0.765	0.810	0.701	0.872	0.835	0.670	0.609	0.548	0.681	0.575	0.608	0.761	0.534	0.672	0.591	0.661	0.599	0.587	0.572
44:00:44	25.3	0.540	0.634	0.629	0.460	0.688	0.629	0.643	0.618	0.681	0.636	0.674	0.604	0.557	0.588	0.673	0.683	0.055	0.628	0.706	0.667	0.707	0.737	0.691	0.664	0.599	0.667	0.689	0.654	0.711	0.699	0.748	0.078	0.746	0.791	0.757	0.667	0.604	0.691	0.675	0.771	0.666	0.725	0.787	0.821	0.807	0.803	0.771	0.655	0.657	0.735	0.680	0.735	0.843	0.799	0.805	0.812	0.838	0.651	0.721	0.654	0.622	0.581	0.704	0.724	0.828	0.580	0.829	0.721	0.866	0.854	0.780	0.652	0.652	0.634	0.668	0.676	0.804	0.731	0.813	0.706	0.857	0.803	0.648	0.603	0.533	0.651	0.568	0.617	0.715	0.523	0.681	0.597	0.637	0.584	0.586	0.557
45:00:44	25.6	0.533	0.628	0.629	0.487	0.675	0.627	0.640	0.609	0.679	0.631	0.663	0.607	0.555	0.583	0.662	0.680	0.055	0.617	0.704	0.655	0.691	0.728	0.675	0.670	0.591	0.674	0.678	0.632	0.717	0.717	0.737	0.133	0.770	0.773	0.784	0.691	0.619	0.697	0.677	0.737	0.667	0.734	0.784	0.810	0.778	0.815	0.742	0.677	0.623	0.683	0.689	0.704	0.820	0.813	0.801	0.829	0.782	0.670	0.707	0.647	0.602	0.580	0.699	0.705	0.856	0.565	0.829	0.719	0.863	0.859	0.738	0.658	0.640	0.645	0.617	0.683	0.813	0.732	0.842	0.692	0.810	0.814	0.637	0.610	0.525	0.628	0.576	0.606	0.662	0.520	0.655	0.586	0.647	0.602	0.589	0.539
46:00:44	25.6	0.549	0.624	0.631	0.513	0.673	0.628	0.648	0.615	0.677	0.624	0.665	0.597	0.551	0.585	0.650	0.662	0.054	0.638	0.708	0.679	0.688	0.760	0.684	0.660	0.592	0.655	0.682	0.625	0.697	0.734	0.750	0.200	0.778	0.798	0.770	0.693	0.608	0.693	0.689	0.733	0.664	0.760	0.787	0.806	0.796	0.794	0.725	0.666	0.619	0.678	0.650	0.703	0.838	0.785	0.808	0.823	0.823	0.682	0.697	0.652	0.605	0.578	0.693	0.713	0.848	0.585	0.802	0.658	0.862	0.791	0.747	0.653	0.636	0.668	0.683	0.697	0.849	0.746	0.845	0.672	0.835	0.797	0.627	0.591	0.523	0.627	0.585	0.587	0.651	0.517	0.668	0.574	0.634	0.606	0.591	0.538
47:00:46	25.5	0.553	0.629	0.639	0.536	0.678	0.637	0.642	0.612	0.690	0.624	0.662	0.599	0.562	0.562	0.656	0.656	0.055	0.627	0.729	0.667	0.692	0.755	0.659	0.653	0.588	0.653	0.698	0.618	0.715	0.732	0.756	0.068	0.772	0.802	0.786	0.626	0.611	0.709	0.656	0.726	0.664	0.743	0.769	0.805	0.810	0.810	0.727	0.678	0.623	0.685	0.703	0.709	0.829	0.812	0.801	0.835	0.795	0.700	0.705	0.634	0.615	0.574	0.687	0.726	0.823	0.606	0.838	0.691	0.851	0.802	0.742	0.660	0.654	0.661	0.655	0.696	0.825	0.736	0.832	0.685	0.833	0.765	0.619	0.576	0.519	0.639	0.596	0.588	0.643	0.516	0.657	0.568	0.654	0.606	0.585	0.537
48:00:47	25.3	0.561	0.632	0.671	0.559	0.671	0.649	0.649	0.615	0.694	0.628	0.658	0.610	0.564	0.568	0.654	0.676	0.055	0.612	0.745	0.695	0.703	0.723	0.643	0.665	0.589	0.660	0.680	0.620	0.720	0.687	0.768	0.058	0.797	0.793	0.779	0.712	0.610	0.709	0.672	0.711	0.670	0.785	0.755	0.793	0.828	0.811	0.747	0.624	0.620	0.690	0.637	0.679	0.816	0.854	0.806	0.844	0.860	0.732	0.723	0.589	0.589	0.574	0.671	0.672	0.876	0.574	0.825	0.630	0.873	0.816	0.759	0.674	0.599	0.644	0.662	0.647	0.825	0.716	0.831	0.670	0.828	0.760	0.620	0.624	0.537	0.614	0.580	0.583	0.642	0.515	0.622	0.591	0.641	0.596	0.594	0.546
49:00:48	25.0	0.558	0.639	0.653	0.571	0.678	0.625	0.654	0.603	0.707	0.630	0.664	0.599	0.554	0.576	0.658	0.659	0.055	0.625	0.696	0.668	0.701	0.733	0.640	0.656	0.584	0.639	0.698	0.638	0.686	0.687	0.760	0.060	0.760	0.790	0.764	0.647	0.614	0.703	0.674	0.701	0.667	0.730	0.773	0.828	0.798	0.781	0.700	0.669	0.638	0.673	0.645	0.686	0.798	0.839	0.810	0.780	0.780	0.753	0.703	0.656	0.618	0.580	0.659	0.670	0.821	0.592	0.786	0.655	0.855	0.796	0.725	0.653	0.631	0.634	0.618	0.644	0.864	0.715	0.826	0.687	0.824	0.770	0.607	0.590	0.522	0.623	0.587	0.574	0.663	0.512	0.646	0.581	0.641	0.601	0.586	0.536
50:00:49	25.0	0.573	0.630	0.645	0.583	0.682	0.619	0.645	0.617	0.708	0.628	0.648	0.613	0.546	0.575	0.655	0.668	0.055	0.623	0.713	0.691	0.679	0.747	0.634	0.658	0.581	0.667	0.686	0.621	0.663	0.686	0.747	0.066	0.778	0.754	0.743	0.632	0.610	0.692	0.662	0.696	0.663	0.711	0.753	0.805	0.836	0.807	0.699	0.700	0.605	0.689	0.650	0.673	0.766	0.790	0.815	0.782	0.762	0.795	0.688	0.594	0.627	0.587	0.660	0.692	0.873	0.600	0.805	0.670	0.880	0.750	0.691	0.631	0.647	0.642	0.616	0.651	0.777	0.691	0.827	0.682	0.833	0.746	0.598	0.569	0.524	0.596	0.585	0.612	0.642	0.510	0.662	0.576	0.632	0.597	0.594	0.553
51:00:50	25.0	0.584	0.634	0.649	0.582	0.676	0.606	0.634	0.605	0.710	0.621	0.651	0.625	0.556	0.564	0.657	0.659	0.054	0.595	0.734	0.696	0.674	0.740	0.606	0.648	0.575	0.681	0.700	0.615	0.675	0.674	0.741	0.070	0.775	0.758	0.729	0.637	0.604	0.693	0.677	0.691	0.658	0.716	0.746	0.803	0.842	0.812	0.698	0.673	0.609	0.669	0.654	0.685	0.757	0.758	0.806	0.788	0.727	0.801	0.702	0.618	0.630	0.567	0.654	0.701	0.810	0.584	0.791	0.648	0.855	0.760	0.702	0.648	0.665	0.652	0.618	0.729	0.766	0.719	0.818	0.674	0.798	0.733	0.563	0.593	0.535	0.619	0.586	0.588	0.652	0.503	0.612	0.561	0.639	0.595	0.589	0.558
52:00:51	25.0	0.588	0.633	0.649	0.591	0.677	0.607	0.633	0.606	0.708	0.624	0.641	0.635	0.551	0.567	0.667	0.658	0.054	0.614	0.724	0.684	0.684	0.747	0.623	0.647	0.570	0.678	0.713	0.605	0.656	0.730	0.743	0.065	0.774	0.769	0.674	0.641	0.631	0.689	0.652	0.693	0.658	0.712	0.766	0.813	0.833	0.816	0.696	0.681	0.598	0.671	0.616	0.650	0.737	0.792	0.806	0.780	0.765	0.812	0.692	0.583	0.629	0.577	0.669	0.666	0.817	0.579	0.829	0.642	0.879	0.736	0.676	0.681	0.617	0.654	0.641	0.631	0.771	0.704	0.822	0.684	0.821	0.724	0.551	0.600	0.544	0.605	0.585	0.599	0.637	0.504	0.656	0.565	0.641	0.610	0.585	0.551
53:00:52	25.1	0.610	0.641	0.678	0.589	0.668	0.590	0.636	0.600	0.712	0.628	0.644	0.642	0.559	0.566	0.662	0.661	0.054	0.623	0.714	0.682	0.673	0.720	0.611	0.639	0.565	0.677	0.704	0.641	0.660	0.702	0.722	0.068	0.782	0.756	0.719	0.640	0.608	0.723	0.686	0.708	0.657	0.700	0.747	0.815	0.837	0.813	0.711	0.689	0.595	0.672	0.649	0.666	0.712	0.746	0.804	0.748	0.765	0.833	0.671	0.631	0.655	0.591	0.673	0.677	0.799	0.594	0.824	0.638	0.861	0.776	0.679	0.670	0.684	0.632	0.658	0.665	0.757	0.693	0.802	0.685	0.835	0.712	0.518	0.573	0.552	0.599	0.588	0.574	0.650	0.502	0.647	0.573	0.643	0.604	0.596	0.569
54:00:53	25.1	0.640	0.654	0.661	0.596	0.664	0.610	0.635	0.595	0.716	0.630	0.658	0.645	0.576	0.553	0.670	0.652	0.054	0.629	0.721	0.681	0.691	0.741	0.604	0.651	0.584	0.673	0.716	0.629	0.656	0.672	0.723	0.069	0.804	0.743	0.709	0.656	0.592	0.685	0.670	0.689	0.666	0.636	0.753	0.823	0.870	0.844	0.659	0.658	0.638	0.701	0.642	0.679	0.717	0.746	0.808	0.783	0.764	0.840	0.686	0.586	0.620	0.607	0.695	0.701	0.833	0.599	0.810	0.595	0.876	0.782	0.685	0.651	0.603	0.664	0.631	0.670	0.775	0.721	0.816	0.696	0.842	0.708	0.531	0.604	0.566	0.636	0.583	0.595	0.623	0.501	0.636	0.561	0.626	0.614	0.591	0.573
55:00:53	25.2	0.605	0.656	0.660	0.594	0.673	0.573	0.643	0.607	0.711	0.627	0.660	0.664	0.565	0.573	0.666	0.664	0.054	0.622	0.695	0.673	0.680	0.717	0.592	0.656	0.570	0.697	0.722	0.632	0.654	0.669	0.691	0.073	0.798	0.729	0.701	0.638	0.598	0.746	0.671	0.692	0.657	0.666	0.726	0.817	0.817	0.820	0.669	0.665	0.609	0.681	0.627	0.666	0.696	0.728	0.803	0.753	0.767	0.847	0.711	0.642	0.634	0.596	0.689	0.689	0.798	0.619	0.794	0.645	0.866	0.728	0.667	0.666	0.639	0.639	0.662	0.658	0.767	0.714	0.811	0.685	0.855	0.746	0.502	0.579	0.574	0.649	0.579	0.602	0.630	0.500	0.638	0.578	0.653	0.619	0.592	0.568
56:00:54	25.3	0.626	0.649	0.671	0.589	0.668	0.575	0.630	0.609	0.719	0.625	0.646	0.666	0.560	0.571	0.666	0.652	0.053	0.618	0.679	0.679	0.672	0.703	0.590	0.652	0.576	0.708	0.725	0.621	0.667	0.663	0.682	0.080	0.780	0.737	0.663	0.652	0.604	0.665	0.657	0.699	0.649	0.682	0.699	0.803	0.836	0.821	0.669	0.645	0.607	0.699	0.652	0.678	0.688	0.735	0.797	0.773	0.718	0.881	0.660	0.668	0.633	0.585	0.689	0.708	0.812	0.595	0.829	0.620	0.831	0.721	0.652	0.648	0.693	0.645	0.627	0.674	0.731	0.721	0.804	0.694	0.840	0.702	0.479	0.604	0.580	0.602	0.599	0.573	0.648	0.495	0.683	0.592	0.644	0.614	0.594	0.554
57:00:55	25.5	0.589	0.656	0.680	0.584	0.660	0.568	0.633	0.608	0.732	0.622	0.643	0.678	0.564	0.564	0.658	0.639	0.053	0.622	0.688	0.659	0.667	0.701	0.594	0.645	0.580	0.708	0.725	0.607	0.647	0.746	0.682	0.094	0.781	0.724	0.690	0.675	0.637	0.673	0.705	0.678	0.641	0.666	0.738	0.804	0.863	0.808	0.669	0.650	0.624	0.665	0.661	0.671	0.693	0.757	0.794	0.757	0.760	0.875	0.680	0.628	0.647	0.588	0.688	0.686	0.792	0.650	0.799	0.632	0.845	0.750	0.646	0.676	0.643	0.652	0.649	0.693	0.735	0.702	0.802	0.669	0.857	0.673	0.469	0.599	0.589	0.614	0.568	0.591	0.616	0.490	0.665	0.574	0.627	0.614	0.594	0.583
58:00:56	25.6	0.582	0.651	0.680	0.587	0.669	0.561	0.627	0.612	0.726	0.633	0.644	0.670	0.568	0.580	0.660	0.630	0.053	0.630	0.679	0.674	0.670	0.683	0.578	0.664	0.589	0.704	0.740	0.637	0.624	0.645	0.659	0.098	0.783	0.734	0.689	0.661	0.628	0.700	0.677	0.709	0.641	0.642	0.714	0.799	0.863	0.811	0.620	0.649	0.609	0.671	0.633	0.661	0.684	0.739	0.796	0.729	0.765	0.899	0.673	0.661	0.604	0.609	0.682	0.691	0.778	0.634	0.828	0.639	0.862	0.711	0.651	0.646	0.653	0.693	0.648	0.717	0.737	0.700	0.794	0.684	0.808	0.714	0.461	0.611	0.599	0.688	0.571	0.588	0.645	0.489	0.625	0.554	0.615	0.615	0.622	0.590
59:00:57	25.5	0.600	0.663	0.663	0.590	0.666	0.568	0.635	0.614	0.733	0.635	0.647	0.683	0.562	0.566	0.647	0.638	0.053	0.625	0.687	0.655	0.662	0.698	0.581	0.656	0.599	0.711	0.744	0.635	0.645	0.672	0.663	0.131	0.764	0.692	0.675	0.692	0.618	0.695	0.690	0.704	0.638	0.655	0.727	0.795	0.843	0.823	0.642	0.742	0.645	0.681	0.626	0.669	0.695	0.764	0.788	0.753	0.774	0.895	0.670	0.699	0.609	0.625	0.698	0.748	0.808	0.617	0.805	0.604	0.850	0.756	0.642	0.647	0.644	0.743	0.636	0.633	0.733	0.694	0.801	0.694	0.840	0.701	0.448	0.661	0.597	0.620	0.632	0.627	0.607	0.488	0.677	0.588	0.608	0.611	0.584	0.589
60:00:59	25.6	0.650	0.668	0.681	0.587	0.659	0.552	0.626	0.622	0.738	0.639	0.638	0.688	0.572	0.574	0.638	0.638	0.053	0.622	0.666	0.648	0.682	0.678	0.575	0.695	0.592	0.717	0.732	0.640	0.615	0.673	0.653	0.142	0.759	0.698	0.675	0.632	0.621	0.677	0.642	0.718	0.637	0.738	0.738	0.804	0.865	0.805	0.644	0.741	0.659	0.690	0.623	0.693	0.670	0.775	0.799	0.714	0.766	0.889	0.681	0.578	0.625	0.601	0.719	0.719	0.775	0.636	0.787	0.606	0.834	0.693	0.669	0.654	0.602	0.718	0.646	0.676	0.742	0.694	0.803	0.680	0.833	0.731	0.449	0.630	0.604	0.602	0.577	0.611	0.613	0.487	0.667	0.590	0.604	0.592	0.573	0.580
61:00:59	25.8	0.679	0.665	0.673	0.582	0.656	0.561	0.624	0.621	0.733	0.646	0.645	0.690	0.559	0.563	0.631	0.641	0.053	0.653	0.644	0.646	0.662	0.669	0.584	0.678	0.574	0.701	0.718	0.632	0.627	0.683	0.639	0.179	0.746	0.724	0.672	0.670	0.614	0.718	0.684	0.718	0.629	0.622	0.716	0.796	0.840	0.791	0.652	0.761	0.617	0.683	0.654	0.646	0.636	0.723	0.794	0.779	0.765	0.860	0.723	0.633	0.604	0.593	0.716	0.747	0.795	0.603	0.801	0.671	0.823	0.695	0.645	0.666	0.680	0.728	0.679	0.700	0.703	0.697	0.804	0.695	0.847	0.758	0.444	0.619	0.599	0.622	0.583	0.575	0.643	0.484	0.656	0.571	0.594	0.592	0.591	0.564
62:01:01	26.2	0.718	0.653	0.650	0.582	0.642	0.578	0.629	0.630	0.739	0.656	0.646	0.725	0.600	0.557	0.634	0.621	0.053	0.620	0.644	0.632	0.687	0.649	0.615	0.696	0.600	0.700	0.684	0.632	0.610	0.636	0.653	0.168	0.793	0.652	0.671	0.679	0.600	0.678	0.664	0.707	0.640	0.673	0.704	0.760	0.858	0.792	0.652	0.782	0.649	0.693	0.601	0.662	0.662	0.745	0.802	0.729	0.764	0.867	0.694	0.587	0.603	0.626	0.708	0.733	0.783	0.561	0.804	0.596	0.851	0.736	0.681	0.694	0.560	0.710	0.693	0.673	0.690	0.741	0.824	0.697	0.823	0.692	0.447	0.616	0.623	0.691	0.598	0.582	0.583	0.483	0.662	0.637	0.635	0.592	0.603	0.601
63:01:01	26.7	0.766	0.654	0.665	0.575	0.650	0.551	0.615	0.635	0.728	0.660	0.631	0.706	0.580	0.571	0.631	0.632	0.052	0.616	0.640	0.636	0.670	0.663	0.593	0.695	0.572	0.693	0.699	0.644	0.612	0.673	0.623	0.272	0.757	0.660	0.669	0.648	0.582	0.754	0.694	0.702	0.627	0.721	0.746	0.834	0.859	0.762	0.662	0.815	0.603	0.695	0.659	0.709	0.651	0.747	0.795	0.766	0.754	0.869	0.690	0.660	0.600	0.597	0.738	0.717	0.741	0.780	0.765	0.651	0.848	0.668	0.695	0.666	0.544	0.663	0.696	0.673	0.698	0.695	0.788	0.699	0.775	0.715	0.449	0.617	0.610	0.578	0.575	0.578	0.657	0.476	0.723	0.610	0.625	0.604	0.572	0.673
64:01:02	27.3	0.843	0.653	0.677	0.574	0.640	0.556	0.621	0.632	0.723	0.660	0.634	0.711	0.570	0.566	0.635	0.624	0.052	0.611	0.639	0.621	0.676	0.641	0.603	0.687	0.573	0.690	0.708	0.632	0.608	0.640	0.593	0.291	0.762	0.659	0.675	0.688	0.648	0.773	0.685	0.692	0.628	0.678	0.736	0.807	0.864	0.756	0.643	0.735	0.607	0.693	0.677	0.702	0.658	0.766	0.809	0.743	0.710	0.864	0.678	0.633	0.603	0.601	0.718	0.695	0.760	0.592	0.826	0.615	0.836	0.705	0.669	0.692	0.621	0.724	0.752	0.609	0.729	0.713	0.785	0.687	0.811	0.720	0.445	0.663	0.621	0.594	0.586	0.580	0.584	0.479	0.707	0.615	0.631	0.609	0.582	0.769
65:01:02	27.9	0.847	0.646	0.671	0.556	0.634	0.560	0.624	0.635	0.716	0.663	0.637	0.753	0.596	0.564	0.630	0.625	0.052	0.619	0.653	0.633	0.680	0.625	0.586	0.664	0.602	0.724	0.680	0.655	0.602	0.671	0.601	0.332	0.769	0.677	0.662	0.662	0.635	0.710	0.698	0.704	0.613	0.634	0.723	0.823	0.862	0.774	0.653	0.766	0.616	0.715	0.637	0.704	0.676	0.728	0.813	0.700	0.709	0.848	0.644	0.607	0.609	0.626	0.698	0.720	0.769	0.695	0.792	0.626	0.850	0.696	0.638	0.646	0.585	0.721	0.643	0.718	0.735	0.724	0.815	0.733	0.826	0.686	0.441	0.646	0.603	0.608	0.574	0.567	0.647	0.475	0.639	0.636	0.655	0.614	0.586	0.768
66:01:02	28.5	0.869	0.630	0.664	0.541	0.630	0.561	0.629	0.627	0.699	0.663	0.636	0.764	0.580	0.557	0.615	0.618	0.051	0.621	0.651	0.618	0.695	0.625	0.592	0.679	0.581	0.689	0.697	0.688	0.589	0.665	0.613	0.360	0.785	0.660	0.647	0.668	0.683	0.694	0.667	0.721	0.601	0.656	0.740	0.779	0.840	0.748	0.628	0.705	0.612	0.698	0.686	0.650	0.628	0.730	0.797	0.703	0.710	0.844	0.664	0.610	0.607	0.612	0.691	0.692	0.786	0.619	0.733	0.603	0.820	0.708	0.668	0.659	0.553	0.689	0.705	0.749	0.684	0.713	0.747	0.679	0.811	0.717	0.447	0.609	0.609	0.600	0.572	0.612	0.575	0.470	0.671	0.634	0.627	0.606	0.600	0.785
67:01:04	29.1	0.756	0.623	0.675	0.536	0.630	0.557	0.622	0.629	0.699	0.664	0.628	0.803	0.579	0.583	0.624	0.624	0.051	0.610	0.653	0.621	0.789	0.648	0.584	0.694	0.599	0.704	0.692	0.682	0.580	0.688	0.611	0.393	0.830	0.652	0.654	0.745	0.587	0.696	0.662	0.699	0.596	0.720	0.727	0.811	0.840	0.746	0.638	0.714	0.655	0.694	0.649	0.682	0.635	0.708	0.780	0.676	0.722	0.807	0.679	0.577	0.623	0.638	0.729	0.699	0.742	0.647	0.790	0.587	0.814	0.685	0.670	0.743	0.567	0.716	0.692	0.699	0.687	0.683	0.786	0.669	0.789	0.681	0.442	0.813	0.632	0.590	0.579	0.550	0.582	0.462	0.738	0.630	0.609	0.587	0.605	0.910
68:01:05	29.6	0.740	0.622	0.674	0.540	0.620	0.557	0.612	0.625	0.679	0.667	0.628	0.810	0.587	0.639	0.626	0.633	0.051	0.623	0.669	0.625	0.741	0.617	0.588	0.684	0.590	0.694	0.683	0.676	0.612	0.644	0.639	0.421	0.816	0.683	0.656	0.657	0.579	0.704	0.709	0.700	0.594	0.646	0.721	0.759	0.844	0.745	0.635	0.815	0.653	0.695	0.685	0.692	0.662	0.721	0.777	0.677	0.725	0.844	0.670	0.584	0.610	0.608	0.760	0.707	0.778	0.664	0.779	0.601	0.783	0.702	0.666	0.659	0.568	0.702	0.737	0.727	0.639	0.668	0.782	0.742	0.782	0.682	0.442	1.038	0.621	0.596	0.595	0.608	0.605	0.462	0.695	0.602	0.616	0.624	0.610	1.057
69:01:06	30.1	0.690	0.615	0.669	0.528	0.622	0.556	0.604	0.621	0.668	0.666	0.628	0.850	0.609	0.590	0.639	0.611	0.050	0.630	0.653	0.611	0.745	0.613	0.587	0.684	0.593	0.683	0.682	0.679	0.597	0.695	0.611	0.457	0.853	0.672	0.674	0.671	0.601	0.713	0.647	0.720	0.584	0.677	0.738	0.796	0.860	0.732	0.622	0.852	0.654	0.690	0.620	0.662	0.672	0.702	0.778	0.666	0.735	0.850	0.608	0.564	0.613	0.616	0.703	0.697	0.767	0.636	0.750	0.617	0.756	0.690	0.721	0.691	0.574	0.742	0.765	0.729	0.697	0.709	0.763	0.664	0.800	0.664	0.441	0.932	0.583	0.578	0.581	0.558	0.615	0.457	0.659	0.583	0.603	0.633	0.661	0.956
70:01:07	30.5	0.602	0.611	0.667	0.529	0.616	0.552	0.605	0.621	0.671	0.661	0.625	0.891	0.680	0.556	0.627	0.637	0.050	0.607	0.630	0.613	0.747	0.623	0.596	0.743	0.594	0.696	0.695	0.598	0.596	0.752	0.673	0.470	0.786	0.649	0.668	0.693	0.587	0.709	0.677	0.692	0.584	0.664	0.726	0.769	0.856	0.728	0.629	0.750	0.594	0.692	0.740	0.678	0.627	0.699	0.763	0.687	0.704	0.839	0.614	0.634	0.638	0.597	0.703	0.718	0.767	0.637	0.749	0.633	0.764	0.695	0.668	0.662	0.578	0.740	0.669	0.708	0.652	0.673	0.772	0.690	0.808	0.708	0.449	0.908	0.603	0.607	0.610	0.553	0.575	0.454	0.626	0.607	0.595	0.595	0.634	0.801
71:01:08	30.5	0.546	0.620	0.676	0.529	0.616	0.546	0.608	0.616	0.659	0.660	0.625	1.019	0.693	0.559	0.623	0.613	0.050	0.600	0.625	0.613	0.736	0.621	0.605	0.656	0.580	0.683	0.705	0.597	0.602	0.695	0.599	0.499	0.780	0.668	0.672	0.806	0.583	0.690	0.687	0.744	0.563	0.683	0.689	0.776	0.831	0.727	0.629	0.851	0.577	0.706	0.633	0.682	0.642	0.709	0.755	0.671	0.708	0.859	0.622	0.600	0.646	0.596	0.721	0.696	0.742	0.641	0.747	0.597	0.712	0.727	0.678	0.639	0.577	0.760	0.737	0.728	0.666	0.635	0.784	0.692	0.820	0.715	0.462	1.067	0.635	0.574	0.594	0.556	0.595	0.452	0.664	0.594	0.601	0.623	0.639	0.974
72:01:10	30.5	0.590	0.616	0.678	0.530	0.619	0.546	0.593	0.616	0.650	0.651	0.616	1.005	0.789	0.570	0.633	0.621	0.050	0.599	0.639	0.609	0.706	0.617	0.595	0.707	0.602	0.705	0.710	0.647	0.609	0.644	0.593	0.545	0.824	0.666	0.687	0.774	0.596	0.691	0.668	0.733	0.556	0.647	0.718	0.769	0.812	0.728	0.596	0.805	0.611	0.674	0.670	0.673	0.666	0.717	0.719	0.659	0.719	0.830	0.653	0.625	0.641	0.601	0.692	0.693	0.746	0.643	0.782	0.604	0.736	0.719	0.653	0.628	0.563	0.701	0.650	0.662	0.686	0.664	0.797	0.708	0.817	0.697	0.489	1.087	0.622	0.585	0.594	0.555	0.566	0.448	0.607	0.594	0.574	0.666	0.618	0.573

