Time	T° 600	A1	A2	A3	A4	A5	A6	A7	A8	A9	A10	A11	A12	B1	B2	B3	B4	B5	B6	B7	B8	B9	B10	B11	B12	C1	C2	C3	C4	C5	C6	C7	C8	C9	C10	C11	C12	D1	D2	D3	D4	D5	D6	D7	D8	D9	D10	D11	D12	E1	E2	E3	E4	E5	E6	E7	E8	E9	E10	E11	E12	F1	F2	F3	F4	F5	F6	F7	F8	F9	F10	F11	F12	G1	G2	G3	G4	G5	G6	G7	G8	G9	G10	G11	G12	H1	H2	H3	H4	H5	H6	H7	H8	H9	H10	H11	H12
0:00:06	24.9	0.043	0.044	0.046	0.046	0.045	0.046	0.047	0.043	0.046	0.044	0.046	0.058	0.043	0.043	0.043	0.046	0.045	0.049	0.043	0.043	0.045	0.046	0.043	0.046	0.042	0.043	0.043	0.043	0.043	0.046	0.043	0.046	0.047	0.047	0.045	0.046	0.043	0.042	0.043	0.044	0.044	0.046	0.045	0.064	0.046	0.048	0.043	0.045	0.043	0.045	0.050	0.044	0.047	0.047	0.044	0.045	0.044	0.043	0.044	0.043	0.045	0.044	0.048	0.045	0.044	0.045	0.046	0.050	0.045	0.043	0.043	0.042	0.045	0.045	0.047	0.045	0.044	0.044	0.045	0.044	0.046	0.044	0.064	0.043	0.044	0.047	0.043	0.044	0.044	0.043	0.045	0.045	0.048	0.048	0.046	0.049
1:00:00	24.9	0.043	0.044	0.047	0.046	0.045	0.046	0.046	0.043	0.045	0.044	0.047	0.061	0.043	0.043	0.043	0.046	0.045	0.049	0.043	0.044	0.045	0.047	0.050	0.046	0.043	0.043	0.043	0.043	0.043	0.046	0.043	0.046	0.047	0.048	0.044	0.046	0.043	0.043	0.043	0.044	0.044	0.046	0.045	0.066	0.046	0.048	0.043	0.046	0.043	0.045	0.049	0.044	0.047	0.046	0.044	0.045	0.044	0.044	0.044	0.045	0.045	0.044	0.048	0.045	0.044	0.044	0.047	0.049	0.045	0.044	0.044	0.043	0.045	0.045	0.047	0.045	0.044	0.044	0.046	0.045	0.046	0.044	0.066	0.043	0.044	0.047	0.043	0.045	0.044	0.044	0.045	0.046	0.048	0.048	0.046	0.053
2:00:02	24.9	0.044	0.044	0.047	0.046	0.045	0.046	0.046	0.043	0.046	0.044	0.047	0.062	0.043	0.043	0.043	0.046	0.046	0.050	0.043	0.044	0.045	0.047	0.048	0.047	0.043	0.043	0.043	0.043	0.043	0.046	0.043	0.046	0.048	0.048	0.045	0.046	0.043	0.043	0.044	0.045	0.044	0.046	0.045	0.059	0.046	0.048	0.044	0.046	0.044	0.044	0.049	0.044	0.047	0.047	0.044	0.045	0.044	0.044	0.044	0.050	0.045	0.045	0.048	0.045	0.044	0.044	0.047	0.049	0.046	0.044	0.044	0.043	0.046	0.045	0.048	0.045	0.044	0.044	0.046	0.045	0.046	0.045	0.068	0.044	0.045	0.048	0.044	0.045	0.044	0.044	0.045	0.046	0.048	0.048	0.047	0.057
3:00:03	25.0	0.044	0.045	0.047	0.048	0.046	0.047	0.046	0.043	0.046	0.044	0.048	0.059	0.044	0.044	0.044	0.047	0.046	0.050	0.044	0.044	0.046	0.047	0.050	0.047	0.043	0.044	0.043	0.043	0.044	0.046	0.044	0.046	0.048	0.048	0.045	0.047	0.044	0.043	0.044	0.045	0.045	0.046	0.045	0.062	0.047	0.049	0.045	0.048	0.044	0.045	0.049	0.045	0.047	0.048	0.045	0.045	0.045	0.044	0.045	0.051	0.046	0.045	0.049	0.046	0.044	0.045	0.048	0.049	0.046	0.045	0.045	0.044	0.046	0.046	0.048	0.046	0.045	0.045	0.046	0.045	0.047	0.045	0.064	0.044	0.045	0.048	0.044	0.045	0.044	0.045	0.046	0.046	0.049	0.049	0.047	0.058
4:00:02	25.0	0.045	0.045	0.048	0.048	0.046	0.047	0.048	0.044	0.046	0.045	0.048	0.057	0.045	0.044	0.045	0.047	0.047	0.051	0.044	0.045	0.047	0.048	0.051	0.048	0.044	0.045	0.044	0.044	0.045	0.047	0.045	0.047	0.049	0.049	0.047	0.048	0.044	0.044	0.045	0.046	0.046	0.047	0.046	0.062	0.047	0.049	0.045	0.048	0.045	0.046	0.050	0.045	0.048	0.048	0.046	0.045	0.045	0.045	0.045	0.053	0.046	0.046	0.049	0.047	0.045	0.045	0.048	0.049	0.047	0.046	0.046	0.045	0.047	0.047	0.049	0.046	0.045	0.045	0.047	0.044	0.047	0.046	0.063	0.045	0.046	0.049	0.046	0.045	0.045	0.045	0.046	0.048	0.050	0.050	0.048	0.057
5:00:05	25.2	0.048	0.047	0.050	0.050	0.048	0.050	0.050	0.046	0.047	0.047	0.050	0.057	0.047	0.047	0.047	0.049	0.049	0.053	0.047	0.047	0.048	0.050	0.052	0.050	0.046	0.046	0.046	0.046	0.046	0.049	0.047	0.049	0.051	0.050	0.048	0.050	0.047	0.046	0.047	0.048	0.048	0.049	0.046	0.066	0.050	0.051	0.048	0.050	0.047	0.048	0.052	0.048	0.049	0.050	0.048	0.048	0.047	0.047	0.047	0.054	0.048	0.048	0.051	0.049	0.047	0.046	0.050	0.051	0.049	0.048	0.048	0.047	0.049	0.049	0.051	0.049	0.047	0.048	0.049	0.045	0.049	0.047	0.064	0.047	0.048	0.051	0.047	0.046	0.047	0.047	0.048	0.049	0.052	0.052	0.050	0.059
6:00:05	25.2	0.050	0.048	0.052	0.052	0.051	0.052	0.051	0.048	0.047	0.049	0.053	0.054	0.049	0.048	0.049	0.051	0.051	0.055	0.049	0.049	0.051	0.052	0.053	0.052	0.048	0.047	0.048	0.048	0.048	0.051	0.049	0.051	0.053	0.051	0.050	0.051	0.048	0.047	0.049	0.050	0.050	0.050	0.047	0.064	0.051	0.053	0.049	0.052	0.048	0.051	0.054	0.050	0.051	0.052	0.049	0.050	0.049	0.049	0.049	0.057	0.050	0.051	0.053	0.051	0.049	0.046	0.052	0.053	0.052	0.050	0.050	0.050	0.051	0.051	0.053	0.051	0.050	0.049	0.051	0.045	0.051	0.049	0.065	0.050	0.049	0.053	0.049	0.046	0.048	0.049	0.050	0.051	0.054	0.053	0.051	0.059
7:00:06	25.2	0.055	0.051	0.056	0.057	0.055	0.057	0.057	0.053	0.048	0.054	0.058	0.056	0.053	0.053	0.053	0.056	0.057	0.060	0.054	0.054	0.056	0.056	0.054	0.058	0.051	0.050	0.053	0.052	0.053	0.055	0.054	0.056	0.059	0.052	0.054	0.055	0.053	0.050	0.054	0.055	0.055	0.055	0.048	0.062	0.056	0.056	0.053	0.057	0.052	0.055	0.059	0.054	0.054	0.057	0.054	0.055	0.053	0.052	0.052	0.060	0.054	0.056	0.057	0.056	0.054	0.048	0.057	0.058	0.056	0.054	0.053	0.056	0.056	0.056	0.058	0.055	0.054	0.055	0.056	0.045	0.056	0.052	0.066	0.054	0.052	0.057	0.053	0.046	0.049	0.053	0.053	0.055	0.058	0.057	0.056	0.064
8:00:09	25.1	0.065	0.053	0.063	0.065	0.063	0.066	0.067	0.061	0.048	0.062	0.069	0.053	0.062	0.062	0.062	0.063	0.068	0.069	0.063	0.063	0.067	0.066	0.066	0.069	0.059	0.052	0.062	0.060	0.060	0.064	0.063	0.064	0.069	0.055	0.060	0.064	0.061	0.054	0.063	0.064	0.065	0.063	0.049	0.064	0.065	0.061	0.059	0.066	0.058	0.063	0.068	0.062	0.058	0.066	0.063	0.064	0.060	0.058	0.060	0.067	0.060	0.065	0.064	0.066	0.065	0.048	0.067	0.068	0.066	0.062	0.061	0.069	0.064	0.065	0.066	0.065	0.063	0.064	0.066	0.045	0.064	0.056	0.069	0.062	0.058	0.063	0.060	0.046	0.052	0.060	0.061	0.062	0.067	0.065	0.064	0.071
9:00:09	25.1	0.086	0.059	0.077	0.082	0.080	0.086	0.089	0.082	0.048	0.079	0.092	0.051	0.079	0.077	0.081	0.079	0.090	0.090	0.084	0.083	0.089	0.086	0.087	0.093	0.073	0.059	0.078	0.074	0.075	0.081	0.083	0.081	0.088	0.058	0.074	0.084	0.079	0.063	0.081	0.082	0.087	0.080	0.049	0.065	0.083	0.073	0.071	0.085	0.071	0.078	0.086	0.077	0.067	0.085	0.081	0.082	0.076	0.069	0.074	0.080	0.073	0.082	0.077	0.086	0.086	0.050	0.085	0.088	0.086	0.078	0.075	0.095	0.080	0.082	0.082	0.084	0.082	0.084	0.086	0.045	0.081	0.065	0.074	0.079	0.068	0.076	0.076	0.046	0.055	0.074	0.077	0.076	0.084	0.082	0.081	0.089
10:00:09	25.1	0.116	0.069	0.101	0.108	0.108	0.117	0.120	0.115	0.048	0.109	0.126	0.053	0.107	0.099	0.109	0.105	0.122	0.122	0.117	0.113	0.123	0.119	0.119	0.128	0.099	0.072	0.104	0.099	0.100	0.110	0.112	0.107	0.118	0.064	0.101	0.117	0.110	0.083	0.109	0.110	0.117	0.112	0.051	0.064	0.116	0.091	0.095	0.116	0.095	0.101	0.114	0.103	0.083	0.115	0.109	0.108	0.104	0.091	0.099	0.107	0.097	0.108	0.102	0.113	0.116	0.054	0.114	0.120	0.117	0.103	0.104	0.130	0.106	0.106	0.107	0.113	0.113	0.112	0.115	0.045	0.109	0.083	0.086	0.107	0.085	0.098	0.103	0.046	0.062	0.098	0.105	0.103	0.112	0.111	0.112	0.119
11:00:10	25.0	0.139	0.087	0.126	0.135	0.135	0.146	0.142	0.147	0.048	0.137	0.151	0.051	0.130	0.115	0.135	0.129	0.152	0.149	0.147	0.141	0.150	0.154	0.142	0.150	0.122	0.095	0.126	0.123	0.125	0.136	0.139	0.127	0.144	0.077	0.130	0.148	0.139	0.111	0.133	0.132	0.141	0.142	0.052	0.069	0.141	0.125	0.120	0.147	0.122	0.120	0.136	0.129	0.103	0.141	0.136	0.129	0.135	0.117	0.130	0.146	0.126	0.128	0.128	0.135	0.143	0.060	0.143	0.152	0.143	0.129	0.135	0.163	0.129	0.127	0.128	0.139	0.141	0.137	0.144	0.045	0.141	0.110	0.109	0.135	0.115	0.126	0.127	0.046	0.073	0.126	0.136	0.133	0.141	0.143	0.144	0.149
12:00:12	24.9	0.161	0.108	0.150	0.161	0.163	0.171	0.161	0.173	0.049	0.162	0.172	0.052	0.152	0.127	0.159	0.150	0.179	0.170	0.177	0.167	0.174	0.187	0.162	0.171	0.141	0.116	0.150	0.144	0.148	0.160	0.162	0.142	0.165	0.101	0.158	0.173	0.162	0.135	0.154	0.152	0.164	0.170	0.053	0.068	0.162	0.156	0.147	0.179	0.145	0.134	0.152	0.152	0.123	0.165	0.161	0.145	0.165	0.145	0.157	0.181	0.148	0.144	0.153	0.153	0.165	0.070	0.172	0.181	0.173	0.152	0.165	0.196	0.148	0.142	0.144	0.163	0.168	0.158	0.168	0.046	0.168	0.137	0.138	0.160	0.135	0.149	0.150	0.046	0.090	0.152	0.163	0.162	0.166	0.171	0.173	0.173
13:00:13	24.9	0.179	0.128	0.177	0.188	0.193	0.197	0.178	0.201	0.049	0.185	0.190	0.051	0.172	0.139	0.183	0.170	0.206	0.193	0.206	0.194	0.197	0.214	0.180	0.189	0.159	0.131	0.172	0.166	0.172	0.184	0.186	0.156	0.189	0.127	0.185	0.198	0.181	0.158	0.172	0.170	0.185	0.197	0.055	0.074	0.181	0.187	0.174	0.211	0.169	0.147	0.166	0.179	0.138	0.192	0.190	0.162	0.190	0.176	0.180	0.222	0.171	0.162	0.183	0.173	0.185	0.083	0.204	0.209	0.204	0.175	0.200	0.231	0.166	0.157	0.163	0.187	0.198	0.181	0.191	0.046	0.192	0.161	0.170	0.183	0.152	0.166	0.172	0.047	0.109	0.178	0.187	0.190	0.190	0.197	0.202	0.195
14:00:15	24.8	0.195	0.143	0.205	0.217	0.230	0.225	0.198	0.227	0.049	0.202	0.208	0.052	0.193	0.150	0.207	0.194	0.237	0.218	0.239	0.222	0.221	0.234	0.197	0.207	0.175	0.146	0.193	0.189	0.198	0.211	0.214	0.172	0.212	0.158	0.213	0.218	0.200	0.180	0.193	0.192	0.212	0.236	0.058	0.078	0.205	0.207	0.209	0.231	0.191	0.160	0.180	0.208	0.152	0.219	0.221	0.176	0.213	0.209	0.196	0.269	0.195	0.179	0.215	0.192	0.205	0.101	0.244	0.239	0.238	0.201	0.234	0.248	0.186	0.173	0.179	0.212	0.233	0.204	0.214	0.046	0.219	0.186	0.209	0.201	0.165	0.182	0.191	0.047	0.126	0.206	0.209	0.218	0.213	0.218	0.224	0.205
15:00:14	24.9	0.203	0.158	0.232	0.245	0.260	0.246	0.206	0.245	0.049	0.213	0.211	0.049	0.201	0.158	0.224	0.211	0.266	0.237	0.265	0.239	0.236	0.250	0.205	0.210	0.185	0.160	0.207	0.206	0.220	0.231	0.233	0.186	0.227	0.183	0.233	0.234	0.215	0.200	0.210	0.208	0.228	0.262	0.058	0.093	0.220	0.254	0.230	0.252	0.206	0.170	0.193	0.235	0.165	0.240	0.255	0.188	0.230	0.237	0.214	0.288	0.217	0.194	0.248	0.210	0.223	0.119	0.276	0.269	0.269	0.223	0.264	0.273	0.197	0.186	0.191	0.232	0.254	0.221	0.235	0.047	0.244	0.213	0.252	0.216	0.184	0.197	0.206	0.047	0.149	0.230	0.227	0.242	0.232	0.238	0.246	0.214
16:00:15	25.0	0.214	0.172	0.258	0.269	0.289	0.269	0.218	0.264	0.049	0.226	0.220	0.050	0.210	0.165	0.240	0.226	0.292	0.256	0.293	0.259	0.254	0.260	0.214	0.221	0.192	0.169	0.222	0.225	0.248	0.251	0.254	0.200	0.247	0.208	0.251	0.246	0.225	0.217	0.226	0.224	0.247	0.295	0.059	0.089	0.234	0.285	0.251	0.266	0.221	0.178	0.207	0.261	0.178	0.270	0.289	0.201	0.246	0.259	0.225	0.313	0.235	0.207	0.278	0.227	0.240	0.135	0.309	0.295	0.299	0.243	0.290	0.284	0.208	0.199	0.203	0.255	0.276	0.240	0.254	0.046	0.270	0.239	0.282	0.227	0.196	0.208	0.217	0.047	0.182	0.251	0.244	0.265	0.250	0.255	0.261	0.222
17:00:16	24.9	0.221	0.184	0.281	0.294	0.326	0.297	0.240	0.281	0.049	0.237	0.241	0.051	0.228	0.177	0.259	0.247	0.319	0.281	0.327	0.284	0.275	0.269	0.224	0.235	0.204	0.181	0.239	0.248	0.272	0.276	0.275	0.213	0.267	0.237	0.271	0.255	0.242	0.237	0.245	0.243	0.269	0.330	0.062	0.103	0.255	0.296	0.274	0.275	0.240	0.194	0.221	0.287	0.193	0.298	0.318	0.215	0.259	0.276	0.231	0.325	0.253	0.222	0.312	0.244	0.260	0.152	0.344	0.321	0.328	0.266	0.311	0.293	0.221	0.211	0.219	0.275	0.310	0.261	0.273	0.046	0.289	0.263	0.304	0.234	0.202	0.218	0.235	0.047	0.215	0.272	0.265	0.282	0.269	0.264	0.272	0.230
18:00:16	24.3	0.229	0.196	0.296	0.299	0.338	0.304	0.248	0.286	0.050	0.247	0.239	0.049	0.233	0.183	0.273	0.262	0.334	0.293	0.338	0.291	0.281	0.280	0.231	0.239	0.212	0.188	0.250	0.259	0.289	0.286	0.286	0.225	0.276	0.255	0.285	0.270	0.249	0.246	0.257	0.256	0.281	0.343	0.063	0.109	0.262	0.328	0.285	0.292	0.244	0.199	0.230	0.306	0.200	0.310	0.340	0.226	0.273	0.289	0.245	0.349	0.268	0.231	0.332	0.255	0.271	0.160	0.363	0.334	0.348	0.280	0.332	0.310	0.227	0.220	0.228	0.286	0.323	0.267	0.289	0.046	0.311	0.290	0.325	0.243	0.213	0.227	0.246	0.047	0.234	0.289	0.280	0.295	0.277	0.277	0.285	0.239
19:00:17	23.9	0.226	0.205	0.299	0.307	0.339	0.304	0.252	0.289	0.050	0.249	0.240	0.050	0.234	0.188	0.279	0.266	0.341	0.301	0.344	0.298	0.284	0.285	0.234	0.242	0.217	0.193	0.256	0.265	0.302	0.292	0.291	0.230	0.281	0.271	0.293	0.273	0.252	0.256	0.261	0.263	0.285	0.350	0.065	0.107	0.269	0.338	0.293	0.293	0.249	0.205	0.234	0.314	0.210	0.321	0.343	0.234	0.281	0.296	0.252	0.341	0.275	0.233	0.349	0.260	0.280	0.164	0.377	0.338	0.361	0.290	0.339	0.311	0.229	0.224	0.232	0.293	0.330	0.269	0.293	0.047	0.319	0.307	0.337	0.248	0.217	0.234	0.253	0.047	0.252	0.293	0.282	0.296	0.281	0.283	0.289	0.248
20:00:21	23.6	0.221	0.211	0.303	0.310	0.338	0.309	0.253	0.284	0.050	0.245	0.241	0.050	0.234	0.190	0.281	0.266	0.342	0.307	0.345	0.298	0.284	0.287	0.233	0.239	0.217	0.201	0.259	0.266	0.309	0.296	0.294	0.232	0.288	0.289	0.297	0.270	0.253	0.261	0.265	0.263	0.285	0.357	0.067	0.116	0.270	0.341	0.294	0.291	0.250	0.208	0.237	0.318	0.220	0.326	0.350	0.235	0.284	0.297	0.256	0.338	0.279	0.236	0.362	0.258	0.283	0.171	0.385	0.339	0.361	0.290	0.334	0.304	0.230	0.226	0.235	0.297	0.334	0.268	0.292	0.046	0.322	0.315	0.338	0.249	0.219	0.235	0.256	0.047	0.272	0.293	0.285	0.295	0.280	0.283	0.286	0.252
21:00:19	23.3	0.216	0.212	0.300	0.308	0.342	0.306	0.251	0.281	0.050	0.237	0.240	0.049	0.235	0.191	0.280	0.267	0.344	0.309	0.349	0.302	0.285	0.285	0.231	0.236	0.218	0.203	0.259	0.270	0.311	0.296	0.295	0.232	0.287	0.299	0.301	0.267	0.251	0.262	0.262	0.264	0.285	0.360	0.069	0.116	0.271	0.339	0.293	0.290	0.250	0.209	0.238	0.321	0.230	0.328	0.348	0.235	0.286	0.293	0.254	0.331	0.279	0.236	0.369	0.259	0.281	0.178	0.397	0.341	0.356	0.289	0.334	0.301	0.230	0.225	0.235	0.293	0.330	0.265	0.290	0.046	0.321	0.318	0.336	0.247	0.218	0.233	0.256	0.047	0.287	0.290	0.282	0.291	0.274	0.278	0.281	0.251
22:00:21	23.3	0.214	0.211	0.297	0.301	0.328	0.306	0.247	0.277	0.050	0.235	0.237	0.048	0.228	0.189	0.277	0.264	0.339	0.305	0.350	0.295	0.279	0.281	0.226	0.231	0.214	0.203	0.256	0.270	0.310	0.294	0.295	0.231	0.286	0.303	0.296	0.261	0.247	0.260	0.260	0.262	0.281	0.360	0.071	0.117	0.270	0.334	0.287	0.280	0.245	0.207	0.236	0.320	0.232	0.323	0.340	0.232	0.286	0.289	0.250	0.313	0.274	0.236	0.370	0.255	0.277	0.185	0.388	0.339	0.351	0.284	0.330	0.293	0.228	0.223	0.232	0.287	0.328	0.260	0.287	0.046	0.308	0.308	0.330	0.241	0.215	0.229	0.251	0.047	0.299	0.286	0.275	0.287	0.268	0.274	0.273	0.246
23:00:22	23.2	0.218	0.211	0.295	0.299	0.321	0.306	0.243	0.271	0.050	0.232	0.231	0.046	0.231	0.190	0.271	0.263	0.338	0.305	0.345	0.298	0.278	0.277	0.221	0.228	0.214	0.205	0.252	0.267	0.312	0.294	0.293	0.227	0.286	0.303	0.291	0.257	0.246	0.258	0.259	0.260	0.276	0.363	0.073	0.117	0.267	0.332	0.286	0.270	0.242	0.205	0.236	0.319	0.235	0.319	0.338	0.232	0.284	0.287	0.251	0.312	0.270	0.234	0.370	0.258	0.275	0.192	0.394	0.334	0.348	0.283	0.323	0.285	0.228	0.220	0.233	0.284	0.324	0.259	0.286	0.046	0.302	0.304	0.325	0.238	0.209	0.227	0.244	0.047	0.310	0.284	0.267	0.283	0.264	0.270	0.269	0.246
24:00:21	23.1	0.220	0.214	0.294	0.299	0.317	0.296	0.242	0.273	0.050	0.233	0.224	0.049	0.228	0.188	0.268	0.261	0.334	0.299	0.343	0.298	0.274	0.273	0.219	0.228	0.212	0.202	0.248	0.264	0.311	0.288	0.287	0.226	0.279	0.298	0.287	0.257	0.242	0.255	0.254	0.260	0.272	0.354	0.074	0.118	0.262	0.325	0.281	0.264	0.238	0.203	0.233	0.316	0.233	0.311	0.333	0.232	0.280	0.282	0.247	0.296	0.265	0.236	0.365	0.255	0.272	0.202	0.391	0.324	0.341	0.277	0.319	0.277	0.222	0.216	0.228	0.277	0.315	0.257	0.282	0.046	0.292	0.296	0.317	0.235	0.206	0.224	0.241	0.047	0.313	0.280	0.260	0.277	0.259	0.267	0.262	0.240
25:00:22	23.1	0.215	0.211	0.283	0.292	0.301	0.283	0.238	0.267	0.050	0.221	0.220	0.048	0.219	0.187	0.263	0.260	0.328	0.294	0.334	0.288	0.267	0.266	0.218	0.225	0.206	0.199	0.245	0.261	0.304	0.282	0.283	0.223	0.274	0.295	0.283	0.248	0.238	0.254	0.252	0.257	0.268	0.349	0.076	0.119	0.259	0.317	0.276	0.258	0.233	0.201	0.230	0.308	0.231	0.303	0.327	0.229	0.277	0.280	0.241	0.283	0.260	0.233	0.357	0.252	0.271	0.208	0.387	0.316	0.339	0.272	0.311	0.273	0.219	0.213	0.225	0.272	0.310	0.250	0.281	0.046	0.287	0.289	0.311	0.230	0.203	0.220	0.233	0.047	0.314	0.271	0.256	0.271	0.252	0.262	0.258	0.236
26:00:24	22.8	0.208	0.204	0.281	0.279	0.300	0.270	0.234	0.254	0.050	0.216	0.217	0.047	0.215	0.185	0.260	0.254	0.322	0.292	0.330	0.287	0.266	0.266	0.215	0.219	0.204	0.196	0.244	0.260	0.302	0.278	0.279	0.225	0.273	0.290	0.278	0.244	0.232	0.248	0.251	0.257	0.266	0.345	0.078	0.119	0.255	0.312	0.270	0.253	0.227	0.198	0.226	0.304	0.228	0.299	0.319	0.228	0.273	0.277	0.238	0.278	0.251	0.229	0.359	0.248	0.266	0.215	0.387	0.310	0.334	0.266	0.303	0.266	0.214	0.210	0.220	0.269	0.309	0.249	0.274	0.046	0.279	0.286	0.301	0.227	0.200	0.217	0.226	0.047	0.305	0.263	0.249	0.267	0.245	0.258	0.251	0.233
27:00:24	22.7	0.209	0.199	0.275	0.276	0.288	0.263	0.231	0.252	0.050	0.213	0.213	0.047	0.218	0.183	0.257	0.256	0.317	0.290	0.329	0.285	0.262	0.263	0.212	0.218	0.204	0.195	0.240	0.255	0.303	0.272	0.278	0.224	0.276	0.288	0.274	0.241	0.230	0.246	0.248	0.257	0.261	0.342	0.080	0.124	0.256	0.305	0.267	0.250	0.225	0.197	0.222	0.299	0.225	0.296	0.316	0.227	0.271	0.275	0.237	0.275	0.248	0.227	0.355	0.249	0.261	0.223	0.380	0.307	0.329	0.264	0.297	0.264	0.212	0.208	0.219	0.263	0.307	0.246	0.268	0.046	0.274	0.278	0.296	0.225	0.197	0.214	0.224	0.047	0.302	0.254	0.244	0.262	0.238	0.254	0.247	0.226
28:00:25	22.6	0.206	0.195	0.273	0.276	0.285	0.255	0.225	0.246	0.051	0.209	0.209	0.048	0.217	0.181	0.252	0.255	0.309	0.284	0.319	0.280	0.257	0.259	0.210	0.214	0.202	0.194	0.238	0.252	0.300	0.269	0.273	0.221	0.275	0.281	0.269	0.237	0.227	0.243	0.247	0.252	0.257	0.337	0.082	0.122	0.253	0.299	0.264	0.245	0.221	0.195	0.219	0.292	0.221	0.295	0.309	0.224	0.265	0.273	0.234	0.269	0.242	0.226	0.352	0.248	0.260	0.229	0.381	0.300	0.322	0.260	0.292	0.258	0.210	0.207	0.216	0.258	0.301	0.245	0.263	0.047	0.269	0.273	0.290	0.221	0.194	0.213	0.223	0.047	0.297	0.252	0.239	0.259	0.233	0.251	0.241	0.225
29:00:27	22.8	0.205	0.191	0.263	0.273	0.278	0.250	0.224	0.243	0.051	0.205	0.206	0.049	0.215	0.181	0.253	0.255	0.307	0.280	0.316	0.276	0.255	0.254	0.207	0.211	0.200	0.194	0.236	0.251	0.302	0.264	0.270	0.219	0.271	0.275	0.265	0.234	0.223	0.242	0.243	0.250	0.253	0.335	0.083	0.130	0.252	0.291	0.260	0.241	0.219	0.194	0.217	0.285	0.223	0.294	0.303	0.225	0.262	0.268	0.229	0.263	0.237	0.224	0.346	0.248	0.255	0.233	0.371	0.294	0.316	0.255	0.287	0.251	0.206	0.206	0.214	0.255	0.301	0.242	0.256	0.047	0.263	0.266	0.284	0.218	0.193	0.212	0.218	0.047	0.292	0.246	0.236	0.255	0.229	0.247	0.237	0.220
30:00:28	22.9	0.204	0.195	0.262	0.272	0.271	0.251	0.217	0.238	0.051	0.202	0.203	0.048	0.213	0.180	0.253	0.255	0.303	0.275	0.315	0.273	0.250	0.251	0.205	0.209	0.201	0.196	0.233	0.248	0.299	0.260	0.268	0.219	0.268	0.272	0.262	0.230	0.220	0.240	0.240	0.248	0.250	0.330	0.085	0.126	0.248	0.285	0.257	0.234	0.216	0.194	0.214	0.280	0.224	0.293	0.300	0.219	0.259	0.267	0.226	0.258	0.231	0.223	0.340	0.244	0.252	0.240	0.369	0.287	0.313	0.253	0.281	0.247	0.203	0.204	0.213	0.251	0.295	0.236	0.251	0.047	0.258	0.260	0.280	0.213	0.188	0.208	0.215	0.047	0.286	0.240	0.233	0.251	0.226	0.243	0.233	0.215
31:00:30	22.8	0.194	0.190	0.256	0.269	0.263	0.249	0.213	0.229	0.051	0.198	0.200	0.048	0.211	0.178	0.248	0.255	0.302	0.272	0.310	0.269	0.246	0.246	0.204	0.207	0.196	0.191	0.231	0.245	0.296	0.257	0.263	0.213	0.262	0.267	0.259	0.228	0.217	0.236	0.235	0.243	0.244	0.326	0.088	0.138	0.246	0.281	0.256	0.231	0.211	0.190	0.210	0.274	0.221	0.284	0.295	0.216	0.258	0.264	0.224	0.256	0.227	0.219	0.329	0.239	0.247	0.242	0.360	0.280	0.301	0.246	0.273	0.244	0.200	0.201	0.209	0.245	0.288	0.233	0.249	0.047	0.253	0.255	0.278	0.210	0.186	0.205	0.211	0.047	0.281	0.236	0.227	0.246	0.223	0.241	0.229	0.212
32:00:30	22.7	0.194	0.191	0.254	0.274	0.256	0.248	0.213	0.225	0.051	0.198	0.201	0.049	0.208	0.177	0.246	0.257	0.300	0.269	0.313	0.268	0.242	0.243	0.206	0.207	0.196	0.189	0.229	0.242	0.297	0.253	0.260	0.210	0.260	0.267	0.255	0.227	0.215	0.233	0.233	0.237	0.244	0.319	0.091	0.133	0.247	0.277	0.256	0.227	0.209	0.188	0.209	0.268	0.219	0.281	0.291	0.216	0.256	0.265	0.223	0.259	0.224	0.216	0.324	0.238	0.245	0.243	0.355	0.275	0.296	0.244	0.268	0.242	0.198	0.199	0.207	0.243	0.283	0.229	0.247	0.047	0.250	0.252	0.275	0.208	0.182	0.203	0.212	0.047	0.277	0.231	0.225	0.243	0.221	0.239	0.227	0.210
33:00:30	22.5	0.198	0.184	0.256	0.279	0.250	0.254	0.211	0.220	0.051	0.209	0.200	0.047	0.208	0.176	0.245	0.258	0.297	0.269	0.310	0.267	0.241	0.241	0.209	0.208	0.194	0.189	0.227	0.240	0.297	0.252	0.259	0.209	0.261	0.264	0.254	0.226	0.210	0.230	0.233	0.237	0.241	0.316	0.095	0.129	0.244	0.274	0.256	0.226	0.207	0.186	0.208	0.265	0.217	0.277	0.287	0.213	0.258	0.264	0.221	0.247	0.221	0.213	0.313	0.235	0.245	0.244	0.348	0.272	0.291	0.244	0.264	0.240	0.195	0.198	0.206	0.241	0.285	0.225	0.248	0.047	0.247	0.249	0.273	0.206	0.179	0.201	0.208	0.047	0.279	0.228	0.222	0.246	0.219	0.234	0.223	0.207
34:00:31	22.2	0.185	0.180	0.250	0.275	0.247	0.251	0.205	0.221	0.051	0.195	0.195	0.046	0.203	0.175	0.242	0.257	0.293	0.270	0.311	0.264	0.241	0.240	0.203	0.202	0.191	0.187	0.228	0.240	0.294	0.252	0.257	0.207	0.261	0.261	0.249	0.221	0.208	0.226	0.230	0.235	0.239	0.314	0.099	0.133	0.239	0.269	0.252	0.223	0.205	0.183	0.207	0.267	0.216	0.278	0.282	0.210	0.252	0.260	0.219	0.245	0.219	0.210	0.313	0.232	0.234	0.245	0.345	0.265	0.287	0.238	0.260	0.234	0.192	0.196	0.203	0.237	0.279	0.225	0.244	0.046	0.245	0.241	0.267	0.203	0.177	0.198	0.203	0.047	0.268	0.222	0.219	0.242	0.216	0.233	0.222	0.205
35:00:32	22.1	0.189	0.181	0.244	0.265	0.239	0.243	0.205	0.216	0.051	0.203	0.196	0.047	0.205	0.174	0.239	0.257	0.293	0.268	0.311	0.263	0.238	0.238	0.206	0.203	0.191	0.185	0.226	0.237	0.295	0.248	0.253	0.206	0.259	0.260	0.248	0.222	0.205	0.225	0.229	0.233	0.235	0.306	0.102	0.129	0.237	0.266	0.252	0.221	0.204	0.183	0.207	0.263	0.216	0.275	0.284	0.210	0.254	0.258	0.216	0.241	0.217	0.209	0.311	0.232	0.234	0.245	0.337	0.262	0.281	0.237	0.256	0.232	0.189	0.197	0.203	0.237	0.277	0.222	0.243	0.047	0.244	0.240	0.268	0.201	0.173	0.196	0.205	0.047	0.268	0.222	0.218	0.243	0.215	0.231	0.220	0.205
36:00:34	22.0	0.182	0.181	0.241	0.248	0.238	0.236	0.201	0.215	0.051	0.193	0.193	0.045	0.202	0.173	0.241	0.256	0.290	0.268	0.308	0.263	0.238	0.235	0.200	0.202	0.189	0.185	0.224	0.236	0.294	0.247	0.254	0.207	0.259	0.259	0.247	0.219	0.202	0.223	0.225	0.231	0.232	0.303	0.105	0.131	0.233	0.262	0.247	0.219	0.200	0.182	0.206	0.263	0.216	0.274	0.283	0.209	0.251	0.254	0.214	0.236	0.214	0.207	0.306	0.229	0.229	0.244	0.336	0.257	0.279	0.235	0.252	0.227	0.187	0.195	0.202	0.235	0.274	0.220	0.239	0.046	0.242	0.237	0.266	0.199	0.171	0.195	0.200	0.046	0.257	0.216	0.213	0.241	0.214	0.228	0.216	0.201
37:00:37	21.8	0.184	0.182	0.236	0.256	0.240	0.237	0.200	0.214	0.051	0.194	0.191	0.046	0.204	0.173	0.242	0.255	0.289	0.267	0.305	0.262	0.238	0.235	0.199	0.201	0.191	0.185	0.223	0.234	0.294	0.245	0.252	0.206	0.261	0.257	0.245	0.218	0.200	0.221	0.225	0.231	0.230	0.299	0.108	0.128	0.231	0.257	0.246	0.217	0.200	0.183	0.206	0.264	0.215	0.273	0.286	0.209	0.252	0.252	0.213	0.235	0.212	0.207	0.304	0.228	0.231	0.242	0.336	0.257	0.277	0.233	0.249	0.226	0.186	0.196	0.202	0.234	0.271	0.220	0.238	0.046	0.240	0.234	0.264	0.197	0.170	0.194	0.199	0.047	0.256	0.215	0.211	0.239	0.211	0.226	0.214	0.198
38:00:34	21.7	0.184	0.184	0.231	0.238	0.235	0.231	0.198	0.213	0.051	0.187	0.190	0.047	0.202	0.172	0.240	0.252	0.288	0.266	0.304	0.261	0.238	0.234	0.195	0.198	0.189	0.184	0.221	0.232	0.292	0.243	0.251	0.208	0.261	0.257	0.243	0.215	0.198	0.220	0.224	0.229	0.229	0.293	0.112	0.144	0.234	0.255	0.243	0.216	0.198	0.181	0.204	0.262	0.216	0.275	0.287	0.208	0.250	0.250	0.211	0.231	0.211	0.206	0.303	0.226	0.225	0.241	0.334	0.255	0.272	0.231	0.247	0.223	0.184	0.195	0.201	0.233	0.269	0.218	0.234	0.046	0.238	0.233	0.262	0.196	0.167	0.193	0.198	0.047	0.249	0.210	0.209	0.236	0.210	0.223	0.213	0.197
39:00:36	21.7	0.183	0.182	0.223	0.236	0.232	0.227	0.195	0.210	0.051	0.185	0.187	0.046	0.201	0.171	0.237	0.247	0.288	0.262	0.302	0.259	0.236	0.231	0.195	0.197	0.187	0.182	0.221	0.229	0.289	0.241	0.252	0.207	0.258	0.253	0.241	0.211	0.196	0.219	0.220	0.227	0.227	0.291	0.115	0.129	0.233	0.251	0.241	0.212	0.195	0.180	0.202	0.260	0.214	0.272	0.289	0.206	0.246	0.247	0.208	0.227	0.208	0.204	0.305	0.226	0.223	0.241	0.336	0.251	0.268	0.228	0.245	0.220	0.182	0.194	0.199	0.231	0.265	0.216	0.231	0.046	0.235	0.230	0.260	0.194	0.164	0.191	0.197	0.047	0.246	0.209	0.207	0.234	0.208	0.219	0.210	0.193
40:00:37	21.8	0.184	0.184	0.223	0.246	0.230	0.236	0.196	0.205	0.051	0.202	0.188	0.047	0.199	0.171	0.234	0.243	0.283	0.259	0.295	0.256	0.232	0.229	0.198	0.197	0.187	0.181	0.221	0.226	0.285	0.238	0.246	0.202	0.253	0.252	0.241	0.211	0.194	0.217	0.218	0.225	0.225	0.287	0.120	0.123	0.228	0.250	0.241	0.213	0.195	0.180	0.203	0.258	0.210	0.269	0.278	0.205	0.248	0.245	0.208	0.225	0.205	0.203	0.306	0.225	0.224	0.239	0.330	0.249	0.265	0.229	0.243	0.223	0.181	0.193	0.198	0.231	0.264	0.214	0.233	0.047	0.234	0.229	0.259	0.191	0.164	0.191	0.193	0.047	0.246	0.209	0.207	0.233	0.207	0.217	0.210	0.190
41:00:38	22.2	0.182	0.186	0.217	0.245	0.225	0.228	0.192	0.205	0.051	0.199	0.186	0.048	0.193	0.168	0.230	0.240	0.282	0.255	0.293	0.250	0.229	0.226	0.196	0.194	0.184	0.180	0.219	0.224	0.282	0.235	0.243	0.201	0.248	0.247	0.238	0.208	0.191	0.215	0.216	0.223	0.224	0.283	0.126	0.128	0.223	0.248	0.237	0.210	0.191	0.177	0.200	0.258	0.210	0.268	0.276	0.204	0.245	0.241	0.204	0.222	0.202	0.202	0.300	0.222	0.219	0.240	0.328	0.247	0.263	0.226	0.240	0.219	0.179	0.193	0.198	0.229	0.263	0.213	0.228	0.046	0.232	0.227	0.256	0.188	0.159	0.187	0.192	0.047	0.238	0.204	0.206	0.232	0.206	0.214	0.208	0.186
42:00:40	22.3	0.182	0.187	0.217	0.240	0.223	0.227	0.190	0.200	0.051	0.194	0.184	0.045	0.193	0.168	0.228	0.237	0.278	0.250	0.289	0.248	0.226	0.224	0.193	0.196	0.184	0.178	0.218	0.222	0.278	0.233	0.240	0.198	0.244	0.244	0.236	0.207	0.190	0.214	0.216	0.221	0.224	0.278	0.132	0.120	0.222	0.245	0.234	0.207	0.189	0.176	0.200	0.257	0.207	0.267	0.270	0.203	0.244	0.239	0.202	0.218	0.199	0.199	0.298	0.218	0.217	0.239	0.323	0.241	0.258	0.224	0.238	0.216	0.177	0.191	0.197	0.228	0.260	0.211	0.223	0.047	0.229	0.225	0.254	0.184	0.156	0.186	0.188	0.047	0.232	0.202	0.204	0.229	0.204	0.212	0.204	0.185
43:00:40	22.7	0.180	0.176	0.213	0.233	0.216	0.222	0.186	0.196	0.051	0.194	0.182	0.045	0.188	0.165	0.224	0.233	0.270	0.243	0.278	0.241	0.220	0.219	0.188	0.190	0.181	0.176	0.216	0.218	0.270	0.231	0.236	0.192	0.239	0.240	0.234	0.202	0.186	0.212	0.213	0.218	0.221	0.273	0.137	0.125	0.218	0.240	0.231	0.205	0.186	0.174	0.198	0.254	0.203	0.262	0.262	0.201	0.241	0.234	0.200	0.214	0.195	0.197	0.297	0.215	0.214	0.235	0.321	0.236	0.255	0.222	0.234	0.214	0.175	0.190	0.194	0.224	0.259	0.208	0.222	0.046	0.228	0.222	0.251	0.182	0.152	0.184	0.187	0.047	0.224	0.197	0.201	0.224	0.201	0.207	0.201	0.181
44:00:43	22.7	0.180	0.182	0.210	0.229	0.215	0.217	0.182	0.194	0.051	0.185	0.178	0.046	0.189	0.165	0.223	0.231	0.270	0.242	0.280	0.240	0.221	0.219	0.186	0.190	0.178	0.175	0.214	0.217	0.268	0.229	0.234	0.193	0.237	0.238	0.231	0.200	0.184	0.209	0.212	0.216	0.218	0.272	0.142	0.123	0.219	0.238	0.226	0.202	0.184	0.172	0.196	0.249	0.201	0.257	0.255	0.198	0.238	0.233	0.199	0.211	0.193	0.195	0.289	0.213	0.209	0.232	0.314	0.232	0.248	0.217	0.232	0.210	0.174	0.188	0.192	0.221	0.252	0.204	0.216	0.046	0.224	0.220	0.249	0.179	0.150	0.182	0.184	0.047	0.220	0.193	0.198	0.222	0.199	0.205	0.198	0.178
45:00:41	22.8	0.179	0.181	0.207	0.229	0.210	0.214	0.178	0.192	0.051	0.184	0.177	0.044	0.185	0.164	0.220	0.227	0.263	0.238	0.274	0.236	0.219	0.218	0.185	0.189	0.176	0.174	0.212	0.215	0.264	0.227	0.231	0.189	0.234	0.235	0.229	0.198	0.181	0.207	0.210	0.213	0.217	0.268	0.146	0.126	0.216	0.235	0.224	0.202	0.182	0.170	0.193	0.245	0.198	0.252	0.250	0.194	0.238	0.230	0.198	0.208	0.191	0.191	0.286	0.210	0.207	0.228	0.310	0.229	0.246	0.217	0.229	0.208	0.171	0.185	0.190	0.218	0.250	0.203	0.216	0.046	0.224	0.220	0.246	0.177	0.147	0.181	0.182	0.047	0.217	0.191	0.195	0.220	0.197	0.203	0.196	0.175
46:00:42	23.2	0.178	0.178	0.202	0.226	0.206	0.206	0.174	0.191	0.051	0.180	0.174	0.044	0.182	0.162	0.217	0.224	0.258	0.234	0.269	0.230	0.216	0.215	0.181	0.188	0.174	0.171	0.209	0.212	0.259	0.223	0.227	0.188	0.231	0.232	0.225	0.198	0.179	0.206	0.206	0.209	0.214	0.266	0.149	0.120	0.216	0.232	0.222	0.197	0.181	0.167	0.190	0.241	0.196	0.248	0.244	0.193	0.235	0.228	0.196	0.206	0.189	0.188	0.283	0.205	0.204	0.227	0.306	0.226	0.240	0.215	0.226	0.205	0.169	0.183	0.187	0.216	0.245	0.200	0.212	0.046	0.219	0.216	0.244	0.176	0.144	0.178	0.181	0.047	0.211	0.187	0.192	0.216	0.195	0.200	0.193	0.172
47:00:43	23.3	0.180	0.172	0.199	0.213	0.212	0.205	0.173	0.188	0.051	0.178	0.177	0.045	0.179	0.162	0.213	0.224	0.253	0.230	0.263	0.225	0.211	0.213	0.184	0.186	0.173	0.170	0.208	0.208	0.253	0.220	0.224	0.184	0.225	0.230	0.224	0.193	0.178	0.205	0.203	0.208	0.211	0.261	0.150	0.122	0.213	0.230	0.222	0.195	0.179	0.167	0.188	0.237	0.194	0.243	0.239	0.191	0.233	0.224	0.194	0.202	0.186	0.187	0.278	0.204	0.203	0.225	0.299	0.221	0.237	0.214	0.223	0.201	0.168	0.180	0.185	0.213	0.240	0.195	0.212	0.046	0.217	0.214	0.241	0.171	0.140	0.176	0.177	0.047	0.207	0.187	0.191	0.214	0.194	0.196	0.191	0.170
48:00:44	23.3	0.180	0.177	0.198	0.215	0.206	0.200	0.173	0.186	0.051	0.178	0.174	0.045	0.181	0.162	0.215	0.224	0.253	0.233	0.263	0.227	0.215	0.212	0.180	0.185	0.172	0.169	0.208	0.207	0.252	0.220	0.224	0.184	0.226	0.228	0.221	0.194	0.177	0.203	0.203	0.208	0.211	0.259	0.152	0.132	0.211	0.228	0.219	0.191	0.176	0.166	0.188	0.235	0.193	0.242	0.240	0.191	0.231	0.224	0.194	0.203	0.184	0.185	0.275	0.203	0.201	0.222	0.295	0.220	0.236	0.212	0.223	0.202	0.167	0.181	0.184	0.211	0.237	0.195	0.210	0.047	0.217	0.213	0.241	0.169	0.140	0.176	0.176	0.047	0.205	0.184	0.189	0.214	0.192	0.194	0.189	0.168
49:00:45	23.4	0.177	0.165	0.203	0.217	0.203	0.197	0.170	0.185	0.051	0.172	0.170	0.045	0.180	0.161	0.215	0.222	0.246	0.234	0.260	0.225	0.213	0.211	0.179	0.182	0.172	0.169	0.206	0.206	0.250	0.219	0.223	0.187	0.224	0.228	0.220	0.191	0.174	0.200	0.202	0.208	0.208	0.255	0.152	0.115	0.211	0.224	0.217	0.192	0.175	0.165	0.185	0.233	0.192	0.241	0.234	0.190	0.229	0.221	0.192	0.200	0.182	0.184	0.269	0.203	0.198	0.219	0.298	0.219	0.233	0.208	0.220	0.199	0.165	0.179	0.183	0.209	0.231	0.192	0.203	0.046	0.215	0.212	0.239	0.168	0.138	0.177	0.174	0.046	0.203	0.181	0.186	0.212	0.191	0.191	0.187	0.166
50:00:46	23.1	0.176	0.170	0.192	0.208	0.206	0.193	0.168	0.184	0.051	0.172	0.175	0.046	0.179	0.160	0.214	0.220	0.243	0.234	0.254	0.224	0.213	0.211	0.180	0.183	0.172	0.169	0.204	0.206	0.247	0.218	0.224	0.183	0.222	0.227	0.220	0.190	0.173	0.197	0.202	0.206	0.206	0.254	0.152	0.117	0.209	0.224	0.217	0.190	0.173	0.163	0.184	0.226	0.192	0.238	0.232	0.189	0.231	0.221	0.191	0.198	0.181	0.183	0.263	0.200	0.198	0.219	0.290	0.216	0.229	0.208	0.220	0.200	0.165	0.178	0.182	0.208	0.228	0.190	0.206	0.046	0.213	0.211	0.238	0.165	0.137	0.176	0.173	0.047	0.200	0.179	0.183	0.211	0.188	0.190	0.186	0.164
51:00:47	22.8	0.179	0.162	0.191	0.210	0.204	0.190	0.167	0.185	0.051	0.171	0.174	0.045	0.180	0.159	0.212	0.218	0.239	0.234	0.254	0.225	0.213	0.211	0.179	0.182	0.172	0.169	0.203	0.205	0.246	0.218	0.223	0.187	0.222	0.228	0.218	0.189	0.172	0.197	0.202	0.205	0.205	0.251	0.152	0.119	0.208	0.223	0.217	0.188	0.173	0.163	0.183	0.224	0.192	0.236	0.230	0.189	0.230	0.221	0.191	0.197	0.180	0.181	0.260	0.199	0.196	0.218	0.289	0.215	0.227	0.207	0.218	0.199	0.165	0.176	0.181	0.207	0.224	0.189	0.205	0.046	0.212	0.211	0.236	0.163	0.137	0.176	0.172	0.047	0.200	0.178	0.183	0.208	0.189	0.190	0.186	0.162
52:00:49	22.6	0.169	0.158	0.185	0.202	0.206	0.184	0.166	0.182	0.051	0.167	0.180	0.045	0.176	0.158	0.209	0.215	0.234	0.230	0.249	0.220	0.210	0.208	0.181	0.186	0.171	0.168	0.201	0.203	0.242	0.214	0.221	0.181	0.218	0.227	0.217	0.187	0.171	0.195	0.200	0.204	0.204	0.250	0.151	0.116	0.205	0.222	0.215	0.187	0.171	0.162	0.182	0.219	0.190	0.234	0.224	0.188	0.230	0.217	0.189	0.195	0.178	0.179	0.255	0.196	0.196	0.217	0.282	0.212	0.224	0.206	0.215	0.197	0.163	0.174	0.179	0.205	0.222	0.186	0.204	0.046	0.211	0.208	0.235	0.160	0.135	0.175	0.171	0.047	0.197	0.175	0.180	0.207	0.184	0.187	0.182	0.161
53:00:48	22.6	0.184	0.159	0.184	0.202	0.199	0.183	0.163	0.181	0.051	0.167	0.178	0.045	0.176	0.157	0.207	0.212	0.231	0.228	0.244	0.218	0.210	0.206	0.177	0.183	0.171	0.166	0.199	0.200	0.239	0.212	0.218	0.186	0.216	0.224	0.216	0.186	0.169	0.194	0.198	0.203	0.201	0.247	0.151	0.119	0.206	0.221	0.213	0.182	0.170	0.161	0.179	0.217	0.189	0.230	0.220	0.185	0.228	0.217	0.188	0.192	0.177	0.178	0.251	0.196	0.193	0.214	0.283	0.212	0.223	0.205	0.213	0.195	0.162	0.173	0.178	0.206	0.219	0.186	0.201	0.047	0.208	0.206	0.233	0.159	0.134	0.173	0.168	0.046	0.193	0.173	0.179	0.204	0.185	0.185	0.181	0.159
54:00:49	22.5	0.171	0.157	0.182	0.201	0.207	0.181	0.165	0.180	0.050	0.165	0.179	0.044	0.173	0.157	0.206	0.208	0.227	0.224	0.239	0.215	0.208	0.205	0.178	0.186	0.172	0.167	0.196	0.198	0.236	0.209	0.215	0.180	0.216	0.222	0.215	0.185	0.171	0.193	0.197	0.202	0.199	0.245	0.151	0.119	0.204	0.221	0.212	0.181	0.169	0.161	0.179	0.214	0.189	0.226	0.217	0.186	0.229	0.215	0.187	0.189	0.175	0.178	0.247	0.194	0.193	0.212	0.276	0.209	0.222	0.204	0.213	0.193	0.162	0.174	0.177	0.204	0.218	0.183	0.200	0.046	0.207	0.204	0.232	0.157	0.132	0.174	0.167	0.046	0.192	0.173	0.178	0.201	0.182	0.183	0.178	0.156
55:00:51	22.4	0.165	0.156	0.181	0.197	0.207	0.180	0.166	0.181	0.050	0.164	0.178	0.045	0.174	0.157	0.206	0.208	0.226	0.223	0.237	0.214	0.209	0.203	0.178	0.186	0.172	0.168	0.195	0.199	0.236	0.208	0.215	0.181	0.215	0.220	0.214	0.182	0.171	0.191	0.196	0.201	0.198	0.244	0.151	0.116	0.204	0.222	0.212	0.179	0.168	0.162	0.178	0.214	0.188	0.224	0.217	0.186	0.228	0.214	0.186	0.185	0.175	0.177	0.243	0.193	0.193	0.210	0.273	0.209	0.221	0.204	0.213	0.191	0.162	0.172	0.177	0.203	0.217	0.181	0.199	0.047	0.208	0.204	0.230	0.155	0.133	0.174	0.167	0.046	0.193	0.171	0.178	0.199	0.182	0.181	0.176	0.155
56:00:52	22.3	0.159	0.155	0.177	0.196	0.207	0.180	0.168	0.178	0.050	0.162	0.177	0.044	0.172	0.157	0.205	0.206	0.224	0.222	0.233	0.212	0.208	0.203	0.178	0.186	0.173	0.168	0.194	0.197	0.234	0.205	0.213	0.179	0.212	0.218	0.211	0.180	0.168	0.191	0.195	0.200	0.196	0.242	0.151	0.117	0.202	0.222	0.211	0.179	0.165	0.161	0.178	0.209	0.188	0.224	0.214	0.185	0.227	0.212	0.185	0.184	0.173	0.177	0.241	0.193	0.192	0.210	0.269	0.207	0.220	0.203	0.211	0.188	0.161	0.171	0.176	0.202	0.215	0.180	0.201	0.046	0.206	0.202	0.228	0.154	0.131	0.171	0.165	0.046	0.190	0.169	0.175	0.198	0.179	0.180	0.174	0.152
57:00:52	22.1	0.151	0.153	0.178	0.197	0.207	0.182	0.167	0.177	0.051	0.163	0.173	0.045	0.172	0.158	0.205	0.206	0.223	0.221	0.234	0.213	0.208	0.203	0.186	0.184	0.171	0.167	0.193	0.197	0.234	0.205	0.214	0.179	0.212	0.219	0.211	0.180	0.169	0.190	0.196	0.200	0.195	0.242	0.150	0.116	0.201	0.219	0.211	0.177	0.166	0.162	0.179	0.210	0.187	0.222	0.213	0.185	0.228	0.212	0.186	0.184	0.173	0.177	0.240	0.194	0.194	0.210	0.269	0.207	0.220	0.203	0.211	0.187	0.161	0.171	0.177	0.202	0.215	0.180	0.200	0.046	0.206	0.201	0.226	0.153	0.131	0.169	0.165	0.047	0.188	0.168	0.175	0.196	0.179	0.180	0.173	0.152
58:00:55	22.0	0.151	0.150	0.180	0.186	0.199	0.178	0.162	0.173	0.051	0.163	0.169	0.044	0.171	0.157	0.206	0.203	0.220	0.219	0.228	0.216	0.206	0.203	0.176	0.187	0.169	0.167	0.191	0.195	0.232	0.204	0.213	0.184	0.211	0.215	0.209	0.180	0.169	0.189	0.195	0.199	0.194	0.239	0.148	0.120	0.201	0.217	0.208	0.175	0.164	0.162	0.179	0.207	0.185	0.218	0.211	0.184	0.225	0.212	0.183	0.181	0.171	0.175	0.237	0.194	0.189	0.208	0.270	0.205	0.218	0.200	0.207	0.183	0.160	0.169	0.176	0.201	0.212	0.177	0.194	0.046	0.204	0.199	0.226	0.153	0.130	0.169	0.162	0.046	0.188	0.168	0.174	0.193	0.178	0.178	0.173	0.149
59:00:54	21.9	0.150	0.150	0.177	0.187	0.199	0.179	0.161	0.172	0.050	0.164	0.169	0.044	0.170	0.157	0.207	0.203	0.219	0.220	0.224	0.215	0.206	0.203	0.177	0.187	0.168	0.168	0.191	0.196	0.232	0.203	0.212	0.187	0.212	0.214	0.209	0.179	0.169	0.189	0.195	0.198	0.192	0.237	0.150	0.118	0.202	0.215	0.207	0.173	0.164	0.162	0.179	0.207	0.185	0.217	0.208	0.184	0.224	0.212	0.184	0.179	0.171	0.176	0.236	0.194	0.188	0.207	0.266	0.204	0.217	0.200	0.206	0.182	0.161	0.169	0.176	0.200	0.212	0.178	0.193	0.046	0.203	0.198	0.224	0.152	0.129	0.169	0.163	0.047	0.187	0.168	0.173	0.191	0.177	0.177	0.172	0.149
60:00:55	21.8	0.143	0.147	0.172	0.193	0.201	0.179	0.159	0.168	0.050	0.161	0.169	0.045	0.170	0.157	0.206	0.200	0.217	0.218	0.221	0.210	0.204	0.200	0.178	0.181	0.163	0.167	0.188	0.194	0.231	0.200	0.209	0.181	0.212	0.214	0.208	0.177	0.166	0.187	0.195	0.197	0.189	0.235	0.148	0.118	0.200	0.215	0.207	0.171	0.162	0.162	0.179	0.206	0.185	0.214	0.208	0.184	0.225	0.209	0.182	0.176	0.169	0.175	0.234	0.193	0.188	0.206	0.262	0.202	0.215	0.200	0.206	0.179	0.159	0.168	0.175	0.199	0.210	0.176	0.188	0.047	0.201	0.197	0.223	0.150	0.128	0.167	0.161	0.046	0.187	0.166	0.170	0.189	0.176	0.176	0.170	0.147
61:00:56	21.8	0.144	0.145	0.171	0.189	0.198	0.178	0.159	0.167	0.050	0.158	0.170	0.044	0.170	0.156	0.205	0.198	0.214	0.215	0.218	0.207	0.203	0.199	0.178	0.177	0.167	0.167	0.187	0.192	0.228	0.199	0.207	0.178	0.209	0.211	0.206	0.175	0.165	0.185	0.193	0.196	0.188	0.234	0.148	0.115	0.198	0.214	0.205	0.170	0.161	0.161	0.177	0.203	0.183	0.212	0.208	0.183	0.225	0.207	0.181	0.175	0.168	0.173	0.230	0.191	0.186	0.206	0.258	0.201	0.212	0.198	0.203	0.177	0.158	0.167	0.172	0.199	0.208	0.174	0.191	0.046	0.199	0.196	0.220	0.149	0.128	0.163	0.160	0.046	0.184	0.166	0.169	0.188	0.175	0.175	0.167	0.145
62:00:56	21.7	0.145	0.145	0.170	0.194	0.200	0.175	0.158	0.166	0.050	0.160	0.163	0.045	0.171	0.156	0.206	0.197	0.213	0.214	0.216	0.206	0.202	0.198	0.178	0.173	0.168	0.167	0.187	0.192	0.227	0.197	0.206	0.179	0.209	0.210	0.206	0.173	0.165	0.185	0.193	0.195	0.188	0.233	0.148	0.115	0.199	0.213	0.204	0.169	0.161	0.161	0.178	0.203	0.182	0.210	0.204	0.182	0.223	0.207	0.180	0.175	0.168	0.173	0.230	0.191	0.184	0.206	0.255	0.199	0.211	0.198	0.203	0.174	0.158	0.167	0.172	0.199	0.208	0.173	0.187	0.047	0.198	0.195	0.219	0.148	0.126	0.164	0.159	0.047	0.183	0.166	0.168	0.185	0.174	0.173	0.166	0.145
63:00:57	21.7	0.138	0.145	0.168	0.196	0.198	0.188	0.163	0.166	0.050	0.156	0.161	0.044	0.174	0.157	0.203	0.196	0.211	0.211	0.213	0.201	0.200	0.197	0.178	0.170	0.167	0.166	0.186	0.190	0.223	0.195	0.204	0.179	0.207	0.209	0.204	0.169	0.164	0.184	0.191	0.193	0.187	0.231	0.148	0.114	0.196	0.214	0.204	0.168	0.160	0.161	0.176	0.203	0.182	0.209	0.201	0.181	0.221	0.204	0.179	0.171	0.167	0.172	0.228	0.189	0.183	0.207	0.251	0.198	0.208	0.197	0.201	0.173	0.157	0.167	0.172	0.197	0.207	0.173	0.189	0.046	0.197	0.194	0.217	0.147	0.124	0.161	0.158	0.046	0.182	0.163	0.166	0.184	0.173	0.172	0.164	0.144
64:00:59	21.8	0.138	0.144	0.169	0.195	0.197	0.183	0.163	0.163	0.051	0.154	0.158	0.044	0.175	0.157	0.203	0.195	0.209	0.211	0.210	0.201	0.200	0.196	0.178	0.169	0.167	0.167	0.185	0.190	0.221	0.195	0.203	0.178	0.207	0.208	0.203	0.168	0.163	0.184	0.191	0.193	0.186	0.229	0.149	0.113	0.197	0.212	0.203	0.166	0.160	0.161	0.176	0.201	0.181	0.208	0.201	0.181	0.221	0.204	0.178	0.167	0.167	0.173	0.227	0.189	0.182	0.209	0.249	0.197	0.208	0.196	0.201	0.172	0.156	0.166	0.171	0.196	0.206	0.172	0.187	0.047	0.197	0.192	0.217	0.146	0.123	0.160	0.157	0.047	0.183	0.165	0.166	0.182	0.174	0.171	0.163	0.141
65:00:59	21.9	0.138	0.144	0.167	0.194	0.194	0.176	0.163	0.161	0.050	0.153	0.155	0.044	0.174	0.156	0.202	0.193	0.207	0.209	0.210	0.202	0.199	0.195	0.178	0.165	0.169	0.167	0.184	0.188	0.220	0.194	0.202	0.179	0.206	0.206	0.202	0.167	0.162	0.183	0.188	0.191	0.184	0.227	0.148	0.113	0.198	0.211	0.200	0.165	0.158	0.161	0.174	0.199	0.180	0.206	0.199	0.180	0.220	0.203	0.177	0.166	0.166	0.172	0.226	0.188	0.180	0.207	0.246	0.196	0.206	0.195	0.199	0.170	0.157	0.165	0.170	0.195	0.204	0.170	0.190	0.046	0.196	0.191	0.214	0.145	0.120	0.158	0.156	0.046	0.182	0.163	0.164	0.181	0.172	0.169	0.161	0.139
66:01:00	22.1	0.141	0.143	0.165	0.191	0.187	0.170	0.165	0.160	0.050	0.150	0.153	0.045	0.182	0.156	0.199	0.194	0.208	0.208	0.207	0.198	0.198	0.193	0.179	0.164	0.173	0.167	0.184	0.187	0.217	0.193	0.201	0.176	0.204	0.206	0.201	0.165	0.161	0.182	0.188	0.192	0.183	0.225	0.146	0.111	0.195	0.209	0.203	0.163	0.157	0.160	0.174	0.199	0.179	0.205	0.196	0.181	0.219	0.202	0.176	0.163	0.165	0.170	0.222	0.186	0.181	0.205	0.241	0.196	0.207	0.196	0.195	0.168	0.155	0.165	0.170	0.192	0.204	0.170	0.184	0.046	0.195	0.191	0.213	0.143	0.119	0.155	0.155	0.046	0.181	0.162	0.163	0.179	0.170	0.168	0.160	0.137
67:01:08	22.6	0.141	0.142	0.167	0.190	0.188	0.176	0.163	0.157	0.050	0.148	0.151	0.044	0.177	0.156	0.199	0.192	0.204	0.205	0.206	0.197	0.197	0.191	0.176	0.162	0.165	0.166	0.182	0.185	0.216	0.192	0.199	0.174	0.203	0.203	0.200	0.164	0.159	0.181	0.186	0.189	0.182	0.224	0.146	0.122	0.194	0.205	0.198	0.162	0.158	0.160	0.173	0.197	0.179	0.204	0.193	0.179	0.217	0.200	0.174	0.163	0.164	0.170	0.222	0.184	0.178	0.204	0.241	0.195	0.205	0.194	0.195	0.168	0.155	0.164	0.169	0.191	0.202	0.169	0.186	0.046	0.194	0.189	0.213	0.142	0.117	0.154	0.154	0.046	0.179	0.162	0.162	0.177	0.169	0.167	0.159	0.135
68:01:03	22.8	0.142	0.139	0.164	0.184	0.185	0.171	0.161	0.154	0.050	0.146	0.150	0.044	0.175	0.156	0.195	0.191	0.201	0.203	0.203	0.197	0.195	0.188	0.174	0.161	0.166	0.165	0.180	0.184	0.213	0.190	0.197	0.175	0.201	0.200	0.197	0.163	0.156	0.178	0.186	0.188	0.181	0.221	0.145	0.110	0.195	0.203	0.196	0.161	0.157	0.159	0.172	0.197	0.177	0.202	0.190	0.176	0.215	0.198	0.172	0.159	0.161	0.169	0.219	0.183	0.176	0.202	0.237	0.192	0.202	0.191	0.193	0.165	0.154	0.163	0.168	0.189	0.199	0.167	0.184	0.046	0.192	0.187	0.210	0.140	0.115	0.152	0.152	0.047	0.178	0.159	0.159	0.176	0.168	0.164	0.157	0.132
69:01:04	22.9	0.140	0.139	0.161	0.183	0.180	0.166	0.160	0.153	0.050	0.146	0.148	0.044	0.175	0.155	0.194	0.189	0.199	0.202	0.201	0.195	0.193	0.186	0.174	0.159	0.165	0.164	0.178	0.182	0.211	0.188	0.195	0.174	0.200	0.199	0.195	0.161	0.155	0.178	0.184	0.187	0.179	0.218	0.145	0.108	0.192	0.201	0.195	0.160	0.156	0.159	0.170	0.195	0.176	0.200	0.188	0.175	0.213	0.196	0.172	0.157	0.160	0.167	0.217	0.182	0.174	0.200	0.233	0.190	0.200	0.189	0.191	0.164	0.153	0.163	0.167	0.186	0.197	0.166	0.183	0.046	0.190	0.186	0.208	0.139	0.114	0.151	0.151	0.046	0.175	0.158	0.158	0.173	0.166	0.164	0.156	0.130
70:01:05	22.8	0.138	0.140	0.162	0.183	0.177	0.163	0.159	0.151	0.050	0.145	0.149	0.045	0.180	0.156	0.193	0.188	0.196	0.202	0.202	0.195	0.192	0.188	0.175	0.159	0.165	0.165	0.178	0.182	0.210	0.187	0.194	0.174	0.199	0.200	0.195	0.161	0.154	0.177	0.184	0.186	0.178	0.216	0.144	0.103	0.192	0.200	0.196	0.159	0.156	0.159	0.170	0.193	0.176	0.199	0.187	0.176	0.213	0.196	0.171	0.156	0.160	0.168	0.215	0.181	0.175	0.200	0.230	0.190	0.200	0.190	0.191	0.162	0.151	0.163	0.167	0.185	0.195	0.164	0.181	0.046	0.190	0.185	0.207	0.138	0.113	0.149	0.150	0.046	0.175	0.159	0.158	0.173	0.164	0.162	0.154	0.129
71:01:06	22.6	0.138	0.139	0.161	0.179	0.174	0.159	0.171	0.151	0.050	0.143	0.148	0.044	0.180	0.155	0.192	0.187	0.194	0.201	0.202	0.195	0.192	0.185	0.176	0.157	0.167	0.165	0.176	0.180	0.210	0.186	0.194	0.177	0.199	0.200	0.194	0.160	0.153	0.176	0.182	0.184	0.177	0.214	0.144	0.106	0.193	0.199	0.195	0.157	0.155	0.158	0.169	0.191	0.174	0.197	0.185	0.174	0.212	0.195	0.170	0.151	0.160	0.167	0.213	0.180	0.174	0.200	0.227	0.189	0.199	0.189	0.189	0.160	0.150	0.162	0.166	0.183	0.192	0.164	0.179	0.046	0.189	0.184	0.205	0.137	0.112	0.149	0.149	0.046	0.174	0.157	0.157	0.172	0.164	0.161	0.153	0.128
72:01:07	22.7	0.139	0.140	0.160	0.184	0.173	0.158	0.161	0.150	0.049	0.142	0.147	0.044	0.187	0.155	0.192	0.186	0.192	0.199	0.200	0.193	0.192	0.185	0.174	0.156	0.172	0.165	0.175	0.178	0.207	0.185	0.191	0.173	0.198	0.200	0.194	0.157	0.152	0.175	0.181	0.184	0.175	0.213	0.143	0.103	0.191	0.199	0.195	0.155	0.154	0.158	0.168	0.190	0.174	0.195	0.184	0.175	0.211	0.194	0.169	0.147	0.159	0.166	0.212	0.180	0.173	0.200	0.226	0.189	0.198	0.189	0.188	0.157	0.150	0.162	0.166	0.183	0.193	0.163	0.180	0.046	0.189	0.183	0.203	0.136	0.112	0.148	0.147	0.046	0.173	0.156	0.158	0.171	0.163	0.159	0.152	0.127

